'cState;dT (ms);dX (cm);dY (cm); encoder1 (puls); encoder2 (puls); encoder3 (puls)'
0;11;0.00;0.00;0;0;0
0;6;0.00;0.00;0;0;0
0;19;0.00;0.00;0;0;0
0;9;0.00;0.00;0;0;0
0;5;0.00;0.00;0;0;0
0;8;0.00;0.00;0;0;0
0;8;0.00;0.00;0;0;0
0;8;0.00;0.00;0;0;0
0;8;0.00;0.00;0;0;0
0;8;0.00;0.00;0;0;0
0;11;0.00;0.00;0;0;0
0;7;0.00;0.00;0;0;0
0;7;0.00;0.00;0;0;0
0;11;0.00;0.00;0;0;0
0;6;0.00;0.00;0;0;0
0;7;0.00;0.00;0;0;0
0;14;0.00;0.00;0;0;0
0;8;0.00;0.00;0;0;0
0;10;0.00;0.00;0;0;0
0;6;0.00;0.00;0;0;0
0;7;0.00;0.00;0;0;0
0;9;0.00;0.00;0;0;0
0;8;0.00;0.00;0;0;0
0;8;0.00;0.00;0;0;0
0;11;0.00;0.00;0;0;0
0;6;0.00;0.00;0;0;0
0;9;0.00;0.00;0;0;0
0;7;0.00;0.00;0;0;0
0;11;0.00;0.00;0;0;0
0;6;0.00;0.00;0;0;0
0;7;0.00;0.00;0;0;0
0;9;0.00;0.00;0;0;0
0;8;0.00;0.00;0;0;0
0;11;0.00;0.00;0;0;0
0;6;0.00;0.00;0;0;0
0;7;0.00;0.00;0;0;0
0;8;0.00;0.00;0;0;0
0;13;0.00;0.00;0;0;0
0;5;0.00;0.00;0;0;0
0;7;0.00;0.00;0;0;0
0;9;0.00;0.00;0;0;0
0;11;0.00;0.00;0;0;0
0;6;0.00;0.00;0;0;0
0;8;0.00;0.00;0;0;0
0;7;0.00;0.00;0;0;0
0;8;0.00;0.00;0;0;0
0;8;0.00;0.00;0;0;0
0;10;0.00;0.00;0;0;0
0;8;0.00;0.00;0;0;0
0;7;0.00;0.00;0;0;0
0;9;0.00;0.00;0;0;0
0;11;0.00;0.00;0;0;0
0;6;0.00;0.00;0;0;0
0;7;0.00;0.00;0;0;0
0;9;0.00;0.00;0;0;0
0;11;0.00;0.00;0;0;0
0;6;0.00;0.00;0;0;0
0;7;0.00;0.00;0;0;0
0;9;0.00;0.00;0;0;0
0;8;0.00;0.00;0;0;0
0;8;0.00;0.00;0;0;0
0;8;0.00;0.00;0;0;0
0;12;0.00;0.00;0;0;0
0;5;0.00;0.00;0;0;0
0;7;0.00;0.00;0;0;0
0;9;0.00;0.00;0;0;0
0;8;0.00;0.00;0;0;0
0;9;0.00;0.00;0;0;0
0;8;0.00;0.00;0;0;0
0;10;0.00;0.00;0;0;0
0;9;0.00;0.00;0;0;0
0;8;0.00;0.00;0;0;0
0;8;0.00;0.00;0;0;0
0;9;0.00;0.00;0;0;0
0;11;0.00;0.00;0;0;0
0;6;0.00;0.00;0;0;0
0;7;0.00;0.00;0;0;0
0;9;0.00;0.00;0;0;0
0;12;0.00;0.00;0;0;0
0;5;0.00;0.00;0;0;0
0;7;0.00;0.00;0;0;0
0;11;0.00;0.00;0;0;0
0;9;0.00;0.00;0;0;0
0;6;0.00;0.00;0;0;0
0;7;0.00;0.00;0;0;0
0;8;0.00;0.00;0;0;0
0;10;0.00;0.00;0;0;0
0;7;0.00;0.00;0;0;0
0;12;0.00;0.00;0;0;0
0;5;0.00;0.00;0;0;0
0;7;0.00;0.00;0;0;0
0;8;0.00;0.00;0;0;0
0;8;0.00;0.00;0;0;0
0;8;0.00;0.00;0;0;0
0;9;0.00;0.00;0;0;0
0;8;0.00;0.00;0;0;0
0;8;0.00;0.00;0;0;0
0;8;0.00;0.00;0;0;0
0;12;0.00;0.00;0;0;0
0;6;0.00;0.00;0;0;0
0;7;0.00;0.00;0;0;0
0;8;0.00;0.00;0;0;0
0;9;0.00;0.00;0;0;0
0;8;0.00;0.00;0;0;0
0;8;0.00;0.00;0;0;0
0;9;0.00;0.00;0;0;0
0;7;-0.02;0.00;-1;0;0
0;9;0.00;0.00;0;0;0
0;8;0.00;0.00;0;0;0
0;8;0.00;0.00;0;0;0
0;10;0.00;0.00;0;0;0
0;10;0.00;0.00;0;0;0
0;5;0.00;0.00;0;0;0
0;7;0.00;0.00;0;0;0
0;10;0.00;0.00;0;0;0
0;8;0.00;0.00;0;0;0
0;7;0.00;0.00;0;0;0
0;8;0.00;0.00;0;0;0
0;11;0.00;0.00;0;0;0
0;8;0.00;0.00;0;0;0
0;7;0.00;0.00;0;0;0
0;7;0.00;0.00;0;0;0
0;9;0.00;0.00;0;0;0
0;8;0.00;0.00;0;0;0
0;7;0.00;0.00;0;0;0
0;9;0.00;0.00;0;0;0
0;11;0.00;0.00;0;0;0
0;7;0.00;0.00;0;0;0
0;7;0.00;0.00;0;0;0
0;8;0.00;0.00;0;0;0
0;11;0.00;0.00;0;0;0
0;6;0.00;0.00;0;0;0
0;7;0.00;0.00;0;0;0
0;8;0.00;0.00;0;0;0
0;8;0.00;0.00;0;0;0
0;10;0.00;0.00;0;0;0
0;8;0.00;0.00;0;0;0
0;8;0.00;0.00;0;0;0
0;10;0.00;0.00;0;0;0
0;6;0.00;0.00;0;0;0
0;7;0.00;0.00;0;0;0
0;9;0.00;0.00;0;0;0
0;8;0.00;0.00;0;0;0
0;8;0.00;0.00;0;0;0
0;12;0.00;0.00;0;0;0
0;5;0.00;0.00;0;0;0
0;8;0.00;0.00;0;0;0
0;12;0.00;0.00;0;0;0
0;5;0.00;0.00;0;0;0
0;8;0.00;0.00;0;0;0
0;7;0.00;0.00;0;0;0
0;10;0.00;0.00;0;0;0
0;7;0.00;0.00;0;0;0
0;8;0.00;0.00;0;0;0
0;8;0.00;0.00;0;0;0
0;9;0.00;0.00;0;0;0
0;11;0.00;0.00;0;0;0
0;6;0.00;0.00;0;0;0
0;7;0.00;0.00;0;0;0
0;11;0.00;0.00;0;0;0
0;6;0.00;0.00;0;0;0
0;8;0.00;0.00;0;0;0
0;9;0.00;0.00;0;0;0
0;8;0.00;0.00;0;0;0
0;7;0.00;0.00;0;0;0
0;8;0.00;0.00;0;0;0
0;8;0.00;0.00;0;0;0
0;9;0.00;0.00;0;0;0
0;8;0.00;0.00;0;0;0
0;8;0.00;0.00;0;0;0
0;11;0.00;0.00;0;0;0
0;6;0.00;0.00;0;0;0
0;9;0.00;0.00;0;0;0
0;7;0.00;0.00;0;0;0
0;9;0.00;0.00;0;0;0
0;7;0.00;0.00;0;0;0
0;11;0.00;0.00;0;0;0
0;7;0.00;0.00;0;0;0
0;8;0.00;0.00;0;0;0
0;7;0.00;0.00;0;0;0
0;8;0.00;0.00;0;0;0
0;8;0.00;0.00;0;0;0
0;9;0.00;0.00;0;0;0
0;8;0.00;0.00;0;0;0
0;8;0.00;0.00;0;0;0
0;8;0.00;0.00;0;0;0
0;8;0.00;0.00;0;0;0
0;15;0.00;0.00;0;0;0
0;7;0.00;0.00;0;0;0
0;8;0.00;0.00;0;0;0
0;8;0.00;0.00;0;0;0
0;9;0.00;0.00;0;0;0
0;13;0.00;0.00;0;0;0
0;7;0.00;0.00;0;0;0
0;7;0.00;0.00;0;0;0
0;9;0.00;0.00;0;0;0
0;11;0.00;0.00;0;0;0
0;6;0.00;0.00;0;0;0
0;7;0.00;0.00;0;0;0
0;9;0.00;0.00;0;0;0
0;8;0.00;0.00;0;0;0
0;8;0.00;0.00;0;0;0
0;9;0.00;0.00;0;0;0
0;8;0.00;0.00;0;0;0
0;9;0.00;0.00;0;0;0
0;7;0.00;0.00;0;0;0
0;11;0.00;0.00;0;0;0
0;6;0.00;0.00;0;0;0
0;8;0.00;0.00;0;0;0
0;7;0.00;0.00;0;0;0
0;9;0.00;0.00;0;0;0
0;7;0.00;0.00;0;0;0
0;10;0.00;0.00;0;0;0
0;8;0.00;0.00;0;0;0
0;14;0.00;0.00;0;0;0
0;6;0.00;0.00;0;0;0
0;7;0.00;0.00;0;0;0
0;9;0.00;0.00;0;0;0
0;8;0.00;0.00;0;0;0
0;10;0.00;0.00;0;0;0
0;6;0.00;0.00;0;0;0
0;8;0.00;0.00;0;0;0
0;10;0.00;0.00;0;0;0
0;7;0.00;0.00;0;0;0
0;8;0.00;0.00;0;0;0
0;8;0.00;0.00;0;0;0
0;11;0.00;0.00;0;0;0
0;10;0.00;0.00;0;0;0
0;8;0.00;0.00;0;0;0
0;11;0.00;0.00;0;0;0
0;9;0.00;0.00;0;0;0
0;5;0.00;0.00;0;0;0
0;8;0.00;0.00;0;0;0
0;9;0.00;0.00;0;0;0
0;11;0.00;0.00;0;0;0
0;5;0.00;0.00;0;0;0
0;8;0.00;0.00;0;0;0
0;8;0.00;0.00;0;0;0
0;8;0.00;0.00;0;0;0
0;10;0.00;0.00;0;0;0
0;6;0.00;0.00;0;0;0
0;8;0.00;0.00;0;0;0
0;8;0.00;0.00;0;0;0
0;12;0.00;0.00;0;0;0
0;6;0.00;0.00;0;0;0
0;7;0.00;0.00;0;0;0
0;8;0.00;0.00;0;0;0
0;9;0.00;0.00;0;0;0
0;8;0.00;0.00;0;0;0
0;8;0.00;0.00;0;0;0
0;8;0.00;0.00;0;0;0
0;8;0.00;0.00;0;0;0
0;9;0.00;0.00;0;0;0
0;9;0.00;0.00;0;0;0
0;10;0.00;0.00;0;0;0
0;6;0.00;0.00;0;0;0
0;7;0.00;0.00;0;0;0
0;8;0.00;0.00;0;0;0
0;15;0.00;0.00;0;0;0
0;7;0.00;0.00;0;0;0
0;7;0.00;0.00;0;0;0
0;8;0.00;0.00;0;0;0
0;9;0.00;0.00;0;0;0
0;9;0.00;0.00;0;0;0
0;7;0.00;0.00;0;0;0
0;8;0.00;0.00;0;0;0
0;9;0.00;0.00;0;0;0
0;10;0.00;0.00;0;0;0
0;7;0.00;0.00;0;0;0
0;10;0.00;0.00;0;0;0
0;6;0.00;0.00;0;0;0
0;7;0.00;0.00;0;0;0
0;8;0.00;0.00;0;0;0
0;12;0.01;0.02;0;-1;0
0;6;0.00;0.00;0;0;0
0;8;0.00;0.00;0;0;0
0;7;0.00;0.00;0;0;0
0;11;0.00;0.00;0;0;0
0;10;0.00;0.00;0;0;0
0;5;0.00;0.00;0;0;0
0;7;0.01;0.02;0;-1;0
0;8;0.00;0.00;0;0;0
0;12;0.00;0.00;0;0;0
0;5;0.00;0.00;0;0;0
0;8;0.00;0.00;0;0;0
0;8;0.00;0.00;0;0;0
0;8;0.00;0.00;0;0;0
0;9;0.00;0.00;0;0;0
0;8;0.01;0.02;0;-1;0
0;9;0.00;0.00;0;0;0
0;7;0.00;0.00;0;0;0
0;8;0.00;0.00;0;0;0
0;11;0.00;0.00;0;0;0
0;6;0.00;0.00;0;0;0
0;8;0.00;0.00;0;0;0
0;9;0.00;0.00;0;0;0
0;10;0.01;0.02;0;-1;0
0;6;0.00;0.00;0;0;0
0;7;0.00;0.00;0;0;0
0;9;0.00;0.00;0;0;0
0;8;0.00;0.00;0;0;0
0;8;0.00;0.00;0;0;0
0;8;0.00;0.00;0;0;0
0;8;0.01;0.02;0;-1;0
0;9;0.00;0.00;0;0;0
0;8;0.00;0.00;0;0;0
0;8;0.00;0.00;0;0;0
0;12;0.00;0.00;0;0;0
0;8;-0.02;0.00;-1;0;0
0;9;0.01;0.02;0;-1;0
0;8;0.00;0.00;0;0;0
0;8;0.00;0.00;0;0;0
0;8;0.00;0.00;0;0;0
0;8;0.00;0.00;0;0;0
0;10;0.00;0.00;0;0;0
0;11;0.00;0.00;0;0;0
0;4;0.01;0.02;0;-1;0
0;8;0.00;0.00;0;0;0
0;11;0.00;0.00;0;0;0
0;5;0.00;0.00;0;0;0
0;9;0.00;0.00;0;0;0
0;8;0.00;0.00;0;0;0
0;11;0.00;0.00;0;0;0
0;6;0.01;0.02;0;-1;0
0;7;0.00;0.00;0;0;0
0;9;0.00;0.00;0;0;0
0;11;0.00;0.00;0;0;0
0;6;0.00;0.00;0;0;0
0;7;0.00;0.00;0;0;0
0;8;0.01;0.02;0;-1;0
0;17;0.00;0.00;0;0;0
0;9;0.00;0.00;0;0;0
0;7;0.00;0.00;0;0;0
0;8;0.00;0.00;0;0;0
0;10;0.00;0.00;0;0;0
0;10;0.01;0.02;0;-1;0
0;6;0.00;0.00;0;0;0
0;7;0.00;0.00;0;0;0
0;11;0.00;0.00;0;0;0
0;10;0.00;0.00;0;0;0
0;5;0.00;0.00;0;0;0
0;7;0.00;0.00;0;0;0
0;11;0.01;0.02;0;-1;0
0;6;0.00;0.00;0;0;0
0;8;0.00;0.00;0;0;0
0;8;0.00;0.00;0;0;0
0;8;0.00;0.00;0;0;0
0;11;0.00;0.00;0;0;0
0;5;0.00;0.00;0;0;0
0;8;0.00;0.00;0;0;0
0;9;0.01;0.02;0;-1;0
0;11;0.00;0.00;0;0;0
0;6;0.00;0.00;0;0;0
0;7;0.00;0.00;0;0;0
0;9;0.00;0.00;0;0;0
0;14;0.00;0.00;0;0;0
0;6;0.01;0.02;0;-1;0
0;11;0.00;0.00;0;0;0
0;6;0.00;0.00;0;0;0
0;9;0.00;0.00;0;0;0
0;7;0.00;0.00;0;0;0
0;8;0.00;0.00;0;0;0
0;8;0.00;0.00;0;0;0
0;8;-0.01;0.02;0;0;1
0;8;0.01;0.02;0;-1;0
0;9;0.00;0.00;0;0;0
0;9;0.00;0.00;0;0;0
0;7;0.00;0.00;0;0;0
0;8;0.00;0.00;0;0;0
0;10;0.00;0.00;0;0;0
0;11;0.01;0.02;0;-1;0
0;5;-0.01;0.02;0;0;1
0;7;0.00;0.00;0;0;0
0;8;0.00;0.00;0;0;0
0;11;0.00;0.00;0;0;0
0;5;0.00;0.00;0;0;0
0;9;0.00;0.00;0;0;0
0;9;0.01;0.02;0;-1;0
0;8;0.00;0.00;0;0;0
0;9;0.00;0.00;0;0;0
0;7;-0.01;0.02;0;0;1
0;8;0.00;0.00;0;0;0
0;8;0.00;0.00;0;0;0
0;8;0.00;0.00;0;0;0
0;8;0.00;0.00;0;0;0
0;9;0.01;0.02;0;-1;0
0;8;0.00;0.00;0;0;0
0;11;0.00;0.00;0;0;0
0;7;0.00;0.00;0;0;0
0;6;-0.01;0.02;0;0;1
0;8;0.00;0.00;0;0;0
0;9;0.01;0.02;0;-1;0
0;9;0.00;0.00;0;0;0
0;7;0.00;0.00;0;0;0
0;9;0.00;0.00;0;0;0
0;11;0.00;0.00;0;0;0
0;6;0.00;0.00;0;0;0
0;8;0.00;0.04;0;-1;1
0;12;0.00;0.00;0;0;0
0;11;0.00;0.00;0;0;0
0;8;0.00;0.00;0;0;0
0;11;0.00;0.00;0;0;0
0;7;0.00;0.00;0;0;0
0;8;0.01;0.02;0;-1;0
0;8;-0.01;0.02;0;0;1
0;7;0.00;0.00;0;0;0
0;10;0.00;0.00;0;0;0
0;7;0.00;0.00;0;0;0
0;8;0.00;0.00;0;0;0
0;8;0.01;0.02;0;-1;0
0;8;0.00;0.00;0;0;0
0;10;0.00;0.00;0;0;0
0;7;0.00;0.00;0;0;0
0;8;-0.01;0.02;0;0;1
0;8;0.00;0.00;0;0;0
0;8;0.01;0.02;0;-1;0
0;9;0.00;0.00;0;0;0
0;8;0.00;0.00;0;0;0
0;8;0.00;0.00;0;0;0
0;8;0.00;0.00;0;0;0
0;8;0.00;0.00;0;0;0
0;9;-0.01;0.02;0;0;1
0;8;0.01;0.02;0;-1;0
0;8;0.00;0.00;0;0;0
0;8;0.00;0.00;0;0;0
0;8;0.00;0.00;0;0;0
0;8;0.00;0.00;0;0;0
0;9;0.00;0.00;0;0;0
0;8;-0.01;0.02;0;0;1
0;8;0.01;0.02;0;-1;0
0;8;0.00;0.00;0;0;0
0;8;0.00;0.00;0;0;0
0;9;0.00;0.00;0;0;0
0;8;0.00;0.00;0;0;0
0;8;0.00;0.00;0;0;0
0;8;0.00;0.00;0;0;0
0;8;0.00;0.04;0;-1;1
0;9;0.00;0.00;0;0;0
0;8;0.00;0.00;0;0;0
0;8;0.00;0.00;0;0;0
0;8;0.00;0.00;0;0;0
0;8;0.00;0.00;0;0;0
0;9;0.00;0.00;0;0;0
0;8;0.01;0.02;0;-1;0
0;8;-0.01;0.02;0;0;1
0;8;0.00;0.00;0;0;0
0;8;0.00;0.00;0;0;0
0;8;0.00;0.00;0;0;0
0;9;0.00;0.00;0;0;0
0;8;0.00;0.04;0;-1;1
0;10;0.00;0.00;0;0;0
0;12;0.00;0.00;0;0;0
0;8;0.00;0.00;0;0;0
0;10;0.00;0.00;0;0;0
0;6;0.00;0.04;0;-1;1
0;8;0.00;0.00;0;0;0
0;7;0.00;0.00;0;0;0
0;12;0.00;0.00;0;0;0
0;6;0.00;0.00;0;0;0
0;7;-0.01;0.02;0;0;1
0;8;0.00;0.00;0;0;0
0;12;0.01;0.02;0;-1;0
0;10;0.00;0.00;0;0;0
0;7;0.00;0.00;0;0;0
0;8;-0.01;0.02;0;0;1
0;8;0.00;0.00;0;0;0
0;9;0.00;0.00;0;0;0
0;8;0.01;0.02;0;-1;0
0;8;0.00;0.00;0;0;0
0;8;0.00;0.00;0;0;0
0;9;0.00;0.00;0;0;0
0;7;-0.01;0.02;0;0;1
0;8;0.00;0.00;0;0;0
0;16;0.01;0.02;0;-1;0
0;6;0.00;0.00;0;0;0
0;7;0.00;0.00;0;0;0
0;8;0.00;0.00;0;0;0
0;9;-0.01;0.02;0;0;1
0;8;0.00;0.00;0;0;0
0;11;0.01;0.02;0;-1;0
0;6;0.00;0.00;0;0;0
0;7;0.00;0.00;0;0;0
0;9;0.00;0.00;0;0;0
0;9;-0.01;0.02;0;0;1
0;7;0.00;0.00;0;0;0
0;8;0.00;0.00;0;0;0
0;9;0.00;0.00;0;0;0
0;7;0.01;0.02;0;-1;0
0;10;-0.01;0.02;0;0;1
0;7;0.00;0.00;0;0;0
0;11;0.00;0.00;0;0;0
0;7;0.00;0.00;0;0;0
0;6;0.00;0.00;0;0;0
0;9;0.00;0.00;0;0;0
0;9;0.01;0.02;0;-1;0
0;8;-0.01;0.02;0;0;1
0;7;0.00;0.00;0;0;0
0;11;0.00;0.00;0;0;0
0;7;0.00;0.00;0;0;0
0;8;0.00;0.00;0;0;0
0;7;0.01;0.02;0;-1;0
0;11;0.00;0.00;0;0;0
0;6;0.00;0.00;0;0;0
0;10;0.00;0.00;0;0;0
0;6;0.00;0.00;0;0;0
0;10;0.00;0.00;0;0;0
0;6;0.01;0.02;0;-1;0
0;8;0.00;0.00;0;0;0
0;10;0.00;0.00;0;0;0
0;7;0.00;0.00;0;0;0
0;8;0.00;0.00;0;0;0
0;8;0.00;0.00;0;0;0
0;8;0.00;0.00;0;0;0
0;13;0.01;0.02;0;-1;0
0;5;0.00;0.00;0;0;0
0;7;0.00;0.00;0;0;0
0;8;0.00;0.00;0;0;0
0;8;0.00;0.00;0;0;0
0;9;0.00;0.00;0;0;0
0;8;0.00;0.00;0;0;0
0;8;0.00;0.00;0;0;0
0;10;0.01;0.02;0;-1;0
0;9;0.00;0.00;0;0;0
0;6;0.00;0.00;0;0;0
0;8;0.00;0.00;0;0;0
0;8;0.00;0.00;0;0;0
0;8;0.00;0.00;0;0;0
0;8;0.00;0.00;0;0;0
0;11;0.01;0.02;0;-1;0
0;6;-0.01;0.02;0;0;1
0;8;0.00;0.00;0;0;0
0;9;0.00;0.00;0;0;0
0;8;0.00;0.00;0;0;0
0;7;0.00;0.00;0;0;0
0;8;0.00;0.00;0;0;0
0;10;0.00;0.04;0;-1;1
0;9;0.00;0.00;0;0;0
0;6;0.00;0.00;0;0;0
0;11;0.00;0.00;0;0;0
0;6;0.00;0.00;0;0;0
0;8;-0.01;0.02;0;0;1
0;8;0.00;0.00;0;0;0
0;8;0.01;0.02;0;-1;0
0;11;0.00;0.00;0;0;0
0;5;0.00;0.00;0;0;0
0;9;0.00;0.00;0;0;0
0;9;-0.01;0.02;0;0;1
0;7;0.00;0.00;0;0;0
0;8;0.00;0.00;0;0;0
0;8;0.01;0.02;0;-1;0
0;12;0.00;0.00;0;0;0
0;6;0.00;0.00;0;0;0
0;7;0.00;0.00;0;0;0
0;8;-0.01;0.02;0;0;1
0;9;0.00;0.00;0;0;0
0;11;0.01;0.02;0;-1;0
0;6;0.00;0.00;0;0;0
0;7;0.00;0.00;0;0;0
0;9;0.00;0.00;0;0;0
0;10;-0.01;0.02;0;0;1
0;5;0.00;0.00;0;0;0
0;9;0.00;0.00;0;0;0
0;9;0.00;0.00;0;0;0
0;8;0.01;0.02;0;-1;0
0;7;0.00;0.00;0;0;0
0;8;0.00;0.00;0;0;0
0;9;-0.01;0.02;0;0;1
0;11;0.00;0.00;0;0;0
0;6;0.00;0.00;0;0;0
0;7;0.00;0.00;0;0;0
0;12;0.01;0.02;0;-1;0
0;6;0.00;0.00;0;0;0
0;7;-0.01;0.02;0;0;1
0;8;0.00;0.00;0;0;0
0;8;0.00;0.00;0;0;0
0;8;0.00;0.00;0;0;0
0;9;0.00;0.00;0;0;0
0;10;0.01;0.02;0;-1;0
0;6;0.00;0.00;0;0;0
0;10;-0.01;0.02;0;0;1
0;10;0.00;0.00;0;0;0
0;6;0.00;0.00;0;0;0
0;7;0.00;0.00;0;0;0
0;11;0.00;0.00;0;0;0
0;6;0.01;0.02;0;-1;0
0;7;0.00;0.00;0;0;0
0;8;-0.01;0.02;0;0;1
0;12;0.00;0.00;0;0;0
0;5;0.00;0.00;0;0;0
0;8;0.00;0.00;0;0;0
0;8;0.00;0.00;0;0;0
0;12;-0.01;0.02;0;0;1
0;9;0.01;0.02;0;-1;0
0;4;0.00;0.00;0;0;0
0;8;0.00;0.00;0;0;0
0;9;0.00;0.00;0;0;0
0;7;0.00;0.00;0;0;0
0;9;0.00;0.00;0;0;0
0;8;-0.01;0.02;0;0;1
0;8;0.01;0.02;0;-1;0
0;8;0.00;0.00;0;0;0
0;8;0.00;0.00;0;0;0
0;9;0.00;0.00;0;0;0
0;11;0.00;0.00;0;0;0
0;9;-0.01;0.02;0;0;1
0;4;0.00;0.00;0;0;0
0;8;0.00;0.00;0;0;0
0;9;0.01;0.02;0;-1;0
0;8;0.00;0.00;0;0;0
0;8;0.00;0.00;0;0;0
0;8;0.00;0.00;0;0;0
0;8;-0.01;0.02;0;0;1
0;11;0.00;0.00;0;0;0
0;6;0.00;0.00;0;0;0
0;8;0.00;0.00;0;0;0
0;11;0.01;0.02;0;-1;0
0;5;0.00;0.00;0;0;0
0;8;-0.01;0.02;0;0;1
0;9;0.00;0.00;0;0;0
0;11;0.00;0.00;0;0;0
0;5;0.00;0.00;0;0;0
0;8;0.00;0.00;0;0;0
0;8;0.00;0.00;0;0;0
0;9;0.00;0.04;0;-1;1
0;11;0.00;0.00;0;0;0
0;6;0.00;0.00;0;0;0
0;7;0.00;0.00;0;0;0
0;8;0.00;0.00;0;0;0
0;9;0.00;0.00;0;0;0
0;8;-0.01;0.02;0;0;1
0;8;0.00;0.00;0;0;0
0;8;0.01;0.02;0;-1;0
0;11;0.00;0.00;0;0;0
0;7;0.00;0.00;0;0;0
0;7;0.00;0.00;0;0;0
0;8;0.00;0.00;0;0;0
0;8;0.00;0.00;0;0;0
0;11;0.00;0.00;0;0;0
0;5;0.01;0.02;0;-1;0
0;9;0.00;0.00;0;0;0
0;8;0.00;0.00;0;0;0
0;11;0.00;0.00;0;0;0
0;5;0.00;0.00;0;0;0
0;8;0.00;0.00;0;0;0
0;9;0.00;0.00;0;0;0
0;8;0.01;0.02;0;-1;0
0;8;0.00;0.00;0;0;0
0;8;0.00;0.00;0;0;0
0;17;0.00;0.00;0;0;0
0;8;0.00;0.00;0;0;0
0;8;0.00;0.00;0;0;0
0;11;0.00;0.00;0;0;0
0;5;0.00;0.00;0;0;0
0;9;0.01;0.02;0;-1;0
0;8;0.00;0.00;0;0;0
0;8;0.00;0.00;0;0;0
0;10;0.00;0.00;0;0;0
0;6;0.00;0.00;0;0;0
0;8;0.00;0.00;0;0;0
0;9;0.00;0.00;0;0;0
0;8;0.00;0.00;0;0;0
0;8;0.01;0.02;0;-1;0
0;11;0.00;0.00;0;0;0
0;5;0.00;0.00;0;0;0
0;9;0.00;0.00;0;0;0
0;8;0.00;0.00;0;0;0
0;8;0.00;0.00;0;0;0
0;8;0.00;0.00;0;0;0
0;8;0.01;0.02;0;-1;0
0;9;0.00;0.00;0;0;0
0;8;0.00;0.00;0;0;0
0;8;0.00;0.00;0;0;0
0;8;0.00;0.00;0;0;0
0;11;0.00;0.00;0;0;0
0;7;0.00;0.00;0;0;0
0;7;0.01;0.02;0;-1;0
0;11;0.00;0.00;0;0;0
0;5;0.00;0.00;0;0;0
0;8;0.00;0.00;0;0;0
0;9;0.00;0.00;0;0;0
0;8;0.00;0.00;0;0;0
0;8;0.00;0.00;0;0;0
0;8;0.01;0.02;0;-1;0
0;8;0.02;0.00;1;0;0
0;12;0.00;0.00;0;0;0
0;8;0.00;0.00;0;0;0
0;5;0.00;0.00;0;0;0
0;8;0.00;0.00;0;0;0
0;8;0.00;0.00;0;0;0
0;12;0.01;0.02;1;0;1
0;5;0.01;0.02;0;-1;0
0;8;0.00;0.00;0;0;0
0;10;0.00;0.00;0;0;0
0;6;0.00;0.00;0;0;0
0;8;0.00;0.00;0;0;0
0;9;0.02;0.00;1;0;0
0;8;0.00;0.00;0;0;0
0;8;0.00;0.00;0;0;0
0;8;0.01;0.02;0;-1;0
0;8;0.00;0.00;0;0;0
0;9;0.00;0.00;0;0;0
0;8;0.00;0.00;0;0;0
0;8;0.02;0.00;1;0;0
0;11;0.00;0.00;0;0;0
0;6;0.01;0.02;0;-1;0
0;8;0.00;0.00;0;0;0
0;8;0.00;0.00;0;0;0
0;11;0.00;0.00;0;0;0
0;8;0.00;0.00;0;0;0
0;5;0.00;0.00;0;0;0
0;8;0.01;0.02;0;-1;0
0;9;0.00;0.00;0;0;0
0;8;0.00;0.00;0;0;0
0;8;0.00;0.00;0;0;0
0;8;0.00;0.00;0;0;0
0;8;0.00;0.00;0;0;0
0;9;0.01;0.02;0;-1;0
0;8;0.00;0.00;0;0;0
0;8;0.00;0.00;0;0;0
0;8;0.00;0.00;0;0;0
0;8;0.00;0.00;0;0;0
0;11;0.00;0.00;0;0;0
0;10;0.00;0.00;0;0;0
0;4;0.00;0.00;0;0;0
0;8;0.01;0.02;0;-1;0
0;8;0.00;0.00;0;0;0
0;9;0.00;0.00;0;0;0
0;8;0.00;0.00;0;0;0
0;8;0.00;0.00;0;0;0
0;10;0.00;0.00;0;0;0
0;6;0.01;0.02;0;-1;0
0;9;0.00;0.00;0;0;0
0;8;0.00;0.00;0;0;0
0;11;0.00;0.00;0;0;0
0;5;0.00;0.00;0;0;0
0;8;0.00;0.00;0;0;0
0;8;0.00;0.00;0;0;0
0;11;0.01;0.02;0;-1;0
0;6;0.00;0.00;0;0;0
0;8;0.00;0.00;0;0;0
0;8;0.00;0.00;0;0;0
0;9;0.00;0.00;0;0;0
0;9;0.00;0.00;0;0;0
0;7;0.01;0.02;0;-1;0
0;10;0.00;0.00;0;0;0
0;9;0.00;0.00;0;0;0
0;5;0.00;0.00;0;0;0
0;9;0.00;0.00;0;0;0
0;8;0.00;0.00;0;0;0
0;8;0.00;0.00;0;0;0
0;8;0.01;0.02;0;-1;0
0;8;0.00;0.00;0;0;0
0;12;0.00;0.00;0;0;0
0;6;0.00;0.00;0;0;0
0;7;0.00;0.00;0;0;0
0;8;0.00;0.00;0;0;0
0;10;0.00;0.00;0;0;0
0;10;0.01;0.02;0;-1;0
0;5;0.00;0.00;0;0;0
0;8;0.00;0.00;0;0;0
0;11;0.00;0.00;0;0;0
0;8;0.00;0.00;0;0;0
0;5;0.00;0.00;0;0;0
0;9;0.01;0.02;0;-1;0
0;13;-0.01;0.02;0;0;1
0;8;0.00;0.00;0;0;0
0;10;0.00;0.00;0;0;0
0;6;0.00;0.00;0;0;0
0;8;0.00;0.00;0;0;0
0;11;0.01;0.02;0;-1;0
0;8;-0.01;0.02;0;0;1
0;5;0.00;0.00;0;0;0
0;8;0.00;0.00;0;0;0
0;9;0.00;0.00;0;0;0
0;8;0.00;0.00;0;0;0
0;8;0.01;0.02;0;-1;0
0;8;-0.01;0.02;0;0;1
0;8;0.00;0.00;0;0;0
0;12;0.00;0.00;0;0;0
0;5;0.00;0.00;0;0;0
0;9;0.00;0.00;0;0;0
0;7;0.01;0.02;0;-1;0
0;11;-0.01;0.02;0;0;1
0;6;0.00;0.00;0;0;0
0;8;0.00;0.00;0;0;0
0;11;0.00;0.00;0;0;0
0;8;0.00;0.00;0;0;0
0;5;0.00;0.00;0;0;0
0;9;0.04;0.02;1;-1;0
0;8;-0.01;0.02;0;0;1
0;8;0.00;0.00;0;0;0
0;8;0.00;0.00;0;0;0
0;8;0.00;0.00;0;0;0
0;10;0.00;0.00;0;0;0
0;10;0.01;0.02;0;-1;0
0;5;0.00;0.00;0;0;0
0;8;-0.01;0.02;0;0;1
0;11;0.00;0.00;0;0;0
0;9;0.00;0.00;0;0;0
0;5;0.00;0.00;0;0;0
0;8;0.01;0.02;0;-1;0
0;8;0.00;0.00;0;0;0
0;10;0.00;0.00;0;0;0
0;6;0.00;0.00;0;0;0
0;9;0.00;0.00;0;0;0
0;8;0.00;0.00;0;0;0
0;11;0.01;0.02;0;-1;0
0;5;0.00;0.00;0;0;0
0;11;0.00;0.00;0;0;0
0;9;0.00;0.00;0;0;0
0;5;0.00;0.00;0;0;0
0;8;0.00;0.00;0;0;0
0;10;0.01;0.02;0;-1;0
0;7;0.00;0.00;0;0;0
0;8;0.00;0.00;0;0;0
0;8;0.00;0.00;0;0;0
0;8;0.00;0.00;0;0;0
0;8;0.00;0.00;0;0;0
0;10;0.00;0.00;0;0;0
0;10;0.01;0.02;0;-1;0
0;7;0.00;0.00;0;0;0
0;6;0.00;0.00;0;0;0
0;11;0.00;0.00;0;0;0
0;8;0.00;0.00;0;0;0
0;5;0.00;0.00;0;0;0
0;9;0.00;0.04;0;-1;1
0;9;0.00;0.00;0;0;0
0;9;0.00;0.00;0;0;0
0;6;0.00;0.00;0;0;0
0;8;0.00;0.00;0;0;0
0;12;0.00;0.00;0;0;0
0;8;0.00;0.00;0;0;0
0;5;-0.01;0.02;0;0;1
0;9;0.01;0.02;0;-1;0
0;10;0.00;0.00;0;0;0
0;6;0.00;0.00;0;0;0
0;8;0.00;0.00;0;0;0
0;8;0.00;0.00;0;0;0
0;8;0.00;0.00;0;0;0
0;8;0.00;0.04;0;-1;1
0;9;0.00;0.00;0;0;0
0;8;0.00;0.00;0;0;0
0;12;0.00;0.00;0;0;0
0;8;0.00;0.00;0;0;0
0;8;0.01;0.02;0;-1;0
0;11;-0.01;0.02;0;0;1
0;10;0.00;0.00;0;0;0
0;8;0.00;0.00;0;0;0
0;8;0.00;0.00;0;0;0
0;8;0.01;0.02;0;-1;0
0;9;0.00;0.00;0;0;0
0;8;0.00;0.00;0;0;0
0;11;-0.01;0.02;0;0;1
0;8;0.00;0.00;0;0;0
0;5;0.00;0.00;0;0;0
0;9;0.00;0.00;0;0;0
0;11;0.01;0.02;0;-1;0
0;8;0.00;0.00;0;0;0
0;5;0.00;0.00;0;0;0
0;8;0.00;0.00;0;0;0
0;12;0.00;0.00;0;0;0
0;8;0.01;0.02;0;-1;0
0;5;0.00;0.00;0;0;0
0;8;0.00;0.00;0;0;0
0;8;0.00;0.00;0;0;0
0;9;0.00;0.00;0;0;0
0;10;-0.01;0.02;0;0;1
0;6;0.01;0.02;0;-1;0
0;8;0.00;0.00;0;0;0
0;8;0.00;0.00;0;0;0
0;15;0.00;0.00;0;0;0
0;9;0.00;0.00;0;0;0
0;5;0.00;0.00;0;0;0
0;11;-0.01;0.02;0;0;1
0;8;0.01;0.02;0;-1;0
0;6;0.00;0.00;0;0;0
0;8;0.00;0.00;0;0;0
0;11;0.00;0.00;0;0;0
0;8;0.00;0.00;0;0;0
0;5;-0.01;0.02;0;0;1
0;8;0.01;0.02;0;-1;0
0;10;0.00;0.00;0;0;0
0;8;0.00;0.00;0;0;0
0;7;0.00;0.00;0;0;0
0;8;0.00;0.00;0;0;0
0;11;0.00;0.00;0;0;0
0;10;0.01;0.02;0;-1;0
0;8;0.00;0.00;0;0;0
0;8;0.00;0.00;0;0;0
0;11;0.00;0.00;0;0;0
0;6;0.00;0.00;0;0;0
0;8;0.01;0.02;0;-1;0
0;11;0.00;0.00;0;0;0
0;5;0.00;0.00;0;0;0
0;8;0.00;0.00;0;0;0
0;8;0.00;0.00;0;0;0
0;12;0.01;0.02;0;-1;0
0;6;0.00;0.00;0;0;0
0;8;0.00;0.00;0;0;0
0;7;0.00;0.00;0;0;0
0;12;0.00;0.00;0;0;0
0;5;-0.01;0.02;0;0;1
0;8;0.00;0.00;0;0;0
0;8;0.00;0.00;0;0;0
0;8;0.01;0.02;0;-1;0
0;8;0.00;0.00;0;0;0
0;9;0.00;0.00;0;0;0
0;8;0.00;0.00;0;0;0
0;8;-0.01;0.02;0;0;1
0;10;0.00;0.00;0;0;0
0;6;0.00;0.00;0;0;0
0;9;0.01;0.02;0;-1;0
0;8;0.00;0.00;0;0;0
0;8;0.00;0.00;0;0;0
0;8;0.00;0.00;0;0;0
0;11;-0.01;0.02;0;0;1
0;6;0.00;0.00;0;0;0
0;8;0.01;0.02;0;-1;0
0;11;0.00;0.00;0;0;0
0;8;0.00;0.00;0;0;0
0;5;0.00;0.00;0;0;0
0;8;0.00;0.00;0;0;0
0;9;-0.01;0.02;0;0;1
0;11;0.01;0.02;0;-1;0
0;5;0.00;0.00;0;0;0
0;8;0.00;0.00;0;0;0
0;11;0.00;0.00;0;0;0
0;8;0.00;0.00;0;0;0
0;6;-0.01;0.02;0;0;1
0;8;0.01;0.02;0;-1;0
0;11;0.00;0.00;0;0;0
0;5;0.00;0.00;0;0;0
0;9;0.00;0.00;0;0;0
0;8;0.00;0.00;0;0;0
0;8;0.00;0.00;0;0;0
0;8;0.00;0.04;0;-1;1
0;8;0.00;0.00;0;0;0
0;12;0.00;0.00;0;0;0
0;6;0.00;0.00;0;0;0
0;7;0.00;0.00;0;0;0
0;8;0.00;0.00;0;0;0
0;8;0.00;0.04;0;-1;1
0;12;0.00;0.00;0;0;0
0;5;0.00;0.00;0;0;0
0;8;0.00;0.00;0;0;0
0;8;0.00;0.00;0;0;0
0;8;0.00;0.00;0;0;0
0;8;0.01;0.02;0;-1;0
0;9;0.00;0.00;0;0;0
0;10;-0.01;0.02;0;0;1
0;6;0.00;0.00;0;0;0
0;8;0.00;0.00;0;0;0
0;8;0.00;0.00;0;0;0
0;12;0.01;0.02;0;-1;0
0;9;0.00;0.00;0;0;0
0;8;-0.01;0.02;0;0;1
0;8;0.00;0.00;0;0;0
0;8;0.00;0.00;0;0;0
0;9;0.00;0.00;0;0;0
0;8;0.00;0.00;0;0;0
0;8;0.01;0.02;0;-1;0
0;8;0.00;0.00;0;0;0
0;8;-0.01;0.02;0;0;1
0;12;0.00;0.00;0;0;0
0;6;0.00;0.00;0;0;0
0;7;0.00;0.00;0;0;0
0;9;0.01;0.02;0;-1;0
0;10;0.00;0.00;0;0;0
0;6;0.00;0.00;0;0;0
0;8;-0.01;0.02;0;0;1
0;8;0.00;0.00;0;0;0
0;10;0.00;0.00;0;0;0
0;6;0.00;0.00;0;0;0
0;9;0.01;0.02;0;-1;0
0;9;0.00;0.00;0;0;0
0;7;0.00;0.00;0;0;0
0;8;-0.01;0.02;0;0;1
0;8;0.00;0.00;0;0;0
0;15;0.01;0.02;0;-1;0
0;6;0.00;0.00;0;0;0
0;8;0.00;0.00;0;0;0
0;10;0.00;0.00;0;0;0
0;6;-0.01;0.02;0;0;1
0;9;0.00;0.00;0;0;0
0;8;0.00;0.00;0;0;0
0;11;0.01;0.02;0;-1;0
0;6;0.00;0.00;0;0;0
0;7;0.00;0.00;0;0;0
0;9;0.00;0.00;0;0;0
0;8;-0.01;0.02;0;0;1
0;8;0.00;0.00;0;0;0
0;8;0.01;0.02;0;-1;0
0;8;0.00;0.00;0;0;0
0;8;0.00;0.00;0;0;0
0;9;0.00;0.00;0;0;0
0;8;-0.01;0.02;0;0;1
0;8;0.00;0.00;0;0;0
0;8;0.00;0.00;0;0;0
0;12;0.01;0.02;0;-1;0
0;5;0.00;0.00;0;0;0
0;8;0.00;0.00;0;0;0
0;8;0.00;0.00;0;0;0
0;8;-0.01;0.02;0;0;1
0;9;0.00;0.00;0;0;0
0;8;0.00;0.00;0;0;0
0;8;0.01;0.02;0;-1;0
0;10;0.00;0.00;0;0;0
0;6;0.00;0.00;0;0;0
0;8;0.00;0.00;0;0;0
0;9;-0.01;0.02;0;0;1
0;8;0.00;0.00;0;0;0
0;14;0.01;0.02;0;-1;0
0;6;0.00;0.00;0;0;0
0;8;0.00;0.00;0;0;0
0;10;0.00;0.00;0;0;0
0;10;-0.01;0.02;0;0;1
0;5;0.00;0.00;0;0;0
0;8;0.00;0.00;0;0;0
0;9;0.01;0.02;0;-1;0
0;11;0.00;0.00;0;0;0
0;5;0.00;0.00;0;0;0
0;8;0.00;0.00;0;0;0
0;8;-0.01;0.02;0;0;1
0;9;0.00;0.00;0;0;0
0;8;0.00;0.00;0;0;0
0;8;0.01;0.02;0;-1;0
0;8;0.00;0.00;0;0;0
0;7;0.00;0.00;0;0;0
0;9;0.00;0.00;0;0;0
0;8;-0.01;0.02;0;0;1
0;9;0.00;0.00;0;0;0
0;11;0.00;0.00;0;0;0
0;5;0.01;0.02;0;-1;0
0;10;0.00;0.00;0;0;0
0;10;0.00;0.00;0;0;0
0;5;0.00;0.00;0;0;0
0;8;-0.01;0.02;0;0;1
0;11;0.00;0.00;0;0;0
0;8;0.00;0.00;0;0;0
0;5;0.01;0.02;0;-1;0
0;9;0.00;0.00;0;0;0
0;12;0.00;0.00;0;0;0
0;11;0.00;0.00;0;0;0
0;5;-0.01;0.02;0;0;1
0;8;0.00;0.00;0;0;0
0;12;0.01;0.02;0;-1;0
0;5;0.00;0.00;0;0;0
0;8;0.00;0.00;0;0;0
0;8;0.00;0.00;0;0;0
0;8;0.00;0.00;0;0;0
0;9;-0.01;0.02;0;0;1
0;8;0.00;0.00;0;0;0
0;8;0.00;0.00;0;0;0
0;14;0.00;0.00;0;0;0
0;6;0.00;0.00;0;0;0
0;9;0.00;0.00;0;0;0
0;8;-0.01;0.02;0;0;1
0;8;0.00;0.00;0;0;0
0;10;0.00;0.00;0;0;0
0;6;0.00;0.00;0;0;0
0;8;0.00;0.00;0;0;0
0;8;0.00;0.00;0;0;0
0;11;0.00;0.04;0;-1;1
0;6;0.00;0.00;0;0;0
0;7;0.00;0.00;0;0;0
0;9;0.00;0.00;0;0;0
0;8;0.00;0.00;0;0;0
0;8;0.00;0.00;0;0;0
0;8;0.01;0.02;0;-1;0
0;8;-0.01;0.02;0;0;1
0;9;0.00;0.00;0;0;0
0;8;0.00;0.00;0;0;0
0;8;0.00;0.00;0;0;0
0;8;0.00;0.00;0;0;0
0;8;0.00;0.00;0;0;0
0;9;0.01;0.02;0;-1;0
0;8;-0.01;0.02;0;0;1
0;8;0.00;0.00;0;0;0
0;8;0.00;0.00;0;0;0
0;8;0.00;0.00;0;0;0
0;8;0.00;0.00;0;0;0
0;11;0.01;0.02;0;-1;0
0;10;0.00;0.00;0;0;0
0;8;-0.01;0.02;0;0;1
0;8;0.00;0.00;0;0;0
0;15;0.00;0.00;0;0;0
0;6;0.00;0.00;0;0;0
0;8;0.00;0.00;0;0;0
0;9;0.01;0.02;0;-1;0
0;8;0.00;0.00;0;0;0
0;8;-0.01;0.02;0;0;1
0;8;0.00;0.00;0;0;0
0;8;0.00;0.00;0;0;0
0;8;0.00;0.00;0;0;0
0;8;0.00;0.00;0;0;0
0;9;0.01;0.02;0;-1;0
0;8;0.00;0.00;0;0;0
0;11;-0.01;0.02;0;0;1
0;5;0.00;0.00;0;0;0
0;8;0.00;0.00;0;0;0
0;11;0.00;0.00;0;0;0
0;6;0.00;0.00;0;0;0
0;8;0.01;0.02;0;-1;0
0;8;0.00;0.00;0;0;0
0;8;-0.01;0.02;0;0;1
0;7;0.00;0.00;0;0;0
0;10;0.00;0.00;0;0;0
0;8;0.00;0.00;0;0;0
0;8;0.00;0.00;0;0;0
0;8;0.00;0.00;0;0;0
0;8;0.01;0.02;0;-1;0
0;9;-0.01;0.02;0;0;1
0;8;0.00;0.00;0;0;0
0;7;0.00;0.00;0;0;0
0;9;0.00;0.00;0;0;0
0;10;0.00;0.00;0;0;0
0;7;0.00;0.00;0;0;0
0;11;0.00;0.04;0;-1;1
0;8;0.00;0.00;0;0;0
0;5;0.00;0.00;0;0;0
0;8;0.00;0.00;0;0;0
0;11;0.00;0.00;0;0;0
0;9;0.00;0.00;0;0;0
0;5;0.00;0.00;0;0;0
0;8;-0.01;0.02;0;0;1
0;10;0.01;0.02;0;-1;0
0;6;0.00;0.00;0;0;0
0;9;0.00;0.00;0;0;0
0;8;0.00;0.00;0;0;0
0;11;0.00;0.00;0;0;0
0;5;0.00;0.00;0;0;0
0;8;-0.01;0.02;0;0;1
0;9;0.00;0.00;0;0;0
0;8;0.01;0.02;0;-1;0
0;8;0.00;0.00;0;0;0
0;7;0.00;0.00;0;0;0
0;9;0.00;0.00;0;0;0
0;9;0.00;0.00;0;0;0
0;8;-0.01;0.02;0;0;1
0;8;0.00;0.00;0;0;0
0;8;0.01;0.02;0;-1;0
0;9;0.00;0.00;0;0;0
0;11;0.00;0.00;0;0;0
0;5;0.00;0.00;0;0;0
0;8;-0.01;0.02;0;0;1
0;8;0.00;0.00;0;0;0
0;9;0.00;0.00;0;0;0
0;8;0.00;0.00;0;0;0
0;8;0.00;0.00;0;0;0
0;8;0.00;0.00;0;0;0
0;10;-0.01;0.02;0;0;1
0;6;0.00;0.00;0;0;0
0;7;0.00;0.00;0;0;0
0;9;0.00;0.00;0;0;0
0;8;0.00;0.00;0;0;0
0;9;-0.01;0.02;0;0;1
0;8;0.00;0.00;0;0;0
0;8;0.00;0.00;0;0;0
0;9;0.00;0.00;0;0;0
0;11;0.00;0.00;0;0;0
0;5;0.00;0.00;0;0;0
0;8;0.00;0.00;0;0;0
0;10;-0.01;0.02;0;0;1
0;10;0.00;0.00;0;0;0
0;5;0.00;0.00;0;0;0
0;8;0.00;0.00;0;0;0
0;8;0.00;0.00;0;0;0
0;7;0.00;0.00;0;0;0
0;10;-0.01;0.02;0;0;1
0;8;0.00;0.00;0;0;0
0;11;0.00;0.00;0;0;0
0;8;0.00;0.00;0;0;0
0;5;0.00;0.00;0;0;0
0;9;0.00;0.00;0;0;0
0;9;0.00;0.00;0;0;0
0;7;-0.01;0.02;0;0;1
0;8;0.00;0.00;0;0;0
0;8;0.00;0.00;0;0;0
0;8;0.00;0.00;0;0;0
0;12;0.01;0.02;0;-1;0
0;5;0.00;0.00;0;0;0
0;8;-0.01;0.02;0;0;1
0;10;0.00;0.00;0;0;0
0;10;0.00;0.00;0;0;0
0;5;0.00;0.00;0;0;0
0;8;0.00;0.00;0;0;0
0;8;0.00;0.00;0;0;0
0;8;0.01;0.02;0;-1;0
0;8;-0.01;0.02;0;0;1
0;9;0.00;0.00;0;0;0
0;11;0.00;0.00;0;0;0
0;6;0.00;0.00;0;0;0
0;7;0.00;0.00;0;0;0
0;8;0.01;0.02;0;-1;0
0;9;-0.01;0.02;0;0;1
0;8;0.00;0.00;0;0;0
0;8;0.00;0.00;0;0;0
0;7;0.00;0.00;0;0;0
0;9;0.00;0.00;0;0;0
0;9;0.00;0.00;0;0;0
0;8;-0.01;0.02;0;0;1
0;7;0.01;0.02;0;-1;0
0;9;0.00;0.00;0;0;0
0;7;0.00;0.00;0;0;0
0;8;0.00;0.00;0;0;0
0;10;0.00;0.00;0;0;0
0;7;-0.01;0.02;0;0;1
0;9;0.00;0.00;0;0;0
0;8;0.00;0.00;0;0;0
0;8;0.00;0.00;0;0;0
0;9;0.00;0.00;0;0;0
0;9;0.00;0.00;0;0;0
0;7;0.00;0.00;0;0;0
0;8;-0.01;0.02;0;0;1
0;8;0.00;0.00;0;0;0
0;9;0.00;0.00;0;0;0
0;8;0.00;0.00;0;0;0
0;7;0.00;0.00;0;0;0
0;8;0.00;0.00;0;0;0
0;8;-0.01;0.02;0;0;1
0;12;0.00;0.00;0;0;0
0;6;0.00;0.00;0;0;0
0;8;0.00;0.00;0;0;0
0;9;0.00;0.00;0;0;0
0;7;0.00;0.00;0;0;0
0;9;-0.01;0.02;0;0;1
0;8;0.00;0.00;0;0;0
0;7;0.00;0.00;0;0;0
0;16;0.00;0.00;0;0;0
0;5;0.00;0.00;0;0;0
0;12;0.00;0.00;0;0;0
0;5;-0.01;0.02;0;0;1
0;8;0.00;0.00;0;0;0
0;8;0.00;0.00;0;0;0
0;9;0.00;0.00;0;0;0
0;8;0.00;0.00;0;0;0
0;8;0.00;0.00;0;0;0
0;8;0.00;0.00;0;0;0
0;9;0.00;0.00;0;0;0
0;7;0.00;0.00;0;0;0
0;8;0.00;0.00;0;0;0
0;9;0.00;0.00;0;0;0
0;7;0.00;0.00;0;0;0
0;11;0.00;0.00;0;0;0
0;6;0.00;0.00;0;0;0
0;8;0.00;0.00;0;0;0
0;10;0.00;0.00;0;0;0
0;7;0.00;0.00;0;0;0
0;8;0.00;0.00;0;0;0
0;8;0.00;0.00;0;0;0
0;7;0.00;0.04;0;-1;1
0;9;0.00;0.00;0;0;0
0;8;0.00;0.00;0;0;0
0;8;0.00;0.00;0;0;0
0;9;0.00;0.00;0;0;0
0;7;0.00;0.00;0;0;0
0;9;0.00;0.00;0;0;0
0;8;0.00;0.00;0;0;0
0;8;0.01;0.02;0;-1;0
0;8;0.00;0.00;0;0;0
0;10;0.00;0.00;0;0;0
0;8;0.00;0.00;0;0;0
0;8;0.00;0.00;0;0;0
0;8;0.00;0.00;0;0;0
0;11;0.00;0.00;0;0;0
0;5;0.01;0.02;0;-1;0
0;8;0.00;0.00;0;0;0
0;9;0.00;0.00;0;0;0
0;8;0.00;0.00;0;0;0
0;8;0.00;0.00;0;0;0
0;7;0.00;0.00;0;0;0
0;10;0.00;0.00;0;0;0
0;8;0.00;0.00;0;0;0
0;8;0.01;0.02;0;-1;0
0;7;0.00;0.00;0;0;0
0;9;0.00;0.00;0;0;0
0;8;0.00;0.00;0;0;0
0;9;0.00;0.00;0;0;0
0;7;0.00;0.00;0;0;0
0;11;0.00;0.00;0;0;0
0;7;0.00;0.00;0;0;0
0;7;0.01;0.02;0;-1;0
0;8;0.00;0.00;0;0;0
0;8;0.00;0.00;0;0;0
0;11;0.00;0.00;0;0;0
0;6;0.00;0.00;0;0;0
0;8;0.00;0.00;0;0;0
0;7;0.00;0.00;0;0;0
0;10;0.01;0.02;0;-1;0
0;7;0.00;0.00;0;0;0
0;8;0.00;0.00;0;0;0
0;9;0.00;0.00;0;0;0
0;8;0.00;0.00;0;0;0
0;9;0.00;0.00;0;0;0
0;7;0.00;0.00;0;0;0
0;10;0.01;0.02;0;-1;0
0;7;0.00;0.00;0;0;0
0;7;0.00;0.00;0;0;0
0;9;0.00;0.00;0;0;0
0;8;0.00;0.00;0;0;0
0;9;0.00;0.00;0;0;0
0;7;0.00;0.00;0;0;0
0;9;0.01;0.02;0;-1;0
0;9;0.00;0.00;0;0;0
0;10;0.00;0.00;0;0;0
0;9;0.00;0.00;0;0;0
0;5;0.00;0.00;0;0;0
0;8;0.00;0.00;0;0;0
0;11;0.00;0.00;0;0;0
0;7;0.00;0.00;0;0;0
0;7;0.00;0.00;0;0;0
0;8;0.00;0.00;0;0;0
0;10;0.00;0.00;0;0;0
0;10;0.00;0.00;0;0;0
0;5;0.00;0.00;0;0;0
0;7;0.00;0.00;0;0;0
0;12;0.00;0.00;0;0;0
0;5;0.00;0.00;0;0;0
0;8;0.00;0.00;0;0;0
0;8;0.00;0.00;0;0;0
0;9;-0.01;0.02;0;0;1
0;8;0.00;0.00;0;0;0
0;8;0.01;0.02;0;-1;0
0;7;0.00;0.00;0;0;0
0;9;0.00;0.00;0;0;0
0;11;0.00;0.00;0;0;0
0;6;0.00;0.00;0;0;0
0;7;0.00;0.00;0;0;0
0;9;-0.01;0.02;0;0;1
0;12;0.01;0.02;0;-1;0
0;5;0.00;0.00;0;0;0
0;8;0.00;0.00;0;0;0
0;9;0.00;0.00;0;0;0
0;7;0.00;0.00;0;0;0
0;9;-0.01;0.02;0;0;1
0;7;0.01;0.02;0;-1;0
0;8;0.00;0.00;0;0;0
0;9;0.00;0.00;0;0;0
0;8;0.00;0.00;0;0;0
0;7;0.00;0.00;0;0;0
0;10;0.00;0.00;0;0;0
0;8;0.00;0.04;0;-1;1
0;7;0.00;0.00;0;0;0
0;11;0.00;0.00;0;0;0
0;6;0.00;0.00;0;0;0
0;9;0.00;0.00;0;0;0
0;7;0.00;0.00;0;0;0
0;8;-0.01;0.02;0;0;1
0;8;0.00;0.00;0;0;0
0;11;0.01;0.02;0;-1;0
0;10;0.00;0.00;0;0;0
0;5;0.00;0.00;0;0;0
0;8;0.00;0.00;0;0;0
0;7;0.00;0.00;0;0;0
0;8;-0.01;0.02;0;0;1
0;9;0.00;0.00;0;0;0
0;8;0.00;0.00;0;0;0
0;10;0.00;0.00;0;0;0
0;7;0.00;0.00;0;0;0
0;8;-0.01;0.02;0;0;1
0;9;0.00;0.00;0;0;0
0;9;0.00;0.00;0;0;0
0;10;0.00;0.00;0;0;0
0;5;0.00;0.00;0;0;0
0;8;0.00;0.00;0;0;0
0;10;0.00;0.00;0;0;0
0;7;-0.01;0.02;0;0;1
0;7;0.00;0.00;0;0;0
0;8;0.00;0.00;0;0;0
0;9;0.00;0.00;0;0;0
0;8;0.00;0.00;0;0;0
0;8;0.00;0.00;0;0;0
0;8;0.00;0.00;0;0;0
0;12;-0.01;0.02;0;0;1
0;9;0.00;0.00;0;0;0
0;7;0.00;0.00;0;0;0
0;12;0.00;0.00;0;0;0
0;6;0.00;0.00;0;0;0
0;8;0.00;0.00;0;0;0
0;7;-0.01;0.02;0;0;1
0;8;0.00;0.00;0;0;0
0;10;0.00;0.00;0;0;0
0;8;0.00;0.00;0;0;0
0;7;0.00;0.00;0;0;0
0;12;0.00;0.00;0;0;0
0;8;-0.01;0.02;0;0;1
0;6;0.00;0.00;0;0;0
0;8;0.00;0.00;0;0;0
0;7;0.00;0.00;0;0;0
0;11;0.00;0.00;0;0;0
0;6;0.00;0.00;0;0;0
0;8;0.00;0.00;0;0;0
0;8;-0.01;0.02;0;0;1
0;8;0.00;0.00;0;0;0
0;8;0.00;0.00;0;0;0
0;8;0.00;0.00;0;0;0
0;9;0.00;0.00;0;0;0
0;8;0.00;0.00;0;0;0
0;8;0.00;0.00;0;0;0
0;9;-0.01;0.02;0;0;1
0;8;0.00;0.00;0;0;0
0;8;0.00;0.00;0;0;0
0;14;0.00;0.00;0;0;0
0;7;0.00;0.00;0;0;0
0;7;0.00;0.00;0;0;0
0;8;0.00;0.00;0;0;0
0;9;0.00;0.04;0;-1;1
0;8;0.00;0.00;0;0;0
0;8;0.00;0.00;0;0;0
0;10;0.00;0.00;0;0;0
0;7;0.00;0.00;0;0;0
0;7;0.00;0.00;0;0;0
0;10;0.00;0.00;0;0;0
0;7;0.00;0.04;0;-1;1
0;11;0.00;0.00;0;0;0
0;6;0.00;0.00;0;0;0
0;7;0.00;0.00;0;0;0
0;9;0.00;0.00;0;0;0
0;8;0.00;0.00;0;0;0
0;8;-0.01;0.02;0;0;1
0;8;0.00;0.00;0;0;0
0;9;0.01;0.02;0;-1;0
0;10;0.00;0.00;0;0;0
0;7;0.00;0.00;0;0;0
0;7;0.00;0.00;0;0;0
0;9;-0.01;0.02;0;0;1
0;11;0.00;0.00;0;0;0
0;6;0.00;0.00;0;0;0
0;8;0.00;0.00;0;0;0
0;8;0.00;0.00;0;0;0
0;8;0.00;0.00;0;0;0
0;8;-0.01;0.02;0;0;1
0;11;0.00;0.00;0;0;0
0;6;0.00;0.00;0;0;0
0;8;0.00;0.00;0;0;0
0;8;0.00;0.00;0;0;0
0;11;0.00;0.00;0;0;0
0;9;0.00;0.00;0;0;0
0;5;-0.01;0.02;0;0;1
0;10;0.00;0.00;0;0;0
0;7;0.00;0.00;0;0;0
0;8;0.00;0.00;0;0;0
0;7;0.00;0.00;0;0;0
0;8;0.00;0.00;0;0;0
0;8;0.00;0.00;0;0;0
0;8;-0.01;0.02;0;0;1
0;9;0.00;0.00;0;0;0
0;10;0.00;0.00;0;0;0
0;7;0.00;0.00;0;0;0
0;7;0.00;0.00;0;0;0
0;10;0.00;0.00;0;0;0
0;6;0.00;0.00;0;0;0
0;8;-0.01;0.02;0;0;1
0;9;0.00;0.00;0;0;0
0;9;0.00;0.00;0;0;0
0;8;0.00;0.00;0;0;0
0;8;0.00;0.00;0;0;0
0;7;0.00;0.00;0;0;0
0;9;0.00;0.00;0;0;0
0;8;-0.01;0.02;0;0;1
0;8;0.00;0.00;0;0;0
0;8;0.00;0.00;0;0;0
0;8;0.00;0.00;0;0;0
0;9;0.00;0.00;0;0;0
0;9;0.00;0.00;0;0;0
0;7;0.00;0.00;0;0;0
0;8;-0.01;0.02;0;0;1
0;12;0.00;0.00;0;0;0
0;5;0.00;0.00;0;0;0
0;9;0.00;0.00;0;0;0
0;8;0.00;0.00;0;0;0
0;7;0.00;0.00;0;0;0
0;8;0.00;0.00;0;0;0
0;11;-0.01;0.02;0;0;1
0;7;0.00;0.00;0;0;0
0;8;0.00;0.00;0;0;0
0;7;0.00;0.00;0;0;0
0;9;0.00;0.00;0;0;0
0;8;0.00;0.00;0;0;0
0;8;-0.01;0.02;0;0;1
0;8;0.00;0.00;0;0;0
0;10;0.00;0.00;0;0;0
0;7;0.00;0.00;0;0;0
0;7;0.00;0.00;0;0;0
0;8;0.00;0.00;0;0;0
0;12;0.00;0.00;0;0;0
0;9;-0.01;0.02;0;0;1
0;5;0.00;0.00;0;0;0
0;7;0.00;0.00;0;0;0
0;8;0.00;0.00;0;0;0
0;12;0.00;0.00;0;0;0
0;6;0.00;0.00;0;0;0
0;8;0.00;0.00;0;0;0
0;8;-0.01;0.02;0;0;1
0;7;0.00;0.00;0;0;0
0;10;0.00;0.00;0;0;0
0;8;0.00;0.00;0;0;0
0;8;0.00;0.00;0;0;0
0;7;0.00;0.00;0;0;0
0;8;0.00;0.00;0;0;0
0;9;-0.01;0.02;0;0;1
0;8;0.00;0.00;0;0;0
0;8;0.00;0.00;0;0;0
0;9;0.00;0.00;0;0;0
0;7;0.00;0.00;0;0;0
0;9;0.01;0.02;0;-1;0
0;8;0.00;0.00;0;0;0
0;12;-0.01;0.02;0;0;1
0;5;0.00;0.00;0;0;0
0;7;0.00;0.00;0;0;0
0;10;0.00;0.00;0;0;0
0;8;0.00;0.00;0;0;0
0;7;0.01;0.02;0;-1;0
0;8;0.00;0.00;0;0;0
0;8;-0.01;0.02;0;0;1
0;8;0.00;0.00;0;0;0
0;10;0.00;0.00;0;0;0
0;7;0.00;0.00;0;0;0
0;11;0.01;0.02;0;-1;0
0;6;0.00;0.00;0;0;0
0;10;-0.01;0.02;0;0;1
0;7;0.00;0.00;0;0;0
0;8;0.00;0.00;0;0;0
0;8;0.00;0.00;0;0;0
0;8;0.00;0.00;0;0;0
0;7;0.00;0.00;0;0;0
0;10;0.00;0.00;0;0;0
0;8;-0.01;0.02;0;0;1
0;7;0.00;0.00;0;0;0
0;8;0.00;0.00;0;0;0
0;10;0.00;0.00;0;0;0
0;8;0.00;0.00;0;0;0
0;7;0.00;0.00;0;0;0
0;8;0.00;0.00;0;0;0
0;11;-0.01;0.02;0;0;1
0;6;0.00;0.00;0;0;0
0;7;0.00;0.00;0;0;0
0;9;0.00;0.00;0;0;0
0;9;0.00;0.00;0;0;0
0;7;0.00;0.00;0;0;0
0;8;0.00;0.00;0;0;0
0;8;-0.01;0.02;0;0;1
0;9;0.00;0.00;0;0;0
0;8;0.00;0.00;0;0;0
0;9;0.00;0.00;0;0;0
0;8;0.00;0.00;0;0;0
0;8;0.00;0.00;0;0;0
0;8;0.00;0.00;0;0;0
0;9;-0.01;0.02;0;0;1
0;9;0.00;0.00;0;0;0
0;7;0.00;0.00;0;0;0
0;10;0.00;0.00;0;0;0
0;7;0.00;0.00;0;0;0
0;7;0.00;0.00;0;0;0
0;8;0.00;0.00;0;0;0
0;11;-0.01;0.02;0;0;1
0;9;0.00;0.00;0;0;0
0;6;0.00;0.00;0;0;0
0;7;0.00;0.00;0;0;0
0;12;0.00;0.00;0;0;0
0;8;0.00;0.00;0;0;0
0;5;0.00;0.00;0;0;0
0;7;-0.01;0.02;0;0;1
0;10;0.00;0.00;0;0;0
0;8;0.00;0.00;0;0;0
0;7;0.00;0.00;0;0;0
0;8;0.00;0.00;0;0;0
0;12;0.00;0.00;0;0;0
0;6;0.00;0.00;0;0;0
0;8;0.00;0.00;0;0;0
0;7;-0.01;0.02;0;0;1
0;8;0.00;0.00;0;0;0
0;8;0.00;0.00;0;0;0
0;9;0.00;0.00;0;0;0
0;8;0.00;0.00;0;0;0
0;9;0.00;0.00;0;0;0
0;10;0.00;0.00;0;0;0
0;6;-0.01;0.02;0;0;1
0;9;0.00;0.00;0;0;0
0;8;0.00;0.00;0;0;0
0;7;0.01;0.02;0;-1;0
0;8;0.00;0.00;0;0;0
0;8;0.00;0.00;0;0;0
0;9;0.00;0.00;0;0;0
0;8;-0.01;0.02;0;0;1
0;8;0.00;0.00;0;0;0
0;9;0.00;0.00;0;0;0
0;8;0.00;0.00;0;0;0
0;7;0.00;0.00;0;0;0
0;10;0.00;0.00;0;0;0
0;7;0.00;0.00;0;0;0
0;8;0.01;0.02;0;-1;0
0;8;-0.01;0.02;0;0;1
0;9;0.00;0.00;0;0;0
0;9;0.00;0.00;0;0;0
0;7;0.00;0.00;0;0;0
0;8;0.00;0.00;0;0;0
0;11;0.00;0.00;0;0;0
0;6;0.00;0.00;0;0;0
0;10;0.00;0.00;0;0;0
0;11;-0.01;0.02;0;0;1
0;8;0.00;0.00;0;0;0
0;8;0.00;0.00;0;0;0
0;7;0.00;0.00;0;0;0
0;9;0.00;0.00;0;0;0
0;9;0.00;0.00;0;0;0
0;7;-0.01;0.02;0;0;1
0;8;0.00;0.00;0;0;0
0;11;0.00;0.00;0;0;0
0;7;0.00;0.00;0;0;0
0;7;0.00;0.00;0;0;0
0;8;0.00;0.00;0;0;0
0;9;0.00;0.00;0;0;0
0;8;-0.01;0.02;0;0;1
0;8;0.00;0.00;0;0;0
0;9;0.00;0.00;0;0;0
0;8;0.00;0.00;0;0;0
0;7;0.00;0.00;0;0;0
0;8;0.00;0.00;0;0;0
0;12;0.00;0.00;0;0;0
0;6;-0.01;0.02;0;0;1
0;7;0.00;0.00;0;0;0
0;8;0.00;0.00;0;0;0
0;8;0.00;0.00;0;0;0
0;9;0.00;0.00;0;0;0
0;12;0.00;0.00;0;0;0
0;5;0.00;0.00;0;0;0
0;10;-0.01;0.02;0;0;1
0;9;0.00;0.00;0;0;0
0;5;0.00;0.00;0;0;0
0;8;0.00;0.00;0;0;0
0;11;0.00;0.00;0;0;0
0;9;0.00;0.00;0;0;0
0;5;0.00;0.00;0;0;0
0;8;0.00;0.00;0;0;0
0;12;-0.01;0.02;0;0;1
0;8;0.00;0.00;0;0;0
0;8;0.00;0.00;0;0;0
0;9;0.00;0.00;0;0;0
0;8;0.00;0.00;0;0;0
0;8;0.00;0.00;0;0;0
0;8;0.00;0.00;0;0;0
0;8;-0.01;0.02;0;0;1
0;8;0.00;0.00;0;0;0
0;8;0.00;0.00;0;0;0
0;9;0.00;0.00;0;0;0
0;8;0.00;0.00;0;0;0
0;8;0.00;0.00;0;0;0
0;11;0.00;0.00;0;0;0
0;6;0.00;0.04;0;-1;1
0;9;0.00;0.00;0;0;0
0;7;0.00;0.00;0;0;0
0;9;0.00;0.00;0;0;0
0;11;0.00;0.00;0;0;0
0;5;0.00;0.00;0;0;0
0;8;0.00;0.00;0;0;0
0;10;-0.01;0.02;0;0;1
0;10;0.00;0.00;0;0;0
0;5;0.01;0.02;0;-1;0
0;7;0.00;0.00;0;0;0
0;10;0.00;0.00;0;0;0
0;7;0.00;0.00;0;0;0
0;8;0.00;0.00;0;0;0
0;8;0.00;0.00;0;0;0
0;8;0.01;0.02;0;-1;0
0;9;-0.01;0.02;0;0;1
0;8;0.00;0.00;0;0;0
0;8;0.00;0.00;0;0;0
0;11;0.00;0.00;0;0;0
0;8;0.00;0.00;0;0;0
0;6;0.00;0.00;0;0;0
0;8;0.01;0.02;0;-1;0
0;9;-0.01;0.02;0;0;1
0;8;0.00;0.00;0;0;0
0;7;0.00;0.00;0;0;0
0;8;0.00;0.00;0;0;0
0;10;0.00;0.00;0;0;0
0;7;0.00;0.00;0;0;0
0;8;0.00;0.00;0;0;0
0;11;-0.01;0.02;0;0;1
0;9;0.00;0.00;0;0;0
0;6;0.00;0.00;0;0;0
0;7;0.00;0.00;0;0;0
0;12;0.00;0.00;0;0;0
0;5;0.00;0.00;0;0;0
0;8;-0.01;0.02;0;0;1
0;7;0.00;0.00;0;0;0
0;11;0.00;0.00;0;0;0
0;9;0.00;0.00;0;0;0
0;5;0.00;0.00;0;0;0
0;8;0.00;0.00;0;0;0
0;8;-0.01;0.02;0;0;1
0;9;0.00;0.00;0;0;0
0;8;0.00;0.00;0;0;0
0;8;0.00;0.00;0;0;0
0;8;0.00;0.00;0;0;0
0;8;0.00;0.00;0;0;0
0;9;0.00;0.00;0;0;0
0;9;-0.01;0.02;0;0;1
0;7;0.00;0.00;0;0;0
0;8;0.00;0.00;0;0;0
0;9;0.00;0.00;0;0;0
0;11;0.00;0.00;0;0;0
0;6;0.00;0.00;0;0;0
0;7;0.00;0.00;0;0;0
0;8;-0.01;0.02;0;0;1
0;8;0.00;0.00;0;0;0
0;9;0.00;0.00;0;0;0
0;8;0.00;0.00;0;0;0
0;9;0.00;0.00;0;0;0
0;7;0.00;0.00;0;0;0
0;8;-0.01;0.02;0;0;1
0;8;0.00;0.00;0;0;0
0;12;0.00;0.00;0;0;0
0;7;0.00;0.00;0;0;0
0;7;0.00;0.00;0;0;0
0;10;0.00;0.00;0;0;0
0;6;-0.01;0.02;0;0;1
0;9;0.00;0.00;0;0;0
0;7;0.00;0.00;0;0;0
0;11;0.00;0.00;0;0;0
0;6;0.00;0.00;0;0;0
0;7;0.00;0.00;0;0;0
0;9;0.00;0.00;0;0;0
0;8;-0.01;0.02;0;0;1
0;9;0.00;0.00;0;0;0
0;7;0.00;0.00;0;0;0
0;8;0.00;0.00;0;0;0
0;12;0.00;0.00;0;0;0
0;6;0.00;0.00;0;0;0
0;7;0.00;0.00;0;0;0
0;9;-0.01;0.02;0;0;1
0;7;0.00;0.00;0;0;0
0;10;0.00;0.00;0;0;0
0;7;0.00;0.00;0;0;0
0;8;0.00;0.00;0;0;0
0;8;0.00;0.00;0;0;0
0;8;-0.01;0.02;0;0;1
0;8;0.00;0.00;0;0;0
0;9;0.00;0.00;0;0;0
0;8;0.00;0.00;0;0;0
0;8;0.00;0.00;0;0;0
0;9;0.00;0.00;0;0;0
0;18;-0.01;0.02;0;0;1
0;7;0.00;0.00;0;0;0
0;9;0.00;0.00;0;0;0
0;7;0.00;0.00;0;0;0
0;7;0.00;0.00;0;0;0
0;9;0.00;0.00;0;0;0
0;8;-0.01;0.02;0;0;1
0;8;0.00;0.00;0;0;0
0;8;0.00;0.00;0;0;0
0;8;0.00;0.00;0;0;0
0;9;0.00;0.00;0;0;0
0;8;0.00;0.00;0;0;0
0;8;-0.01;0.02;0;0;1
0;8;0.00;0.00;0;0;0
0;9;0.00;0.00;0;0;0
0;9;0.00;0.00;0;0;0
0;7;0.00;0.00;0;0;0
0;8;0.00;0.00;0;0;0
0;8;-0.01;0.02;0;0;1
0;8;0.00;0.00;0;0;0
0;8;0.00;0.00;0;0;0
0;9;0.00;0.00;0;0;0
0;8;0.00;0.00;0;0;0
0;8;0.00;0.00;0;0;0
0;8;-0.01;0.02;0;0;1
0;8;0.00;0.00;0;0;0
0;9;0.00;0.00;0;0;0
0;8;0.00;0.00;0;0;0
0;8;0.00;0.00;0;0;0
0;8;0.00;0.00;0;0;0
0;8;-0.01;0.02;0;0;1
0;9;0.00;0.00;0;0;0
0;8;0.00;0.00;0;0;0
0;8;0.00;0.00;0;0;0
0;8;0.00;0.00;0;0;0
0;8;0.00;0.00;0;0;0
0;9;-0.01;0.02;0;0;1
0;8;0.00;0.00;0;0;0
0;11;0.00;0.00;0;0;0
0;6;0.00;0.00;0;0;0
0;7;0.00;0.00;0;0;0
0;12;0.00;0.00;0;0;0
0;6;-0.01;0.02;0;0;1
0;8;0.01;0.02;0;-1;0
0;7;0.00;0.00;0;0;0
0;8;0.00;0.00;0;0;0
0;8;0.00;0.00;0;0;0
0;9;0.00;0.00;0;0;0
0;8;0.00;0.00;0;0;0
0;8;-0.01;0.02;0;0;1
0;8;0.00;0.00;0;0;0
0;8;0.00;0.00;0;0;0
0;9;0.00;0.00;0;0;0
0;8;0.00;0.00;0;0;0
0;8;0.00;0.00;0;0;0
0;8;0.00;0.04;0;-1;1
0;10;0.00;0.00;0;0;0
0;8;0.00;0.00;0;0;0
0;11;0.00;0.00;0;0;0
0;5;0.00;0.00;0;0;0
0;7;-0.01;0.02;0;0;1
0;8;0.00;0.00;0;0;0
0;10;0.00;0.00;0;0;0
0;8;0.00;0.00;0;0;0
0;8;0.00;0.00;0;0;0
0;7;0.00;0.00;0;0;0
0;11;-0.01;0.02;0;0;1
0;6;0.00;0.00;0;0;0
0;10;0.00;0.00;0;0;0
0;6;0.00;0.00;0;0;0
0;11;0.00;0.00;0;0;0
0;6;0.00;0.00;0;0;0
0;7;-0.01;0.02;0;0;1
0;9;0.00;0.00;0;0;0
0;8;0.00;0.00;0;0;0
0;8;0.00;0.00;0;0;0
0;8;0.00;0.00;0;0;0
0;8;0.00;0.00;0;0;0
0;11;-0.01;0.02;0;0;1
0;7;0.00;0.00;0;0;0
0;7;0.00;0.00;0;0;0
0;9;0.00;0.00;0;0;0
0;10;0.00;0.00;0;0;0
0;7;0.00;0.00;0;0;0
0;7;-0.01;0.02;0;0;1
0;8;0.00;0.00;0;0;0
0;9;0.00;0.00;0;0;0
0;8;0.00;0.00;0;0;0
0;8;0.00;0.00;0;0;0
0;8;0.00;0.00;0;0;0
0;9;-0.01;0.02;0;0;1
0;8;0.00;0.00;0;0;0
0;7;0.00;0.00;0;0;0
0;9;0.00;0.00;0;0;0
0;8;0.00;0.00;0;0;0
0;8;0.00;0.00;0;0;0
0;11;-0.01;0.02;0;0;1
0;7;0.00;0.00;0;0;0
0;6;0.00;0.00;0;0;0
0;12;0.00;0.00;0;0;0
0;6;0.00;0.00;0;0;0
0;7;0.00;0.00;0;0;0
0;8;0.00;0.00;0;0;0
0;9;-0.01;0.02;0;0;1
0;9;0.02;0.00;1;0;0
0;7;0.00;0.00;0;0;0
0;8;0.00;0.00;0;0;0
0;9;0.00;0.00;0;0;0
0;8;0.00;0.00;0;0;0
0;9;-0.01;0.02;0;0;1
0;7;0.00;0.00;0;0;0
0;8;0.00;0.00;0;0;0
0;8;0.00;0.00;0;0;0
0;8;0.00;0.00;0;0;0
0;8;0.00;0.00;0;0;0
0;9;-0.01;0.02;0;0;1
0;8;0.00;0.00;0;0;0
0;8;0.00;0.00;0;0;0
0;8;0.00;0.00;0;0;0
0;12;0.00;0.00;0;0;0
0;6;0.00;0.00;0;0;0
0;7;0.00;0.00;0;0;0
0;8;-0.01;0.02;0;0;1
0;9;0.00;0.00;0;0;0
0;10;0.00;0.00;0;0;0
0;6;0.00;0.00;0;0;0
0;8;0.00;0.00;0;0;0
0;9;0.00;0.00;0;0;0
0;10;-0.01;0.02;0;0;1
0;5;0.00;0.00;0;0;0
0;9;0.00;0.00;0;0;0
0;8;0.00;0.00;0;0;0
0;8;0.00;0.00;0;0;0
0;8;0.00;0.00;0;0;0
0;8;0.00;0.00;0;0;0
0;10;-0.01;0.02;0;0;1
0;7;0.00;0.00;0;0;0
0;8;0.00;0.00;0;0;0
0;8;0.00;0.00;0;0;0
0;9;0.00;0.00;0;0;0
0;7;0.00;0.00;0;0;0
0;9;0.00;0.00;0;0;0
0;8;-0.01;0.02;0;0;1
0;8;0.00;0.00;0;0;0
0;8;0.00;0.00;0;0;0
0;9;0.00;0.00;0;0;0
0;9;0.00;0.00;0;0;0
0;12;0.00;0.00;0;0;0
0;8;-0.01;0.02;0;0;1
0;10;0.00;0.00;0;0;0
0;7;0.00;0.00;0;0;0
0;7;0.00;0.00;0;0;0
0;8;0.00;0.00;0;0;0
0;9;0.00;0.00;0;0;0
0;7;-0.01;0.02;0;0;1
0;8;0.00;0.00;0;0;0
0;9;0.00;0.00;0;0;0
0;8;0.00;0.00;0;0;0
0;8;0.00;0.00;0;0;0
0;8;0.00;0.00;0;0;0
0;8;0.00;0.00;0;0;0
0;9;-0.01;0.02;0;0;1
0;8;0.00;0.00;0;0;0
0;9;0.00;0.00;0;0;0
0;8;0.00;0.00;0;0;0
0;7;0.00;0.00;0;0;0
0;9;0.00;0.00;0;0;0
0;8;-0.01;0.02;0;0;1
0;9;0.00;0.00;0;0;0
0;7;0.00;0.00;0;0;0
0;8;0.00;0.00;0;0;0
0;9;0.00;0.00;0;0;0
0;8;0.00;0.00;0;0;0
0;8;0.00;0.00;0;0;0
0;8;-0.01;0.02;0;0;1
0;12;0.00;0.00;0;0;0
0;8;0.00;0.00;0;0;0
0;6;0.00;0.00;0;0;0
0;7;0.00;0.00;0;0;0
0;10;0.00;0.00;0;0;0
0;7;0.00;0.00;0;0;0
0;7;-0.01;0.02;0;0;1
0;9;0.00;0.00;0;0;0
0;8;0.00;0.00;0;0;0
0;8;0.00;0.00;0;0;0
0;8;0.00;0.00;0;0;0
0;8;0.00;0.00;0;0;0
0;9;0.00;0.00;0;0;0
0;11;-0.01;0.02;0;0;1
0;5;0.00;0.00;0;0;0
0;8;0.00;0.00;0;0;0
0;8;0.00;0.00;0;0;0
0;9;0.00;0.00;0;0;0
0;8;0.00;0.00;0;0;0
0;9;0.00;0.00;0;0;0
0;7;-0.01;0.02;0;0;1
0;8;0.00;0.00;0;0;0
0;10;0.00;0.00;0;0;0
0;8;0.00;0.00;0;0;0
0;7;0.00;0.00;0;0;0
0;9;0.00;0.00;0;0;0
0;8;-0.01;0.02;0;0;1
0;9;0.00;0.00;0;0;0
0;7;0.00;0.00;0;0;0
0;9;0.00;0.00;0;0;0
0;10;0.00;0.00;0;0;0
0;6;0.00;0.00;0;0;0
0;7;0.00;0.00;0;0;0
0;9;-0.01;0.02;0;0;1
0;9;0.00;0.00;0;0;0
0;7;0.00;0.00;0;0;0
0;8;0.00;0.00;0;0;0
0;9;0.00;0.00;0;0;0
0;9;0.00;0.00;0;0;0
0;8;0.00;0.00;0;0;0
0;7;-0.01;0.02;0;0;1
0;8;0.00;0.00;0;0;0
0;9;0.00;0.00;0;0;0
0;8;0.00;0.00;0;0;0
0;8;0.00;0.00;0;0;0
0;9;0.00;0.00;0;0;0
0;7;0.00;0.00;0;0;0
0;8;-0.01;0.02;0;0;1
0;9;0.00;0.00;0;0;0
0;10;0.00;0.00;0;0;0
0;7;0.00;0.00;0;0;0
0;7;0.00;0.00;0;0;0
0;8;0.00;0.00;0;0;0
0;8;0.00;0.00;0;0;0
0;12;-0.01;0.02;0;0;1
0;5;0.00;0.00;0;0;0
0;8;0.00;0.00;0;0;0
0;10;0.00;0.00;0;0;0
0;11;0.00;0.00;0;0;0
0;4;0.00;0.00;0;0;0
0;8;0.00;0.00;0;0;0
0;8;-0.01;0.02;0;0;1
0;8;0.00;0.00;0;0;0
0;8;0.00;0.00;0;0;0
0;9;0.00;0.00;0;0;0
0;9;0.00;0.00;0;0;0
0;7;0.00;0.00;0;0;0
0;9;0.00;0.00;0;0;0
0;7;-0.01;0.02;0;0;1
0;9;0.00;0.00;0;0;0
0;11;0.00;0.00;0;0;0
0;6;0.00;0.00;0;0;0
0;7;0.00;0.00;0;0;0
0;8;0.00;0.00;0;0;0
0;9;-0.01;0.02;0;0;1
0;8;0.00;0.00;0;0;0
0;8;0.00;0.00;0;0;0
0;8;0.00;0.00;0;0;0
0;10;0.00;0.00;0;0;0
0;10;0.00;0.00;0;0;0
0;5;0.00;0.00;0;0;0
0;8;0.00;0.00;0;0;0
0;10;-0.01;0.02;0;0;1
0;6;0.00;0.00;0;0;0
0;8;0.00;0.00;0;0;0
0;9;0.00;0.00;0;0;0
0;9;0.00;0.00;0;0;0
0;10;0.00;0.00;0;0;0
0;5;0.00;0.00;0;0;0
0;8;-0.01;0.02;0;0;1
0;12;0.00;0.00;0;0;0
0;9;0.00;0.00;0;0;0
0;4;0.00;0.00;0;0;0
0;8;0.00;0.00;0;0;0
0;9;0.00;0.00;0;0;0
0;11;-0.01;0.02;0;0;1
0;5;0.00;0.00;0;0;0
0;8;0.00;0.00;0;0;0
0;8;0.00;0.00;0;0;0
0;11;0.00;0.00;0;0;0
0;6;0.00;0.00;0;0;0
0;8;0.00;0.00;0;0;0
0;11;-0.01;0.02;0;0;1
0;8;0.00;0.00;0;0;0
0;5;0.00;0.00;0;0;0
0;8;0.00;0.00;0;0;0
0;10;0.00;0.00;0;0;0
0;10;0.00;0.00;0;0;0
0;5;0.00;0.00;0;0;0
0;8;-0.01;0.02;0;0;1
0;8;0.00;0.00;0;0;0
0;9;0.00;0.00;0;0;0
0;8;0.00;0.00;0;0;0
0;8;0.00;0.00;0;0;0
0;8;0.00;0.00;0;0;0
0;8;0.00;0.00;0;0;0
0;10;-0.01;0.02;0;0;1
0;7;0.00;0.00;0;0;0
0;11;0.00;0.00;0;0;0
0;8;0.00;0.00;0;0;0
0;9;0.00;0.00;0;0;0
0;9;0.00;0.00;0;0;0
0;8;0.00;0.00;0;0;0
0;8;-0.01;0.02;0;0;1
0;11;0.00;0.00;0;0;0
0;5;0.00;0.00;0;0;0
0;9;0.00;0.00;0;0;0
0;11;0.00;0.00;0;0;0
0;6;0.00;0.00;0;0;0
0;7;0.00;0.00;0;0;0
0;8;-0.01;0.02;0;0;1
0;9;0.00;0.00;0;0;0
0;8;0.00;0.00;0;0;0
0;8;0.00;0.00;0;0;0
0;8;0.00;0.00;0;0;0
0;11;0.00;0.00;0;0;0
0;6;0.00;0.00;0;0;0
0;8;-0.01;0.02;0;0;1
0;8;0.00;0.00;0;0;0
0;8;0.00;0.00;0;0;0
0;8;0.00;0.00;0;0;0
0;8;0.00;0.00;0;0;0
0;11;0.00;0.00;0;0;0
0;9;0.00;0.00;0;0;0
0;5;-0.01;0.02;0;0;1
0;8;0.00;0.00;0;0;0
0;8;0.00;0.00;0;0;0
0;9;0.00;0.00;0;0;0
0;8;0.00;0.00;0;0;0
0;8;0.00;0.00;0;0;0
0;10;0.00;0.00;0;0;0
0;9;-0.01;0.02;0;0;1
0;6;0.00;0.00;0;0;0
0;8;0.00;0.00;0;0;0
0;9;0.00;0.00;0;0;0
0;7;0.00;0.00;0;0;0
0;8;0.00;0.00;0;0;0
0;9;0.00;0.00;0;0;0
0;11;-0.01;0.02;0;0;1
0;8;0.00;0.00;0;0;0
0;5;0.00;0.00;0;0;0
0;8;0.00;0.00;0;0;0
0;9;0.00;0.00;0;0;0
0;8;0.00;0.00;0;0;0
0;11;-0.01;0.02;0;0;1
0;6;0.00;0.00;0;0;0
0;7;0.00;0.00;0;0;0
0;8;0.00;0.00;0;0;0
0;9;0.00;0.00;0;0;0
0;9;-0.02;0.00;-1;0;0
0;7;0.00;0.00;0;0;0
0;11;0.00;0.00;0;0;0
0;8;-0.01;0.02;0;0;1
0;6;0.00;0.00;0;0;0
0;8;0.00;0.00;0;0;0
0;11;0.00;0.00;0;0;0
0;8;0.00;0.00;0;0;0
0;5;-0.02;0.00;-1;0;0
0;9;0.00;0.00;0;0;0
0;11;-0.01;0.02;0;0;1
0;6;0.00;0.00;0;0;0
0;7;0.00;0.00;0;0;0
0;8;0.00;0.00;0;0;0
0;11;-0.02;0.00;-1;0;0
0;10;0.00;0.00;0;0;0
0;7;0.00;0.00;0;0;0
0;5;-0.01;0.02;0;0;1
0;11;0.00;0.00;0;0;0
0;5;0.00;0.00;0;0;0
0;9;0.00;0.00;0;0;0
0;8;0.00;0.00;0;0;0
0;9;-0.02;0.00;-1;0;0
0;7;0.00;0.00;0;0;0
0;8;-0.01;0.02;0;0;1
0;9;0.00;0.00;0;0;0
0;10;0.00;0.00;0;0;0
0;10;0.00;0.00;0;0;0
0;4;0.00;0.00;0;0;0
0;10;-0.02;0.00;-1;0;0
0;9;-0.01;0.02;0;0;1
0;6;0.00;0.00;0;0;0
0;8;0.00;0.00;0;0;0
0;8;0.00;0.00;0;0;0
0;9;0.00;0.00;0;0;0
0;8;0.00;0.00;0;0;0
0;8;-0.02;0.00;-1;0;0
0;8;-0.01;0.02;0;0;1
0;8;0.00;0.00;0;0;0
0;10;0.00;0.00;0;0;0
0;7;0.00;0.00;0;0;0
0;8;0.00;0.00;0;0;0
0;10;0.00;0.00;0;0;0
0;8;-0.01;0.02;0;0;1
0;10;0.00;0.00;0;0;0
0;6;0.00;0.00;0;0;0
0;7;0.00;0.00;0;0;0
0;11;0.00;0.00;0;0;0
0;8;0.00;0.00;0;0;0
0;5;-0.01;0.02;0;0;1
0;8;0.00;0.00;0;0;0
0;12;0.00;0.00;0;0;0
0;6;0.00;0.00;0;0;0
0;7;0.00;0.00;0;0;0
0;8;0.00;0.00;0;0;0
0;8;0.00;0.00;0;0;0
0;9;-0.01;0.02;0;0;1
0;8;0.00;0.00;0;0;0
0;8;0.00;0.00;0;0;0
0;10;0.00;0.00;0;0;0
0;7;0.00;0.00;0;0;0
0;8;-0.02;0.00;-1;0;0
0;8;0.00;0.00;0;0;0
0;11;-0.01;0.02;0;0;1
0;8;0.00;0.00;0;0;0
0;5;0.00;0.00;0;0;0
0;9;0.00;0.00;0;0;0
0;11;0.00;0.00;0;0;0
0;5;0.00;0.00;0;0;0
0;8;-0.01;0.02;0;0;1
0;8;0.00;0.00;0;0;0
0;12;0.00;0.00;0;0;0
0;5;0.00;0.00;0;0;0
0;8;0.00;0.00;0;0;0
0;8;0.00;0.00;0;0;0
0;9;0.00;0.00;0;0;0
0;11;-0.01;0.02;0;0;1
0;5;0.00;0.00;0;0;0
0;9;0.00;0.00;0;0;0
0;10;0.00;0.00;0;0;0
0;8;0.00;0.00;0;0;0
0;5;0.00;0.00;0;0;0
0;9;0.00;0.00;0;0;0
0;8;0.00;0.00;0;0;0
0;9;-0.04;0.02;-1;0;1
0;7;0.00;0.00;0;0;0
0;8;0.00;0.00;0;0;0
0;10;0.00;0.00;0;0;0
0;7;0.00;0.00;0;0;0
0;8;0.00;0.00;0;0;0
0;8;-0.01;0.02;0;0;1
0;8;0.00;0.00;0;0;0
0;15;0.00;0.00;0;0;0
0;8;0.00;0.00;0;0;0
0;8;0.00;0.00;0;0;0
0;12;-0.01;0.02;0;0;1
0;6;0.00;0.00;0;0;0
0;9;0.00;0.00;0;0;0
0;8;0.00;0.00;0;0;0
0;11;0.00;0.00;0;0;0
0;6;0.00;0.00;0;0;0
0;7;0.00;0.00;0;0;0
0;9;-0.01;0.02;0;0;1
0;8;0.00;0.00;0;0;0
0;11;0.00;0.00;0;0;0
0;5;0.00;0.00;0;0;0
0;8;0.00;0.00;0;0;0
0;9;0.00;0.00;0;0;0
0;8;0.00;0.00;0;0;0
0;10;-0.01;0.02;0;0;1
0;6;0.00;0.00;0;0;0
0;9;0.00;0.00;0;0;0
0;11;0.00;0.00;0;0;0
0;5;0.00;0.00;0;0;0
0;8;0.00;0.00;0;0;0
0;8;-0.01;0.02;0;0;1
0;10;0.00;0.00;0;0;0
0;7;0.00;0.00;0;0;0
0;8;0.00;0.00;0;0;0
0;10;0.00;0.00;0;0;0
0;8;-0.02;0.00;-1;0;0
0;7;0.00;0.00;0;0;0
0;7;-0.01;0.02;0;0;1
0;11;0.00;0.00;0;0;0
0;8;0.00;0.00;0;0;0
0;6;0.00;0.00;0;0;0
0;8;0.00;0.00;0;0;0
0;8;0.00;0.00;0;0;0
0;9;-0.01;0.02;0;0;1
0;8;0.00;0.00;0;0;0
0;11;0.00;0.00;0;0;0
0;6;0.00;0.00;0;0;0
0;7;0.00;0.00;0;0;0
0;9;0.00;0.00;0;0;0
0;11;-0.01;0.02;0;0;1
0;6;0.00;0.00;0;0;0
0;7;0.00;0.00;0;0;0
0;8;0.00;0.00;0;0;0
0;9;0.00;0.00;0;0;0
0;8;0.00;0.00;0;0;0
0;9;0.00;0.00;0;0;0
0;7;-0.01;0.02;0;0;1
0;8;0.00;0.00;0;0;0
0;8;0.00;0.00;0;0;0
0;10;0.00;0.00;0;0;0
0;7;0.00;0.00;0;0;0
0;8;0.00;0.00;0;0;0
0;8;-0.01;0.02;0;0;1
0;8;0.00;0.00;0;0;0
0;12;0.00;0.00;0;0;0
0;5;0.00;0.00;0;0;0
0;8;0.00;0.00;0;0;0
0;11;-0.01;0.02;0;0;1
0;5;0.00;0.00;0;0;0
0;9;0.00;0.00;0;0;0
0;8;0.00;0.00;0;0;0
0;8;0.00;0.00;0;0;0
0;8;0.00;0.00;0;0;0
0;8;0.00;0.00;0;0;0
0;9;-0.01;0.02;0;0;1
0;8;0.00;0.00;0;0;0
0;8;0.00;0.00;0;0;0
0;8;0.00;0.00;0;0;0
0;8;0.00;0.00;0;0;0
0;12;-0.01;0.02;0;0;1
0;6;0.00;0.00;0;0;0
0;7;0.00;0.00;0;0;0
0;8;0.00;0.00;0;0;0
0;8;0.00;0.00;0;0;0
0;10;0.00;0.00;0;0;0
0;7;0.00;0.00;0;0;0
0;11;-0.01;0.02;0;0;1
0;8;0.00;0.00;0;0;0
0;5;0.00;0.00;0;0;0
0;8;0.00;0.00;0;0;0
0;12;0.00;0.00;0;0;0
0;9;-0.01;0.02;0;0;1
0;8;0.00;0.00;0;0;0
0;8;0.00;0.00;0;0;0
0;9;0.00;0.00;0;0;0
0;11;0.00;0.00;0;0;0
0;5;0.00;0.00;0;0;0
0;8;0.00;0.00;0;0;0
0;11;-0.01;0.02;0;0;1
0;6;0.00;0.00;0;0;0
0;8;0.00;0.00;0;0;0
0;8;0.00;0.00;0;0;0
0;8;0.00;0.00;0;0;0
0;8;0.00;0.00;0;0;0
0;8;-0.01;0.02;0;0;1
0;9;0.00;0.00;0;0;0
0;8;0.00;0.00;0;0;0
0;11;0.00;0.00;0;0;0
0;8;0.00;0.00;0;0;0
0;5;0.00;0.00;0;0;0
0;9;-0.01;0.02;0;0;1
0;8;0.00;0.00;0;0;0
0;11;0.00;0.00;0;0;0
0;5;0.00;0.00;0;0;0
0;8;0.00;0.00;0;0;0
0;12;0.00;0.00;0;0;0
0;8;-0.01;0.02;0;0;1
0;8;0.00;0.00;0;0;0
0;5;0.00;0.00;0;0;0
0;8;0.00;0.00;0;0;0
0;8;0.00;0.00;0;0;0
0;9;0.00;0.00;0;0;0
0;8;0.00;0.00;0;0;0
0;11;-0.01;0.02;0;0;1
0;8;0.00;0.00;0;0;0
0;5;0.00;0.00;0;0;0
0;9;0.00;0.00;0;0;0
0;10;0.00;0.00;0;0;0
0;6;0.00;0.00;0;0;0
0;8;-0.01;0.02;0;0;1
0;8;0.00;0.00;0;0;0
0;10;0.00;0.00;0;0;0
0;10;0.00;0.00;0;0;0
0;5;0.00;0.00;0;0;0
0;8;0.00;0.00;0;0;0
0;11;-0.01;0.02;0;0;1
0;6;0.00;0.00;0;0;0
0;8;0.00;0.00;0;0;0
0;8;0.00;0.00;0;0;0
0;8;0.00;0.00;0;0;0
0;9;0.00;0.00;0;0;0
0;8;-0.01;0.02;0;0;1
0;8;0.00;0.00;0;0;0
0;9;0.00;0.00;0;0;0
0;9;0.00;0.00;0;0;0
0;6;0.00;0.00;0;0;0
0;8;0.00;0.00;0;0;0
0;9;0.00;0.00;0;0;0
0;8;-0.01;0.02;0;0;1
0;8;0.00;0.00;0;0;0
0;8;0.00;0.00;0;0;0
0;8;0.00;0.00;0;0;0
0;9;0.00;0.00;0;0;0
0;8;0.00;0.00;0;0;0
0;8;-0.01;0.02;0;0;1
0;8;0.00;0.00;0;0;0
0;10;0.00;0.00;0;0;0
0;8;0.00;0.00;0;0;0
0;7;0.00;0.00;0;0;0
0;8;0.00;0.00;0;0;0
0;11;-0.01;0.02;0;0;1
0;8;0.00;0.00;0;0;0
0;6;0.00;0.00;0;0;0
0;8;0.00;0.00;0;0;0
0;11;0.00;0.00;0;0;0
0;5;0.00;0.00;0;0;0
0;8;0.00;0.00;0;0;0
0;9;-0.01;0.02;0;0;1
0;8;0.00;0.00;0;0;0
0;8;0.00;0.00;0;0;0
0;8;0.00;0.00;0;0;0
0;8;0.00;0.00;0;0;0
0;12;0.00;0.00;0;0;0
0;8;-0.01;0.02;0;0;1
0;5;0.00;0.00;0;0;0
0;8;0.00;0.00;0;0;0
0;8;0.00;0.00;0;0;0
0;10;0.00;0.00;0;0;0
0;7;0.00;0.00;0;0;0
0;8;-0.01;0.02;0;0;1
0;9;0.00;0.00;0;0;0
0;9;0.00;0.00;0;0;0
0;6;0.00;0.00;0;0;0
0;9;0.00;0.00;0;0;0
0;11;0.00;0.00;0;0;0
0;7;-0.01;0.02;0;0;1
0;6;0.00;0.00;0;0;0
0;8;0.00;0.00;0;0;0
0;9;0.00;0.00;0;0;0
0;8;0.00;0.00;0;0;0
0;8;0.00;0.00;0;0;0
0;11;0.00;0.00;0;0;0
0;8;-0.01;0.02;0;0;1
0;6;0.00;0.00;0;0;0
0;8;0.00;0.00;0;0;0
0;13;0.00;0.00;0;0;0
0;11;0.00;0.00;0;0;0
0;8;0.00;0.00;0;0;0
0;9;-0.01;0.02;0;0;1
0;8;0.00;0.00;0;0;0
0;11;0.00;0.00;0;0;0
0;5;0.00;0.00;0;0;0
0;8;0.00;0.00;0;0;0
0;9;0.00;0.00;0;0;0
0;10;-0.01;0.02;0;0;1
0;7;0.00;0.00;0;0;0
0;7;0.00;0.00;0;0;0
0;8;0.00;0.00;0;0;0
0;11;0.00;0.00;0;0;0
0;9;0.00;0.00;0;0;0
0;6;-0.01;0.02;0;0;1
0;7;0.00;0.00;0;0;0
0;8;0.00;0.00;0;0;0
0;12;0.00;0.00;0;0;0
0;5;0.00;0.00;0;0;0
0;8;0.00;0.00;0;0;0
0;8;0.00;0.00;0;0;0
0;8;-0.01;0.02;0;0;1
0;9;0.00;0.00;0;0;0
0;8;0.00;0.00;0;0;0
0;8;0.00;0.00;0;0;0
0;8;0.00;0.00;0;0;0
0;8;0.00;0.00;0;0;0
0;8;0.00;0.00;0;0;0
0;9;-0.01;0.02;0;0;1
0;8;0.00;0.00;0;0;0
0;8;0.00;0.00;0;0;0
0;8;0.00;0.00;0;0;0
0;8;0.00;0.00;0;0;0
0;9;0.00;0.00;0;0;0
0;8;-0.01;0.02;0;0;1
0;11;0.00;0.00;0;0;0
0;8;0.00;0.00;0;0;0
0;5;0.00;0.00;0;0;0
0;9;0.00;0.00;0;0;0
0;14;0.00;0.00;0;0;0
0;9;0.00;0.00;0;0;0
0;5;-0.01;0.02;0;0;1
0;8;0.00;0.00;0;0;0
0;9;0.01;0.02;0;-1;0
0;8;0.00;0.00;0;0;0
0;8;0.00;0.00;0;0;0
0;8;0.00;0.00;0;0;0
0;8;0.00;0.00;0;0;0
0;10;-0.01;0.02;0;0;1
0;7;0.00;0.00;0;0;0
0;8;0.00;0.00;0;0;0
0;8;0.00;0.00;0;0;0
0;8;0.00;0.00;0;0;0
0;10;0.00;0.00;0;0;0
0;7;0.00;0.00;0;0;0
0;8;-0.01;0.02;0;0;1
0;11;0.00;0.00;0;0;0
0;5;0.00;0.00;0;0;0
0;9;0.00;0.00;0;0;0
0;8;0.00;0.00;0;0;0
0;11;0.00;0.00;0;0;0
0;8;-0.01;0.02;0;0;1
0;5;0.00;0.00;0;0;0
0;8;0.00;0.00;0;0;0
0;9;0.00;0.00;0;0;0
0;8;0.00;0.00;0;0;0
0;11;0.00;0.00;0;0;0
0;5;0.00;0.00;0;0;0
0;8;0.00;0.00;0;0;0
0;9;-0.01;0.02;0;0;1
0;8;0.00;0.00;0;0;0
0;8;0.00;0.00;0;0;0
0;11;0.00;0.00;0;0;0
0;6;0.00;0.00;0;0;0
0;8;0.00;0.00;0;0;0
0;8;0.00;0.00;0;0;0
0;11;-0.01;0.02;0;0;1
0;9;0.00;0.00;0;0;0
0;8;0.00;0.00;0;0;0
0;12;0.00;0.00;0;0;0
0;8;0.00;0.00;0;0;0
0;5;0.00;0.00;0;0;0
0;8;-0.01;0.02;0;0;1
0;8;0.00;0.00;0;0;0
0;9;0.00;0.00;0;0;0
0;8;0.00;0.00;0;0;0
0;8;0.00;0.00;0;0;0
0;9;0.00;0.00;0;0;0
0;9;0.00;0.00;0;0;0
0;7;-0.01;0.02;0;0;1
0;8;0.00;0.00;0;0;0
0;10;0.00;0.00;0;0;0
0;6;0.00;0.00;0;0;0
0;8;0.00;0.00;0;0;0
0;9;0.00;0.00;0;0;0
0;8;0.00;0.00;0;0;0
0;8;-0.01;0.02;0;0;1
0;8;0.00;0.00;0;0;0
0;8;0.00;0.00;0;0;0
0;7;0.00;0.00;0;0;0
0;10;0.00;0.00;0;0;0
0;13;0.00;0.00;0;0;0
0;14;-0.01;0.02;0;0;1
0;6;0.00;0.00;0;0;0
0;9;0.00;0.00;0;0;0
0;11;0.00;0.00;0;0;0
0;8;0.00;0.00;0;0;0
0;8;0.00;0.00;0;0;0
0;12;0.00;0.00;0;0;0
0;5;-0.01;0.02;0;0;1
0;8;0.00;0.00;0;0;0
0;8;0.00;0.00;0;0;0
0;11;0.00;0.00;0;0;0
0;5;0.00;0.00;0;0;0
0;9;0.00;0.00;0;0;0
0;8;0.00;0.00;0;0;0
0;11;-0.01;0.02;0;0;1
0;5;0.00;0.00;0;0;0
0;8;0.00;0.00;0;0;0
0;9;0.00;0.00;0;0;0
0;8;0.00;0.00;0;0;0
0;8;0.00;0.00;0;0;0
0;8;0.00;0.00;0;0;0
0;11;-0.01;0.02;0;0;1
0;8;0.00;0.00;0;0;0
0;6;0.00;0.00;0;0;0
0;8;0.00;0.00;0;0;0
0;8;0.00;0.00;0;0;0
0;11;0.00;0.00;0;0;0
0;6;0.00;0.00;0;0;0
0;8;-0.01;0.02;0;0;1
0;11;0.00;0.00;0;0;0
0;5;0.00;0.00;0;0;0
0;8;0.00;0.00;0;0;0
0;11;0.00;0.00;0;0;0
0;9;0.00;0.00;0;0;0
0;5;0.00;0.00;0;0;0
0;8;0.00;0.00;0;0;0
0;11;-0.01;0.02;0;0;1
0;9;0.00;0.00;0;0;0
0;5;0.00;0.00;0;0;0
0;8;0.00;0.00;0;0;0
0;12;0.00;0.00;0;0;0
0;11;0.00;0.00;0;0;0
0;6;0.00;0.00;0;0;0
0;8;-0.01;0.02;0;0;1
0;8;0.00;0.00;0;0;0
0;8;0.00;0.00;0;0;0
0;14;0.00;0.00;0;0;0
0;7;0.00;0.00;0;0;0
0;8;0.00;0.00;0;0;0
0;8;0.00;0.00;0;0;0
0;8;-0.01;0.02;0;0;1
0;8;0.00;0.00;0;0;0
0;9;0.00;0.00;0;0;0
0;8;0.00;0.00;0;0;0
0;11;0.00;0.00;0;0;0
0;5;0.00;0.00;0;0;0
0;8;0.00;0.00;0;0;0
0;12;0.00;0.00;0;0;0
0;7;-0.01;0.02;0;0;1
0;6;0.00;0.00;0;0;0
0;8;0.00;0.00;0;0;0
0;9;0.00;0.00;0;0;0
0;11;0.00;0.00;0;0;0
0;5;0.00;0.00;0;0;0
0;8;0.00;0.00;0;0;0
0;11;-0.01;0.02;0;0;1
0;6;0.00;0.00;0;0;0
0;7;0.00;0.00;0;0;0
0;9;0.00;0.00;0;0;0
0;8;0.00;0.00;0;0;0
0;8;0.00;0.00;0;0;0
0;8;-0.02;0.00;-1;0;0
0;8;0.00;0.00;0;0;0
0;9;-0.01;0.02;0;0;1
0;9;0.00;0.00;0;0;0
0;7;0.00;0.00;0;0;0
0;11;0.00;0.00;0;0;0
0;8;0.00;0.00;0;0;0
0;6;0.00;0.00;0;0;0
0;8;-0.02;0.00;-1;0;0
0;8;-0.01;0.02;0;0;1
0;11;0.00;0.00;0;0;0
0;5;0.00;0.00;0;0;0
0;8;0.00;0.00;0;0;0
0;10;0.00;0.00;0;0;0
0;11;-0.02;0.00;-1;0;0
0;8;0.00;0.00;0;0;0
0;8;-0.01;0.02;0;0;1
0;12;0.00;0.00;0;0;0
0;7;0.00;0.00;0;0;0
0;6;0.00;0.00;0;0;0
0;8;0.00;0.00;0;0;0
0;8;0.00;0.00;0;0;0
0;8;0.00;0.00;0;0;0
0;9;-0.01;0.02;0;0;1
0;8;-0.02;0.00;-1;0;0
0;8;0.00;0.00;0;0;0
0;11;0.00;0.00;0;0;0
0;5;0.00;0.00;0;0;0
0;9;0.00;0.00;0;0;0
0;8;0.00;0.00;0;0;0
0;10;-0.01;0.02;0;0;1
0;9;0.00;0.00;0;0;0
0;8;0.00;0.00;0;0;0
0;10;0.00;0.00;0;0;0
0;8;0.00;0.00;0;0;0
0;11;0.00;0.00;0;0;0
0;5;0.00;0.00;0;0;0
0;8;-0.01;0.02;0;0;1
0;10;0.00;0.00;0;0;0
0;7;0.00;0.00;0;0;0
0;8;0.00;0.00;0;0;0
0;7;0.00;0.00;0;0;0
0;9;0.00;0.00;0;0;0
0;8;0.00;0.00;0;0;0
0;8;-0.01;0.02;0;0;1
0;12;0.00;0.00;0;0;0
0;8;0.00;0.00;0;0;0
0;5;0.00;0.00;0;0;0
0;9;0.00;0.00;0;0;0
0;12;0.00;0.00;0;0;0
0;8;-0.01;0.02;0;0;1
0;7;0.00;0.00;0;0;0
0;9;0.00;0.00;0;0;0
0;9;0.00;0.00;0;0;0
0;8;0.00;0.00;0;0;0
0;7;0.00;0.00;0;0;0
0;8;0.00;0.00;0;0;0
0;8;0.00;0.00;0;0;0
0;12;-0.01;0.02;0;0;1
0;6;0.00;0.00;0;0;0
0;8;0.00;0.00;0;0;0
0;14;0.00;0.00;0;0;0
0;6;0.00;0.00;0;0;0
0;9;-0.02;0.00;-1;0;0
0;10;0.00;0.00;0;0;0
0;9;-0.01;0.02;0;0;1
0;5;0.00;0.00;0;0;0
0;8;0.00;0.00;0;0;0
0;8;0.00;0.00;0;0;0
0;9;0.00;0.00;0;0;0
0;8;-0.02;0.00;-1;0;0
0;11;-0.01;0.02;0;0;1
0;5;0.00;0.00;0;0;0
0;9;0.00;0.00;0;0;0
0;9;0.00;0.00;0;0;0
0;10;0.00;0.00;0;0;0
0;5;-0.02;0.00;-1;0;0
0;8;-0.01;0.02;0;0;1
0;9;0.00;0.00;0;0;0
0;9;0.00;0.00;0;0;0
0;7;0.00;0.00;0;0;0
0;8;0.00;0.00;0;0;0
0;8;-0.04;0.02;-1;0;1
0;8;0.00;0.00;0;0;0
0;9;0.00;0.00;0;0;0
0;8;0.00;0.00;0;0;0
0;8;0.00;0.00;0;0;0
0;7;0.00;0.00;0;0;0
0;9;0.00;0.00;0;0;0
0;9;-0.01;0.02;0;0;1
0;11;-0.02;0.00;-1;0;0
0;5;0.00;0.00;0;0;0
0;8;0.00;0.00;0;0;0
0;8;0.00;0.00;0;0;0
0;12;-0.01;0.02;0;0;1
0;5;0.00;0.00;0;0;0
0;8;0.00;0.00;0;0;0
0;10;0.00;0.00;0;0;0
0;9;0.00;0.00;0;0;0
0;6;0.00;0.00;0;0;0
0;8;-0.01;0.02;0;0;1
0;8;0.00;0.00;0;0;0
0;11;0.00;0.00;0;0;0
0;5;0.00;0.00;0;0;0
0;7;0.00;0.00;0;0;0
0;10;0.00;0.00;0;0;0
0;11;-0.01;0.02;0;0;1
0;5;0.00;0.00;0;0;0
0;8;0.00;0.00;0;0;0
0;8;0.00;0.00;0;0;0
0;12;0.00;0.00;0;0;0
0;5;0.00;0.00;0;0;0
0;8;0.00;0.00;0;0;0
0;8;-0.01;0.02;0;0;1
0;13;0.00;0.00;0;0;0
0;8;0.00;0.00;0;0;0
0;7;0.00;0.00;0;0;0
0;8;0.00;0.00;0;0;0
0;8;0.00;0.00;0;0;0
0;13;-0.01;0.02;0;0;1
0;5;0.00;0.00;0;0;0
0;8;0.00;0.00;0;0;0
0;8;0.00;0.00;0;0;0
0;12;0.00;0.00;0;0;0
0;9;0.00;0.00;0;0;0
0;10;-0.01;0.02;0;0;1
0;8;0.00;0.00;0;0;0
0;9;0.00;0.00;0;0;0
0;8;0.00;0.00;0;0;0
0;11;0.00;0.00;0;0;0
0;7;0.00;0.00;0;0;0
0;8;-0.01;0.02;0;0;1
0;8;0.00;0.00;0;0;0
0;13;0.00;0.00;0;0;0
0;8;0.00;0.00;0;0;0
0;18;-0.01;0.02;0;0;1
0;6;0.00;0.00;0;0;0
0;12;0.00;0.00;0;0;0
0;5;0.00;0.00;0;0;0
0;10;0.00;0.00;0;0;0
0;6;0.00;0.00;0;0;0
0;8;0.00;0.00;0;0;0
0;7;-0.01;0.02;0;0;1
0;10;0.00;0.00;0;0;0
0;7;0.00;0.00;0;0;0
0;8;0.00;0.00;0;0;0
0;8;0.00;0.00;0;0;0
0;11;0.00;0.00;0;0;0
0;7;0.00;0.00;0;0;0
0;8;0.00;0.00;0;0;0
0;7;0.00;0.00;0;0;0
0;8;0.00;0.00;0;0;0
0;8;0.00;0.00;0;0;0
0;8;0.00;0.00;0;0;0
0;9;0.00;0.00;0;0;0
0;9;0.00;0.00;0;0;0
0;8;0.00;0.00;0;0;0
0;7;0.00;0.00;0;0;0
0;9;0.00;0.00;0;0;0
0;8;0.00;0.00;0;0;0
0;8;0.00;0.00;0;0;0
0;8;0.00;0.00;0;0;0
0;9;0.00;0.00;0;0;0
0;8;0.00;0.00;0;0;0
0;11;0.00;0.00;0;0;0
0;6;0.00;0.00;0;0;0
0;8;0.00;0.00;0;0;0
0;8;0.00;0.00;0;0;0
0;7;0.00;0.00;0;0;0
0;9;0.00;0.00;0;0;0
0;8;0.00;0.00;0;0;0
0;8;-0.01;0.02;0;0;1
0;8;0.00;0.00;0;0;0
0;8;0.00;0.00;0;0;0
0;9;0.00;0.00;0;0;0
0;9;0.00;0.00;0;0;0
0;9;0.00;0.00;0;0;0
0;8;0.00;0.00;0;0;0
0;7;0.00;0.00;0;0;0
0;8;-0.01;0.02;0;0;1
0;9;0.00;0.00;0;0;0
0;7;0.00;0.00;0;0;0
0;8;0.00;0.00;0;0;0
0;8;0.00;0.00;0;0;0
0;8;0.00;0.00;0;0;0
0;10;0.00;0.00;0;0;0
0;8;-0.01;0.02;0;0;1
0;7;0.00;0.00;0;0;0
0;10;0.00;0.00;0;0;0
0;7;0.00;0.00;0;0;0
0;9;0.00;0.00;0;0;0
0;8;0.00;0.00;0;0;0
0;10;0.00;0.00;0;0;0
0;6;0.00;0.00;0;0;0
0;8;0.00;0.00;0;0;0
0;10;-0.01;0.02;0;0;1
0;7;0.00;0.00;0;0;0
0;8;0.00;0.00;0;0;0
0;7;-0.02;0.00;-1;0;0
0;9;0.00;0.00;0;0;0
0;8;0.00;0.00;0;0;0
0;8;0.00;0.00;0;0;0
0;8;0.00;0.00;0;0;0
0;8;0.00;0.00;0;0;0
0;9;0.00;0.00;0;0;0
0;8;-0.02;0.00;-1;0;0
0;8;0.00;0.00;0;0;0
0;9;0.00;0.00;0;0;0
0;7;0.00;0.00;0;0;0
0;8;0.00;0.00;0;0;0
0;8;0.00;0.00;0;0;0
0;9;0.00;0.00;0;0;0
0;8;0.00;0.00;0;0;0
0;8;-0.02;0.00;-1;0;0
0;26;0.00;0.00;0;0;0
0;8;0.00;0.00;0;0;0
0;8;0.00;0.00;0;0;0
0;8;0.00;0.00;0;0;0
0;8;-0.02;0.00;-1;0;0
0;8;0.00;0.00;0;0;0
0;8;0.00;0.00;0;0;0
0;8;0.00;0.00;0;0;0
0;8;0.00;0.00;0;0;0
0;8;0.00;0.00;0;0;0
0;8;0.00;0.00;0;0;0
0;10;0.00;0.00;0;0;0
0;8;0.00;0.00;0;0;0
0;7;0.00;0.00;0;0;0
0;8;0.00;0.00;0;0;0
0;8;-0.02;0.00;-1;0;0
0;9;0.00;0.00;0;0;0
0;8;0.00;0.00;0;0;0
0;8;0.00;0.00;0;0;0
0;8;0.00;0.00;0;0;0
0;8;0.00;0.00;0;0;0
0;9;0.00;0.00;0;0;0
0;8;0.00;0.00;0;0;0
0;8;0.00;0.00;0;0;0
0;8;0.00;0.00;0;0;0
0;11;0.00;0.00;0;0;0
0;14;0.00;0.00;0;0;0
0;8;0.00;0.00;0;0;0
0;8;0.00;0.00;0;0;0
0;8;0.00;0.00;0;0;0
0;9;0.00;0.00;0;0;0
0;8;0.00;0.00;0;0;0
0;8;0.00;0.00;0;0;0
0;8;0.00;0.00;0;0;0
0;8;0.00;0.00;0;0;0
0;10;0.00;0.00;0;0;0
0;8;0.00;0.00;0;0;0
0;8;0.00;0.00;0;0;0
0;8;0.00;0.00;0;0;0
0;10;0.00;0.00;0;0;0
0;6;0.00;0.00;0;0;0
0;10;0.00;0.00;0;0;0
0;7;0.00;0.00;0;0;0
0;7;0.00;0.00;0;0;0
0;8;0.00;0.00;0;0;0
0;8;0.00;0.00;0;0;0
0;9;0.00;0.00;0;0;0
0;18;-0.02;0.00;-1;0;0
0;8;0.00;0.00;0;0;0
0;7;0.00;0.00;0;0;0
0;9;0.00;0.00;0;0;0
0;7;0.00;0.00;0;0;0
0;8;0.00;0.00;0;0;0
0;9;0.00;0.00;0;0;0
0;8;0.00;0.00;0;0;0
0;8;0.00;0.00;0;0;0
0;11;0.00;0.00;0;0;0
0;6;0.00;0.00;0;0;0
0;13;0.00;0.00;0;0;0
0;24;0.00;0.00;0;0;0
0;8;0.00;0.00;0;0;0
0;14;0.00;0.00;0;0;0
0;9;0.00;0.00;0;0;0
0;9;0.00;0.00;0;0;0
0;5;0.00;0.00;0;0;0
0;16;0.00;0.00;0;0;0
0;8;0.00;0.00;0;0;0
0;9;0.00;0.00;0;0;0
0;7;0.00;0.00;0;0;0
0;9;0.00;0.00;0;0;0
0;9;0.00;0.00;0;0;0
0;7;0.00;0.00;0;0;0
0;9;0.00;0.00;0;0;0
0;7;0.00;0.00;0;0;0
0;8;0.00;0.00;0;0;0
0;9;0.00;0.00;0;0;0
0;8;0.00;0.00;0;0;0
0;8;0.00;0.00;0;0;0
0;8;0.00;0.00;0;0;0
0;8;0.00;0.00;0;0;0
0;8;0.00;0.00;0;0;0
0;8;0.00;0.00;0;0;0
0;8;0.00;0.00;0;0;0
0;9;0.00;0.00;0;0;0
0;8;0.00;0.00;0;0;0
0;8;0.00;0.00;0;0;0
0;8;0.00;0.00;0;0;0
0;8;0.00;0.00;0;0;0
0;9;0.00;0.00;0;0;0
0;9;0.00;0.00;0;0;0
0;8;0.00;0.00;0;0;0
0;7;0.00;0.00;0;0;0
0;8;0.00;0.00;0;0;0
0;9;0.00;0.00;0;0;0
0;8;0.00;0.00;0;0;0
0;8;0.00;0.00;0;0;0
0;8;0.00;0.00;0;0;0
0;9;0.00;0.00;0;0;0
0;8;0.00;0.00;0;0;0
0;8;0.00;0.00;0;0;0
0;8;0.00;0.00;0;0;0
0;10;0.00;0.00;0;0;0
0;7;0.00;0.00;0;0;0
0;9;0.00;0.00;0;0;0
0;7;0.00;0.00;0;0;0
0;10;0.00;0.00;0;0;0
0;7;0.00;0.00;0;0;0
0;7;0.00;0.00;0;0;0
0;8;0.00;0.00;0;0;0
0;9;0.00;0.00;0;0;0
0;8;0.00;0.00;0;0;0
0;8;0.00;0.00;0;0;0
0;12;0.00;0.00;0;0;0
0;9;0.00;0.00;0;0;0
0;8;0.00;0.00;0;0;0
0;9;0.00;0.00;0;0;0
0;8;0.00;0.00;0;0;0
0;7;0.00;0.00;0;0;0
0;8;0.00;0.00;0;0;0
0;9;0.00;0.00;0;0;0
0;9;0.00;0.00;0;0;0
0;8;0.00;0.00;0;0;0
0;8;0.00;0.00;0;0;0
0;7;0.00;0.00;0;0;0
0;9;0.00;0.00;0;0;0
0;8;0.00;0.00;0;0;0
0;8;0.00;0.00;0;0;0
0;8;0.00;0.00;0;0;0
0;9;0.00;0.00;0;0;0
0;8;0.00;0.00;0;0;0
0;8;0.00;0.00;0;0;0
0;8;0.00;0.00;0;0;0
0;9;0.00;0.00;0;0;0
0;7;0.00;0.00;0;0;0
0;9;0.00;0.00;0;0;0
0;10;0.00;0.00;0;0;0
0;7;0.00;0.00;0;0;0
0;10;0.00;0.00;0;0;0
0;6;0.00;0.00;0;0;0
0;9;0.00;0.00;0;0;0
0;7;0.00;0.00;0;0;0
0;9;0.00;0.00;0;0;0
0;8;0.00;0.00;0;0;0
0;8;0.00;0.00;0;0;0
0;8;0.00;0.00;0;0;0
0;9;0.00;0.00;0;0;0
0;7;0.00;0.00;0;0;0
0;8;0.00;0.00;0;0;0
0;8;0.00;0.00;0;0;0
0;16;0.00;0.00;0;0;0
0;6;0.00;0.00;0;0;0
0;7;0.00;0.00;0;0;0
0;9;0.00;0.00;0;0;0
0;7;0.00;0.00;0;0;0
0;8;0.00;0.00;0;0;0
0;9;0.00;0.00;0;0;0
0;11;0.00;0.00;0;0;0
0;6;0.00;0.00;0;0;0
0;7;0.00;0.00;0;0;0
0;10;0.00;0.00;0;0;0
0;7;0.00;0.00;0;0;0
0;8;0.00;0.00;0;0;0
0;9;0.00;0.00;0;0;0
0;8;0.00;0.00;0;0;0
0;12;0.00;0.00;0;0;0
0;5;0.00;0.00;0;0;0
0;7;0.00;0.00;0;0;0
0;8;0.00;0.00;0;0;0
0;13;0.00;0.00;0;0;0
0;7;0.00;0.00;0;0;0
0;9;0.00;0.00;0;0;0
0;15;0.00;0.00;0;0;0
0;7;0.00;0.00;0;0;0
0;7;0.00;0.00;0;0;0
0;9;0.00;0.00;0;0;0
0;9;0.00;0.00;0;0;0
0;7;0.00;0.00;0;0;0
0;7;0.00;0.00;0;0;0
0;13;0.00;0.00;0;0;0
0;9;0.00;0.00;0;0;0
0;7;0.00;0.00;0;0;0
0;8;0.00;0.00;0;0;0
0;8;0.00;0.00;0;0;0
0;8;0.00;0.00;0;0;0
0;12;0.00;0.00;0;0;0
0;6;0.00;0.00;0;0;0
0;9;0.00;0.00;0;0;0
0;7;0.00;0.00;0;0;0
0;11;0.00;0.00;0;0;0
0;10;0.00;0.00;0;0;0
0;7;0.00;0.00;0;0;0
0;8;0.00;0.00;0;0;0
0;8;0.00;0.00;0;0;0
0;8;0.00;0.00;0;0;0
0;9;0.00;0.00;0;0;0
0;16;0.00;0.00;0;0;0
0;5;0.00;0.00;0;0;0
0;8;0.00;0.00;0;0;0
0;7;0.00;0.00;0;0;0
0;9;0.00;0.00;0;0;0
0;8;0.00;0.00;0;0;0
0;12;0.00;0.00;0;0;0
0;5;0.00;0.00;0;0;0
0;8;0.00;0.00;0;0;0
0;8;0.00;0.00;0;0;0
0;13;0.00;0.00;0;0;0
0;12;0.00;0.00;0;0;0
0;7;0.00;0.00;0;0;0
0;9;0.00;0.00;0;0;0
0;8;0.00;0.00;0;0;0
0;10;0.00;0.00;0;0;0
0;7;0.00;0.00;0;0;0
0;8;0.00;0.00;0;0;0
0;12;0.00;0.00;0;0;0
0;5;0.00;0.00;0;0;0
0;7;0.00;0.00;0;0;0
0;8;0.00;0.00;0;0;0
0;13;0.00;0.00;0;0;0
0;9;0.00;0.00;0;0;0
0;8;0.00;0.00;0;0;0
0;7;0.00;0.00;0;0;0
0;8;0.00;0.00;0;0;0
0;8;0.00;0.00;0;0;0
0;9;0.00;0.00;0;0;0
0;9;0.00;0.00;0;0;0
0;7;0.00;0.00;0;0;0
0;8;0.00;0.00;0;0;0
0;8;0.00;0.00;0;0;0
0;9;0.00;0.00;0;0;0
0;8;0.00;0.00;0;0;0
0;12;0.00;0.00;0;0;0
0;5;0.00;0.00;0;0;0
0;7;0.00;0.00;0;0;0
0;8;0.00;0.00;0;0;0
0;13;0.00;0.00;0;0;0
0;5;0.00;0.00;0;0;0
0;8;0.00;0.00;0;0;0
0;7;0.00;0.00;0;0;0
0;14;0.00;0.00;0;0;0
0;8;0.00;0.00;0;0;0
0;7;0.00;0.00;0;0;0
0;8;0.00;0.00;0;0;0
0;10;0.00;0.00;0;0;0
0;8;0.00;0.00;0;0;0
0;8;0.00;0.00;0;0;0
0;7;0.00;0.00;0;0;0
0;10;0.00;0.00;0;0;0
0;7;0.00;0.00;0;0;0
0;7;0.00;0.00;0;0;0
0;10;0.00;0.00;0;0;0
0;8;0.00;0.00;0;0;0
0;8;0.00;0.00;0;0;0
0;10;0.00;0.00;0;0;0
0;9;0.00;0.00;0;0;0
0;7;0.00;0.00;0;0;0
0;7;0.00;0.00;0;0;0
0;7;0.00;0.00;0;0;0
0;10;0.00;0.00;0;0;0
0;7;0.00;0.00;0;0;0
0;8;0.00;0.00;0;0;0
0;8;0.00;0.00;0;0;0
0;12;0.00;0.00;0;0;0
0;5;0.00;0.00;0;0;0
0;7;0.00;0.00;0;0;0
0;8;0.00;0.00;0;0;0
0;12;0.00;0.00;0;0;0
0;6;0.00;0.00;0;0;0
0;7;0.00;0.00;0;0;0
0;10;0.00;0.00;0;0;0
0;13;0.00;0.00;0;0;0
0;7;0.00;0.00;0;0;0
0;8;0.00;0.00;0;0;0
0;9;0.00;0.00;0;0;0
0;7;0.00;0.00;0;0;0
0;9;0.00;0.00;0;0;0
0;7;0.00;0.00;0;0;0
0;11;0.00;0.00;0;0;0
0;6;0.00;0.00;0;0;0
0;7;0.00;0.00;0;0;0
0;9;0.00;0.00;0;0;0
0;8;0.00;0.00;0;0;0
0;8;0.00;0.00;0;0;0
0;13;0.00;0.00;0;0;0
0;7;0.00;0.00;0;0;0
0;9;0.00;0.00;0;0;0
0;8;0.00;0.00;0;0;0
0;9;0.00;0.00;0;0;0
0;7;0.00;0.00;0;0;0
0;8;0.00;0.00;0;0;0
0;8;0.00;0.00;0;0;0
0;11;0.00;0.00;0;0;0
0;7;0.00;0.00;0;0;0
0;7;0.00;0.00;0;0;0
0;8;0.00;0.00;0;0;0
0;8;0.00;0.00;0;0;0
0;9;0.00;0.00;0;0;0
0;8;0.00;0.00;0;0;0
0;8;0.00;0.00;0;0;0
0;8;0.00;0.00;0;0;0
0;8;0.00;0.00;0;0;0
0;11;0.00;0.00;0;0;0
0;10;0.00;0.00;0;0;0
0;5;0.00;0.00;0;0;0
0;7;0.00;0.00;0;0;0
0;9;0.00;0.00;0;0;0
0;10;0.00;0.00;0;0;0
0;9;0.00;0.00;0;0;0
0;5;0.00;0.00;0;0;0
0;8;0.00;0.00;0;0;0
0;14;0.00;0.00;0;0;0
0;7;0.00;0.00;0;0;0
0;8;0.00;0.00;0;0;0
0;8;0.00;0.00;0;0;0
0;8;0.00;0.00;0;0;0
0;8;0.00;0.00;0;0;0
0;9;0.00;0.00;0;0;0
0;12;0.00;0.00;0;0;0
0;8;0.00;0.00;0;0;0
0;8;0.00;0.00;0;0;0
0;9;0.00;0.00;0;0;0
0;10;0.00;0.00;0;0;0
0;7;0.00;0.00;0;0;0
0;7;0.00;0.00;0;0;0
0;9;0.00;0.00;0;0;0
0;7;0.00;0.00;0;0;0
0;10;0.00;0.00;0;0;0
0;7;0.00;0.00;0;0;0
0;9;0.00;0.00;0;0;0
0;7;0.00;0.00;0;0;0
0;8;0.00;0.00;0;0;0
0;10;0.00;0.00;0;0;0
0;9;0.00;0.00;0;0;0
0;6;0.00;0.00;0;0;0
0;8;0.00;0.00;0;0;0
0;12;0.00;0.00;0;0;0
0;6;0.00;0.00;0;0;0
0;7;0.00;0.00;0;0;0
0;8;0.00;0.00;0;0;0
0;8;0.00;0.00;0;0;0
0;8;0.00;0.00;0;0;0
0;8;0.00;0.00;0;0;0
0;13;0.00;0.00;0;0;0
0;8;0.00;0.00;0;0;0
0;9;0.00;0.00;0;0;0
0;7;0.00;0.00;0;0;0
0;9;0.00;0.00;0;0;0
0;8;0.00;0.00;0;0;0
0;8;0.00;0.00;0;0;0
0;8;0.00;0.00;0;0;0
0;15;0.00;0.00;0;0;0
0;6;0.00;0.00;0;0;0
0;8;0.00;0.00;0;0;0
0;19;0.00;0.00;0;0;0
0;5;0.00;0.00;0;0;0
0;9;0.00;0.00;0;0;0
0;9;0.00;0.00;0;0;0
0;7;0.00;0.00;0;0;0
0;9;0.00;0.00;0;0;0
0;8;0.00;0.00;0;0;0
0;12;0.00;0.00;0;0;0
0;5;0.00;0.00;0;0;0
0;7;0.00;0.00;0;0;0
0;9;0.00;0.00;0;0;0
0;7;0.00;0.00;0;0;0
0;8;0.00;0.00;0;0;0
0;9;0.00;0.00;0;0;0
0;8;0.00;0.00;0;0;0
0;10;0.00;0.00;0;0;0
0;7;0.00;0.00;0;0;0
0;7;0.00;0.00;0;0;0
0;9;0.00;0.00;0;0;0
0;8;0.00;0.00;0;0;0
0;11;0.00;0.00;0;0;0
0;7;0.00;0.00;0;0;0
0;6;0.00;0.00;0;0;0
0;9;0.00;0.00;0;0;0
0;17;0.00;0.00;0;0;0
0;8;0.00;0.00;0;0;0
0;7;0.00;0.00;0;0;0
0;13;0.00;0.00;0;0;0
0;8;0.00;0.00;0;0;0
0;10;0.00;0.00;0;0;0
0;6;0.00;0.00;0;0;0
0;9;0.00;0.00;0;0;0
0;12;0.00;0.00;0;0;0
0;6;0.00;0.00;0;0;0
0;7;0.00;0.00;0;0;0
0;8;0.00;0.00;0;0;0
0;7;0.00;0.00;0;0;0
0;10;0.00;0.00;0;0;0
0;7;0.00;0.00;0;0;0
0;9;0.00;0.00;0;0;0
0;8;0.00;0.00;0;0;0
0;8;0.00;0.00;0;0;0
0;7;0.00;0.00;0;0;0
0;13;0.00;0.00;0;0;0
0;5;0.00;0.00;0;0;0
0;7;0.00;0.00;0;0;0
0;8;0.00;0.00;0;0;0
0;9;0.00;0.00;0;0;0
0;8;0.00;0.00;0;0;0
0;8;0.00;0.00;0;0;0
0;11;0.00;0.00;0;0;0
0;5;0.00;0.00;0;0;0
0;8;0.00;0.00;0;0;0
0;9;0.00;0.00;0;0;0
0;8;0.00;0.00;0;0;0
0;8;0.00;0.00;0;0;0
0;7;0.00;0.00;0;0;0
0;8;0.00;0.00;0;0;0
0;12;0.00;0.00;0;0;0
0;6;0.00;0.00;0;0;0
0;7;0.00;0.00;0;0;0
0;10;0.00;0.00;0;0;0
0;9;0.00;0.00;0;0;0
0;8;0.00;0.00;0;0;0
0;6;0.00;0.00;0;0;0
0;8;0.00;0.00;0;0;0
0;8;0.00;0.00;0;0;0
0;8;0.00;0.00;0;0;0
0;10;0.00;0.00;0;0;0
0;7;0.00;0.00;0;0;0
0;8;0.00;0.00;0;0;0
0;8;0.00;0.00;0;0;0
0;10;0.00;0.00;0;0;0
0;6;0.00;0.00;0;0;0
0;9;0.00;0.00;0;0;0
0;8;0.00;0.00;0;0;0
0;9;0.00;0.00;0;0;0
0;7;0.00;0.00;0;0;0
0;8;0.00;0.00;0;0;0
0;9;0.00;0.00;0;0;0
0;10;0.00;0.00;0;0;0
0;7;0.00;0.00;0;0;0
0;7;0.00;0.00;0;0;0
0;11;0.00;0.00;0;0;0
0;6;0.00;0.00;0;0;0
0;8;0.00;0.00;0;0;0
0;10;0.00;0.00;0;0;0
0;7;0.00;0.00;0;0;0
0;7;0.00;0.00;0;0;0
0;9;0.00;0.00;0;0;0
0;8;0.00;0.00;0;0;0
0;10;0.00;0.00;0;0;0
0;9;0.00;0.00;0;0;0
0;6;0.00;0.00;0;0;0
0;7;0.00;0.00;0;0;0
0;11;0.00;0.00;0;0;0
0;6;0.00;0.00;0;0;0
0;8;0.00;0.00;0;0;0
0;8;0.00;0.00;0;0;0
0;12;0.00;0.00;0;0;0
0;6;0.00;0.00;0;0;0
0;7;0.00;0.00;0;0;0
0;9;0.00;0.00;0;0;0
0;8;0.00;0.00;0;0;0
0;8;0.00;0.00;0;0;0
0;8;0.00;0.00;0;0;0
0;8;0.00;0.00;0;0;0
0;12;0.00;0.00;0;0;0
0;12;0.00;0.00;0;0;0
0;18;0.00;0.00;0;0;0
0;10;0.00;0.00;0;0;0
0;12;0.00;0.00;0;0;0
0;6;0.00;0.00;0;0;0
0;11;0.00;0.00;0;0;0
0;9;0.00;0.00;0;0;0
0;5;0.00;0.00;0;0;0
0;7;0.00;0.00;0;0;0
0;8;0.00;0.00;0;0;0
0;11;0.00;0.00;0;0;0
0;6;0.00;0.00;0;0;0
0;8;0.00;0.00;0;0;0
0;8;0.00;0.00;0;0;0
0;8;0.00;0.00;0;0;0
0;9;0.00;0.00;0;0;0
0;8;0.00;0.00;0;0;0
0;8;0.00;0.00;0;0;0
0;9;0.00;0.00;0;0;0
0;7;0.00;0.00;0;0;0
0;8;0.00;0.00;0;0;0
0;9;0.00;0.00;0;0;0
0;8;0.00;0.00;0;0;0
0;8;0.00;0.00;0;0;0
0;8;0.00;0.00;0;0;0
0;8;0.00;0.00;0;0;0
0;9;0.00;0.00;0;0;0
0;8;0.00;0.00;0;0;0
0;8;0.00;0.00;0;0;0
0;8;0.00;0.00;0;0;0
0;8;0.00;0.00;0;0;0
0;9;0.00;0.00;0;0;0
0;8;0.00;0.00;0;0;0
0;9;0.00;0.00;0;0;0
0;7;0.00;0.00;0;0;0
0;8;0.00;0.00;0;0;0
0;9;0.00;0.00;0;0;0
0;8;0.00;0.00;0;0;0
0;8;0.00;0.00;0;0;0
0;8;0.00;0.00;0;0;0
0;8;0.00;0.00;0;0;0
0;10;0.00;0.00;0;0;0
0;8;0.00;0.00;0;0;0
0;7;0.00;0.00;0;0;0
0;8;0.00;0.00;0;0;0
0;9;0.00;0.00;0;0;0
0;7;0.00;0.00;0;0;0
0;9;0.00;0.00;0;0;0
0;8;0.00;0.00;0;0;0
0;8;0.00;0.00;0;0;0
0;8;0.00;0.00;0;0;0
0;9;0.00;0.00;0;0;0
0;8;0.00;0.00;0;0;0
0;8;0.00;0.00;0;0;0
0;8;0.00;0.00;0;0;0
0;10;0.00;0.00;0;0;0
0;6;0.00;0.00;0;0;0
0;11;0.00;0.00;0;0;0
0;7;0.00;0.00;0;0;0
0;7;0.00;0.00;0;0;0
0;8;0.00;0.00;0;0;0
0;8;0.00;0.00;0;0;0
0;9;0.00;0.00;0;0;0
0;9;0.00;0.00;0;0;0
0;7;0.00;0.00;0;0;0
0;8;0.00;0.00;0;0;0
0;8;0.00;0.00;0;0;0
0;10;0.00;0.00;0;0;0
0;7;0.00;0.00;0;0;0
0;8;0.00;0.00;0;0;0
0;8;0.00;0.00;0;0;0
0;9;0.00;0.00;0;0;0
0;7;0.00;0.00;0;0;0
0;9;0.00;0.00;0;0;0
0;8;0.00;0.00;0;0;0
0;8;0.00;0.00;0;0;0
0;8;0.00;0.00;0;0;0
0;8;0.00;0.00;0;0;0
0;9;0.00;0.00;0;0;0
0;8;0.00;0.00;0;0;0
0;8;0.00;0.00;0;0;0
0;8;0.00;0.00;0;0;0
0;11;0.00;0.00;0;0;0
0;7;0.00;0.00;0;0;0
0;7;0.00;0.00;0;0;0
0;8;0.00;0.00;0;0;0
0;11;0.00;0.00;0;0;0
0;6;0.00;0.00;0;0;0
0;8;0.00;0.00;0;0;0
0;8;0.00;0.00;0;0;0
0;9;0.00;0.00;0;0;0
0;7;0.00;0.00;0;0;0
0;8;0.00;0.00;0;0;0
0;8;0.00;0.00;0;0;0
0;10;0.00;0.00;0;0;0
0;7;0.00;0.00;0;0;0
0;8;0.00;0.00;0;0;0
0;8;0.00;0.00;0;0;0
0;9;0.00;0.00;0;0;0
0;9;0.00;0.00;0;0;0
0;7;0.00;0.00;0;0;0
0;8;0.00;0.00;0;0;0
0;8;0.00;0.00;0;0;0
0;8;0.00;0.00;0;0;0
0;11;0.00;0.00;0;0;0
0;6;0.00;0.00;0;0;0
0;8;0.00;0.00;0;0;0
0;8;0.00;0.00;0;0;0
0;8;0.00;0.00;0;0;0
0;9;0.00;0.00;0;0;0
0;8;0.00;0.00;0;0;0
0;8;0.00;0.00;0;0;0
0;8;0.00;0.00;0;0;0
0;8;0.00;0.00;0;0;0
0;9;0.00;0.00;0;0;0
0;8;0.00;0.00;0;0;0
0;8;0.00;0.00;0;0;0
0;8;0.00;0.00;0;0;0
0;8;0.00;0.00;0;0;0
0;13;0.00;0.00;0;0;0
0;4;0.00;0.00;0;0;0
0;8;0.00;0.00;0;0;0
0;9;0.00;0.00;0;0;0
0;7;0.00;0.00;0;0;0
0;8;0.00;0.00;0;0;0
0;9;0.00;0.00;0;0;0
0;8;0.00;0.00;0;0;0
0;9;0.00;0.00;0;0;0
0;7;0.00;0.00;0;0;0
0;8;0.00;0.00;0;0;0
0;9;0.00;0.00;0;0;0
0;11;0.00;0.00;0;0;0
0;6;0.00;0.00;0;0;0
0;7;0.00;0.00;0;0;0
0;8;0.00;0.00;0;0;0
0;11;0.00;0.00;0;0;0
0;6;0.00;0.00;0;0;0
0;8;0.00;0.00;0;0;0
0;8;0.00;0.00;0;0;0
0;9;0.00;0.00;0;0;0
0;9;0.00;0.00;0;0;0
0;7;0.00;0.00;0;0;0
0;10;0.00;0.00;0;0;0
0;8;0.00;0.00;0;0;0
0;7;0.00;0.00;0;0;0
0;7;0.00;0.00;0;0;0
0;9;0.00;0.00;0;0;0
0;9;0.00;0.00;0;0;0
0;8;0.00;0.00;0;0;0
0;7;0.00;0.00;0;0;0
0;8;0.00;0.00;0;0;0
0;9;0.00;0.00;0;0;0
0;8;0.00;0.00;0;0;0
0;8;0.00;0.00;0;0;0
0;8;0.00;0.00;0;0;0
0;8;0.00;0.00;0;0;0
0;9;0.00;0.00;0;0;0
0;8;0.00;0.00;0;0;0
0;9;0.00;0.00;0;0;0
0;7;0.00;0.00;0;0;0
0;8;0.00;0.00;0;0;0
0;9;0.00;0.00;0;0;0
0;8;0.00;0.00;0;0;0
0;8;0.00;0.00;0;0;0
0;8;0.00;0.00;0;0;0
0;8;0.00;0.00;0;0;0
0;9;0.00;0.00;0;0;0
0;8;0.00;0.00;0;0;0
0;11;0.00;0.00;0;0;0
0;5;0.00;0.00;0;0;0
0;8;0.00;0.00;0;0;0
0;8;0.00;0.00;0;0;0
0;9;0.00;0.00;0;0;0
0;8;0.00;0.00;0;0;0
0;8;0.00;0.00;0;0;0
0;8;0.00;0.00;0;0;0
0;9;0.00;0.00;0;0;0
0;8;0.00;0.00;0;0;0
0;8;0.00;0.00;0;0;0
0;8;0.00;0.00;0;0;0
0;8;0.00;0.00;0;0;0
0;8;0.00;0.00;0;0;0
0;9;0.00;0.00;0;0;0
0;8;0.00;0.00;0;0;0
0;9;0.00;0.00;0;0;0
0;7;0.00;0.00;0;0;0
0;8;0.00;0.00;0;0;0
0;9;0.00;0.00;0;0;0
0;8;0.00;0.00;0;0;0
0;8;0.00;0.00;0;0;0
0;8;0.00;0.00;0;0;0
0;8;0.00;0.00;0;0;0
0;9;0.00;0.00;0;0;0
0;8;0.00;0.00;0;0;0
0;8;0.00;0.00;0;0;0
0;8;0.00;0.00;0;0;0
0;8;0.00;0.00;0;0;0
0;8;0.00;0.00;0;0;0
0;10;0.00;0.00;0;0;0
0;7;0.00;0.00;0;0;0
0;8;0.00;0.00;0;0;0
0;9;0.00;0.00;0;0;0
0;8;0.00;0.00;0;0;0
0;8;0.00;0.00;0;0;0
0;8;0.00;0.00;0;0;0
0;8;0.00;0.00;0;0;0
0;8;0.00;0.00;0;0;0
0;8;0.00;0.00;0;0;0
0;9;0.00;0.00;0;0;0
0;8;0.00;0.00;0;0;0
0;8;0.00;0.00;0;0;0
0;8;0.00;0.00;0;0;0
0;8;0.00;0.00;0;0;0
0;9;0.00;0.00;0;0;0
0;8;0.00;0.00;0;0;0
0;8;0.00;0.00;0;0;0
0;8;0.00;0.00;0;0;0
0;9;0.00;0.00;0;0;0
0;7;0.00;0.00;0;0;0
0;9;0.00;0.00;0;0;0
0;8;0.00;0.00;0;0;0
0;11;0.00;0.00;0;0;0
0;5;0.00;0.00;0;0;0
0;8;0.00;0.00;0;0;0
0;9;0.00;0.00;0;0;0
0;11;0.00;0.00;0;0;0
0;5;0.00;0.00;0;0;0
0;8;0.00;0.00;0;0;0
0;11;0.00;0.00;0;0;0
0;8;0.00;0.00;0;0;0
0;6;0.00;0.00;0;0;0
0;8;0.00;0.00;0;0;0
0;8;0.00;0.00;0;0;0
0;9;0.00;0.00;0;0;0
0;8;0.00;0.00;0;0;0
0;8;0.00;0.00;0;0;0
0;8;0.00;0.00;0;0;0
0;9;0.00;0.00;0;0;0
0;7;0.00;0.00;0;0;0
0;9;0.00;0.00;0;0;0
0;8;0.00;0.00;0;0;0
0;8;0.00;0.00;0;0;0
0;8;0.00;0.00;0;0;0
0;8;0.00;0.00;0;0;0
0;8;0.00;0.00;0;0;0
0;9;0.00;0.00;0;0;0
0;8;0.00;0.00;0;0;0
0;8;0.00;0.00;0;0;0
0;8;0.00;0.00;0;0;0
0;9;0.00;0.00;0;0;0
0;12;0.00;0.00;0;0;0
0;8;0.00;0.00;0;0;0
0;8;0.00;0.00;0;0;0
0;8;0.00;0.00;0;0;0
0;9;0.00;0.00;0;0;0
0;8;0.00;0.00;0;0;0
0;8;0.00;0.00;0;0;0
0;8;0.00;0.00;0;0;0
0;8;0.00;0.00;0;0;0
0;8;0.00;0.00;0;0;0
0;9;0.00;0.00;0;0;0
0;8;0.00;0.00;0;0;0
0;8;0.00;0.00;0;0;0
0;8;0.00;0.00;0;0;0
0;8;0.00;0.00;0;0;0
0;9;0.00;0.00;0;0;0
0;8;0.00;0.00;0;0;0
0;8;0.00;0.00;0;0;0
0;8;0.00;0.00;0;0;0
0;9;0.00;0.00;0;0;0
0;8;0.00;0.00;0;0;0
0;8;0.00;0.00;0;0;0
0;8;0.00;0.00;0;0;0
0;8;0.00;0.00;0;0;0
0;8;0.00;0.00;0;0;0
0;9;0.00;0.00;0;0;0
0;8;0.00;0.00;0;0;0
0;11;0.00;0.00;0;0;0
0;5;0.00;0.00;0;0;0
0;9;0.00;0.00;0;0;0
0;7;0.00;0.00;0;0;0
0;9;0.00;0.00;0;0;0
0;8;0.00;0.00;0;0;0
0;8;0.00;0.00;0;0;0
0;8;0.00;0.00;0;0;0
0;12;0.00;0.00;0;0;0
0;5;0.00;0.00;0;0;0
0;8;0.00;0.00;0;0;0
0;8;0.00;0.00;0;0;0
0;9;0.00;0.00;0;0;0
0;7;0.00;0.00;0;0;0
0;9;0.00;0.00;0;0;0
0;8;0.00;0.00;0;0;0
0;8;0.00;0.00;0;0;0
0;8;0.00;0.00;0;0;0
0;8;0.00;0.00;0;0;0
0;9;0.00;0.00;0;0;0
0;8;0.00;0.00;0;0;0
0;8;0.00;0.00;0;0;0
0;8;0.00;0.00;0;0;0
0;9;0.00;0.00;0;0;0
0;8;0.00;0.00;0;0;0
0;8;0.00;0.00;0;0;0
0;8;0.00;0.00;0;0;0
0;8;0.00;0.00;0;0;0
0;8;0.00;0.00;0;0;0
0;8;0.00;0.00;0;0;0
0;9;0.00;0.00;0;0;0
0;9;0.00;0.00;0;0;0
0;7;0.00;0.00;0;0;0
0;10;0.00;0.00;0;0;0
0;6;0.00;0.00;0;0;0
0;9;0.00;0.00;0;0;0
0;8;0.00;0.00;0;0;0
0;8;0.00;0.00;0;0;0
0;8;0.00;0.00;0;0;0
0;8;0.00;0.00;0;0;0
0;9;0.00;0.00;0;0;0
0;8;0.00;0.00;0;0;0
0;8;0.00;0.00;0;0;0
0;8;0.00;0.00;0;0;0
0;8;0.00;0.00;0;0;0
0;9;0.00;0.00;0;0;0
0;8;0.00;0.00;0;0;0
0;8;0.00;0.00;0;0;0
0;8;0.00;0.00;0;0;0
0;9;0.00;0.00;0;0;0
0;8;0.00;0.00;0;0;0
0;8;0.00;0.00;0;0;0
0;8;0.00;0.00;0;0;0
0;8;0.00;0.00;0;0;0
0;8;0.00;0.00;0;0;0
0;8;0.00;0.00;0;0;0
0;9;0.00;0.00;0;0;0
0;10;0.00;0.00;0;0;0
0;7;0.00;0.00;0;0;0
0;7;0.00;0.00;0;0;0
0;8;0.00;0.00;0;0;0
0;9;0.00;0.00;0;0;0
0;8;0.00;0.00;0;0;0
0;8;0.00;0.00;0;0;0
0;8;0.00;0.00;0;0;0
0;8;0.00;0.00;0;0;0
0;9;0.00;0.00;0;0;0
0;8;0.00;0.00;0;0;0
0;8;0.00;0.00;0;0;0
0;8;0.00;0.00;0;0;0
0;9;0.00;0.00;0;0;0
0;10;0.00;0.00;0;0;0
0;6;0.00;0.00;0;0;0
0;8;0.00;0.00;0;0;0
0;11;0.00;0.00;0;0;0
0;6;0.00;0.00;0;0;0
0;8;0.00;0.00;0;0;0
0;8;0.00;0.00;0;0;0
0;11;0.00;0.00;0;0;0
0;5;0.00;0.00;0;0;0
0;8;0.00;0.00;0;0;0
0;8;0.00;0.00;0;0;0
0;9;0.00;0.00;0;0;0
0;8;0.00;0.00;0;0;0
0;8;0.00;0.00;0;0;0
0;8;0.00;0.00;0;0;0
0;9;0.00;0.00;0;0;0
0;8;0.00;0.00;0;0;0
0;8;0.00;0.00;0;0;0
0;8;0.00;0.00;0;0;0
0;11;0.00;0.00;0;0;0
0;5;0.00;0.00;0;0;0
0;9;0.00;0.00;0;0;0
0;8;0.00;0.00;0;0;0
0;8;0.00;0.00;0;0;0
0;8;0.00;0.00;0;0;0
0;8;0.00;0.00;0;0;0
0;9;0.00;0.00;0;0;0
0;8;0.00;0.00;0;0;0
0;8;0.00;0.00;0;0;0
0;8;0.00;0.00;0;0;0
0;8;0.00;0.00;0;0;0
0;10;0.00;0.00;0;0;0
0;7;0.00;0.00;0;0;0
0;8;0.00;0.00;0;0;0
0;8;0.00;0.00;0;0;0
0;9;0.00;0.00;0;0;0
0;7;0.00;0.00;0;0;0
0;9;0.00;0.00;0;0;0
0;8;0.00;0.00;0;0;0
0;8;0.00;0.00;0;0;0
0;9;0.00;0.00;0;0;0
0;7;0.00;0.00;0;0;0
0;14;0.00;0.00;0;0;0
0;8;0.00;0.00;0;0;0
0;7;0.00;0.00;0;0;0
0;8;0.00;0.00;0;0;0
0;8;0.00;0.00;0;0;0
0;9;0.00;0.00;0;0;0
0;9;0.00;0.00;0;0;0
0;7;0.00;0.00;0;0;0
0;8;0.00;0.00;0;0;0
0;8;0.00;0.00;0;0;0
0;9;0.00;0.00;0;0;0
0;10;0.00;0.00;0;0;0
0;6;0.00;0.00;0;0;0
0;8;0.00;0.00;0;0;0
0;11;0.00;0.00;0;0;0
0;6;0.00;0.00;0;0;0
0;8;0.00;0.00;0;0;0
0;8;0.00;0.00;0;0;0
0;9;0.00;0.00;0;0;0
0;7;0.00;0.00;0;0;0
0;9;0.00;0.00;0;0;0
0;8;0.00;0.00;0;0;0
0;8;0.00;0.00;0;0;0
0;8;0.00;0.00;0;0;0
0;11;0.00;0.00;0;0;0
0;9;0.00;0.00;0;0;0
0;5;0.00;0.00;0;0;0
0;8;0.00;0.00;0;0;0
0;8;0.00;0.00;0;0;0
0;11;0.00;0.00;0;0;0
0;5;0.00;0.00;0;0;0
0;9;0.00;0.00;0;0;0
0;8;0.00;0.00;0;0;0
0;11;0.00;0.00;0;0;0
0;6;0.00;0.00;0;0;0
0;7;0.00;0.00;0;0;0
0;9;0.00;0.00;0;0;0
0;10;0.00;0.00;0;0;0
0;6;0.00;0.00;0;0;0
0;8;0.00;0.00;0;0;0
0;8;0.00;0.00;0;0;0
0;10;0.00;0.00;0;0;0
0;7;0.00;0.00;0;0;0
0;8;0.00;0.00;0;0;0
0;8;0.00;0.00;0;0;0
0;8;0.00;0.00;0;0;0
0;9;0.00;0.00;0;0;0
0;8;0.00;0.00;0;0;0
0;8;0.00;0.00;0;0;0
0;8;0.00;0.00;0;0;0
0;8;0.00;0.00;0;0;0
0;9;0.00;0.00;0;0;0
0;8;0.00;0.00;0;0;0
0;8;0.00;0.00;0;0;0
0;8;0.00;0.00;0;0;0
0;8;0.00;0.00;0;0;0
0;8;0.00;0.00;0;0;0
0;9;0.00;0.00;0;0;0
0;11;0.00;0.00;0;0;0
0;5;0.00;0.00;0;0;0
0;8;0.00;0.00;0;0;0
0;8;0.00;0.00;0;0;0
0;12;0.00;0.00;0;0;0
0;5;0.00;0.00;0;0;0
0;8;0.00;0.00;0;0;0
0;8;0.00;0.00;0;0;0
0;8;0.00;0.00;0;0;0
0;9;0.00;0.00;0;0;0
0;8;0.00;0.00;0;0;0
0;8;0.00;0.00;0;0;0
0;11;0.00;0.00;0;0;0
0;5;0.00;0.00;0;0;0
0;9;0.00;0.00;0;0;0
0;8;0.00;0.00;0;0;0
0;8;0.00;0.00;0;0;0
0;9;0.00;0.00;0;0;0
0;7;0.00;0.00;0;0;0
0;8;0.00;0.00;0;0;0
0;13;0.00;0.00;0;0;0
0;8;0.00;0.00;0;0;0
0;8;0.00;0.00;0;0;0
0;9;0.00;0.00;0;0;0
0;8;0.00;0.00;0;0;0
0;8;0.00;0.00;0;0;0
0;8;0.00;0.00;0;0;0
0;8;0.00;0.00;0;0;0
0;8;0.00;0.00;0;0;0
0;9;0.00;0.00;0;0;0
0;9;0.00;0.00;0;0;0
0;11;0.00;0.00;0;0;0
0;8;0.00;0.00;0;0;0
0;8;0.00;0.00;0;0;0
0;9;0.00;0.00;0;0;0
0;8;0.00;0.00;0;0;0
0;8;0.00;0.00;0;0;0
0;8;0.00;0.00;0;0;0
0;8;0.00;0.00;0;0;0
0;9;0.00;0.00;0;0;0
0;8;0.00;0.00;0;0;0
0;8;0.00;0.00;0;0;0
0;8;0.00;0.00;0;0;0
0;8;0.00;0.00;0;0;0
0;10;0.00;0.00;0;0;0
0;9;0.00;0.00;0;0;0
0;6;0.00;0.00;0;0;0
0;8;0.00;0.00;0;0;0
0;8;0.00;0.00;0;0;0
0;8;0.00;0.00;0;0;0
0;9;0.00;0.00;0;0;0
0;8;0.00;0.00;0;0;0
0;8;0.00;0.00;0;0;0
0;8;0.00;0.00;0;0;0
0;8;0.00;0.00;0;0;0
0;9;0.00;0.00;0;0;0
0;8;0.00;0.00;0;0;0
0;8;0.00;0.00;0;0;0
0;11;0.00;0.00;0;0;0
0;5;0.00;0.00;0;0;0
0;12;0.00;0.00;0;0;0
0;5;0.00;0.00;0;0;0
0;8;0.00;0.00;0;0;0
0;8;0.00;0.00;0;0;0
0;12;0.00;0.00;0;0;0
0;9;0.00;0.00;0;0;0
0;8;0.00;0.00;0;0;0
0;11;0.00;0.00;0;0;0
0;6;0.00;0.00;0;0;0
0;7;0.00;0.00;0;0;0
0;9;0.00;0.00;0;0;0
0;10;0.00;0.00;0;0;0
0;6;0.00;0.00;0;0;0
0;8;0.00;0.00;0;0;0
0;8;0.00;0.00;0;0;0
0;12;0.00;0.00;0;0;0
0;5;0.00;0.00;0;0;0
0;8;0.00;0.00;0;0;0
0;8;0.00;0.00;0;0;0
0;8;0.00;0.00;0;0;0
0;8;0.00;0.00;0;0;0
0;9;0.00;0.00;0;0;0
0;8;0.00;0.00;0;0;0
0;8;0.00;0.00;0;0;0
0;8;0.00;0.00;0;0;0
0;8;0.00;0.00;0;0;0
0;9;0.00;0.00;0;0;0
0;10;0.00;0.00;0;0;0
0;6;0.00;0.00;0;0;0
0;8;0.00;0.00;0;0;0
0;9;0.00;0.00;0;0;0
0;8;0.00;0.00;0;0;0
0;8;0.00;0.00;0;0;0
0;9;0.00;0.00;0;0;0
0;7;0.00;0.00;0;0;0
0;8;0.00;0.00;0;0;0
0;9;0.00;0.00;0;0;0
0;8;0.00;0.00;0;0;0
0;8;0.00;0.00;0;0;0
0;8;0.00;0.00;0;0;0
0;8;0.00;0.00;0;0;0
0;9;0.00;0.00;0;0;0
0;8;0.00;0.00;0;0;0
0;8;0.00;0.00;0;0;0
0;8;0.00;0.00;0;0;0
0;8;0.00;0.00;0;0;0
0;8;0.00;0.00;0;0;0
0;9;0.00;0.00;0;0;0
0;11;0.00;0.00;0;0;0
0;5;0.00;0.00;0;0;0
0;8;0.00;0.00;0;0;0
0;8;0.00;0.00;0;0;0
0;11;0.00;0.00;0;0;0
0;6;0.00;0.00;0;0;0
0;8;0.00;0.00;0;0;0
0;8;0.00;0.00;0;0;0
0;10;0.00;0.00;0;0;0
0;7;0.00;0.00;0;0;0
0;8;0.00;0.00;0;0;0
0;8;0.00;0.00;0;0;0
0;9;0.00;0.00;0;0;0
0;7;0.00;0.00;0;0;0
0;9;0.00;0.00;0;0;0
0;8;0.00;0.00;0;0;0
0;8;0.00;0.00;0;0;0
0;8;0.00;0.00;0;0;0
0;8;0.00;0.00;0;0;0
0;9;0.00;0.00;0;0;0
0;8;0.00;0.00;0;0;0
0;8;0.00;0.00;0;0;0
0;8;0.00;0.00;0;0;0
0;8;0.00;0.00;0;0;0
0;8;0.00;0.00;0;0;0
0;9;0.00;0.00;0;0;0
0;8;0.00;0.00;0;0;0
0;8;0.00;0.00;0;0;0
0;8;0.00;0.00;0;0;0
0;8;0.00;0.00;0;0;0
0;9;0.00;0.00;0;0;0
0;8;0.00;0.00;0;0;0
0;8;0.00;0.00;0;0;0
0;8;0.00;0.00;0;0;0
0;9;0.00;0.00;0;0;0
0;8;0.00;0.00;0;0;0
0;8;0.00;0.00;0;0;0
0;11;0.00;0.00;0;0;0
0;5;0.00;0.00;0;0;0
0;8;0.00;0.00;0;0;0
0;9;0.00;0.00;0;0;0
0;9;0.00;0.00;0;0;0
0;7;0.00;0.00;0;0;0
0;9;0.00;0.00;0;0;0
0;8;0.00;0.00;0;0;0
0;12;0.00;0.00;0;0;0
0;8;0.00;0.00;0;0;0
0;8;0.00;0.00;0;0;0
0;8;0.00;0.00;0;0;0
0;10;0.00;0.00;0;0;0
0;7;0.00;0.00;0;0;0
0;9;0.00;0.00;0;0;0
0;7;0.00;0.00;0;0;0
0;9;0.00;0.00;0;0;0
0;7;0.00;0.00;0;0;0
0;9;0.00;0.00;0;0;0
0;10;0.00;0.00;0;0;0
0;8;0.00;0.00;0;0;0
0;6;0.00;0.00;0;0;0
0;8;0.00;0.00;0;0;0
0;12;0.00;0.00;0;0;0
0;5;0.00;0.00;0;0;0
0;8;0.00;0.00;0;0;0
0;8;0.00;0.00;0;0;0
0;11;0.00;0.00;0;0;0
0;5;0.00;0.00;0;0;0
0;9;0.00;0.00;0;0;0
0;8;0.00;0.00;0;0;0
0;11;0.00;0.00;0;0;0
0;5;0.00;0.00;0;0;0
0;8;0.00;0.00;0;0;0
0;11;0.00;0.00;0;0;0
0;7;0.00;0.00;0;0;0
0;8;0.00;0.00;0;0;0
0;7;0.00;0.00;0;0;0
0;8;0.00;0.00;0;0;0
0;11;0.00;0.00;0;0;0
0;6;0.00;0.00;0;0;0
0;8;0.00;0.00;0;0;0
0;8;0.00;0.00;0;0;0
0;8;0.00;0.00;0;0;0
0;9;0.00;0.00;0;0;0
0;8;0.00;0.00;0;0;0
0;8;0.00;0.00;0;0;0
0;8;0.00;0.00;0;0;0
0;8;0.00;0.00;0;0;0
0;8;0.00;0.00;0;0;0
0;9;0.00;0.00;0;0;0
0;8;0.00;0.00;0;0;0
0;8;0.00;0.00;0;0;0
0;8;0.00;0.00;0;0;0
0;8;0.00;0.00;0;0;0
0;9;0.00;0.00;0;0;0
0;8;0.00;0.00;0;0;0
0;8;0.00;0.00;0;0;0
0;8;0.00;0.00;0;0;0
0;9;0.00;0.00;0;0;0
0;8;0.00;0.00;0;0;0
0;8;0.00;0.00;0;0;0
0;8;0.00;0.00;0;0;0
0;8;0.00;0.00;0;0;0
0;12;0.00;0.00;0;0;0
0;9;0.00;0.00;0;0;0
0;8;0.00;0.00;0;0;0
0;8;0.00;0.00;0;0;0
0;8;0.00;0.00;0;0;0
0;8;0.00;0.00;0;0;0
0;9;0.00;0.00;0;0;0
0;8;0.00;0.00;0;0;0
0;9;0.00;0.00;0;0;0
0;7;0.00;0.00;0;0;0
0;8;0.00;0.00;0;0;0
0;9;0.00;0.00;0;0;0
0;8;0.00;0.00;0;0;0
0;8;0.00;0.00;0;0;0
0;8;0.00;0.00;0;0;0
0;8;0.00;0.00;0;0;0
0;11;0.00;0.00;0;0;0
0;6;0.00;0.00;0;0;0
0;8;0.00;0.00;0;0;0
0;11;0.00;0.00;0;0;0
0;5;0.00;0.00;0;0;0
0;8;0.00;0.00;0;0;0
0;9;0.00;0.00;0;0;0
0;11;0.00;0.00;0;0;0
0;5;0.00;0.00;0;0;0
0;8;0.00;0.00;0;0;0
0;8;0.00;0.00;0;0;0
0;9;0.00;0.00;0;0;0
0;8;0.00;0.00;0;0;0
0;8;0.00;0.00;0;0;0
0;8;0.00;0.00;0;0;0
0;8;0.00;0.00;0;0;0
0;9;0.00;0.00;0;0;0
0;8;0.00;0.00;0;0;0
0;8;0.00;0.00;0;0;0
0;8;0.00;0.00;0;0;0
0;8;0.00;0.00;0;0;0
0;9;0.00;0.00;0;0;0
0;8;0.00;0.00;0;0;0
0;8;0.00;0.00;0;0;0
0;8;0.00;0.00;0;0;0
0;10;0.00;0.00;0;0;0
0;7;0.00;0.00;0;0;0
0;8;0.00;0.00;0;0;0
0;8;0.00;0.00;0;0;0
0;9;0.00;0.00;0;0;0
0;7;0.00;0.00;0;0;0
0;8;0.00;0.00;0;0;0
0;9;0.00;0.00;0;0;0
0;8;0.00;0.00;0;0;0
0;8;0.00;0.00;0;0;0
0;8;0.00;0.00;0;0;0
0;8;0.00;0.00;0;0;0
0;11;0.00;0.00;0;0;0
0;6;0.00;0.00;0;0;0
0;8;0.00;0.00;0;0;0
0;8;0.00;0.00;0;0;0
0;9;0.00;0.00;0;0;0
0;8;0.00;0.00;0;0;0
0;8;0.00;0.00;0;0;0
0;7;0.00;0.00;0;0;0
0;8;0.00;0.00;0;0;0
0;9;0.00;0.00;0;0;0
0;9;0.00;0.00;0;0;0
0;11;0.00;0.00;0;0;0
0;5;0.00;0.00;0;0;0
0;8;0.00;0.00;0;0;0
0;8;0.00;0.00;0;0;0
0;9;0.00;0.00;0;0;0
0;8;0.00;0.00;0;0;0
0;8;0.00;0.00;0;0;0
0;8;0.00;0.00;0;0;0
0;9;0.00;0.00;0;0;0
0;7;0.00;0.00;0;0;0
0;11;0.00;0.00;0;0;0
0;6;0.00;0.00;0;0;0
0;8;0.00;0.00;0;0;0
0;9;0.00;0.00;0;0;0
0;8;0.00;0.00;0;0;0
0;8;0.00;0.00;0;0;0
0;8;0.00;0.00;0;0;0
0;8;0.00;0.00;0;0;0
0;12;0.00;0.00;0;0;0
0;10;0.00;0.00;0;0;0
0;7;0.00;0.00;0;0;0
0;11;0.00;0.00;0;0;0
0;5;0.00;0.00;0;0;0
0;11;0.00;0.00;0;0;0
0;10;0.00;0.00;0;0;0
0;8;0.00;0.00;0;0;0
0;8;0.00;0.00;0;0;0
0;12;0.00;0.00;0;0;0
0;14;0.00;0.00;0;0;0
0;7;0.00;0.00;0;0;0
0;8;0.00;0.00;0;0;0
0;11;0.00;0.00;0;0;0
0;7;0.00;0.00;0;0;0
0;6;0.00;0.00;0;0;0
0;9;0.00;0.00;0;0;0
0;8;0.00;0.00;0;0;0
0;9;0.00;0.00;0;0;0
0;7;0.00;0.00;0;0;0
0;8;0.00;0.00;0;0;0
0;9;0.00;0.00;0;0;0
0;8;0.00;0.00;0;0;0
0;8;0.00;0.00;0;0;0
0;8;0.00;0.00;0;0;0
0;9;0.00;0.00;0;0;0
0;8;0.00;0.00;0;0;0
0;9;0.00;0.00;0;0;0
0;7;0.00;0.00;0;0;0
0;10;0.00;0.00;0;0;0
0;9;0.00;0.00;0;0;0
0;10;0.00;0.00;0;0;0
0;8;0.00;0.00;0;0;0
0;9;0.00;0.00;0;0;0
0;7;0.00;0.00;0;0;0
0;10;0.00;0.00;0;0;0
0;10;0.00;0.00;0;0;0
0;5;0.00;0.00;0;0;0
0;8;0.00;0.00;0;0;0
0;8;0.00;0.00;0;0;0
0;8;0.00;0.00;0;0;0
0;9;0.00;0.00;0;0;0
0;11;0.00;0.00;0;0;0
0;5;0.00;0.00;0;0;0
0;8;0.00;0.00;0;0;0
0;8;0.00;0.00;0;0;0
0;11;0.00;0.00;0;0;0
0;6;0.00;0.00;0;0;0
0;8;0.00;0.00;0;0;0
0;8;0.00;0.00;0;0;0
0;11;0.00;0.00;0;0;0
0;5;0.00;0.00;0;0;0
0;9;0.00;0.00;0;0;0
0;8;0.00;0.00;0;0;0
0;9;0.00;0.00;0;0;0
0;7;0.00;0.00;0;0;0
0;8;0.00;0.00;0;0;0
0;9;0.00;0.00;0;0;0
0;8;0.00;0.00;0;0;0
0;8;0.00;0.00;0;0;0
0;8;0.00;0.00;0;0;0
0;8;0.00;0.00;0;0;0
0;12;0.00;0.00;0;0;0
0;5;0.00;0.00;0;0;0
0;8;0.00;0.00;0;0;0
0;8;0.00;0.00;0;0;0
0;10;0.00;0.00;0;0;0
0;7;0.00;0.00;0;0;0
0;8;0.00;0.00;0;0;0
0;8;0.00;0.00;0;0;0
0;12;0.00;0.00;0;0;0
0;8;0.00;0.00;0;0;0
0;9;0.00;0.00;0;0;0
0;10;0.00;0.00;0;0;0
0;6;0.00;0.00;0;0;0
0;8;0.00;0.00;0;0;0
0;8;0.00;0.00;0;0;0
0;9;0.00;0.00;0;0;0
0;8;0.00;0.00;0;0;0
0;8;0.00;0.00;0;0;0
0;8;0.00;0.00;0;0;0
0;8;0.00;0.00;0;0;0
0;7;0.00;0.00;0;0;0
0;10;0.00;0.00;0;0;0
0;8;0.00;0.00;0;0;0
0;9;0.00;0.00;0;0;0
0;7;0.00;0.00;0;0;0
0;8;0.00;0.00;0;0;0
0;9;-0.02;0.00;-1;0;0
0;8;0.00;0.00;0;0;0
0;8;0.00;0.00;0;0;0
0;8;0.00;0.00;0;0;0
0;8;0.00;0.00;0;0;0
0;9;0.00;0.00;0;0;0
0;8;0.00;0.00;0;0;0
0;7;0.00;0.00;0;0;0
0;9;-0.02;0.00;-1;0;0
0;7;0.00;0.00;0;0;0
0;10;0.00;0.00;0;0;0
0;8;0.00;0.00;0;0;0
0;7;0.00;0.00;0;0;0
0;8;0.00;0.00;0;0;0
0;11;-0.02;0.00;-1;0;0
0;7;0.00;0.00;0;0;0
0;8;0.00;0.00;0;0;0
0;8;0.00;0.00;0;0;0
0;11;0.00;0.00;0;0;0
0;5;0.00;0.00;0;0;0
0;9;0.00;0.00;0;0;0
0;9;-0.02;0.00;-1;0;0
0;9;0.00;0.00;0;0;0
0;6;0.00;0.00;0;0;0
0;8;0.00;0.00;0;0;0
0;7;0.00;0.00;0;0;0
0;10;0.00;0.00;0;0;0
0;8;0.00;0.00;0;0;0
0;8;0.00;0.00;0;0;0
0;7;-0.02;0.00;-1;0;0
0;9;0.00;0.00;0;0;0
0;9;0.00;0.00;0;0;0
0;8;0.00;0.00;0;0;0
0;7;0.00;0.00;0;0;0
0;11;0.00;0.00;0;0;0
0;8;0.00;0.00;0;0;0
0;8;-0.02;0.00;-1;0;0
0;7;0.00;0.00;0;0;0
0;9;0.00;0.00;0;0;0
0;7;0.00;0.00;0;0;0
0;8;0.00;0.00;0;0;0
0;10;0.00;0.00;0;0;0
0;7;0.00;0.00;0;0;0
0;8;0.00;0.00;0;0;0
0;7;0.00;0.00;0;0;0
0;9;-0.02;0.00;-1;0;0
0;9;0.00;0.00;0;0;0
0;8;0.00;0.00;0;0;0
0;8;0.00;0.00;0;0;0
0;8;0.00;0.00;0;0;0
0;7;0.00;0.00;0;0;0
0;9;0.00;0.00;0;0;0
0;11;0.00;0.00;0;0;0
0;6;0.00;0.00;0;0;0
0;8;0.00;0.00;0;0;0
0;10;0.00;0.00;0;0;0
0;6;0.00;0.00;0;0;0
0;10;0.00;0.00;0;0;0
0;7;0.00;0.00;0;0;0
0;9;0.00;0.00;0;0;0
0;7;0.00;0.00;0;0;0
0;8;0.00;0.00;0;0;0
0;9;0.00;0.00;0;0;0
0;8;0.00;0.00;0;0;0
0;8;0.00;0.00;0;0;0
0;7;0.00;0.00;0;0;0
0;9;0.00;0.00;0;0;0
0;12;0.00;0.00;0;0;0
0;5;0.00;0.00;0;0;0
0;7;0.00;0.00;0;0;0
0;9;0.00;0.00;0;0;0
0;8;0.00;0.00;0;0;0
0;8;0.00;0.00;0;0;0
0;9;0.00;0.00;0;0;0
0;8;0.00;0.00;0;0;0
0;9;0.00;0.00;0;0;0
0;7;0.00;0.00;0;0;0
0;7;0.00;0.00;0;0;0
0;9;0.00;0.00;0;0;0
0;10;0.00;0.00;0;0;0
0;7;0.00;0.00;0;0;0
0;8;0.00;0.00;0;0;0
0;8;0.00;0.00;0;0;0
0;11;0.00;0.00;0;0;0
0;6;0.00;0.00;0;0;0
0;8;0.00;0.00;0;0;0
0;7;0.00;0.00;0;0;0
0;16;0.00;0.00;0;0;0
0;6;0.00;0.00;0;0;0
0;8;0.00;0.00;0;0;0
0;7;0.00;0.00;0;0;0
0;8;0.00;0.00;0;0;0
0;8;0.00;0.00;0;0;0
0;9;0.00;0.00;0;0;0
0;13;0.00;0.00;0;0;0
0;8;0.00;0.00;0;0;0
0;11;0.00;0.00;0;0;0
0;5;0.00;0.00;0;0;0
0;9;0.00;0.00;0;0;0
0;8;0.00;0.00;0;0;0
0;8;0.00;0.00;0;0;0
0;7;0.00;0.00;0;0;0
0;8;0.00;0.00;0;0;0
0;9;0.00;0.00;0;0;0
0;8;0.00;0.00;0;0;0
0;8;0.00;0.00;0;0;0
0;8;0.00;0.00;0;0;0
0;9;0.00;0.00;0;0;0
0;9;0.00;0.00;0;0;0
0;8;0.00;0.00;0;0;0
0;7;0.00;0.00;0;0;0
0;12;0.00;0.00;0;0;0
0;5;0.00;0.00;0;0;0
0;12;0.00;0.00;0;0;0
0;8;0.00;0.00;0;0;0
0;8;0.00;0.00;0;0;0
0;10;0.00;0.00;0;0;0
0;7;0.00;0.00;0;0;0
0;12;0.00;0.00;0;0;0
0;8;0.00;0.00;0;0;0
0;8;0.00;0.00;0;0;0
0;8;0.00;0.00;0;0;0
0;9;0.00;0.00;0;0;0
0;9;0.00;0.00;0;0;0
0;7;0.00;0.00;0;0;0
0;8;0.00;0.00;0;0;0
0;9;0.00;0.00;0;0;0
0;7;0.00;0.00;0;0;0
0;10;0.00;0.00;0;0;0
0;7;0.00;0.00;0;0;0
0;9;0.00;0.00;0;0;0
0;8;0.00;0.00;0;0;0
0;7;0.00;0.00;0;0;0
0;10;0.00;0.00;0;0;0
0;7;0.00;0.00;0;0;0
0;8;0.00;0.00;0;0;0
0;8;0.00;0.00;0;0;0
0;12;0.00;0.00;0;0;0
0;6;0.00;0.00;0;0;0
0;8;0.00;0.00;0;0;0
0;8;0.00;0.00;0;0;0
0;10;0.00;0.00;0;0;0
0;6;0.00;0.00;0;0;0
0;9;0.00;0.00;0;0;0
0;8;0.00;0.00;0;0;0
0;7;0.00;0.00;0;0;0
0;8;0.00;0.00;0;0;0
0;9;0.00;0.00;0;0;0
0;7;0.00;0.00;0;0;0
0;9;0.00;0.00;0;0;0
0;9;0.00;0.00;0;0;0
0;9;0.00;0.00;0;0;0
0;7;0.00;0.00;0;0;0
0;8;0.00;0.00;0;0;0
0;9;0.00;0.00;0;0;0
0;8;0.00;0.00;0;0;0
0;8;0.00;0.00;0;0;0
0;8;0.00;0.00;0;0;0
0;7;0.00;0.00;0;0;0
0;9;0.00;0.00;0;0;0
0;8;0.00;0.00;0;0;0
0;8;0.00;0.00;0;0;0
0;8;0.00;0.00;0;0;0
0;9;0.00;0.00;0;0;0
0;8;0.00;0.00;0;0;0
0;8;0.00;0.00;0;0;0
0;8;0.00;0.00;0;0;0
0;10;0.00;0.00;0;0;0
0;7;0.00;0.00;0;0;0
0;9;0.00;0.00;0;0;0
0;8;0.00;0.00;0;0;0
0;8;0.00;0.00;0;0;0
0;7;0.00;0.00;0;0;0
0;8;0.00;0.00;0;0;0
0;8;0.00;0.00;0;0;0
0;10;0.00;0.00;0;0;0
0;7;0.00;0.00;0;0;0
0;8;0.00;0.00;0;0;0
0;11;0.00;0.00;0;0;0
0;6;0.00;0.00;0;0;0
0;9;0.00;0.00;0;0;0
0;8;0.00;0.00;0;0;0
0;11;0.00;0.00;0;0;0
0;5;0.00;0.00;0;0;0
0;7;0.00;0.00;0;0;0
0;9;0.00;0.00;0;0;0
0;8;0.00;0.00;0;0;0
0;8;0.00;0.00;0;0;0
0;8;0.00;0.00;0;0;0
0;8;0.00;0.00;0;0;0
0;12;0.00;0.00;0;0;0
0;6;0.00;0.00;0;0;0
0;8;0.00;0.00;0;0;0
0;8;0.00;0.00;0;0;0
0;8;0.00;0.00;0;0;0
0;7;0.00;0.00;0;0;0
0;10;0.00;0.00;0;0;0
0;8;0.00;0.00;0;0;0
0;7;0.00;0.00;0;0;0
0;8;0.00;0.00;0;0;0
0;10;0.00;0.00;0;0;0
0;8;0.00;0.00;0;0;0
0;11;0.00;0.00;0;0;0
0;5;0.00;0.00;0;0;0
0;9;0.00;0.00;0;0;0
0;7;0.00;0.00;0;0;0
0;8;0.00;0.00;0;0;0
0;9;0.00;0.00;0;0;0
0;11;0.00;0.00;0;0;0
0;5;0.00;0.00;0;0;0
0;7;0.00;0.00;0;0;0
0;9;0.00;0.00;0;0;0
0;11;0.00;0.00;0;0;0
0;6;0.00;0.00;0;0;0
0;8;0.00;0.00;0;0;0
0;7;0.00;0.00;0;0;0
0;14;0.00;0.00;0;0;0
0;7;0.00;0.00;0;0;0
0;8;0.00;0.00;0;0;0
0;9;0.00;0.00;0;0;0
0;8;0.00;0.00;0;0;0
0;8;0.00;0.00;0;0;0
0;9;0.00;0.00;0;0;0
0;7;0.00;0.00;0;0;0
0;8;0.00;0.00;0;0;0
0;8;0.00;0.00;0;0;0
0;9;0.00;0.00;0;0;0
0;9;0.00;0.00;0;0;0
0;7;0.00;0.00;0;0;0
0;8;0.00;0.00;0;0;0
0;8;0.00;0.00;0;0;0
0;8;0.00;0.00;0;0;0
0;10;0.00;0.00;0;0;0
0;8;0.00;0.00;0;0;0
0;8;0.00;0.00;0;0;0
0;8;0.00;0.00;0;0;0
0;7;0.00;0.00;0;0;0
0;11;0.00;0.00;0;0;0
0;7;0.00;0.00;0;0;0
0;8;0.00;0.00;0;0;0
0;8;0.00;0.00;0;0;0
0;7;0.00;0.00;0;0;0
0;10;0.00;0.00;0;0;0
0;8;0.00;0.00;0;0;0
0;8;0.00;0.00;0;0;0
0;8;0.00;0.00;0;0;0
0;8;0.00;0.00;0;0;0
0;8;0.00;0.00;0;0;0
0;9;0.00;0.00;0;0;0
0;7;0.00;0.00;0;0;0
0;8;0.00;0.00;0;0;0
0;8;0.00;0.00;0;0;0
0;9;0.00;0.00;0;0;0
0;8;0.00;0.00;0;0;0
0;8;0.00;0.00;0;0;0
0;8;0.00;0.00;0;0;0
0;12;0.00;0.00;0;0;0
0;9;0.00;0.00;0;0;0
0;8;0.00;0.00;0;0;0
0;8;0.00;0.00;0;0;0
0;8;0.00;0.00;0;0;0
0;8;0.00;0.00;0;0;0
0;9;0.00;0.00;0;0;0
0;13;0.00;0.00;0;0;0
0;8;0.00;0.00;0;0;0
0;7;0.00;0.00;0;0;0
0;8;0.00;0.00;0;0;0
0;9;0.00;0.00;0;0;0
0;8;0.00;0.00;0;0;0
0;8;0.00;0.00;0;0;0
0;8;0.00;0.00;0;0;0
0;12;0.00;0.00;0;0;0
0;6;0.00;0.00;0;0;0
0;7;0.00;0.00;0;0;0
0;8;0.00;0.00;0;0;0
0;8;0.00;0.00;0;0;0
0;8;0.00;0.00;0;0;0
0;9;0.00;0.00;0;0;0
0;14;0.00;0.00;0;0;0
0;7;0.00;0.00;0;0;0
0;7;0.00;0.00;0;0;0
0;8;0.00;0.00;0;0;0
0;11;0.00;0.00;0;0;0
0;7;0.00;0.00;0;0;0
0;8;0.00;0.00;0;0;0
0;7;0.00;0.00;0;0;0
0;12;0.00;0.00;0;0;0
0;6;0.00;0.00;0;0;0
0;8;0.00;0.00;0;0;0
0;8;0.00;0.00;0;0;0
0;7;0.00;0.00;0;0;0
0;8;0.00;0.00;0;0;0
0;10;0.00;0.00;0;0;0
0;9;0.00;0.00;0;0;0
0;7;0.00;0.00;0;0;0
0;8;0.00;0.00;0;0;0
0;8;0.00;0.00;0;0;0
0;9;0.00;0.00;0;0;0
0;8;0.00;0.00;0;0;0
0;7;0.00;0.00;0;0;0
0;10;0.00;0.00;0;0;0
0;7;0.00;0.00;0;0;0
0;7;0.00;0.00;0;0;0
0;13;0.00;0.00;0;0;0
0;8;0.00;0.00;0;0;0
0;8;0.00;0.00;0;0;0
0;8;0.00;0.00;0;0;0
0;12;0.00;0.00;0;0;0
0;6;0.00;0.00;0;0;0
0;7;0.00;0.00;0;0;0
0;8;0.00;0.00;0;0;0
0;10;0.00;0.00;0;0;0
0;7;0.00;0.00;0;0;0
0;9;0.00;0.00;0;0;0
0;8;0.00;0.00;0;0;0
0;8;0.00;0.00;0;0;0
0;7;0.00;0.00;0;0;0
0;16;0.00;0.00;0;0;0
0;10;0.00;0.00;0;0;0
0;8;0.00;0.00;0;0;0
0;7;0.00;0.00;0;0;0
0;8;0.00;0.00;0;0;0
0;11;0.00;0.00;0;0;0
0;7;0.00;0.00;0;0;0
0;8;0.00;0.00;0;0;0
0;11;0.00;0.00;0;0;0
0;5;0.00;0.00;0;0;0
0;7;0.00;0.00;0;0;0
0;9;0.00;0.00;0;0;0
0;9;0.00;0.00;0;0;0
0;8;0.00;0.00;0;0;0
0;7;0.00;0.00;0;0;0
0;8;0.00;0.00;0;0;0
0;9;0.00;0.00;0;0;0
0;8;0.00;0.00;0;0;0
0;8;0.00;0.00;0;0;0
0;8;0.00;0.00;0;0;0
0;8;0.00;0.00;0;0;0
0;9;0.00;0.00;0;0;0
0;9;0.00;0.00;0;0;0
0;7;0.00;0.00;0;0;0
0;8;0.00;0.00;0;0;0
0;8;0.00;0.00;0;0;0
0;11;0.00;0.00;0;0;0
0;7;0.00;0.00;0;0;0
0;7;0.00;0.00;0;0;0
0;8;0.00;0.00;0;0;0
0;11;0.00;0.00;0;0;0
0;7;0.00;0.00;0;0;0
0;9;0.00;0.00;0;0;0
0;7;0.00;0.00;0;0;0
0;13;0.00;0.00;0;0;0
0;7;0.00;0.00;0;0;0
0;8;0.00;0.00;0;0;0
0;9;0.00;0.00;0;0;0
0;7;0.00;0.00;0;0;0
0;9;0.00;0.00;0;0;0
0;7;0.00;0.00;0;0;0
0;12;0.00;0.00;0;0;0
0;6;0.00;0.00;0;0;0
0;8;0.00;0.00;0;0;0
0;7;0.00;0.00;0;0;0
0;9;0.00;0.00;0;0;0
0;7;0.00;0.00;0;0;0
0;9;0.00;0.00;0;0;0
0;8;0.00;0.00;0;0;0
0;10;0.00;0.00;0;0;0
0;7;0.00;0.00;0;0;0
0;7;0.00;0.00;0;0;0
0;9;0.00;0.00;0;0;0
0;11;0.00;0.00;0;0;0
0;6;0.00;0.00;0;0;0
0;7;0.00;0.00;0;0;0
0;8;0.00;0.00;0;0;0
0;10;0.00;0.00;0;0;0
0;8;0.00;0.00;0;0;0
0;7;0.00;0.00;0;0;0
0;8;0.00;0.00;0;0;0
0;9;0.00;0.00;0;0;0
0;9;0.00;0.00;0;0;0
0;7;0.00;0.00;0;0;0
0;16;0.00;0.00;0;0;0
0;13;0.00;0.00;0;0;0
0;9;0.00;0.00;0;0;0
0;8;0.00;0.00;0;0;0
0;8;0.00;0.00;0;0;0
0;21;0.00;0.00;0;0;0
0;36;0.00;0.00;0;0;0
0;8;0.00;0.00;0;0;0
0;9;0.00;0.00;0;0;0
0;7;0.00;0.00;0;0;0
0;8;0.00;0.00;0;0;0
0;8;0.00;0.00;0;0;0
0;10;0.00;0.00;0;0;0
0;7;0.00;0.00;0;0;0
0;9;0.00;0.00;0;0;0
0;7;0.00;0.00;0;0;0
0;8;0.00;0.00;0;0;0
0;8;0.00;0.00;0;0;0
0;9;0.00;0.00;0;0;0
0;8;0.00;0.00;0;0;0
0;9;0.00;0.00;0;0;0
0;7;0.00;0.00;0;0;0
0;8;0.00;0.00;0;0;0
0;9;0.00;0.00;0;0;0
0;8;0.00;0.00;0;0;0
0;8;0.00;0.00;0;0;0
0;8;0.00;0.00;0;0;0
0;8;0.00;0.00;0;0;0
0;9;0.00;0.00;0;0;0
0;8;0.00;0.00;0;0;0
0;8;0.00;0.00;0;0;0
0;8;0.00;0.00;0;0;0
0;8;0.00;0.00;0;0;0
0;9;0.00;0.00;0;0;0
0;8;0.00;0.00;0;0;0
0;13;0.00;0.00;0;0;0
0;8;0.00;0.00;0;0;0
0;7;0.00;0.00;0;0;0
0;14;0.00;0.00;0;0;0
0;9;0.00;0.00;0;0;0
0;7;0.00;0.00;0;0;0
0;8;0.00;0.00;0;0;0
0;10;0.00;0.00;0;0;0
0;12;0.00;0.00;0;0;0
0;7;0.00;0.00;0;0;0
0;7;0.00;0.00;0;0;0
0;8;0.00;0.00;0;0;0
0;9;0.00;0.00;0;0;0
0;8;0.00;0.00;0;0;0
0;8;0.00;0.00;0;0;0
0;8;0.00;0.00;0;0;0
0;10;0.00;0.00;0;0;0
0;7;0.00;0.00;0;0;0
0;9;0.00;0.00;0;0;0
0;7;0.00;0.00;0;0;0
0;11;0.00;0.00;0;0;0
0;6;0.00;0.00;0;0;0
0;8;0.00;0.00;0;0;0
0;10;0.00;0.00;0;0;0
0;14;0.00;0.00;0;0;0
0;12;0.00;0.00;0;0;0
0;8;0.00;0.00;0;0;0
0;9;0.00;0.00;0;0;0
0;8;0.00;0.00;0;0;0
0;8;0.00;0.00;0;0;0
0;9;0.00;0.00;0;0;0
0;7;0.00;0.00;0;0;0
0;9;0.00;0.00;0;0;0
0;8;0.00;0.00;0;0;0
0;8;0.00;0.00;0;0;0
0;8;0.00;0.00;0;0;0
0;8;0.00;0.00;0;0;0
0;9;0.00;0.00;0;0;0
0;8;0.00;0.00;0;0;0
0;8;0.00;0.00;0;0;0
0;8;0.00;0.00;0;0;0
0;8;0.00;0.00;0;0;0
0;9;0.00;0.00;0;0;0
0;8;0.00;0.00;0;0;0
0;8;0.00;0.00;0;0;0
0;8;0.00;0.00;0;0;0
0;8;0.00;0.00;0;0;0
0;11;0.00;0.00;0;0;0
0;7;0.00;0.00;0;0;0
0;7;0.00;0.00;0;0;0
0;18;0.00;0.00;0;0;0
0;8;0.00;0.00;0;0;0
0;7;0.00;0.00;0;0;0
0;8;0.00;0.00;0;0;0
0;8;0.00;0.00;0;0;0
0;8;0.00;0.00;0;0;0
0;8;0.00;0.00;0;0;0
0;9;0.00;0.00;0;0;0
0;8;0.00;0.00;0;0;0
0;8;0.00;0.00;0;0;0
0;8;0.00;0.00;0;0;0
0;8;0.00;0.00;0;0;0
0;10;0.00;0.00;0;0;0
0;8;0.00;0.00;0;0;0
0;8;0.00;0.00;0;0;0
0;7;0.00;0.00;0;0;0
0;13;0.00;0.00;0;0;0
0;8;0.00;0.00;0;0;0
0;8;0.00;0.00;0;0;0
0;8;0.00;0.00;0;0;0
0;9;0.00;0.00;0;0;0
0;7;0.00;0.00;0;0;0
0;9;-0.01;0.02;0;0;1
0;9;0.00;0.00;0;0;0
0;13;0.00;0.00;0;0;0
0;7;0.00;0.00;0;0;0
0;7;0.00;0.00;0;0;0
0;10;0.00;0.00;0;0;0
0;7;-0.01;0.02;0;0;1
0;8;0.00;0.00;0;0;0
0;8;0.00;0.00;0;0;0
0;14;0.00;0.00;0;0;0
0;8;0.00;0.00;0;0;0
0;8;0.00;0.00;0;0;0
0;10;0.00;0.00;0;0;0
0;6;0.00;0.00;0;0;0
0;7;0.00;0.00;0;0;0
0;10;0.00;0.00;0;0;0
0;11;0.00;0.00;0;0;0
0;5;0.00;0.00;0;0;0
0;7;0.00;0.00;0;0;0
0;9;0.00;0.00;0;0;0
0;12;0.00;0.00;0;0;0
0;5;0.00;0.00;0;0;0
0;7;0.00;0.00;0;0;0
0;12;0.00;0.00;0;0;0
0;16;0.00;0.00;0;0;0
0;6;0.00;0.00;0;0;0
0;7;0.00;0.00;0;0;0
0;11;0.00;0.00;0;0;0
0;5;0.00;0.00;0;0;0
0;9;0.00;0.00;0;0;0
0;8;0.00;0.00;0;0;0
0;12;0.00;0.00;0;0;0
0;13;0.00;0.00;0;0;0
0;8;0.00;0.00;0;0;0
0;9;0.00;0.00;0;0;0
0;7;0.00;0.00;0;0;0
0;9;0.00;0.00;0;0;0
0;7;0.00;0.00;0;0;0
0;8;0.00;0.00;0;0;0
0;9;0.00;0.00;0;0;0
0;8;0.00;0.00;0;0;0
0;8;0.00;0.00;0;0;0
0;8;0.00;0.00;0;0;0
0;8;0.00;0.00;0;0;0
0;10;0.00;0.00;0;0;0
0;7;0.00;0.00;0;0;0
0;9;0.00;0.00;0;0;0
0;13;0.00;0.00;0;0;0
0;6;0.00;0.00;0;0;0
0;9;0.00;0.00;0;0;0
0;8;0.00;0.00;0;0;0
0;8;0.00;0.00;0;0;0
0;8;0.00;0.00;0;0;0
0;8;0.00;0.00;0;0;0
0;9;0.00;0.00;0;0;0
0;8;0.00;0.00;0;0;0
0;8;0.00;0.00;0;0;0
0;8;0.00;0.00;0;0;0
0;8;0.00;0.00;0;0;0
0;9;0.00;0.00;0;0;0
0;8;0.00;0.00;0;0;0
0;8;0.00;0.00;0;0;0
0;8;0.00;0.00;0;0;0
0;8;0.00;0.00;0;0;0
0;9;0.00;0.00;0;0;0
0;8;0.00;0.00;0;0;0
0;8;0.00;0.00;0;0;0
0;8;0.00;0.00;0;0;0
0;8;0.00;0.00;0;0;0
0;9;0.00;0.00;0;0;0
0;9;0.00;0.00;0;0;0
0;7;0.00;0.00;0;0;0
0;8;0.00;0.00;0;0;0
0;8;0.00;0.00;0;0;0
0;12;0.00;0.00;0;0;0
0;5;0.00;0.00;0;0;0
0;8;0.00;0.00;0;0;0
0;8;0.00;0.00;0;0;0
0;9;0.00;0.00;0;0;0
0;7;0.00;0.00;0;0;0
0;9;0.00;0.00;0;0;0
0;8;0.00;0.00;0;0;0
0;8;0.00;0.00;0;0;0
0;8;0.00;0.00;0;0;0
0;10;0.00;0.00;0;0;0
0;7;0.00;0.00;0;0;0
0;9;0.00;0.00;0;0;0
0;7;0.00;0.00;0;0;0
0;9;0.00;0.00;0;0;0
0;7;0.00;0.00;0;0;0
0;9;0.00;0.00;0;0;0
0;8;0.00;0.00;0;0;0
0;10;0.00;0.00;0;0;0
0;6;0.00;0.00;0;0;0
0;8;0.00;0.00;0;0;0
0;9;0.00;0.00;0;0;0
0;8;0.00;0.00;0;0;0
0;8;0.00;0.00;0;0;0
0;9;0.00;0.00;0;0;0
0;7;0.00;0.00;0;0;0
0;10;0.00;0.00;0;0;0
0;7;0.00;0.00;0;0;0
0;8;0.00;0.00;0;0;0
0;8;0.00;0.00;0;0;0
0;9;0.00;0.00;0;0;0
0;7;0.00;0.00;0;0;0
0;9;0.00;0.00;0;0;0
0;8;0.00;0.00;0;0;0
0;9;0.00;0.00;0;0;0
0;7;0.00;0.00;0;0;0
0;8;0.00;0.00;0;0;0
0;12;0.00;0.00;0;0;0
0;10;0.00;0.00;0;0;0
0;7;0.00;0.00;0;0;0
0;8;0.00;0.00;0;0;0
0;8;0.00;0.00;0;0;0
0;9;0.00;0.00;0;0;0
0;8;0.00;0.00;0;0;0
0;8;0.00;0.00;0;0;0
0;8;0.00;0.00;0;0;0
0;8;0.00;0.00;0;0;0
0;9;0.00;0.00;0;0;0
0;8;0.00;0.00;0;0;0
0;8;0.00;0.00;0;0;0
0;8;0.00;0.00;0;0;0
0;8;0.00;0.00;0;0;0
0;9;0.00;0.00;0;0;0
0;9;0.00;0.00;0;0;0
0;8;0.00;0.00;0;0;0
0;7;0.00;0.00;0;0;0
0;8;0.00;0.00;0;0;0
0;9;0.00;0.00;0;0;0
0;8;0.00;0.00;0;0;0
0;8;0.00;0.00;0;0;0
0;9;0.00;0.00;0;0;0
0;7;0.00;0.00;0;0;0
0;8;0.00;0.00;0;0;0
0;9;0.00;0.00;0;0;0
0;8;0.00;0.00;0;0;0
0;8;0.00;0.00;0;0;0
0;12;0.00;0.00;0;0;0
0;5;0.00;0.00;0;0;0
0;8;0.00;0.00;0;0;0
0;8;0.00;0.00;0;0;0
0;11;0.00;0.00;0;0;0
0;5;0.00;0.00;0;0;0
0;8;0.00;0.00;0;0;0
0;9;0.00;0.00;0;0;0
0;8;0.00;0.00;0;0;0
0;8;0.00;0.00;0;0;0
0;8;0.00;0.00;0;0;0
0;8;0.00;0.00;0;0;0
0;9;0.00;0.00;0;0;0
0;8;0.00;0.00;0;0;0
0;8;0.00;0.00;0;0;0
0;9;0.00;0.00;0;0;0
0;8;0.00;0.00;0;0;0
0;8;0.00;0.00;0;0;0
0;8;0.00;0.00;0;0;0
0;8;0.00;0.00;0;0;0
0;9;0.00;0.00;0;0;0
0;7;0.00;0.00;0;0;0
0;8;0.00;0.00;0;0;0
0;9;0.00;0.00;0;0;0
0;11;0.00;0.00;0;0;0
0;5;0.00;0.00;0;0;0
0;8;0.00;0.00;0;0;0
0;8;0.00;0.00;0;0;0
0;10;0.00;0.00;0;0;0
0;7;0.00;0.00;0;0;0
0;8;0.00;0.00;0;0;0
0;8;0.00;0.00;0;0;0
0;9;0.00;0.00;0;0;0
0;9;0.00;0.00;0;0;0
0;7;0.00;0.00;0;0;0
0;11;0.00;0.00;0;0;0
0;5;0.00;0.00;0;0;0
0;8;0.00;0.00;0;0;0
0;9;0.00;0.00;0;0;0
0;9;0.00;0.00;0;0;0
0;7;0.00;0.00;0;0;0
0;11;0.00;0.00;0;0;0
0;5;0.00;0.00;0;0;0
0;10;0.00;0.00;0;0;0
0;7;0.00;0.00;0;0;0
0;11;0.00;0.00;0;0;0
0;6;0.00;0.00;0;0;0
0;7;0.00;0.00;0;0;0
0;8;0.00;0.00;0;0;0
0;11;0.00;0.00;0;0;0
0;6;0.00;0.00;0;0;0
0;8;0.00;0.00;0;0;0
0;9;0.00;0.00;0;0;0
0;8;0.00;0.00;0;0;0
0;8;0.00;0.00;0;0;0
0;8;0.00;0.00;0;0;0
0;8;0.00;0.00;0;0;0
0;10;0.00;0.00;0;0;0
0;6;0.00;0.00;0;0;0
0;9;0.00;0.00;0;0;0
0;8;0.00;0.00;0;0;0
0;10;0.00;0.00;0;0;0
0;6;0.00;0.00;0;0;0
0;8;0.00;0.00;0;0;0
0;9;0.00;0.00;0;0;0
0;8;0.00;0.00;0;0;0
0;8;0.00;0.00;0;0;0
0;8;0.00;0.00;0;0;0
0;8;0.00;0.00;0;0;0
0;13;0.00;0.00;0;0;0
0;8;0.00;0.00;0;0;0
0;8;0.00;0.00;0;0;0
0;12;0.00;0.00;0;0;0
0;4;0.00;0.00;0;0;0
0;9;0.00;0.00;0;0;0
0;8;0.00;0.00;0;0;0
0;8;0.00;0.00;0;0;0
0;8;0.00;0.00;0;0;0
0;9;0.00;0.00;0;0;0
0;9;0.00;0.00;0;0;0
0;8;0.00;0.00;0;0;0
0;7;0.00;0.00;0;0;0
0;8;0.00;0.00;0;0;0
0;8;0.00;0.00;0;0;0
0;10;0.00;0.00;0;0;0
0;8;0.00;0.00;0;0;0
0;7;0.00;0.00;0;0;0
0;8;0.00;0.00;0;0;0
0;8;0.00;0.00;0;0;0
0;14;0.00;0.00;0;0;0
0;7;0.00;0.00;0;0;0
0;8;0.00;0.00;0;0;0
0;8;0.00;0.00;0;0;0
0;11;0.00;0.00;0;0;0
0;5;0.00;0.00;0;0;0
0;9;0.00;0.00;0;0;0
0;8;0.00;0.00;0;0;0
0;10;0.00;0.00;0;0;0
0;6;0.00;0.00;0;0;0
0;8;0.00;0.00;0;0;0
0;9;0.00;0.00;0;0;0
0;10;0.00;0.00;0;0;0
0;6;0.00;0.00;0;0;0
0;8;0.00;0.00;0;0;0
0;8;0.00;0.00;0;0;0
0;9;0.00;0.00;0;0;0
0;8;0.00;0.00;0;0;0
0;8;0.00;0.00;0;0;0
0;8;0.00;0.00;0;0;0
0;10;0.00;0.00;0;0;0
0;7;0.00;0.00;0;0;0
0;8;0.00;0.00;0;0;0
0;8;0.00;0.00;0;0;0
0;8;0.00;0.00;0;0;0
0;8;0.00;0.00;0;0;0
0;9;0.00;0.00;0;0;0
0;12;0.00;0.00;0;0;0
0;5;0.00;0.00;0;0;0
0;7;0.00;0.00;0;0;0
0;8;0.00;0.00;0;0;0
0;12;0.00;0.00;0;0;0
0;5;0.00;0.00;0;0;0
0;8;0.00;0.00;0;0;0
0;8;0.00;0.00;0;0;0
0;11;0.00;0.00;0;0;0
0;5;0.00;0.00;0;0;0
0;9;0.00;0.00;0;0;0
0;8;0.00;0.00;0;0;0
0;9;0.00;0.00;0;0;0
0;7;0.00;0.00;0;0;0
0;8;0.00;0.00;0;0;0
0;9;-0.02;0.00;-1;0;0
0;10;0.00;0.00;0;0;0
0;6;0.00;0.00;0;0;0
0;8;0.00;0.00;0;0;0
0;8;0.00;0.00;0;0;0
0;9;0.00;0.00;0;0;0
0;8;0.00;0.00;0;0;0
0;10;-0.02;0.00;-1;0;0
0;6;0.00;0.00;0;0;0
0;8;0.00;0.00;0;0;0
0;9;0.00;0.00;0;0;0
0;8;0.00;0.00;0;0;0
0;8;0.00;0.00;0;0;0
0;8;0.00;0.00;0;0;0
0;8;0.00;0.00;0;0;0
0;8;-0.02;0.00;-1;0;0
0;9;0.00;0.00;0;0;0
0;8;0.00;0.00;0;0;0
0;8;0.00;0.00;0;0;0
0;8;0.00;0.00;0;0;0
0;8;0.00;0.00;0;0;0
0;9;0.00;0.00;0;0;0
0;8;0.00;0.00;0;0;0
0;8;-0.02;0.00;-1;0;0
0;8;0.00;0.00;0;0;0
0;8;0.00;0.00;0;0;0
0;9;0.00;0.00;0;0;0
0;9;0.00;0.00;0;0;0
0;7;0.00;0.00;0;0;0
0;8;0.00;0.00;0;0;0
0;11;0.00;0.00;0;0;0
0;6;0.00;0.00;0;0;0
0;8;0.00;0.00;0;0;0
0;8;0.00;0.00;0;0;0
0;12;0.00;0.00;0;0;0
0;8;0.00;0.00;0;0;0
0;5;0.00;0.00;0;0;0
0;8;0.00;0.00;0;0;0
0;8;0.00;0.00;0;0;0
0;9;0.00;0.00;0;0;0
0;10;0.00;0.00;0;0;0
0;5;0.00;0.00;0;0;0
0;10;0.00;0.00;0;0;0
0;7;0.00;0.00;0;0;0
0;8;0.00;0.00;0;0;0
0;8;0.00;0.00;0;0;0
0;10;0.00;0.00;0;0;0
0;7;0.00;0.00;0;0;0
0;8;0.00;0.00;0;0;0
0;8;0.00;0.00;0;0;0
0;9;0.00;0.00;0;0;0
0;7;0.00;0.00;0;0;0
0;9;0.00;0.00;0;0;0
0;12;0.00;0.00;0;0;0
0;4;0.00;0.00;0;0;0
0;8;0.00;0.00;0;0;0
0;8;0.00;0.00;0;0;0
0;9;0.00;0.00;0;0;0
0;8;0.00;0.00;0;0;0
0;8;0.00;0.00;0;0;0
0;9;0.00;0.00;0;0;0
0;7;0.00;0.00;0;0;0
0;9;0.00;0.00;0;0;0
0;8;0.00;0.00;0;0;0
0;9;0.00;0.00;0;0;0
0;7;0.00;0.00;0;0;0
0;8;0.00;0.00;0;0;0
0;11;0.00;0.00;0;0;0
0;6;0.00;0.00;0;0;0
0;8;0.00;0.00;0;0;0
0;8;0.00;0.00;0;0;0
0;9;0.00;0.00;0;0;0
0;7;0.00;0.00;0;0;0
0;9;0.00;0.00;0;0;0
0;8;0.00;0.00;0;0;0
0;12;0.00;0.00;0;0;0
0;8;0.00;0.00;0;0;0
0;8;0.00;0.00;0;0;0
0;9;0.00;0.00;0;0;0
0;9;0.00;0.00;0;0;0
0;7;0.00;0.00;0;0;0
0;8;0.00;0.00;0;0;0
0;8;0.00;0.00;0;0;0
0;9;0.00;0.00;0;0;0
0;8;0.00;0.00;0;0;0
0;8;0.00;0.00;0;0;0
0;8;0.00;0.00;0;0;0
0;9;0.00;0.00;0;0;0
0;8;0.00;0.00;0;0;0
0;9;0.00;0.00;0;0;0
0;10;0.00;0.00;0;0;0
0;5;0.00;0.00;0;0;0
0;8;0.00;0.00;0;0;0
0;9;0.00;0.00;0;0;0
0;8;0.00;0.00;0;0;0
0;8;0.00;0.00;0;0;0
0;8;0.00;0.00;0;0;0
0;8;0.00;0.00;0;0;0
0;12;0.00;0.00;0;0;0
0;5;0.00;0.00;0;0;0
0;8;0.00;0.00;0;0;0
0;8;0.00;0.00;0;0;0
0;8;0.00;0.00;0;0;0
0;8;0.00;0.00;0;0;0
0;12;0.00;0.00;0;0;0
0;9;0.00;0.00;0;0;0
0;11;0.00;0.00;0;0;0
0;5;0.00;0.00;0;0;0
0;9;0.00;0.00;0;0;0
0;8;0.00;0.00;0;0;0
0;8;0.00;0.00;0;0;0
0;8;0.00;0.00;0;0;0
0;8;0.00;0.00;0;0;0
0;8;0.00;0.00;0;0;0
0;9;0.00;0.00;0;0;0
0;8;0.00;0.00;0;0;0
0;8;0.00;0.00;0;0;0
0;8;0.00;0.00;0;0;0
0;8;0.00;0.00;0;0;0
0;9;0.00;0.00;0;0;0
0;8;0.00;0.00;0;0;0
0;8;0.00;0.00;0;0;0
0;8;0.00;0.00;0;0;0
0;8;0.00;0.00;0;0;0
0;9;0.00;0.00;0;0;0
0;8;0.00;0.00;0;0;0
0;8;0.00;0.00;0;0;0
0;8;0.00;0.00;0;0;0
0;8;0.00;0.00;0;0;0
0;11;0.00;0.00;0;0;0
0;6;0.00;0.00;0;0;0
0;9;0.00;0.00;0;0;0
0;7;0.00;0.00;0;0;0
0;8;0.00;0.00;0;0;0
0;9;0.00;0.00;0;0;0
0;9;0.00;0.00;0;0;0
0;7;0.00;0.00;0;0;0
0;8;0.00;0.00;0;0;0
0;8;0.00;0.00;0;0;0
0;8;0.00;0.00;0;0;0
0;9;0.00;0.00;0;0;0
0;8;0.00;0.00;0;0;0
0;8;0.00;0.00;0;0;0
0;8;0.00;0.00;0;0;0
0;9;0.00;0.00;0;0;0
0;8;0.00;0.00;0;0;0
0;8;0.00;0.00;0;0;0
0;9;0.00;0.00;0;0;0
0;7;0.00;0.00;0;0;0
0;8;0.00;0.00;0;0;0
0;9;0.00;0.00;0;0;0
0;8;0.00;0.00;0;0;0
0;8;0.00;0.00;0;0;0
0;8;0.00;0.00;0;0;0
0;8;0.00;0.00;0;0;0
0;9;0.00;0.00;0;0;0
0;10;0.00;0.00;0;0;0
0;7;0.00;0.00;0;0;0
0;7;0.00;0.00;0;0;0
0;12;0.00;0.00;0;0;0
0;9;0.00;0.00;0;0;0
0;8;0.00;0.00;0;0;0
0;8;-0.02;0.00;-1;0;0
0;8;0.00;0.00;0;0;0
0;11;0.00;0.00;0;0;0
0;6;0.00;0.00;0;0;0
0;8;0.00;0.00;0;0;0
0;8;0.00;0.00;0;0;0
0;8;0.00;0.00;0;0;0
0;8;0.00;0.00;0;0;0
0;9;0.00;0.00;0;0;0
0;8;0.00;0.00;0;0;0
0;8;0.00;0.00;0;0;0
0;8;0.00;0.00;0;0;0
0;8;0.00;0.00;0;0;0
0;12;0.00;0.00;0;0;0
0;5;0.00;0.00;0;0;0
0;8;0.00;0.00;0;0;0
0;8;0.00;0.00;0;0;0
0;8;0.00;0.00;0;0;0
0;8;0.00;0.00;0;0;0
0;9;0.00;0.00;0;0;0
0;8;0.00;0.00;0;0;0
0;10;0.00;0.00;0;0;0
0;6;0.00;0.00;0;0;0
0;8;0.00;0.00;0;0;0
0;10;0.00;0.00;0;0;0
0;7;0.00;0.00;0;0;0
0;8;0.00;0.00;0;0;0
0;8;0.00;0.00;0;0;0
0;8;0.00;0.00;0;0;0
0;9;0.00;0.00;0;0;0
0;8;0.00;0.00;0;0;0
0;8;0.00;0.00;0;0;0
0;8;0.00;0.00;0;0;0
0;9;0.00;0.00;0;0;0
0;8;0.00;0.00;0;0;0
0;8;0.00;0.00;0;0;0
0;8;0.00;0.00;0;0;0
0;8;0.00;0.00;0;0;0
0;8;0.00;0.00;0;0;0
0;8;0.00;0.00;0;0;0
0;9;0.00;0.00;0;0;0
0;8;0.00;0.00;0;0;0
0;8;0.00;0.00;0;0;0
0;9;0.00;0.00;0;0;0
0;7;0.00;0.00;0;0;0
0;9;0.00;0.00;0;0;0
0;8;0.00;0.00;0;0;0
0;9;-0.02;0.00;-1;0;0
0;7;0.00;0.00;0;0;0
0;8;0.00;0.00;0;0;0
0;12;0.00;0.00;0;0;0
0;5;0.00;0.00;0;0;0
0;8;0.00;0.00;0;0;0
0;8;0.00;0.00;0;0;0
0;11;0.00;0.00;0;0;0
0;6;0.00;0.00;0;0;0
0;8;0.00;0.00;0;0;0
0;8;0.00;0.00;0;0;0
0;8;0.00;0.00;0;0;0
0;8;0.00;0.00;0;0;0
0;9;0.00;0.00;0;0;0
0;8;0.00;0.00;0;0;0
0;9;0.00;0.00;0;0;0
0;9;0.00;0.00;0;0;0
0;6;0.00;0.00;0;0;0
0;8;0.00;0.00;0;0;0
0;12;0.00;0.00;0;0;0
0;5;0.00;0.00;0;0;0
0;8;0.00;0.00;0;0;0
0;8;0.00;0.00;0;0;0
0;9;0.00;0.00;0;0;0
0;8;0.00;0.00;0;0;0
0;8;0.00;0.00;0;0;0
0;9;0.00;0.00;0;0;0
0;7;0.00;0.00;0;0;0
0;8;0.00;0.00;0;0;0
0;9;0.00;0.00;0;0;0
0;8;0.00;0.00;0;0;0
0;9;0.00;0.00;0;0;0
0;7;0.00;0.00;0;0;0
0;8;0.00;0.00;0;0;0
0;9;0.00;0.00;0;0;0
0;9;0.00;0.00;0;0;0
0;7;0.00;0.00;0;0;0
0;8;0.00;0.00;0;0;0
0;8;0.00;0.00;0;0;0
0;9;0.00;0.00;0;0;0
0;8;0.00;0.00;0;0;0
0;8;0.00;0.00;0;0;0
0;8;0.00;0.00;0;0;0
0;9;0.00;0.00;0;0;0
0;11;0.00;0.00;0;0;0
0;5;0.00;0.00;0;0;0
0;9;0.00;0.00;0;0;0
0;7;0.00;0.00;0;0;0
0;13;0.00;0.00;0;0;0
0;8;0.00;0.00;0;0;0
0;8;0.00;0.00;0;0;0
0;8;0.00;0.00;0;0;0
0;10;0.00;0.00;0;0;0
0;6;0.00;0.00;0;0;0
0;8;0.00;0.00;0;0;0
0;9;0.00;0.00;0;0;0
0;13;0.00;0.00;0;0;0
0;7;0.00;0.00;0;0;0
0;8;0.00;0.00;0;0;0
0;9;0.00;0.00;0;0;0
0;8;0.00;0.00;0;0;0
0;10;0.00;0.00;0;0;0
0;6;0.00;0.00;0;0;0
0;10;0.00;0.00;0;0;0
0;6;0.00;0.00;0;0;0
0;9;0.00;0.00;0;0;0
0;10;0.00;0.00;0;0;0
0;10;0.00;0.00;0;0;0
0;8;0.00;0.00;0;0;0
0;9;0.00;0.00;0;0;0
0;14;0.00;0.00;0;0;0
0;6;0.00;0.00;0;0;0
0;8;0.00;0.00;0;0;0
0;8;0.00;0.00;0;0;0
0;9;0.00;0.00;0;0;0
0;9;0.00;0.00;0;0;0
0;7;0.00;0.00;0;0;0
0;8;0.00;0.00;0;0;0
0;9;0.00;0.00;0;0;0
0;8;0.00;0.00;0;0;0
0;8;0.00;0.00;0;0;0
0;8;0.00;0.00;0;0;0
0;8;0.00;0.00;0;0;0
0;9;0.00;0.00;0;0;0
0;8;0.00;0.00;0;0;0
0;10;0.00;0.00;0;0;0
0;6;0.00;0.00;0;0;0
0;9;0.00;0.00;0;0;0
0;8;0.00;0.00;0;0;0
0;7;0.00;0.00;0;0;0
0;9;0.00;0.00;0;0;0
0;9;0.00;0.00;0;0;0
0;7;0.00;0.00;0;0;0
0;8;0.00;0.00;0;0;0
0;12;0.00;0.00;0;0;0
0;6;0.00;0.00;0;0;0
0;7;0.00;0.00;0;0;0
0;8;0.00;0.00;0;0;0
0;8;0.00;0.00;0;0;0
0;8;0.00;0.00;0;0;0
0;9;0.00;0.00;0;0;0
0;8;0.00;0.00;0;0;0
0;8;0.00;0.00;0;0;0
0;11;0.00;0.00;0;0;0
0;5;0.00;0.00;0;0;0
0;9;0.00;0.00;0;0;0
0;8;0.00;0.00;0;0;0
0;8;0.00;0.00;0;0;0
0;8;0.00;0.00;0;0;0
0;8;0.00;0.00;0;0;0
0;9;0.00;0.00;0;0;0
0;9;0.00;0.00;0;0;0
0;7;0.00;0.00;0;0;0
0;8;0.00;0.00;0;0;0
0;8;0.00;0.00;0;0;0
0;8;0.00;0.00;0;0;0
0;10;0.00;0.00;0;0;0
0;7;0.00;0.00;0;0;0
0;8;0.00;0.00;0;0;0
0;8;0.00;0.00;0;0;0
0;8;0.00;0.00;0;0;0
0;9;0.00;0.00;0;0;0
0;8;0.00;0.00;0;0;0
0;8;0.00;0.00;0;0;0
0;8;0.00;0.00;0;0;0
0;8;0.00;0.00;0;0;0
0;15;0.00;0.00;0;0;0
0;6;0.00;0.00;0;0;0
0;8;0.00;0.00;0;0;0
0;8;0.00;0.00;0;0;0
0;9;0.00;0.00;0;0;0
0;8;0.00;0.00;0;0;0
0;8;0.00;0.00;0;0;0
0;8;0.00;0.00;0;0;0
0;8;0.00;0.00;0;0;0
0;8;0.00;0.00;0;0;0
0;9;0.00;0.00;0;0;0
0;8;0.00;0.00;0;0;0
0;8;0.00;0.00;0;0;0
0;8;0.00;0.00;0;0;0
0;8;0.00;0.00;0;0;0
0;9;0.00;0.00;0;0;0
0;8;0.00;0.00;0;0;0
0;8;0.00;0.00;0;0;0
0;8;0.00;0.00;0;0;0
0;8;0.00;0.00;0;0;0
0;10;0.00;0.00;0;0;0
0;7;0.00;0.00;0;0;0
0;9;0.00;0.00;0;0;0
0;7;0.00;0.00;0;0;0
0;8;0.00;0.00;0;0;0
0;14;0.00;0.00;0;0;0
0;7;0.00;0.00;0;0;0
0;8;0.00;0.00;0;0;0
0;8;0.00;0.00;0;0;0
0;13;0.00;0.00;0;0;0
0;8;0.00;0.00;0;0;0
0;8;0.00;0.00;0;0;0
0;8;0.00;0.00;0;0;0
0;8;0.00;0.00;0;0;0
0;8;0.00;0.00;0;0;0
0;9;0.00;0.00;0;0;0
0;11;0.00;0.00;0;0;0
0;5;0.00;0.00;0;0;0
0;8;0.00;0.00;0;0;0
0;8;0.00;0.00;0;0;0
0;12;0.00;0.00;0;0;0
0;9;0.00;0.00;0;0;0
0;8;0.00;0.00;0;0;0
0;8;0.00;0.00;0;0;0
0;8;0.00;0.00;0;0;0
0;9;0.00;0.00;0;0;0
0;9;0.00;0.00;0;0;0
0;10;0.00;0.00;0;0;0
0;5;0.00;0.00;0;0;0
0;8;0.00;0.00;0;0;0
0;9;0.00;0.00;0;0;0
0;8;0.00;0.00;0;0;0
0;8;0.00;0.00;0;0;0
0;8;0.00;0.00;0;0;0
0;11;0.00;0.00;0;0;0
0;6;0.00;0.00;0;0;0
0;8;0.00;0.00;0;0;0
0;11;0.00;0.00;0;0;0
0;5;0.00;0.00;0;0;0
0;8;0.00;0.00;0;0;0
0;8;0.00;0.00;0;0;0
0;12;0.00;0.00;0;0;0
0;5;0.00;0.00;0;0;0
0;8;0.00;0.00;0;0;0
0;8;0.00;0.00;0;0;0
0;8;0.00;0.00;0;0;0
0;9;0.00;0.00;0;0;0
0;8;0.00;0.00;0;0;0
0;8;0.00;0.00;0;0;0
0;13;0.00;0.00;0;0;0
0;8;0.00;0.00;0;0;0
0;8;0.00;0.00;0;0;0
0;8;0.00;0.00;0;0;0
0;8;0.00;0.00;0;0;0
0;8;0.00;0.00;0;0;0
0;9;0.00;0.00;0;0;0
0;9;0.00;0.00;0;0;0
0;7;0.00;0.00;0;0;0
0;8;0.00;0.00;0;0;0
0;9;0.00;0.00;0;0;0
0;9;0.00;0.00;0;0;0
0;7;0.00;0.00;0;0;0
0;8;0.00;0.00;0;0;0
0;8;0.00;0.00;0;0;0
0;10;0.00;0.00;0;0;0
0;6;0.00;0.00;0;0;0
0;9;0.00;0.00;0;0;0
0;8;0.00;0.00;0;0;0
0;8;0.00;0.00;0;0;0
0;10;0.00;0.00;0;0;0
0;6;0.00;0.00;0;0;0
0;9;0.00;0.00;0;0;0
0;8;0.00;0.00;0;0;0
0;8;0.00;0.00;0;0;0
0;10;0.00;0.00;0;0;0
0;6;0.00;0.00;0;0;0
0;9;0.00;0.00;0;0;0
0;8;0.00;0.00;0;0;0
0;8;0.00;0.00;0;0;0
0;8;0.00;0.00;0;0;0
0;8;0.00;0.00;0;0;0
0;8;0.00;0.00;0;0;0
0;9;0.00;0.00;0;0;0
0;8;0.00;0.00;0;0;0
0;8;0.00;0.00;0;0;0
0;11;0.00;0.00;0;0;0
0;5;0.00;0.00;0;0;0
0;9;0.00;0.00;0;0;0
0;8;0.00;0.00;0;0;0
0;8;0.00;0.00;0;0;0
0;8;0.00;0.00;0;0;0
0;9;0.00;0.00;0;0;0
0;11;0.00;0.00;0;0;0
0;5;0.00;0.00;0;0;0
0;8;0.00;0.00;0;0;0
0;8;0.00;0.00;0;0;0
0;8;0.00;0.00;0;0;0
0;9;0.00;0.00;0;0;0
0;8;0.00;0.00;0;0;0
0;8;0.00;0.00;0;0;0
0;8;0.00;0.00;0;0;0
0;12;0.00;0.00;0;0;0
0;9;0.00;0.00;0;0;0
0;8;0.00;0.00;0;0;0
0;17;0.00;0.00;0;0;0
0;8;0.00;0.00;0;0;0
0;8;0.00;0.00;0;0;0
0;8;0.00;0.00;0;0;0
0;8;0.00;0.00;0;0;0
0;8;0.00;0.00;0;0;0
0;8;0.00;0.00;0;0;0
0;12;0.00;0.00;0;0;0
0;5;0.00;0.00;0;0;0
0;8;0.00;0.00;0;0;0
0;8;0.00;0.00;0;0;0
0;8;0.00;0.00;0;0;0
0;8;0.00;0.00;0;0;0
0;9;0.00;0.00;0;0;0
0;9;0.00;0.00;0;0;0
0;10;0.00;0.00;0;0;0
0;5;0.00;0.00;0;0;0
0;8;0.00;0.00;0;0;0
0;9;0.00;0.00;0;0;0
0;8;0.00;0.00;0;0;0
0;8;0.00;0.00;0;0;0
0;8;0.00;0.00;0;0;0
0;8;0.00;0.00;0;0;0
0;11;0.00;0.00;0;0;0
0;6;0.00;0.00;0;0;0
0;8;0.00;0.00;0;0;0
0;8;0.00;0.00;0;0;0
0;11;0.00;0.00;0;0;0
0;6;0.00;0.00;0;0;0
0;8;0.00;0.00;0;0;0
0;8;0.00;0.00;0;0;0
0;8;0.00;0.00;0;0;0
0;7;0.00;0.00;0;0;0
0;10;0.00;0.00;0;0;0
0;8;0.00;0.00;0;0;0
0;8;0.00;0.00;0;0;0
0;8;0.00;0.00;0;0;0
0;9;0.00;0.00;0;0;0
0;7;0.00;0.00;0;0;0
0;9;0.00;0.00;0;0;0
0;9;0.00;0.00;0;0;0
0;8;0.00;0.00;0;0;0
0;7;0.00;0.00;0;0;0
0;8;0.00;0.00;0;0;0
0;9;0.00;0.00;0;0;0
0;8;0.00;0.00;0;0;0
0;8;0.00;0.00;0;0;0
0;8;0.00;0.00;0;0;0
0;10;0.00;0.00;0;0;0
0;7;0.00;0.00;0;0;0
0;9;0.00;0.00;0;0;0
0;7;0.00;0.00;0;0;0
0;11;0.00;0.00;0;0;0
0;8;0.00;0.00;0;0;0
0;6;0.00;0.00;0;0;0
0;10;0.00;0.00;0;0;0
0;8;0.00;0.00;0;0;0
0;6;0.00;0.00;0;0;0
0;8;0.00;0.00;0;0;0
0;8;0.00;0.00;0;0;0
0;9;0.00;0.00;0;0;0
0;8;0.00;0.00;0;0;0
0;8;0.00;0.00;0;0;0
0;8;0.00;0.00;0;0;0
0;9;0.00;0.00;0;0;0
0;8;0.00;0.00;0;0;0
0;8;0.00;0.00;0;0;0
0;8;0.00;0.00;0;0;0
0;8;0.00;0.00;0;0;0
0;8;0.00;0.00;0;0;0
0;9;0.00;0.00;0;0;0
0;9;0.00;0.00;0;0;0
0;8;0.00;0.00;0;0;0
0;7;0.00;0.00;0;0;0
0;8;0.00;0.00;0;0;0
0;9;0.00;0.00;0;0;0
0;8;0.00;0.00;0;0;0
0;7;0.00;0.00;0;0;0
0;9;0.00;0.00;0;0;0
0;8;0.00;0.00;0;0;0
0;12;0.00;0.00;0;0;0
0;7;0.00;0.00;0;0;0
0;6;0.00;0.00;0;0;0
0;8;0.00;0.00;0;0;0
0;8;0.00;0.00;0;0;0
0;8;0.00;0.00;0;0;0
0;9;0.00;0.00;0;0;0
0;8;0.00;0.00;0;0;0
0;8;0.00;0.00;0;0;0
0;11;0.00;0.00;0;0;0
0;5;0.00;0.00;0;0;0
0;9;0.00;0.00;0;0;0
0;8;0.00;0.00;0;0;0
0;11;0.00;0.00;0;0;0
0;5;0.00;0.00;0;0;0
0;8;0.00;0.00;0;0;0
0;9;0.00;0.00;0;0;0
0;8;0.00;0.00;0;0;0
0;8;0.00;0.00;0;0;0
0;8;0.00;0.00;0;0;0
0;7;0.00;0.00;0;0;0
0;15;0.00;0.00;0;0;0
0;8;0.00;0.00;0;0;0
0;7;0.00;0.00;0;0;0
0;8;0.00;0.00;0;0;0
0;8;0.00;0.00;0;0;0
0;8;0.00;0.00;0;0;0
0;9;0.00;0.00;0;0;0
0;7;0.00;0.00;0;0;0
0;9;0.00;0.00;0;0;0
0;8;0.00;0.00;0;0;0
0;8;0.00;0.00;0;0;0
0;9;0.00;0.00;0;0;0
0;7;0.00;0.00;0;0;0
0;8;0.00;0.00;0;0;0
0;8;0.00;0.00;0;0;0
0;13;0.00;0.00;0;0;0
0;5;0.00;0.00;0;0;0
0;8;0.00;0.00;0;0;0
0;8;0.00;0.00;0;0;0
0;9;0.00;0.00;0;0;0
0;7;0.00;0.00;0;0;0
0;9;0.00;0.00;0;0;0
0;8;0.00;0.00;0;0;0
0;8;0.00;0.00;0;0;0
0;7;0.00;0.00;0;0;0
0;10;0.00;0.00;0;0;0
0;8;0.00;0.00;0;0;0
0;8;0.00;0.00;0;0;0
0;8;0.00;0.00;0;0;0
0;8;0.00;0.00;0;0;0
0;8;0.00;0.00;0;0;0
0;9;0.00;0.00;0;0;0
0;8;0.00;0.00;0;0;0
0;9;0.00;0.00;0;0;0
0;7;0.00;0.00;0;0;0
0;8;0.00;0.00;0;0;0
0;9;0.00;0.00;0;0;0
0;9;0.00;0.00;0;0;0
0;7;0.00;0.00;0;0;0
0;8;0.00;0.00;0;0;0
0;7;0.00;0.00;0;0;0
0;11;0.00;0.00;0;0;0
0;7;0.00;0.00;0;0;0
0;8;0.00;0.00;0;0;0
0;11;0.00;0.00;0;0;0
0;7;0.00;0.00;0;0;0
0;6;0.00;0.00;0;0;0
0;9;0.00;0.00;0;0;0
0;11;0.00;0.00;0;0;0
0;5;0.00;0.00;0;0;0
0;8;0.00;0.00;0;0;0
0;8;0.00;0.00;0;0;0
0;12;0.00;0.00;0;0;0
0;5;0.00;0.00;0;0;0
0;8;0.00;0.00;0;0;0
0;8;0.00;0.00;0;0;0
0;9;0.00;0.00;0;0;0
0;8;0.00;0.00;0;0;0
0;8;0.00;0.00;0;0;0
0;8;0.00;0.00;0;0;0
0;8;0.00;0.00;0;0;0
0;7;0.00;0.00;0;0;0
0;10;0.00;0.00;0;0;0
0;7;0.00;0.00;0;0;0
0;10;0.00;0.00;0;0;0
0;7;0.00;0.00;0;0;0
0;8;0.00;0.00;0;0;0
0;7;0.00;0.00;0;0;0
0;11;0.00;0.00;0;0;0
0;7;0.00;0.00;0;0;0
0;8;0.00;0.00;0;0;0
0;8;0.00;0.00;0;0;0
0;8;0.00;0.00;0;0;0
0;9;0.00;0.00;0;0;0
0;8;0.00;0.00;0;0;0
0;8;0.00;0.00;0;0;0
0;8;0.00;0.00;0;0;0
0;8;0.00;0.00;0;0;0
0;10;0.00;0.00;0;0;0
0;7;0.00;0.00;0;0;0
0;8;0.00;0.00;0;0;0
0;8;0.00;0.00;0;0;0
0;8;0.00;0.00;0;0;0
0;9;0.00;0.00;0;0;0
0;8;0.00;0.00;0;0;0
0;8;0.00;0.00;0;0;0
0;8;0.00;0.00;0;0;0
0;8;0.00;0.00;0;0;0
0;9;0.00;0.00;0;0;0
0;8;0.00;0.00;0;0;0
0;8;0.00;0.00;0;0;0
0;8;0.00;0.00;0;0;0
0;8;0.00;0.00;0;0;0
0;11;0.00;0.00;0;0;0
0;6;0.00;0.00;0;0;0
0;7;0.00;0.00;0;0;0
0;9;0.00;0.00;0;0;0
0;9;0.00;0.00;0;0;0
0;7;0.00;0.00;0;0;0
0;9;0.00;0.00;0;0;0
0;8;0.00;0.00;0;0;0
0;10;0.00;0.00;0;0;0
0;6;0.00;0.00;0;0;0
0;8;0.00;0.00;0;0;0
0;9;0.00;0.00;0;0;0
0;12;0.00;0.00;0;0;0
0;8;0.00;0.00;0;0;0
0;7;0.00;0.00;0;0;0
0;8;0.00;0.00;0;0;0
0;9;0.00;0.00;0;0;0
0;8;0.00;0.00;0;0;0
0;9;0.00;0.00;0;0;0
0;11;0.00;0.00;0;0;0
0;5;0.00;0.00;0;0;0
0;9;0.00;0.00;0;0;0
0;8;0.00;0.00;0;0;0
0;9;0.00;0.00;0;0;0
0;7;0.00;0.00;0;0;0
0;8;0.00;0.00;0;0;0
0;8;0.00;0.00;0;0;0
0;8;0.00;0.00;0;0;0
0;9;0.00;0.00;0;0;0
0;10;0.00;0.00;0;0;0
0;6;0.00;0.00;0;0;0
0;9;0.00;0.00;0;0;0
0;9;0.00;0.00;0;0;0
0;11;0.00;0.00;0;0;0
0;7;0.00;0.00;0;0;0
0;8;0.00;0.00;0;0;0
0;10;0.00;0.00;0;0;0
0;7;0.00;0.00;0;0;0
0;8;0.00;0.00;0;0;0
0;8;0.00;0.00;0;0;0
0;12;0.00;0.00;0;0;0
0;6;0.00;0.00;0;0;0
0;8;0.00;0.00;0;0;0
0;8;0.00;0.00;0;0;0
0;9;0.00;0.00;0;0;0
0;7;0.00;0.00;0;0;0
0;8;0.00;0.00;0;0;0
0;8;0.00;0.00;0;0;0
0;13;0.00;0.00;0;0;0
0;7;0.00;0.00;0;0;0
0;8;0.00;0.00;0;0;0
0;9;0.00;0.00;0;0;0
0;8;0.00;0.00;0;0;0
0;9;0.00;0.00;0;0;0
0;8;0.00;0.00;0;0;0
0;11;0.00;0.00;0;0;0
0;6;0.00;0.00;0;0;0
0;8;0.00;0.00;0;0;0
0;8;0.00;0.00;0;0;0
0;11;0.00;0.00;0;0;0
0;5;0.00;0.00;0;0;0
0;9;0.00;0.00;0;0;0
0;7;0.00;0.00;0;0;0
0;11;0.00;0.00;0;0;0
0;6;0.00;0.00;0;0;0
0;7;0.00;0.00;0;0;0
0;8;0.00;0.00;0;0;0
0;13;0.00;0.00;0;0;0
0;5;0.00;0.00;0;0;0
0;7;0.00;0.00;0;0;0
0;8;0.00;0.00;0;0;0
0;9;0.00;0.00;0;0;0
0;9;0.00;0.00;0;0;0
0;8;0.00;0.00;0;0;0
0;7;0.00;0.00;0;0;0
0;8;0.00;0.00;0;0;0
0;8;0.00;0.00;0;0;0
0;11;0.00;0.00;0;0;0
0;7;0.00;0.00;0;0;0
0;8;0.00;0.00;0;0;0
0;8;0.00;0.00;0;0;0
0;8;0.00;0.00;0;0;0
0;8;0.00;0.00;0;0;0
0;9;0.00;0.00;0;0;0
0;8;0.00;0.00;0;0;0
0;8;0.00;0.00;0;0;0
0;8;0.00;0.00;0;0;0
0;7;0.00;0.00;0;0;0
0;12;0.00;0.00;0;0;0
0;6;0.00;0.00;0;0;0
0;8;0.00;0.00;0;0;0
0;7;0.00;0.00;0;0;0
0;8;0.00;0.00;0;0;0
0;12;0.00;0.00;0;0;0
0;6;0.00;0.00;0;0;0
0;8;0.00;0.00;0;0;0
0;8;0.00;0.00;0;0;0
0;8;0.00;0.00;0;0;0
0;9;0.00;0.00;0;0;0
0;8;0.00;0.00;0;0;0
0;8;0.00;0.00;0;0;0
0;8;0.00;0.00;0;0;0
0;7;0.00;0.00;0;0;0
0;9;0.00;0.00;0;0;0
0;8;0.00;0.00;0;0;0
0;8;0.00;0.00;0;0;0
0;8;0.00;0.00;0;0;0
0;8;0.00;0.00;0;0;0
0;13;0.00;0.00;0;0;0
0;5;0.00;0.00;0;0;0
0;7;0.00;0.00;0;0;0
0;9;0.00;0.00;0;0;0
0;10;0.00;0.00;0;0;0
0;6;0.00;0.00;0;0;0
0;9;0.00;0.00;0;0;0
0;8;0.00;0.00;0;0;0
0;8;0.00;0.00;0;0;0
0;8;0.00;0.00;0;0;0
0;7;0.00;0.00;0;0;0
0;9;0.00;0.00;0;0;0
0;10;0.00;0.00;0;0;0
0;7;0.00;0.00;0;0;0
0;8;0.00;0.00;0;0;0
0;7;0.00;0.00;0;0;0
0;10;0.00;0.00;0;0;0
0;8;0.00;0.00;0;0;0
0;8;0.00;0.00;0;0;0
0;8;0.00;0.00;0;0;0
0;7;0.00;0.00;0;0;0
0;9;0.00;0.00;0;0;0
0;8;0.00;0.00;0;0;0
0;8;0.00;0.00;0;0;0
0;8;0.00;0.00;0;0;0
0;8;0.00;0.00;0;0;0
0;16;0.00;0.00;0;0;0
0;6;0.00;0.00;0;0;0
0;8;0.00;0.00;0;0;0
0;8;0.00;0.00;0;0;0
0;8;0.00;0.00;0;0;0
0;9;0.00;0.00;0;0;0
0;8;0.00;0.00;0;0;0
0;10;0.00;0.00;0;0;0
0;6;0.00;0.00;0;0;0
0;7;0.00;0.00;0;0;0
0;9;0.00;0.00;0;0;0
0;9;0.00;0.00;0;0;0
0;7;0.00;0.00;0;0;0
0;8;0.00;0.00;0;0;0
0;8;0.00;0.00;0;0;0
0;11;0.00;0.00;0;0;0
0;10;0.00;0.00;0;0;0
0;5;0.00;0.00;0;0;0
0;7;0.00;0.00;0;0;0
0;8;0.00;0.00;0;0;0
0;8;0.00;0.00;0;0;0
0;9;0.00;0.00;0;0;0
0;11;0.00;0.00;0;0;0
0;6;0.00;0.00;0;0;0
0;7;0.00;0.00;0;0;0
0;8;0.00;0.00;0;0;0
0;10;0.00;0.00;0;0;0
0;8;0.00;0.00;0;0;0
0;7;0.00;0.00;0;0;0
0;8;0.00;0.00;0;0;0
0;13;0.00;0.00;0;0;0
0;9;0.00;0.00;0;0;0
0;8;0.00;0.00;0;0;0
0;8;0.00;0.00;0;0;0
0;8;0.00;0.00;0;0;0
0;8;0.00;0.00;0;0;0
0;8;0.00;0.00;0;0;0
0;8;0.00;0.00;0;0;0
0;8;0.00;0.00;0;0;0
0;8;0.00;0.00;0;0;0
0;20;0.00;0.00;0;0;0
0;6;0.00;0.00;0;0;0
0;9;0.00;0.00;0;0;0
0;7;0.00;0.00;0;0;0
0;8;0.00;0.00;0;0;0
0;9;0.00;0.00;0;0;0
0;10;0.00;0.00;0;0;0
0;5;0.00;0.00;0;0;0
0;8;0.00;0.00;0;0;0
0;7;0.00;0.00;0;0;0
0;13;0.00;0.00;0;0;0
0;5;0.00;0.00;0;0;0
0;7;0.00;0.00;0;0;0
0;8;0.00;0.00;0;0;0
0;11;0.00;0.00;0;0;0
0;6;0.00;0.00;0;0;0
0;9;0.00;0.00;0;0;0
0;7;0.00;0.00;0;0;0
0;10;0.00;0.00;0;0;0
0;7;0.00;0.00;0;0;0
0;7;0.00;0.00;0;0;0
0;9;0.00;0.00;0;0;0
0;11;0.00;0.00;0;0;0
0;6;0.00;0.00;0;0;0
0;8;0.00;0.00;0;0;0
0;7;0.00;0.00;0;0;0
0;11;0.00;0.00;0;0;0
0;7;0.00;0.00;0;0;0
0;7;0.00;0.00;0;0;0
0;9;0.00;0.00;0;0;0
0;11;0.00;0.00;0;0;0
0;9;0.00;0.00;0;0;0
0;8;0.00;0.00;0;0;0
0;10;0.00;0.00;0;0;0
0;7;0.00;0.00;0;0;0
0;7;0.00;0.00;0;0;0
0;9;0.00;0.00;0;0;0
0;9;0.00;0.00;0;0;0
0;7;0.00;0.00;0;0;0
0;9;0.00;0.00;0;0;0
0;7;0.00;0.00;0;0;0
0;12;0.00;0.00;0;0;0
0;6;0.00;0.00;0;0;0
0;8;0.00;0.00;0;0;0
0;7;0.00;0.00;0;0;0
0;9;0.00;0.00;0;0;0
0;7;0.00;0.00;0;0;0
0;10;0.00;0.00;0;0;0
0;7;0.00;0.00;0;0;0
0;8;0.00;0.00;0;0;0
0;8;0.00;0.00;0;0;0
0;9;0.00;0.00;0;0;0
0;9;0.00;0.00;0;0;0
0;8;0.00;0.00;0;0;0
0;8;0.00;0.00;0;0;0
0;8;0.00;0.00;0;0;0
0;8;0.00;0.00;0;0;0
0;9;0.00;0.00;0;0;0
0;7;0.00;0.00;0;0;0
0;8;0.00;0.00;0;0;0
0;9;0.00;0.00;0;0;0
0;8;0.00;0.00;0;0;0
0;8;0.00;0.00;0;0;0
0;8;0.00;0.00;0;0;0
0;10;0.00;0.00;0;0;0
0;7;0.00;0.00;0;0;0
0;10;0.00;0.00;0;0;0
0;8;0.00;0.00;0;0;0
0;7;0.00;0.00;0;0;0
0;8;0.00;0.00;0;0;0
0;7;0.00;0.00;0;0;0
0;8;0.00;0.00;0;0;0
0;8;0.00;0.00;0;0;0
0;9;0.00;0.00;0;0;0
0;13;0.00;0.00;0;0;0
0;7;0.00;0.00;0;0;0
0;8;0.00;0.00;0;0;0
0;9;0.00;0.00;0;0;0
0;9;0.00;0.00;0;0;0
0;8;0.00;0.00;0;0;0
0;8;0.00;0.00;0;0;0
0;7;0.00;0.00;0;0;0
0;9;0.00;0.00;0;0;0
0;8;0.00;0.00;0;0;0
0;12;0.00;0.00;0;0;0
0;8;0.00;0.00;0;0;0
0;8;0.00;0.00;0;0;0
0;9;0.00;0.00;0;0;0
0;8;0.00;0.00;0;0;0
0;9;0.00;0.00;0;0;0
0;7;0.00;0.00;0;0;0
0;8;0.00;0.00;0;0;0
0;9;0.00;0.00;0;0;0
0;8;0.00;0.00;0;0;0
0;8;0.00;0.00;0;0;0
0;8;0.00;0.00;0;0;0
0;8;0.00;0.00;0;0;0
0;8;0.00;0.00;0;0;0
0;9;0.00;0.00;0;0;0
0;8;0.00;0.00;0;0;0
0;8;0.00;0.00;0;0;0
0;8;0.00;0.00;0;0;0
0;8;0.00;0.00;0;0;0
0;10;0.00;0.00;0;0;0
0;8;0.00;0.00;0;0;0
0;7;0.00;0.00;0;0;0
0;8;0.00;0.00;0;0;0
0;8;0.00;0.00;0;0;0
0;9;0.00;0.00;0;0;0
0;8;0.00;0.00;0;0;0
0;9;0.00;0.00;0;0;0
0;8;0.00;0.00;0;0;0
0;7;0.00;0.00;0;0;0
0;9;0.00;0.00;0;0;0
0;14;0.00;0.00;0;0;0
0;7;0.00;0.00;0;0;0
0;7;0.00;0.00;0;0;0
0;8;0.00;0.00;0;0;0
0;9;0.00;0.00;0;0;0
0;8;0.00;0.00;0;0;0
0;8;0.00;0.00;0;0;0
0;8;0.00;0.00;0;0;0
0;8;0.00;0.00;0;0;0
0;9;0.00;0.00;0;0;0
0;8;0.00;0.00;0;0;0
0;9;0.00;0.00;0;0;0
0;8;0.00;0.00;0;0;0
0;7;0.00;0.00;0;0;0
0;9;0.00;0.00;0;0;0
0;9;0.00;0.00;0;0;0
0;7;0.00;0.00;0;0;0
0;8;0.00;0.00;0;0;0
0;8;0.00;0.00;0;0;0
0;13;0.00;0.00;0;0;0
0;8;0.00;0.00;0;0;0
0;8;0.00;0.00;0;0;0
0;8;0.00;0.00;0;0;0
0;8;0.00;0.00;0;0;0
0;9;0.00;0.00;0;0;0
0;8;0.00;0.00;0;0;0
0;8;0.00;0.00;0;0;0
0;8;0.00;0.00;0;0;0
0;11;0.00;0.00;0;0;0
0;7;0.00;0.00;0;0;0
0;8;0.00;0.00;0;0;0
0;7;0.00;0.00;0;0;0
0;12;0.00;0.00;0;0;0
0;5;0.00;0.00;0;0;0
0;8;0.00;0.00;0;0;0
0;8;0.00;0.00;0;0;0
0;8;0.00;0.00;0;0;0
0;8;0.00;0.00;0;0;0
0;8;0.00;0.00;0;0;0
0;8;0.00;0.00;0;0;0
0;15;0.00;0.00;0;0;0
0;7;0.00;0.00;0;0;0
0;7;0.00;0.00;0;0;0
0;8;0.00;0.00;0;0;0
0;10;0.00;0.00;0;0;0
0;7;0.00;0.00;0;0;0
0;9;0.00;0.00;0;0;0
0;7;0.00;0.00;0;0;0
0;8;0.00;0.00;0;0;0
0;8;0.00;0.00;0;0;0
0;10;0.00;0.00;0;0;0
0;11;0.00;0.00;0;0;0
0;5;0.00;0.00;0;0;0
0;8;0.00;0.00;0;0;0
0;7;0.00;0.00;0;0;0
0;12;0.00;0.00;0;0;0
0;6;0.00;0.00;0;0;0
0;7;0.00;0.00;0;0;0
0;8;0.00;0.00;0;0;0
0;8;0.00;0.00;0;0;0
0;9;0.00;0.00;0;0;0
0;8;0.00;0.00;0;0;0
0;8;0.00;0.00;0;0;0
0;12;0.00;0.00;0;0;0
0;5;0.00;0.00;0;0;0
0;8;0.00;0.00;0;0;0
0;8;0.00;0.00;0;0;0
0;9;0.00;0.00;0;0;0
0;7;0.00;0.00;0;0;0
0;8;0.00;0.00;0;0;0
0;8;0.00;0.00;0;0;0
0;12;0.00;0.00;0;0;0
0;6;0.00;0.00;0;0;0
0;7;0.00;0.00;0;0;0
0;8;0.00;0.00;0;0;0
0;8;0.00;0.00;0;0;0
0;9;0.00;0.00;0;0;0
0;10;0.00;0.00;0;0;0
0;6;0.00;0.00;0;0;0
0;8;0.00;0.00;0;0;0
0;8;0.00;0.00;0;0;0
0;10;0.00;0.00;0;0;0
0;7;0.00;0.00;0;0;0
0;8;0.00;0.00;0;0;0
0;11;0.00;0.00;0;0;0
0;7;0.00;0.00;0;0;0
0;7;0.00;0.00;0;0;0
0;8;0.00;0.00;0;0;0
0;8;0.00;0.00;0;0;0
0;8;0.00;0.00;0;0;0
0;10;0.00;0.00;0;0;0
0;8;0.00;0.00;0;0;0
0;10;0.00;0.00;0;0;0
0;6;0.00;0.00;0;0;0
0;8;0.00;0.00;0;0;0
0;8;0.00;0.00;0;0;0
0;12;0.00;0.00;0;0;0
0;5;0.00;0.00;0;0;0
0;9;0.00;0.00;0;0;0
0;7;0.00;0.00;0;0;0
0;13;0.00;0.00;0;0;0
0;8;0.00;0.00;0;0;0
0;7;0.00;0.00;0;0;0
0;8;0.00;0.00;0;0;0
0;9;0.00;0.00;0;0;0
0;8;0.00;0.00;0;0;0
0;7;0.00;0.00;0;0;0
0;9;0.00;0.00;0;0;0
0;8;0.00;0.00;0;0;0
0;8;0.00;0.00;0;0;0
0;9;0.00;0.00;0;0;0
0;7;0.00;0.00;0;0;0
0;9;0.00;0.00;0;0;0
0;8;0.00;0.00;0;0;0
0;8;0.00;0.00;0;0;0
0;9;0.00;0.00;0;0;0
0;8;0.00;0.00;0;0;0
0;8;0.00;0.00;0;0;0
0;8;0.00;0.00;0;0;0
0;9;0.00;0.00;0;0;0
0;8;0.00;0.00;0;0;0
0;7;0.00;0.00;0;0;0
0;9;0.00;0.00;0;0;0
0;8;0.00;0.00;0;0;0
0;11;0.00;0.00;0;0;0
0;9;0.00;0.00;0;0;0
0;5;0.00;0.00;0;0;0
0;8;0.00;0.00;0;0;0
0;8;0.00;0.00;0;0;0
0;10;0.00;0.00;0;0;0
0;9;0.00;0.00;0;0;0
0;6;0.00;0.00;0;0;0
0;7;0.00;0.00;0;0;0
0;10;0.00;0.00;0;0;0
0;7;0.00;0.00;0;0;0
0;12;0.00;0.00;0;0;0
0;5;0.00;0.00;0;0;0
0;12;0.00;0.00;0;0;0
0;8;0.00;0.00;0;0;0
0;8;0.00;0.00;0;0;0
0;12;0.00;0.00;0;0;0
0;5;0.00;0.00;0;0;0
0;7;0.00;0.00;0;0;0
0;9;0.00;0.00;0;0;0
0;11;0.00;0.00;0;0;0
0;6;0.00;0.00;0;0;0
0;8;0.00;0.00;0;0;0
0;7;0.00;0.00;0;0;0
0;10;0.00;0.00;0;0;0
0;7;0.00;0.00;0;0;0
0;8;0.00;0.00;0;0;0
0;8;0.00;0.00;0;0;0
0;10;0.00;0.00;0;0;0
0;8;0.00;0.00;0;0;0
0;7;0.00;0.00;0;0;0
0;8;0.00;0.00;0;0;0
0;11;0.00;0.00;0;0;0
0;6;0.00;0.00;0;0;0
0;8;0.00;0.00;0;0;0
0;8;0.00;0.00;0;0;0
0;9;0.00;0.00;0;0;0
0;8;0.00;0.00;0;0;0
0;7;0.00;0.00;0;0;0
0;9;0.00;0.00;0;0;0
0;9;0.00;0.00;0;0;0
0;7;0.00;0.00;0;0;0
0;8;0.00;0.00;0;0;0
0;8;0.00;0.00;0;0;0
0;8;0.00;0.00;0;0;0
0;9;0.00;0.00;0;0;0
0;8;0.00;0.00;0;0;0
0;9;0.00;0.00;0;0;0
0;8;0.00;0.00;0;0;0
0;7;0.00;0.00;0;0;0
0;9;0.00;0.00;0;0;0
0;8;0.00;0.00;0;0;0
0;8;0.00;0.00;0;0;0
0;12;0.00;0.00;0;0;0
0;5;0.00;0.00;0;0;0
0;9;0.00;0.00;0;0;0
0;7;0.00;0.00;0;0;0
0;12;0.00;0.00;0;0;0
0;5;0.00;0.00;0;0;0
0;7;0.00;0.00;0;0;0
0;9;0.00;0.00;0;0;0
0;12;0.00;0.00;0;0;0
0;5;0.00;0.00;0;0;0
0;7;0.00;0.00;0;0;0
0;8;0.00;0.00;0;0;0
0;11;0.00;0.00;0;0;0
0;7;0.00;0.00;0;0;0
0;7;0.00;0.00;0;0;0
0;8;0.00;0.00;0;0;0
0;8;0.00;0.00;0;0;0
0;8;0.00;0.00;0;0;0
0;9;0.00;0.00;0;0;0
0;8;0.00;0.00;0;0;0
0;10;0.00;0.00;0;0;0
0;7;0.00;0.00;0;0;0
0;7;0.00;0.00;0;0;0
0;9;0.00;0.00;0;0;0
0;11;0.00;0.00;0;0;0
0;6;0.00;0.00;0;0;0
0;7;0.00;0.00;0;0;0
0;8;0.00;0.00;0;0;0
0;10;0.00;0.00;0;0;0
0;8;0.00;0.00;0;0;0
0;7;0.00;0.00;0;0;0
0;8;0.00;0.00;0;0;0
0;8;0.00;0.00;0;0;0
0;9;0.00;0.00;0;0;0
0;8;0.00;0.00;0;0;0
0;8;0.00;0.00;0;0;0
0;8;0.00;0.00;0;0;0
0;8;0.00;0.00;0;0;0
0;9;0.00;0.00;0;0;0
0;8;0.00;0.00;0;0;0
0;10;0.00;0.00;0;0;0
0;7;0.00;0.00;0;0;0
0;8;0.00;0.00;0;0;0
0;7;0.00;0.00;0;0;0
0;9;0.00;0.00;0;0;0
0;12;0.00;0.00;0;0;0
0;8;0.00;0.00;0;0;0
0;8;0.00;0.00;0;0;0
0;9;0.00;0.00;0;0;0
0;9;0.00;0.00;0;0;0
0;7;0.00;0.00;0;0;0
0;8;0.00;0.00;0;0;0
0;8;0.00;0.00;0;0;0
0;11;0.00;0.00;0;0;0
0;7;0.00;0.00;0;0;0
0;7;0.00;0.00;0;0;0
0;8;0.00;0.00;0;0;0
0;9;0.00;0.00;0;0;0
0;7;0.00;0.00;0;0;0
0;10;0.00;0.00;0;0;0
0;10;0.00;0.00;0;0;0
0;6;0.00;0.00;0;0;0
0;7;0.00;0.00;0;0;0
0;8;0.00;0.00;0;0;0
0;12;0.00;0.00;0;0;0
0;6;0.00;0.00;0;0;0
0;10;0.00;0.00;0;0;0
0;5;0.00;0.00;0;0;0
0;12;0.00;0.00;0;0;0
0;8;0.00;0.00;0;0;0
0;5;0.00;0.00;0;0;0
0;8;0.00;0.00;0;0;0
0;10;0.00;0.00;0;0;0
0;7;0.00;0.00;0;0;0
0;8;0.00;0.00;0;0;0
0;8;0.00;0.00;0;0;0
0;8;0.00;0.00;0;0;0
0;8;0.00;0.00;0;0;0
0;8;0.00;0.00;0;0;0
0;15;0.00;0.00;0;0;0
0;6;0.00;0.00;0;0;0
0;8;0.00;0.00;0;0;0
0;8;0.00;0.00;0;0;0
0;11;0.00;0.00;0;0;0
0;7;0.00;0.00;0;0;0
0;7;0.00;0.00;0;0;0
0;8;0.00;0.00;0;0;0
0;11;0.00;0.00;0;0;0
0;6;0.00;0.00;0;0;0
0;10;0.00;0.00;0;0;0
0;6;0.00;0.00;0;0;0
0;8;0.00;0.00;0;0;0
0;9;0.00;0.00;0;0;0
0;10;0.00;0.00;0;0;0
0;5;0.00;0.00;0;0;0
0;9;0.00;0.00;0;0;0
0;8;0.00;0.00;0;0;0
0;8;0.00;0.00;0;0;0
0;8;0.00;0.00;0;0;0
0;13;0.00;0.00;0;0;0
0;4;0.00;0.00;0;0;0
0;9;0.00;0.00;0;0;0
0;7;0.00;0.00;0;0;0
0;8;0.00;0.00;0;0;0
0;8;0.00;0.00;0;0;0
0;16;0.00;0.00;0;0;0
0;6;0.00;0.00;0;0;0
0;7;0.00;0.00;0;0;0
0;8;0.00;0.00;0;0;0
0;9;0.00;0.00;0;0;0
0;8;0.00;0.00;0;0;0
0;8;0.00;0.00;0;0;0
0;11;0.00;0.00;0;0;0
0;5;0.00;0.00;0;0;0
0;9;0.00;0.00;0;0;0
0;8;0.00;0.00;0;0;0
0;11;0.00;0.00;0;0;0
0;6;0.00;0.00;0;0;0
0;7;0.00;0.00;0;0;0
0;9;0.00;0.00;0;0;0
0;9;0.00;0.00;0;0;0
0;7;0.00;0.00;0;0;0
0;8;0.00;0.00;0;0;0
0;8;0.00;0.00;0;0;0
0;10;0.00;0.00;0;0;0
0;8;0.00;0.00;0;0;0
0;7;0.00;0.00;0;0;0
0;8;0.00;0.00;0;0;0
0;9;0.00;0.00;0;0;0
0;7;0.00;0.00;0;0;0
0;8;0.00;0.00;0;0;0
0;9;0.00;0.00;0;0;0
0;10;0.00;0.00;0;0;0
0;7;0.00;0.00;0;0;0
0;7;0.00;0.00;0;0;0
0;8;0.00;0.00;0;0;0
0;9;0.00;0.00;0;0;0
0;8;0.00;0.00;0;0;0
0;8;0.00;0.00;0;0;0
0;8;0.00;0.00;0;0;0
0;8;0.00;0.00;0;0;0
0;13;0.00;0.00;0;0;0
0;5;0.00;0.00;0;0;0
0;8;0.00;0.00;0;0;0
0;7;0.00;0.00;0;0;0
0;12;0.00;0.00;0;0;0
0;5;0.00;0.00;0;0;0
0;9;0.00;0.00;0;0;0
0;7;0.00;0.00;0;0;0
0;9;0.00;0.00;0;0;0
0;7;0.00;0.00;0;0;0
0;8;0.00;0.00;0;0;0
0;9;0.00;0.00;0;0;0
0;11;0.00;0.00;0;0;0
0;5;0.00;0.00;0;0;0
0;12;0.00;0.00;0;0;0
0;4;0.00;0.00;0;0;0
0;10;0.00;0.00;0;0;0
0;7;0.00;0.00;0;0;0
0;8;0.00;0.00;0;0;0
0;8;0.00;0.00;0;0;0
0;10;0.00;0.00;0;0;0
0;8;0.00;0.00;0;0;0
0;7;0.00;0.00;0;0;0
0;8;0.00;0.00;0;0;0
0;9;0.00;0.00;0;0;0
0;7;0.00;0.00;0;0;0
0;9;0.00;0.00;0;0;0
0;8;0.00;0.00;0;0;0
0;8;0.00;0.00;0;0;0
0;8;0.00;0.00;0;0;0
0;8;0.00;0.00;0;0;0
0;9;0.00;0.00;0;0;0
0;9;0.00;0.00;0;0;0
0;7;0.00;0.00;0;0;0
0;9;0.00;0.00;0;0;0
0;7;0.00;0.00;0;0;0
0;10;0.00;0.00;0;0;0
0;7;0.00;0.00;0;0;0
0;8;0.00;0.00;0;0;0
0;8;0.00;0.00;0;0;0
0;8;0.00;0.00;0;0;0
0;8;0.00;0.00;0;0;0
0;9;0.00;0.00;0;0;0
0;8;0.00;0.00;0;0;0
0;8;0.00;0.00;0;0;0
0;9;0.00;0.00;0;0;0
0;7;0.00;0.00;0;0;0
0;9;0.00;0.00;0;0;0
0;8;0.00;0.00;0;0;0
0;11;0.00;0.00;0;0;0
0;6;0.00;0.00;0;0;0
0;7;0.00;0.00;0;0;0
0;9;0.00;0.00;0;0;0
0;9;0.00;0.00;0;0;0
0;7;0.00;0.00;0;0;0
0;8;0.00;0.00;0;0;0
0;8;0.00;0.00;0;0;0
0;14;0.00;0.00;0;0;0
0;7;0.00;0.00;0;0;0
0;9;0.00;0.00;0;0;0
0;7;0.00;0.00;0;0;0
0;9;0.00;0.00;0;0;0
0;9;0.00;0.00;0;0;0
0;7;0.00;0.00;0;0;0
0;11;0.00;0.00;0;0;0
0;5;0.00;0.00;0;0;0
0;8;0.00;0.00;0;0;0
0;9;0.00;0.00;0;0;0
0;11;0.00;0.00;0;0;0
0;9;0.00;0.00;0;0;0
0;4;0.00;0.00;0;0;0
0;8;0.00;0.00;0;0;0
0;15;0.00;0.00;0;0;0
0;6;0.00;0.00;0;0;0
0;8;0.00;0.00;0;0;0
0;8;0.00;0.00;0;0;0
0;9;0.00;0.00;0;0;0
0;8;0.00;0.00;0;0;0
0;8;0.00;0.00;0;0;0
0;8;0.00;0.00;0;0;0
0;8;0.00;0.00;0;0;0
0;8;0.00;0.00;0;0;0
0;9;0.00;0.00;0;0;0
0;8;0.00;0.00;0;0;0
0;14;0.00;0.00;0;0;0
0;7;0.00;0.00;0;0;0
0;7;0.00;0.00;0;0;0
0;10;0.00;0.00;0;0;0
0;7;0.00;0.00;0;0;0
0;8;0.00;0.00;0;0;0
0;8;0.00;0.00;0;0;0
0;9;0.00;0.00;0;0;0
0;8;0.00;0.00;0;0;0
0;8;0.00;0.00;0;0;0
0;8;0.00;0.00;0;0;0
0;8;0.00;0.00;0;0;0
0;8;0.00;0.00;0;0;0
0;8;0.00;0.00;0;0;0
0;9;0.00;0.00;0;0;0
0;8;0.00;0.00;0;0;0
0;8;0.00;0.00;0;0;0
0;8;0.00;0.00;0;0;0
0;8;0.00;0.00;0;0;0
0;9;0.00;0.00;0;0;0
0;8;0.00;0.00;0;0;0
0;8;0.00;0.00;0;0;0
0;8;0.00;0.00;0;0;0
0;8;0.00;0.00;0;0;0
0;12;0.00;0.00;0;0;0
0;6;0.00;0.00;0;0;0
0;7;0.00;0.00;0;0;0
0;8;0.00;0.00;0;0;0
0;8;0.00;0.00;0;0;0
0;9;0.00;0.00;0;0;0
0;8;0.00;0.00;0;0;0
0;8;0.00;0.00;0;0;0
0;11;0.00;0.00;0;0;0
0;5;0.00;0.00;0;0;0
0;9;0.00;0.00;0;0;0
0;8;0.00;0.00;0;0;0
0;11;0.00;0.00;0;0;0
0;5;0.00;0.00;0;0;0
0;8;0.00;0.00;0;0;0
0;8;0.00;0.00;0;0;0
0;13;0.00;0.00;0;0;0
0;4;0.00;0.00;0;0;0
0;8;0.00;0.00;0;0;0
0;8;0.00;0.00;0;0;0
0;9;0.00;0.00;0;0;0
0;8;0.00;0.00;0;0;0
0;8;0.00;0.00;0;0;0
0;8;0.00;0.00;0;0;0
0;8;0.00;0.00;0;0;0
0;8;0.00;0.00;0;0;0
0;9;0.00;0.00;0;0;0
0;8;0.00;0.00;0;0;0
0;8;0.00;0.00;0;0;0
0;8;0.00;0.00;0;0;0
0;8;0.00;0.00;0;0;0
0;9;0.00;0.00;0;0;0
0;9;0.00;0.00;0;0;0
0;8;0.00;0.00;0;0;0
0;7;0.00;0.00;0;0;0
0;8;0.00;0.00;0;0;0
0;9;0.00;0.00;0;0;0
0;11;0.00;0.00;0;0;0
0;5;0.00;0.00;0;0;0
0;8;0.00;0.00;0;0;0
0;8;0.00;0.00;0;0;0
0;12;0.00;0.00;0;0;0
0;8;0.00;0.00;0;0;0
0;5;0.00;0.00;0;0;0
0;8;0.00;0.00;0;0;0
0;11;0.00;0.00;0;0;0
0;5;0.00;0.00;0;0;0
0;9;0.00;0.00;0;0;0
0;8;0.00;0.00;0;0;0
0;11;0.00;0.00;0;0;0
0;5;0.00;0.00;0;0;0
0;8;0.00;0.00;0;0;0
0;9;0.00;0.00;0;0;0
0;9;0.00;0.00;0;0;0
0;8;0.00;0.00;0;0;0
0;7;0.00;0.00;0;0;0
0;8;0.00;0.00;0;0;0
0;10;0.00;0.00;0;0;0
0;7;0.00;0.00;0;0;0
0;8;0.00;0.00;0;0;0
0;8;0.00;0.00;0;0;0
0;8;0.00;0.00;0;0;0
0;8;0.00;0.00;0;0;0
0;9;0.00;0.00;0;0;0
0;8;0.00;0.00;0;0;0
0;9;0.00;0.00;0;0;0
0;7;0.00;0.00;0;0;0
0;8;0.00;0.00;0;0;0
0;10;0.00;0.00;0;0;0
0;7;0.00;0.00;0;0;0
0;8;0.00;0.00;0;0;0
0;8;0.00;0.00;0;0;0
0;11;0.00;0.00;0;0;0
0;6;0.00;0.00;0;0;0
0;8;0.00;0.00;0;0;0
0;8;0.00;0.00;0;0;0
0;8;0.00;0.00;0;0;0
0;10;0.00;0.00;0;0;0
0;8;0.00;0.00;0;0;0
0;7;0.00;0.00;0;0;0
0;8;0.00;0.00;0;0;0
0;11;0.00;0.00;0;0;0
0;5;0.00;0.00;0;0;0
0;9;0.00;0.00;0;0;0
0;8;0.00;0.00;0;0;0
0;8;0.00;0.00;0;0;0
0;8;0.00;0.00;0;0;0
0;8;0.00;0.00;0;0;0
0;8;0.00;0.00;0;0;0
0;9;0.00;0.00;0;0;0
0;8;0.00;0.00;0;0;0
0;8;0.00;0.00;0;0;0
0;8;0.00;0.00;0;0;0
0;8;0.00;0.00;0;0;0
0;15;0.00;0.00;0;0;0
0;6;0.00;0.00;0;0;0
0;8;0.00;0.00;0;0;0
0;9;0.00;0.00;0;0;0
0;8;0.00;0.00;0;0;0
0;8;0.00;0.00;0;0;0
0;8;0.00;0.00;0;0;0
0;8;0.00;0.00;0;0;0
0;10;0.00;0.00;0;0;0
0;6;0.00;0.00;0;0;0
0;9;0.00;0.00;0;0;0
0;11;0.00;0.00;0;0;0
0;6;0.00;0.00;0;0;0
0;10;0.00;0.00;0;0;0
0;6;0.00;0.00;0;0;0
0;11;0.00;0.00;0;0;0
0;5;0.00;0.00;0;0;0
0;8;0.00;0.00;0;0;0
0;8;0.00;0.00;0;0;0
0;11;0.00;0.00;0;0;0
0;6;0.00;0.00;0;0;0
0;8;0.00;0.00;0;0;0
0;8;0.00;0.00;0;0;0
0;10;0.00;0.00;0;0;0
0;7;0.00;0.00;0;0;0
0;8;0.00;0.00;0;0;0
0;8;0.00;0.00;0;0;0
0;11;0.00;0.00;0;0;0
0;5;0.00;0.00;0;0;0
0;8;0.00;0.00;0;0;0
0;8;0.00;0.00;0;0;0
0;11;0.00;0.00;0;0;0
0;6;0.00;0.00;0;0;0
0;8;0.00;0.00;0;0;0
0;8;0.00;0.00;0;0;0
0;11;0.00;0.00;0;0;0
0;6;0.00;0.00;0;0;0
0;8;0.00;0.00;0;0;0
0;8;0.00;0.00;0;0;0
0;9;0.00;0.00;0;0;0
0;7;0.00;0.00;0;0;0
0;9;0.00;0.00;0;0;0
0;8;0.00;0.00;0;0;0
0;8;0.00;0.00;0;0;0
0;8;0.00;0.00;0;0;0
0;8;0.00;0.00;0;0;0
0;9;0.00;0.00;0;0;0
0;8;0.00;0.00;0;0;0
0;8;0.00;0.00;0;0;0
0;9;0.00;0.00;0;0;0
0;7;0.00;0.00;0;0;0
0;10;0.00;0.00;0;0;0
0;7;0.00;0.00;0;0;0
0;8;0.00;0.00;0;0;0
0;8;0.00;0.00;0;0;0
0;8;0.00;0.00;0;0;0
0;12;0.00;0.00;0;0;0
0;5;0.00;0.00;0;0;0
0;8;0.00;0.00;0;0;0
0;8;0.00;0.00;0;0;0
0;10;0.00;0.00;0;0;0
0;6;0.00;0.00;0;0;0
0;9;0.00;0.00;0;0;0
0;8;0.00;0.00;0;0;0
0;10;0.00;0.00;0;0;0
0;6;0.00;0.00;0;0;0
0;8;0.00;0.00;0;0;0
0;9;0.00;0.00;0;0;0
0;8;0.00;0.00;0;0;0
0;10;0.00;0.00;0;0;0
0;6;0.00;0.00;0;0;0
0;8;0.00;0.00;0;0;0
0;10;0.00;0.00;0;0;0
0;7;0.00;0.00;0;0;0
0;8;0.00;0.00;0;0;0
0;8;0.00;0.00;0;0;0
0;8;0.00;0.00;0;0;0
0;9;0.00;0.00;0;0;0
0;8;0.00;0.00;0;0;0
0;8;0.00;0.00;0;0;0
0;10;0.00;0.00;0;0;0
0;7;0.00;0.00;0;0;0
0;7;0.00;0.00;0;0;0
0;9;0.00;0.00;0;0;0
0;9;0.00;0.00;0;0;0
0;7;0.00;0.00;0;0;0
0;8;0.00;0.00;0;0;0
0;8;0.00;0.00;0;0;0
0;9;0.00;0.00;0;0;0
0;8;0.00;0.00;0;0;0
0;9;0.00;0.00;0;0;0
0;8;0.00;0.00;0;0;0
0;7;0.00;0.00;0;0;0
0;16;0.00;0.00;0;0;0
0;6;0.00;0.00;0;0;0
0;7;0.00;0.00;0;0;0
0;8;0.00;0.00;0;0;0
0;9;0.00;0.00;0;0;0
0;8;0.00;0.00;0;0;0
0;11;0.00;0.00;0;0;0
0;5;0.00;0.00;0;0;0
0;11;0.00;0.00;0;0;0
0;5;0.00;0.00;0;0;0
0;9;0.00;0.00;0;0;0
0;11;0.00;0.00;0;0;0
0;6;0.00;0.00;0;0;0
0;9;0.00;0.00;0;0;0
0;6;0.00;0.00;0;0;0
0;9;0.00;0.00;0;0;0
0;8;0.00;0.00;0;0;0
0;8;0.00;0.00;0;0;0
0;8;0.00;0.00;0;0;0
0;11;0.00;0.00;0;0;0
0;6;0.00;0.00;0;0;0
0;8;0.00;0.00;0;0;0
0;9;0.00;0.00;0;0;0
0;10;0.00;0.00;0;0;0
0;6;0.00;0.00;0;0;0
0;7;0.00;0.00;0;0;0
0;10;0.00;0.00;0;0;0
0;11;0.00;0.00;0;0;0
0;8;0.00;0.00;0;0;0
0;8;0.00;0.00;0;0;0
0;9;0.00;0.00;0;0;0
0;8;0.00;0.00;0;0;0
0;8;0.00;0.00;0;0;0
0;8;0.00;0.00;0;0;0
0;8;0.00;0.00;0;0;0
0;9;0.00;0.00;0;0;0
0;8;0.00;0.00;0;0;0
0;8;0.00;0.00;0;0;0
0;9;0.00;0.00;0;0;0
0;11;0.00;0.00;0;0;0
0;9;0.00;0.00;0;0;0
0;8;0.00;0.00;0;0;0
0;8;0.00;0.00;0;0;0
0;8;0.00;0.00;0;0;0
0;8;0.00;0.00;0;0;0
0;9;0.00;0.00;0;0;0
0;9;0.00;0.00;0;0;0
0;7;0.00;0.00;0;0;0
0;9;0.00;0.00;0;0;0
0;7;0.00;0.00;0;0;0
0;8;0.00;0.00;0;0;0
0;9;0.00;0.00;0;0;0
0;10;0.00;0.00;0;0;0
0;7;0.00;0.00;0;0;0
0;7;0.00;0.00;0;0;0
0;8;0.00;0.00;0;0;0
0;9;0.00;0.00;0;0;0
0;9;0.00;0.00;0;0;0
0;7;0.00;0.00;0;0;0
0;11;0.00;0.00;0;0;0
0;5;0.00;0.00;0;0;0
0;10;0.00;0.00;0;0;0
0;8;0.00;0.00;0;0;0
0;13;0.00;0.00;0;0;0
0;6;0.00;0.00;0;0;0
0;11;0.00;0.00;0;0;0
0;6;0.00;0.00;0;0;0
0;8;0.00;0.00;0;0;0
0;8;0.00;0.00;0;0;0
0;8;0.00;0.00;0;0;0
0;8;0.00;0.00;0;0;0
0;10;0.00;0.00;0;0;0
0;7;0.00;0.00;0;0;0
0;8;0.00;0.00;0;0;0
0;8;0.00;0.00;0;0;0
0;8;0.00;0.00;0;0;0
0;9;0.00;0.00;0;0;0
0;8;0.00;0.00;0;0;0
0;9;0.00;0.00;0;0;0
0;7;0.00;0.00;0;0;0
0;8;0.00;0.00;0;0;0
0;9;0.00;0.00;0;0;0
0;8;0.00;0.00;0;0;0
0;8;0.00;0.00;0;0;0
0;8;0.00;0.00;0;0;0
0;8;0.00;0.00;0;0;0
0;10;0.00;0.00;0;0;0
0;7;0.00;0.00;0;0;0
0;8;0.00;0.00;0;0;0
0;8;0.00;0.00;0;0;0
0;8;0.00;0.00;0;0;0
0;8;0.00;0.00;0;0;0
0;13;0.00;0.00;0;0;0
0;8;0.00;0.00;0;0;0
0;8;0.00;0.00;0;0;0
0;8;0.00;0.00;0;0;0
0;9;0.00;0.00;0;0;0
0;8;0.00;0.00;0;0;0
0;8;0.00;0.00;0;0;0
0;8;0.00;0.00;0;0;0
0;8;0.00;0.00;0;0;0
0;8;0.00;0.00;0;0;0
0;9;0.00;0.00;0;0;0
0;11;0.00;0.00;0;0;0
0;8;0.00;0.00;0;0;0
0;5;0.00;0.00;0;0;0
0;8;0.00;0.00;0;0;0
0;11;0.00;0.00;0;0;0
0;6;0.00;0.00;0;0;0
0;8;0.00;0.00;0;0;0
0;8;0.00;0.00;0;0;0
0;9;0.00;0.00;0;0;0
0;8;0.00;0.00;0;0;0
0;8;0.00;0.00;0;0;0
0;8;0.00;0.00;0;0;0
0;11;0.00;0.00;0;0;0
0;6;0.00;0.00;0;0;0
0;8;0.00;0.00;0;0;0
0;9;0.00;0.00;0;0;0
0;10;0.00;0.00;0;0;0
0;5;0.00;0.00;0;0;0
0;9;0.00;0.00;0;0;0
0;7;0.00;0.00;0;0;0
0;10;0.00;0.00;0;0;0
0;7;0.00;0.00;0;0;0
0;8;0.00;0.00;0;0;0
0;8;0.00;0.00;0;0;0
0;9;0.00;0.00;0;0;0
0;8;0.00;0.00;0;0;0
0;8;0.00;0.00;0;0;0
0;8;0.00;0.00;0;0;0
0;12;0.00;0.00;0;0;0
0;9;0.00;0.00;0;0;0
0;8;0.00;0.00;0;0;0
0;10;0.00;0.00;0;0;0
0;6;0.00;0.00;0;0;0
0;8;0.00;0.00;0;0;0
0;8;0.00;0.00;0;0;0
0;9;0.00;0.00;0;0;0
0;8;0.00;0.00;0;0;0
0;8;0.00;0.00;0;0;0
0;8;0.00;0.00;0;0;0
0;8;0.00;0.00;0;0;0
0;9;0.00;0.00;0;0;0
0;9;0.00;0.00;0;0;0
0;7;0.00;0.00;0;0;0
0;8;0.00;0.00;0;0;0
0;8;0.00;0.00;0;0;0
0;15;0.00;0.00;0;0;0
0;6;0.00;0.00;0;0;0
0;8;0.00;0.00;0;0;0
0;8;0.00;0.00;0;0;0
0;8;0.00;0.00;0;0;0
0;9;0.00;0.00;0;0;0
0;8;0.00;0.00;0;0;0
0;11;0.00;0.00;0;0;0
0;5;0.00;0.00;0;0;0
0;11;0.00;0.00;0;0;0
0;6;0.00;0.00;0;0;0
0;11;0.00;0.00;0;0;0
0;5;0.00;0.00;0;0;0
0;8;0.00;0.00;0;0;0
0;8;0.00;0.00;0;0;0
0;10;0.00;0.00;0;0;0
0;7;0.00;0.00;0;0;0
0;8;0.00;0.00;0;0;0
0;8;0.00;0.00;0;0;0
0;11;0.00;0.00;0;0;0
0;6;0.00;0.00;0;0;0
0;8;0.00;0.00;0;0;0
0;8;0.00;0.00;0;0;0
0;11;0.00;0.00;0;0;0
0;5;0.00;0.00;0;0;0
0;8;0.00;0.00;0;0;0
0;9;0.00;0.00;0;0;0
0;8;0.00;0.00;0;0;0
0;11;0.00;0.00;0;0;0
0;5;0.00;0.00;0;0;0
0;8;0.00;0.00;0;0;0
0;9;0.00;0.00;0;0;0
0;8;0.00;0.00;0;0;0
0;8;0.00;0.00;0;0;0
0;8;0.00;0.00;0;0;0
0;8;0.00;0.00;0;0;0
0;9;0.00;0.00;0;0;0
0;8;0.00;0.00;0;0;0
0;9;0.00;0.00;0;0;0
0;7;0.00;0.00;0;0;0
0;8;0.00;0.00;0;0;0
0;9;0.00;0.00;0;0;0
0;8;0.00;0.00;0;0;0
0;8;0.00;0.00;0;0;0
0;9;0.00;0.00;0;0;0
0;7;0.00;0.00;0;0;0
0;9;0.00;0.00;0;0;0
0;8;0.00;0.00;0;0;0
0;12;0.00;0.00;0;0;0
0;8;0.00;0.00;0;0;0
0;8;0.00;0.00;0;0;0
0;9;0.00;0.00;0;0;0
0;8;0.00;0.00;0;0;0
0;8;0.00;0.00;0;0;0
0;8;0.00;0.00;0;0;0
0;11;0.00;0.00;0;0;0
0;7;0.00;0.00;0;0;0
0;7;0.00;0.00;0;0;0
0;8;0.00;0.00;0;0;0
0;8;0.00;0.00;0;0;0
0;9;0.00;0.00;0;0;0
0;7;0.00;0.00;0;0;0
0;9;0.00;0.00;0;0;0
0;14;0.00;0.00;0;0;0
0;6;0.00;0.00;0;0;0
0;8;0.00;0.00;0;0;0
0;9;0.00;0.00;0;0;0
0;14;0.00;0.00;0;0;0
0;6;0.00;0.00;0;0;0
0;8;0.00;0.00;0;0;0
0;13;0.00;0.00;0;0;0
0;8;0.00;0.00;0;0;0
0;8;0.00;0.00;0;0;0
0;12;0.00;0.00;0;0;0
0;8;0.00;0.00;0;0;0
0;9;0.00;0.00;0;0;0
0;8;0.00;0.00;0;0;0
0;10;0.00;0.00;0;0;0
0;6;0.00;0.00;0;0;0
0;8;0.00;0.00;0;0;0
0;9;0.00;0.00;0;0;0
0;9;0.00;0.00;0;0;0
0;7;0.00;0.00;0;0;0
0;8;0.00;0.00;0;0;0
0;8;0.00;0.00;0;0;0
0;8;0.00;0.00;0;0;0
0;9;0.00;0.00;0;0;0
0;8;0.00;0.00;0;0;0
0;8;0.00;0.00;0;0;0
0;8;0.00;0.00;0;0;0
0;8;0.00;0.00;0;0;0
0;9;0.00;0.00;0;0;0
0;8;0.00;0.00;0;0;0
0;8;0.00;0.00;0;0;0
0;8;0.00;0.00;0;0;0
0;8;0.00;0.00;0;0;0
0;9;0.00;0.00;0;0;0
0;10;0.00;0.00;0;0;0
0;11;0.00;0.00;0;0;0
0;7;0.00;0.00;0;0;0
0;8;0.00;0.00;0;0;0
0;9;0.00;0.00;0;0;0
0;10;0.00;0.00;0;0;0
0;6;0.00;0.00;0;0;0
0;8;0.00;0.00;0;0;0
0;8;0.00;0.00;0;0;0
0;9;0.00;0.00;0;0;0
0;8;0.00;0.00;0;0;0
0;8;0.00;0.00;0;0;0
0;8;0.00;0.00;0;0;0
0;8;0.00;0.00;0;0;0
0;9;0.00;0.00;0;0;0
0;8;0.00;0.00;0;0;0
0;8;0.00;0.00;0;0;0
0;8;0.00;0.00;0;0;0
0;8;0.00;0.00;0;0;0
0;9;0.00;0.00;0;0;0
0;11;0.00;0.00;0;0;0
0;5;0.00;0.00;0;0;0
0;8;0.00;0.00;0;0;0
0;8;0.00;0.00;0;0;0
0;8;0.00;0.00;0;0;0
0;9;0.00;0.00;0;0;0
0;8;0.00;0.00;0;0;0
0;8;0.00;0.00;0;0;0
0;10;0.00;0.00;0;0;0
0;6;0.00;0.00;0;0;0
0;9;0.00;0.00;0;0;0
0;8;0.00;0.00;0;0;0
0;10;0.00;0.00;0;0;0
0;6;0.00;0.00;0;0;0
0;8;0.00;0.00;0;0;0
0;9;0.00;0.00;0;0;0
0;8;0.00;0.00;0;0;0
0;8;0.00;0.00;0;0;0
0;10;0.00;0.00;0;0;0
0;6;0.00;0.00;0;0;0
0;9;0.00;0.00;0;0;0
0;8;0.00;0.00;0;0;0
0;9;0.00;0.00;0;0;0
0;7;0.00;0.00;0;0;0
0;8;0.00;0.00;0;0;0
0;9;0.00;0.00;0;0;0
0;11;0.00;0.00;0;0;0
0;5;0.00;0.00;0;0;0
0;8;0.00;0.00;0;0;0
0;8;0.00;0.00;0;0;0
0;10;0.00;0.00;0;0;0
0;7;0.00;0.00;0;0;0
0;8;0.00;0.00;0;0;0
0;8;0.00;0.00;0;0;0
0;9;0.00;0.00;0;0;0
0;11;0.00;0.00;0;0;0
0;5;0.00;0.00;0;0;0
0;8;0.00;0.00;0;0;0
0;8;0.00;0.00;0;0;0
0;8;0.00;0.00;0;0;0
0;8;0.00;0.00;0;0;0
0;12;0.00;0.00;0;0;0
0;5;0.00;0.00;0;0;0
0;8;0.00;0.00;0;0;0
0;8;0.00;0.00;0;0;0
0;12;0.00;0.00;0;0;0
0;9;0.00;0.00;0;0;0
0;8;0.00;0.00;0;0;0
0;11;0.00;0.00;0;0;0
0;6;0.00;0.00;0;0;0
0;7;0.00;0.00;0;0;0
0;9;0.00;0.00;0;0;0
0;8;0.00;0.00;0;0;0
0;8;0.00;0.00;0;0;0
0;7;0.00;0.00;0;0;0
0;9;0.00;0.00;0;0;0
0;9;0.00;0.00;0;0;0
0;8;0.00;0.00;0;0;0
0;8;0.00;0.00;0;0;0
0;8;0.00;0.00;0;0;0
0;9;0.00;0.00;0;0;0
0;11;0.00;0.00;0;0;0
0;5;0.00;0.00;0;0;0
0;8;0.00;0.00;0;0;0
0;8;0.00;0.00;0;0;0
0;8;0.00;0.00;0;0;0
0;12;0.00;0.00;0;0;0
0;5;0.00;0.00;0;0;0
0;8;0.00;0.00;0;0;0
0;8;0.00;0.00;0;0;0
0;8;0.00;0.00;0;0;0
0;8;0.00;0.00;0;0;0
0;9;0.00;0.00;0;0;0
0;8;0.00;0.00;0;0;0
0;8;0.00;0.00;0;0;0
0;12;0.00;0.00;0;0;0
0;9;0.00;0.00;0;0;0
0;8;0.00;0.00;0;0;0
0;8;0.00;0.00;0;0;0
0;8;0.00;0.00;0;0;0
0;8;0.00;0.00;0;0;0
0;12;0.00;0.00;0;0;0
0;5;0.00;0.00;0;0;0
0;8;0.00;0.00;0;0;0
0;8;0.00;0.00;0;0;0
0;8;0.00;0.00;0;0;0
0;8;0.00;0.00;0;0;0
0;9;0.00;0.00;0;0;0
0;8;0.00;0.00;0;0;0
0;8;0.00;0.00;0;0;0
0;9;0.00;0.00;0;0;0
0;7;0.00;0.00;0;0;0
0;9;0.00;0.00;0;0;0
0;11;0.00;0.00;0;0;0
0;5;0.00;0.00;0;0;0
0;10;0.00;0.00;0;0;0
0;6;0.00;0.00;0;0;0
0;9;0.00;0.00;0;0;0
0;8;0.00;0.00;0;0;0
0;8;0.00;0.00;0;0;0
0;8;0.00;0.00;0;0;0
0;12;0.00;0.00;0;0;0
0;9;0.00;0.00;0;0;0
0;8;0.00;0.00;0;0;0
0;11;0.00;0.00;0;0;0
0;5;0.00;0.00;0;0;0
0;8;0.00;0.00;0;0;0
0;9;0.00;0.00;0;0;0
0;7;0.00;0.00;0;0;0
0;9;0.00;0.00;0;0;0
0;9;0.00;0.00;0;0;0
0;7;0.00;0.00;0;0;0
0;9;0.00;0.00;0;0;0
0;8;0.00;0.00;0;0;0
0;11;0.00;0.00;0;0;0
0;6;0.00;0.00;0;0;0
0;7;0.00;0.00;0;0;0
0;8;0.00;0.00;0;0;0
0;13;0.00;0.00;0;0;0
0;8;0.00;0.00;0;0;0
0;8;0.00;0.00;0;0;0
0;8;0.00;0.00;0;0;0
0;9;0.00;0.00;0;0;0
0;7;0.00;0.00;0;0;0
0;9;0.00;0.00;0;0;0
0;12;0.00;0.00;0;0;0
0;8;0.00;0.00;0;0;0
0;9;0.00;0.00;0;0;0
0;8;0.00;0.00;0;0;0
0;8;0.00;0.00;0;0;0
0;8;0.00;0.00;0;0;0
0;8;0.00;0.00;0;0;0
0;9;0.00;0.00;0;0;0
0;7;0.00;0.00;0;0;0
0;9;0.00;0.00;0;0;0
0;7;0.00;0.00;0;0;0
0;8;0.00;0.00;0;0;0
0;8;0.00;0.00;0;0;0
0;9;0.00;0.00;0;0;0
0;8;0.00;0.00;0;0;0
0;9;0.00;0.00;0;0;0
0;8;0.00;0.00;0;0;0
0;8;0.00;0.00;0;0;0
0;9;0.00;0.00;0;0;0
0;12;0.00;0.00;0;0;0
0;8;0.00;0.00;0;0;0
0;8;0.00;0.00;0;0;0
0;9;0.00;0.00;0;0;0
0;9;0.00;0.00;0;0;0
0;10;0.00;0.00;0;0;0
0;6;0.00;0.00;0;0;0
0;7;0.00;0.00;0;0;0
0;13;0.00;0.00;0;0;0
0;8;0.00;0.00;0;0;0
0;10;0.00;0.00;0;0;0
0;7;0.00;0.00;0;0;0
0;7;0.00;0.00;0;0;0
0;9;0.00;0.00;0;0;0
0;8;0.00;0.00;0;0;0
0;8;0.00;0.00;0;0;0
0;7;0.00;0.00;0;0;0
0;9;0.00;0.00;0;0;0
0;7;0.00;0.00;0;0;0
0;10;0.00;0.00;0;0;0
0;8;0.00;0.00;0;0;0
0;12;0.00;0.00;0;0;0
0;8;0.00;0.00;0;0;0
0;9;0.00;0.00;0;0;0
0;7;0.00;0.00;0;0;0
0;9;0.00;0.00;0;0;0
0;7;0.00;0.00;0;0;0
0;9;0.00;0.00;0;0;0
0;11;0.00;0.00;0;0;0
0;6;0.00;0.00;0;0;0
0;8;0.00;0.00;0;0;0
0;8;0.00;0.00;0;0;0
0;10;0.00;0.00;0;0;0
0;6;0.00;0.00;0;0;0
0;9;0.00;0.00;0;0;0
0;8;0.00;0.00;0;0;0
0;10;0.00;0.00;0;0;0
0;6;0.00;0.00;0;0;0
0;8;0.00;0.00;0;0;0
0;9;0.00;0.00;0;0;0
0;11;0.00;0.00;0;0;0
0;5;0.00;0.00;0;0;0
0;8;0.00;0.00;0;0;0
0;8;0.00;0.00;0;0;0
0;13;0.00;0.00;0;0;0
0;8;0.00;0.00;0;0;0
0;9;0.00;0.00;0;0;0
0;12;0.00;0.00;0;0;0
0;8;0.00;0.00;0;0;0
0;9;0.00;0.00;0;0;0
0;7;0.00;0.00;0;0;0
0;8;0.00;0.00;0;0;0
0;8;0.00;0.00;0;0;0
0;7;0.00;0.00;0;0;0
0;13;0.00;0.00;0;0;0
0;7;0.00;0.00;0;0;0
0;6;0.00;0.00;0;0;0
0;8;0.00;0.00;0;0;0
0;12;0.00;0.00;0;0;0
0;9;0.00;0.00;0;0;0
0;8;0.00;0.00;0;0;0
0;7;0.00;0.00;0;0;0
0;8;0.00;0.00;0;0;0
0;8;0.00;0.00;0;0;0
0;13;0.00;0.00;0;0;0
0;5;0.00;0.00;0;0;0
0;8;0.00;0.00;0;0;0
0;8;0.00;0.00;0;0;0
0;10;0.00;0.00;0;0;0
0;7;0.00;0.00;0;0;0
0;8;0.00;0.00;0;0;0
0;8;0.00;0.00;0;0;0
0;8;0.00;0.00;0;0;0
0;7;0.00;0.00;0;0;0
0;10;0.00;0.00;0;0;0
0;8;0.00;0.00;0;0;0
0;8;0.00;0.00;0;0;0
0;7;0.00;0.00;0;0;0
0;8;0.00;0.00;0;0;0
0;11;0.00;0.00;0;0;0
0;7;0.00;0.00;0;0;0
0;8;0.00;0.00;0;0;0
0;8;0.00;0.00;0;0;0
0;11;0.00;0.00;0;0;0
0;7;0.00;0.00;0;0;0
0;7;0.00;0.00;0;0;0
0;8;0.00;0.00;0;0;0
0;10;0.00;0.00;0;0;0
0;6;0.00;0.00;0;0;0
0;9;0.00;0.00;0;0;0
0;8;0.00;0.00;0;0;0
0;12;0.00;0.00;0;0;0
0;8;0.00;0.00;0;0;0
0;7;0.00;0.00;0;0;0
0;9;0.00;0.00;0;0;0
0;8;0.00;0.00;0;0;0
0;8;0.00;0.00;0;0;0
0;7;0.00;0.00;0;0;0
0;9;0.00;0.00;0;0;0
0;9;0.00;0.00;0;0;0
0;8;0.00;0.00;0;0;0
0;7;0.00;0.00;0;0;0
0;12;0.00;0.00;0;0;0
0;5;0.00;0.00;0;0;0
0;8;0.00;0.00;0;0;0
0;9;0.00;0.00;0;0;0
0;7;0.00;0.00;0;0;0
0;9;0.00;0.00;0;0;0
0;7;0.00;0.00;0;0;0
0;8;0.00;0.00;0;0;0
0;10;0.00;0.00;0;0;0
0;7;0.00;0.00;0;0;0
0;12;0.00;0.00;0;0;0
0;9;0.00;0.00;0;0;0
0;7;0.00;0.00;0;0;0
0;9;0.00;0.00;0;0;0
0;9;0.00;0.00;0;0;0
0;8;0.00;0.00;0;0;0
0;8;0.00;0.00;0;0;0
0;8;0.00;0.00;0;0;0
0;9;0.00;0.00;0;0;0
0;8;0.00;0.00;0;0;0
0;7;0.00;0.00;0;0;0
0;13;0.00;0.00;0;0;0
0;11;0.00;0.00;0;0;0
0;6;0.00;0.00;0;0;0
0;8;0.00;0.00;0;0;0
0;9;0.00;0.00;0;0;0
0;7;0.00;0.00;0;0;0
0;7;0.00;0.00;0;0;0
0;10;0.00;0.00;0;0;0
0;7;0.00;0.00;0;0;0
0;8;0.00;0.00;0;0;0
0;9;0.00;0.00;0;0;0
0;7;0.00;0.00;0;0;0
0;10;0.00;0.00;0;0;0
0;8;0.00;0.00;0;0;0
0;8;0.00;0.00;0;0;0
0;7;0.00;0.00;0;0;0
0;9;0.00;0.00;0;0;0
0;9;0.00;0.00;0;0;0
0;8;0.00;0.00;0;0;0
0;11;0.00;0.00;0;0;0
0;5;0.00;0.00;0;0;0
0;8;0.00;0.00;0;0;0
0;9;0.00;0.00;0;0;0
0;10;0.00;0.00;0;0;0
0;6;0.00;0.00;0;0;0
0;8;0.00;0.00;0;0;0
0;7;0.00;0.00;0;0;0
0;12;0.00;0.00;0;0;0
0;6;0.00;0.00;0;0;0
0;7;0.00;0.00;0;0;0
0;8;0.00;0.00;0;0;0
0;11;0.00;0.00;0;0;0
0;6;0.00;0.00;0;0;0
0;9;0.00;0.00;0;0;0
0;8;0.00;0.00;0;0;0
0;7;0.00;0.00;0;0;0
0;8;0.00;0.00;0;0;0
0;11;0.00;0.00;0;0;0
0;7;0.00;0.00;0;0;0
0;8;0.00;0.00;0;0;0
0;8;0.00;0.00;0;0;0
0;11;0.00;0.00;0;0;0
0;8;0.00;0.00;0;0;0
0;10;0.00;0.00;0;0;0
0;11;0.00;0.00;0;0;0
0;5;0.00;0.00;0;0;0
0;8;0.00;0.00;0;0;0
0;7;0.00;0.00;0;0;0
0;9;0.00;0.00;0;0;0
0;8;0.00;0.00;0;0;0
0;8;0.00;0.00;0;0;0
0;9;0.00;0.00;0;0;0
0;7;0.00;0.00;0;0;0
0;9;0.00;0.00;0;0;0
0;9;0.00;0.00;0;0;0
0;8;0.00;0.00;0;0;0
0;11;0.00;0.00;0;0;0
0;5;0.00;0.00;0;0;0
0;8;0.00;0.00;0;0;0
0;8;0.00;0.00;0;0;0
0;9;0.00;0.00;0;0;0
0;8;0.00;0.00;0;0;0
0;7;0.00;0.00;0;0;0
0;8;0.00;0.00;0;0;0
0;9;0.00;0.00;0;0;0
0;8;0.00;0.00;0;0;0
0;8;0.00;0.00;0;0;0
0;9;0.00;0.00;0;0;0
0;8;0.00;0.00;0;0;0
0;9;0.00;0.00;0;0;0
0;7;0.00;0.00;0;0;0
0;8;0.00;0.00;0;0;0
0;8;0.00;0.00;0;0;0
0;8;0.00;0.00;0;0;0
0;9;0.00;0.00;0;0;0
0;8;0.00;0.00;0;0;0
0;9;0.00;0.00;0;0;0
0;8;0.00;0.00;0;0;0
0;7;0.00;0.00;0;0;0
0;13;0.00;0.00;0;0;0
0;5;0.00;0.00;0;0;0
0;8;0.00;0.00;0;0;0
0;8;0.00;0.00;0;0;0
0;7;0.00;0.00;0;0;0
0;9;0.00;0.00;0;0;0
0;8;0.00;0.00;0;0;0
0;9;0.00;0.00;0;0;0
0;8;0.00;0.00;0;0;0
0;8;0.00;0.00;0;0;0
0;14;0.00;0.00;0;0;0
0;7;0.00;0.00;0;0;0
0;8;0.00;0.00;0;0;0
0;7;0.00;0.00;0;0;0
0;9;0.00;0.00;0;0;0
0;9;0.00;0.00;0;0;0
0;8;0.00;0.00;0;0;0
0;7;0.00;0.00;0;0;0
0;8;0.00;0.00;0;0;0
0;8;0.00;0.00;0;0;0
0;9;0.00;0.00;0;0;0
0;12;0.00;0.00;0;0;0
0;5;0.00;0.00;0;0;0
0;7;0.00;0.00;0;0;0
0;8;0.00;0.00;0;0;0
0;12;0.00;0.00;0;0;0
0;6;0.00;0.00;0;0;0
0;9;0.00;0.00;0;0;0
0;7;0.00;0.00;0;0;0
0;11;0.00;0.00;0;0;0
0;5;0.00;0.00;0;0;0
0;9;0.00;0.00;0;0;0
0;9;0.00;0.00;0;0;0
0;8;0.00;0.00;0;0;0
0;7;0.00;0.00;0;0;0
0;7;0.00;0.00;0;0;0
0;9;0.00;0.00;0;0;0
0;12;0.00;0.00;0;0;0
0;5;0.00;0.00;0;0;0
0;7;0.00;0.00;0;0;0
0;8;0.00;0.00;0;0;0
0;11;0.00;0.00;0;0;0
0;7;0.00;0.00;0;0;0
0;8;0.00;0.00;0;0;0
0;8;0.00;0.00;0;0;0
0;8;0.00;0.00;0;0;0
0;7;0.00;0.00;0;0;0
0;9;0.00;0.00;0;0;0
0;8;0.00;0.00;0;0;0
0;8;0.00;0.00;0;0;0
0;8;0.00;0.00;0;0;0
0;8;0.00;0.00;0;0;0
0;9;0.00;0.00;0;0;0
0;8;0.00;0.00;0;0;0
0;8;0.00;0.00;0;0;0
0;10;0.00;0.00;0;0;0
0;8;0.00;0.00;0;0;0
0;8;0.00;0.00;0;0;0
0;7;0.00;0.00;0;0;0
0;9;0.00;0.00;0;0;0
0;8;0.00;0.00;0;0;0
0;8;0.00;0.00;0;0;0
0;12;0.00;0.00;0;0;0
0;5;0.00;0.00;0;0;0
0;8;0.00;0.00;0;0;0
0;8;0.00;0.00;0;0;0
0;11;0.00;0.00;0;0;0
0;6;0.00;0.00;0;0;0
0;8;0.00;0.00;0;0;0
0;7;0.00;0.00;0;0;0
0;11;0.00;0.00;0;0;0
0;6;0.00;0.00;0;0;0
0;7;0.00;0.00;0;0;0
0;9;0.00;0.00;0;0;0
0;10;0.00;0.00;0;0;0
0;7;0.00;0.00;0;0;0
0;8;0.00;0.00;0;0;0
0;7;0.00;0.00;0;0;0
0;13;0.00;0.00;0;0;0
0;5;0.00;0.00;0;0;0
0;8;0.00;0.00;0;0;0
0;10;0.00;0.00;0;0;0
0;13;0.00;0.00;0;0;0
0;6;0.00;0.00;0;0;0
0;7;0.00;0.00;0;0;0
0;9;0.00;0.00;0;0;0
0;7;0.00;0.00;0;0;0
0;8;0.00;0.00;0;0;0
0;9;0.00;0.00;0;0;0
0;8;0.00;0.00;0;0;0
0;8;0.00;0.00;0;0;0
0;9;0.00;0.00;0;0;0
0;7;0.00;0.00;0;0;0
0;10;0.00;0.00;0;0;0
0;11;0.00;0.00;0;0;0
0;8;0.00;0.00;0;0;0
0;8;0.00;0.00;0;0;0
0;10;0.00;0.00;0;0;0
0;8;0.00;0.00;0;0;0
0;8;0.00;0.00;0;0;0
0;7;0.00;0.00;0;0;0
0;8;0.00;0.00;0;0;0
0;9;0.00;0.00;0;0;0
0;8;0.00;0.00;0;0;0
0;8;0.00;0.00;0;0;0
0;8;0.00;0.00;0;0;0
0;8;0.00;0.00;0;0;0
0;10;0.00;0.00;0;0;0
0;8;0.00;0.00;0;0;0
0;7;0.00;0.00;0;0;0
0;12;0.00;0.00;0;0;0
0;5;0.00;0.00;0;0;0
0;7;0.00;0.00;0;0;0
0;9;0.00;0.00;0;0;0
0;9;0.00;0.00;0;0;0
0;7;0.00;0.00;0;0;0
0;8;0.00;0.00;0;0;0
0;8;0.00;0.00;0;0;0
0;10;0.00;0.00;0;0;0
0;7;0.00;0.00;0;0;0
0;8;0.00;0.00;0;0;0
0;8;0.00;0.00;0;0;0
0;12;0.00;0.00;0;0;0
0;5;0.00;0.00;0;0;0
0;8;0.00;0.00;0;0;0
0;8;0.00;0.00;0;0;0
0;10;0.00;0.00;0;0;0
0;7;0.00;0.00;0;0;0
0;7;0.00;0.00;0;0;0
0;9;0.00;0.00;0;0;0
0;11;0.00;0.00;0;0;0
0;6;0.00;0.00;0;0;0
0;7;0.00;0.00;0;0;0
0;8;0.00;0.00;0;0;0
0;9;0.00;0.00;0;0;0
0;8;0.00;0.00;0;0;0
0;8;0.00;0.00;0;0;0
0;9;0.00;0.00;0;0;0
0;8;0.00;0.00;0;0;0
0;8;0.00;0.00;0;0;0
0;9;0.00;0.00;0;0;0
0;7;0.00;0.00;0;0;0
0;9;0.00;0.00;0;0;0
0;8;0.00;0.00;0;0;0
0;8;0.00;0.00;0;0;0
0;12;0.00;0.00;0;0;0
0;5;0.00;0.00;0;0;0
0;8;0.00;0.00;0;0;0
0;9;0.00;0.00;0;0;0
0;7;0.00;0.00;0;0;0
0;8;0.00;0.00;0;0;0
0;11;0.00;0.00;0;0;0
0;6;0.00;0.00;0;0;0
0;7;0.00;0.00;0;0;0
0;8;0.00;0.00;0;0;0
0;9;0.00;0.00;0;0;0
0;8;0.00;0.00;0;0;0
0;8;0.00;0.00;0;0;0
0;9;0.00;0.00;0;0;0
0;13;0.00;0.00;0;0;0
0;8;0.00;0.00;0;0;0
0;7;0.00;0.00;0;0;0
0;9;0.00;0.00;0;0;0
0;8;0.00;0.00;0;0;0
0;8;0.00;0.00;0;0;0
0;9;0.00;0.00;0;0;0
0;11;0.00;0.00;0;0;0
0;5;0.00;0.00;0;0;0
0;8;0.00;0.00;0;0;0
0;8;0.00;0.00;0;0;0
0;12;0.00;0.00;0;0;0
0;8;0.00;0.00;0;0;0
0;8;0.00;0.00;0;0;0
0;8;0.00;0.00;0;0;0
0;8;0.00;0.00;0;0;0
0;9;0.00;0.00;0;0;0
0;8;0.00;0.00;0;0;0
0;8;0.00;0.00;0;0;0
0;9;0.00;0.00;0;0;0
0;7;0.00;0.00;0;0;0
0;9;0.00;0.00;0;0;0
0;8;0.00;0.00;0;0;0
0;8;0.00;0.00;0;0;0
0;8;0.00;0.00;0;0;0
0;8;0.00;0.00;0;0;0
0;10;0.00;0.00;0;0;0
0;9;0.00;0.00;0;0;0
0;7;0.00;0.00;0;0;0
0;8;0.00;0.00;0;0;0
0;11;0.00;0.00;0;0;0
0;6;0.00;0.00;0;0;0
0;8;0.00;0.00;0;0;0
0;7;0.00;0.00;0;0;0
0;12;0.00;0.00;0;0;0
0;5;0.00;0.00;0;0;0
0;7;0.00;0.00;0;0;0
0;9;0.00;0.00;0;0;0
0;8;0.00;0.00;0;0;0
0;9;0.00;0.00;0;0;0
0;9;0.00;0.00;0;0;0
0;7;0.00;0.00;0;0;0
0;8;0.00;0.00;0;0;0
0;8;0.00;0.00;0;0;0
0;10;0.00;0.00;0;0;0
0;7;0.00;0.00;0;0;0
0;7;0.00;0.00;0;0;0
0;9;0.00;0.00;0;0;0
0;10;0.00;0.00;0;0;0
0;7;0.00;0.00;0;0;0
0;8;0.00;0.00;0;0;0
0;7;0.00;0.00;0;0;0
0;10;0.00;0.00;0;0;0
0;8;0.00;0.00;0;0;0
0;7;0.00;0.00;0;0;0
0;8;0.00;0.00;0;0;0
0;9;0.00;0.00;0;0;0
0;9;0.00;0.00;0;0;0
0;7;0.00;0.00;0;0;0
0;8;0.00;0.00;0;0;0
0;8;0.00;0.00;0;0;0
0;8;0.00;0.00;0;0;0
0;10;0.00;0.00;0;0;0
0;7;0.00;0.00;0;0;0
0;8;0.00;0.00;0;0;0
0;8;0.00;0.00;0;0;0
0;8;0.00;0.00;0;0;0
0;9;0.00;0.00;0;0;0
0;8;0.00;0.00;0;0;0
0;8;0.00;0.00;0;0;0
0;8;0.00;0.00;0;0;0
0;11;0.00;0.00;0;0;0
0;6;0.00;0.00;0;0;0
0;8;0.00;0.00;0;0;0
0;8;0.00;0.00;0;0;0
0;11;0.00;0.00;0;0;0
0;6;0.00;0.00;0;0;0
0;7;0.00;0.00;0;0;0
0;9;0.00;0.00;0;0;0
0;11;0.00;0.00;0;0;0
0;6;0.00;0.00;0;0;0
0;7;0.00;0.00;0;0;0
0;8;0.00;0.00;0;0;0
0;9;0.00;0.00;0;0;0
0;8;0.00;0.00;0;0;0
0;9;0.00;0.00;0;0;0
0;7;0.00;0.00;0;0;0
0;8;0.00;0.00;0;0;0
0;8;0.00;0.00;0;0;0
0;11;0.00;0.00;0;0;0
0;7;0.00;0.00;0;0;0
0;7;0.00;0.00;0;0;0
0;8;0.00;0.00;0;0;0
0;10;0.00;0.00;0;0;0
0;8;0.00;0.00;0;0;0
0;7;0.00;0.00;0;0;0
0;8;0.00;0.00;0;0;0
0;9;0.00;0.00;0;0;0
0;8;0.00;0.00;0;0;0
0;8;0.00;0.00;0;0;0
0;11;0.00;0.00;0;0;0
0;7;0.00;0.00;0;0;0
0;7;0.00;0.00;0;0;0
0;7;0.00;0.00;0;0;0
0;9;0.00;0.00;0;0;0
0;9;0.00;0.00;0;0;0
0;7;0.00;0.00;0;0;0
0;8;0.00;0.00;0;0;0
0;8;0.00;0.00;0;0;0
0;9;0.00;0.00;0;0;0
0;8;0.00;0.00;0;0;0
0;8;0.00;0.00;0;0;0
0;11;0.00;0.00;0;0;0
0;6;0.00;0.00;0;0;0
0;7;0.00;0.00;0;0;0
0;9;0.00;0.00;0;0;0
0;12;0.00;0.00;0;0;0
0;8;0.00;0.00;0;0;0
0;8;0.00;0.00;0;0;0
0;9;0.00;0.00;0;0;0
0;9;0.00;0.00;0;0;0
0;8;0.00;0.00;0;0;0
0;7;0.00;0.00;0;0;0
0;8;0.00;0.00;0;0;0
0;8;0.00;0.00;0;0;0
0;9;0.00;0.00;0;0;0
0;8;0.00;0.00;0;0;0
0;8;0.00;0.00;0;0;0
0;9;0.00;0.00;0;0;0
0;8;0.00;0.00;0;0;0
0;9;0.00;0.00;0;0;0
0;8;0.00;0.00;0;0;0
0;7;0.00;0.00;0;0;0
0;8;0.00;0.00;0;0;0
0;8;0.00;0.00;0;0;0
0;9;0.00;0.00;0;0;0
0;8;0.00;0.00;0;0;0
0;8;0.00;0.00;0;0;0
0;8;0.00;0.00;0;0;0
0;8;0.00;0.00;0;0;0
0;9;0.00;0.00;0;0;0
0;8;0.00;0.00;0;0;0
0;8;0.00;0.00;0;0;0
0;8;0.00;0.00;0;0;0
0;8;0.00;0.00;0;0;0
0;9;0.00;0.00;0;0;0
0;8;0.00;0.00;0;0;0
0;9;0.00;0.00;0;0;0
0;7;0.00;0.00;0;0;0
0;10;0.00;0.00;0;0;0
0;7;0.00;0.00;0;0;0
0;8;0.00;0.00;0;0;0
0;8;0.00;0.00;0;0;0
0;9;0.00;0.00;0;0;0
0;7;0.00;0.00;0;0;0
0;8;0.00;0.00;0;0;0
0;9;0.00;0.00;0;0;0
0;9;0.00;0.00;0;0;0
0;7;0.00;0.00;0;0;0
0;8;0.00;0.00;0;0;0
0;8;0.00;0.00;0;0;0
0;9;0.00;0.00;0;0;0
0;8;0.00;0.00;0;0;0
0;8;0.00;0.00;0;0;0
0;8;0.00;0.00;0;0;0
0;8;0.00;0.00;0;0;0
0;9;0.00;0.00;0;0;0
0;8;0.00;0.00;0;0;0
0;8;0.00;0.00;0;0;0
0;8;0.00;0.00;0;0;0
0;8;0.00;0.00;0;0;0
0;9;0.00;0.00;0;0;0
0;15;0.00;0.00;0;0;0
0;6;0.00;0.00;0;0;0
0;8;0.00;0.00;0;0;0
0;8;0.00;0.00;0;0;0
0;9;0.00;0.00;0;0;0
0;8;0.00;0.00;0;0;0
0;7;0.00;0.00;0;0;0
0;8;0.00;0.00;0;0;0
0;9;0.00;0.00;0;0;0
0;8;0.00;0.00;0;0;0
0;8;0.00;0.00;0;0;0
0;8;0.00;0.00;0;0;0
0;8;0.00;0.00;0;0;0
0;8;0.00;0.00;0;0;0
0;12;0.00;0.00;0;0;0
0;5;0.00;0.00;0;0;0
0;8;0.00;0.00;0;0;0
0;8;0.00;0.00;0;0;0
0;8;0.00;0.00;0;0;0
0;9;0.00;0.00;0;0;0
0;8;0.00;0.00;0;0;0
0;11;0.00;0.00;0;0;0
0;6;0.00;0.00;0;0;0
0;7;0.00;0.00;0;0;0
0;8;0.00;0.00;0;0;0
0;9;0.00;0.00;0;0;0
0;8;0.00;0.00;0;0;0
0;8;0.00;0.00;0;0;0
0;8;0.00;0.00;0;0;0
0;12;0.00;0.00;0;0;0
0;6;0.00;0.00;0;0;0
0;7;0.00;0.00;0;0;0
0;8;0.00;0.00;0;0;0
0;11;0.00;0.00;0;0;0
0;6;0.00;0.00;0;0;0
0;8;0.00;0.00;0;0;0
0;8;0.00;0.00;0;0;0
0;11;0.00;0.00;0;0;0
0;6;0.00;0.00;0;0;0
0;7;0.00;0.00;0;0;0
0;8;0.00;0.00;0;0;0
0;10;0.00;0.00;0;0;0
0;8;0.00;0.00;0;0;0
0;7;0.00;0.00;0;0;0
0;8;0.00;0.00;0;0;0
0;10;0.00;0.00;0;0;0
0;8;0.00;0.00;0;0;0
0;7;0.00;0.00;0;0;0
0;8;0.00;0.00;0;0;0
0;9;0.00;0.00;0;0;0
0;7;0.00;0.00;0;0;0
0;10;0.00;0.00;0;0;0
0;7;0.00;0.00;0;0;0
0;11;0.00;0.00;0;0;0
0;6;0.00;0.00;0;0;0
0;7;0.00;0.00;0;0;0
0;9;0.00;0.00;0;0;0
0;8;0.00;0.00;0;0;0
0;8;0.00;0.00;0;0;0
0;8;0.00;0.00;0;0;0
0;8;0.00;0.00;0;0;0
0;9;0.00;0.00;0;0;0
0;9;0.00;0.00;0;0;0
0;7;0.00;0.00;0;0;0
0;8;0.00;0.00;0;0;0
0;8;0.00;0.00;0;0;0
0;12;0.00;0.00;0;0;0
0;8;0.00;0.00;0;0;0
0;6;0.00;0.00;0;0;0
0;7;0.00;0.00;0;0;0
0;11;0.00;0.00;0;0;0
0;5;0.00;0.00;0;0;0
0;9;0.00;0.00;0;0;0
0;8;0.00;0.00;0;0;0
0;9;0.00;0.00;0;0;0
0;7;0.00;0.00;0;0;0
0;8;0.00;0.00;0;0;0
0;9;0.00;0.00;0;0;0
0;10;0.00;0.00;0;0;0
0;6;0.00;0.00;0;0;0
0;7;0.00;0.00;0;0;0
0;8;0.00;0.00;0;0;0
0;9;0.00;0.00;0;0;0
0;8;0.00;0.00;0;0;0
0;8;0.00;0.00;0;0;0
0;8;0.00;0.00;0;0;0
0;10;0.00;0.00;0;0;0
0;6;0.00;0.00;0;0;0
0;9;0.00;0.00;0;0;0
0;8;0.00;0.00;0;0;0
0;14;0.00;0.00;0;0;0
0;6;0.00;0.00;0;0;0
0;9;0.00;0.00;0;0;0
0;11;0.00;0.00;0;0;0
0;6;0.00;0.00;0;0;0
0;7;0.00;0.00;0;0;0
0;8;0.00;0.00;0;0;0
0;10;0.00;0.00;0;0;0
0;7;0.00;0.00;0;0;0
0;8;0.00;0.00;0;0;0
0;8;0.00;0.00;0;0;0
0;11;0.00;0.00;0;0;0
0;6;0.00;0.00;0;0;0
0;8;0.00;0.00;0;0;0
0;9;0.00;0.00;0;0;0
0;10;0.00;0.00;0;0;0
0;5;0.00;0.00;0;0;0
0;8;0.00;0.00;0;0;0
0;9;0.00;0.00;0;0;0
0;14;0.00;0.00;0;0;0
0;7;0.00;0.00;0;0;0
0;7;0.00;0.00;0;0;0
0;8;0.00;0.00;0;0;0
0;9;0.00;0.00;0;0;0
0;10;0.00;0.00;0;0;0
0;6;0.00;0.00;0;0;0
0;9;0.00;0.00;0;0;0
0;7;0.00;0.00;0;0;0
0;9;0.00;0.00;0;0;0
0;8;0.00;0.00;0;0;0
0;9;0.00;0.00;0;0;0
0;7;0.00;0.00;0;0;0
0;10;0.00;0.00;0;0;0
0;7;0.00;0.00;0;0;0
0;8;0.00;0.00;0;0;0
0;8;0.00;0.00;0;0;0
0;10;0.00;0.00;0;0;0
0;6;0.00;0.00;0;0;0
0;9;0.00;0.00;0;0;0
0;8;0.00;0.00;0;0;0
0;9;0.00;0.00;0;0;0
0;7;0.00;0.00;0;0;0
0;8;0.00;0.00;0;0;0
0;9;0.00;0.00;0;0;0
0;8;0.00;0.00;0;0;0
0;8;0.00;0.00;0;0;0
0;8;0.00;0.00;0;0;0
0;8;0.00;0.00;0;0;0
0;8;0.00;0.00;0;0;0
0;9;0.00;0.00;0;0;0
0;8;0.00;0.00;0;0;0
0;8;0.00;0.00;0;0;0
0;8;0.00;0.00;0;0;0
0;8;0.00;0.00;0;0;0
0;9;0.00;0.00;0;0;0
0;11;0.00;0.00;0;0;0
0;10;0.00;0.00;0;0;0
0;8;0.00;0.00;0;0;0
0;7;0.00;0.00;0;0;0
0;11;0.00;0.00;0;0;0
0;7;0.00;0.00;0;0;0
0;7;0.00;0.00;0;0;0
0;8;0.00;0.00;0;0;0
0;9;0.00;0.00;0;0;0
0;8;0.00;0.00;0;0;0
0;8;0.00;0.00;0;0;0
0;8;0.00;0.00;0;0;0
0;11;0.00;0.00;0;0;0
0;6;0.00;0.00;0;0;0
0;8;0.00;0.00;0;0;0
0;8;0.00;0.00;0;0;0
0;8;0.00;0.00;0;0;0
0;11;0.00;0.00;0;0;0
0;5;0.00;0.00;0;0;0
0;9;0.00;0.00;0;0;0
0;8;0.00;0.00;0;0;0
0;12;0.00;0.00;0;0;0
0;4;0.00;0.00;0;0;0
0;8;0.00;0.00;0;0;0
0;9;0.00;0.00;0;0;0
0;8;0.00;0.00;0;0;0
0;9;0.00;0.00;0;0;0
0;7;0.00;0.00;0;0;0
0;8;0.00;0.00;0;0;0
0;8;0.00;0.00;0;0;0
0;12;0.00;0.00;0;0;0
0;5;0.00;0.00;0;0;0
0;8;0.00;0.00;0;0;0
0;11;0.00;0.00;0;0;0
0;5;0.00;0.00;0;0;0
0;10;0.00;0.00;0;0;0
0;7;0.00;0.00;0;0;0
0;9;0.00;0.00;0;0;0
0;7;0.00;0.00;0;0;0
0;8;0.00;0.00;0;0;0
0;10;0.00;0.00;0;0;0
0;11;0.00;0.00;0;0;0
0;5;0.00;0.00;0;0;0
0;7;0.00;0.00;0;0;0
0;8;0.00;0.00;0;0;0
0;13;0.00;0.00;0;0;0
0;8;0.00;0.00;0;0;0
0;8;0.00;0.00;0;0;0
0;11;0.00;0.00;0;0;0
0;6;0.00;0.00;0;0;0
0;8;0.00;0.00;0;0;0
0;8;0.00;0.00;0;0;0
0;12;0.00;0.00;0;0;0
0;8;0.00;0.00;0;0;0
0;8;0.00;0.00;0;0;0
0;9;0.00;0.00;0;0;0
0;10;0.00;0.00;0;0;0
0;7;0.00;0.00;0;0;0
0;7;0.00;0.00;0;0;0
0;8;0.00;0.00;0;0;0
0;9;0.00;0.00;0;0;0
0;9;0.00;0.00;0;0;0
0;8;0.00;0.00;0;0;0
0;7;0.00;0.00;0;0;0
0;8;0.00;0.00;0;0;0
0;11;0.00;0.00;0;0;0
0;10;0.00;0.00;0;0;0
0;8;0.00;0.00;0;0;0
0;8;0.00;0.00;0;0;0
0;11;0.00;0.00;0;0;0
0;6;0.00;0.00;0;0;0
0;8;0.00;0.00;0;0;0
0;8;0.00;0.00;0;0;0
0;10;0.00;0.00;0;0;0
0;7;0.00;0.00;0;0;0
0;8;0.00;0.00;0;0;0
0;8;0.00;0.00;0;0;0
0;8;0.00;0.00;0;0;0
0;8;0.00;0.00;0;0;0
0;8;0.00;0.00;0;0;0
0;9;0.00;0.00;0;0;0
0;8;0.00;0.00;0;0;0
0;8;0.00;0.00;0;0;0
0;8;0.00;0.00;0;0;0
0;16;0.00;0.00;0;0;0
0;5;0.00;0.00;0;0;0
0;8;0.00;0.00;0;0;0
0;8;0.00;0.00;0;0;0
0;10;0.00;0.00;0;0;0
0;7;0.00;0.00;0;0;0
0;8;0.00;0.00;0;0;0
0;8;0.00;0.00;0;0;0
0;8;0.00;0.00;0;0;0
0;8;0.00;0.00;0;0;0
0;9;0.00;0.00;0;0;0
0;8;0.00;0.00;0;0;0
0;8;0.00;0.00;0;0;0
0;8;0.00;0.00;0;0;0
0;8;0.00;0.00;0;0;0
0;9;0.00;0.00;0;0;0
0;8;0.00;0.00;0;0;0
0;8;0.00;0.00;0;0;0
0;8;0.00;0.00;0;0;0
0;11;0.00;0.00;0;0;0
0;7;0.00;0.00;0;0;0
0;7;0.00;0.00;0;0;0
0;8;0.00;0.00;0;0;0
0;9;0.00;0.00;0;0;0
0;7;0.00;0.00;0;0;0
0;8;0.00;0.00;0;0;0
0;8;0.00;0.00;0;0;0
0;9;0.00;0.00;0;0;0
0;8;0.00;0.00;0;0;0
0;11;0.00;0.00;0;0;0
0;5;0.00;0.00;0;0;0
0;9;0.00;0.00;0;0;0
0;8;0.00;0.00;0;0;0
0;11;0.00;0.00;0;0;0
0;5;0.00;0.00;0;0;0
0;11;0.00;0.00;0;0;0
0;5;0.00;0.00;0;0;0
0;11;0.00;0.00;0;0;0
0;6;0.00;0.00;0;0;0
0;8;0.00;0.00;0;0;0
0;8;0.00;0.00;0;0;0
0;9;0.00;0.00;0;0;0
0;7;0.00;0.00;0;0;0
0;9;0.00;0.00;0;0;0
0;8;0.00;0.00;0;0;0
0;9;0.00;0.00;0;0;0
0;7;0.00;0.00;0;0;0
0;8;0.00;0.00;0;0;0
0;9;0.00;0.00;0;0;0
0;11;0.00;0.00;0;0;0
0;5;0.00;0.00;0;0;0
0;9;0.00;0.00;0;0;0
0;7;0.00;0.00;0;0;0
0;9;0.00;0.00;0;0;0
0;8;0.00;0.00;0;0;0
0;8;0.00;0.00;0;0;0
0;8;0.00;0.00;0;0;0
0;8;0.00;0.00;0;0;0
0;9;0.00;0.00;0;0;0
0;8;0.00;0.00;0;0;0
0;11;0.00;0.00;0;0;0
0;9;0.00;0.00;0;0;0
0;9;0.00;0.00;0;0;0
0;8;0.00;0.00;0;0;0
0;8;0.00;0.00;0;0;0
0;8;0.00;0.00;0;0;0
0;8;0.00;0.00;0;0;0
0;8;0.00;0.00;0;0;0
0;10;0.00;0.00;0;0;0
0;7;0.00;0.00;0;0;0
0;8;0.00;0.00;0;0;0
0;8;0.00;0.00;0;0;0
0;8;0.00;0.00;0;0;0
0;9;0.00;0.00;0;0;0
0;8;0.00;0.00;0;0;0
0;8;0.00;0.00;0;0;0
0;8;0.00;0.00;0;0;0
0;11;0.00;0.00;0;0;0
0;6;0.00;0.00;0;0;0
0;10;0.00;0.00;0;0;0
0;6;0.00;0.00;0;0;0
0;12;0.00;0.00;0;0;0
0;8;0.00;0.00;0;0;0
0;9;0.00;0.00;0;0;0
0;8;0.00;0.00;0;0;0
0;11;0.00;0.00;0;0;0
0;6;0.00;0.00;0;0;0
0;8;0.00;0.00;0;0;0
0;8;0.00;0.00;0;0;0
0;9;0.00;0.00;0;0;0
0;7;0.00;0.00;0;0;0
0;9;0.00;0.00;0;0;0
0;7;0.00;0.00;0;0;0
0;8;0.00;0.00;0;0;0
0;9;0.00;0.00;0;0;0
0;9;0.00;0.00;0;0;0
0;7;0.00;0.00;0;0;0
0;12;0.00;0.00;0;0;0
0;9;0.00;0.00;0;0;0
0;8;0.00;0.00;0;0;0
0;10;0.00;0.00;0;0;0
0;6;0.00;0.00;0;0;0
0;8;0.00;0.00;0;0;0
0;10;0.00;0.00;0;0;0
0;27;0.00;0.00;0;0;0
0;22;0.00;0.00;0;0;0
0;8;0.00;0.00;0;0;0
0;7;0.00;0.00;0;0;0
0;11;0.00;0.00;0;0;0
0;5;0.00;0.00;0;0;0
0;9;0.00;0.00;0;0;0
0;8;0.00;0.00;0;0;0
0;9;0.00;0.00;0;0;0
0;9;0.00;0.00;0;0;0
0;6;0.00;0.00;0;0;0
0;10;0.00;0.00;0;0;0
0;8;0.00;0.00;0;0;0
0;8;0.00;0.00;0;0;0
0;7;0.00;0.00;0;0;0
0;8;0.00;0.00;0;0;0
0;9;0.00;0.00;0;0;0
0;8;0.00;0.00;0;0;0
0;8;0.00;0.00;0;0;0
0;8;0.00;0.00;0;0;0
0;8;0.00;0.00;0;0;0
0;8;0.00;0.00;0;0;0
0;9;0.00;0.00;0;0;0
0;8;0.00;0.00;0;0;0
0;8;0.00;0.00;0;0;0
0;8;0.00;0.00;0;0;0
0;8;0.00;0.00;0;0;0
0;9;0.00;0.00;0;0;0
0;8;0.00;0.00;0;0;0
0;8;0.00;0.00;0;0;0
0;8;0.00;0.00;0;0;0
0;8;0.00;0.00;0;0;0
0;9;0.00;0.00;0;0;0
0;8;0.00;0.00;0;0;0
0;8;0.00;0.00;0;0;0
0;8;0.00;0.00;0;0;0
0;8;0.00;0.00;0;0;0
0;9;0.00;0.00;0;0;0
0;8;0.00;0.00;0;0;0
0;8;0.00;0.00;0;0;0
0;8;0.00;0.00;0;0;0
0;8;0.00;0.00;0;0;0
0;9;0.00;0.00;0;0;0
0;8;0.00;0.00;0;0;0
0;8;0.00;0.00;0;0;0
0;8;0.00;0.00;0;0;0
0;8;0.00;0.00;0;0;0
0;8;0.00;0.00;0;0;0
0;15;0.00;0.00;0;0;0
0;6;0.00;0.00;0;0;0
0;8;0.00;0.00;0;0;0
0;8;0.00;0.00;0;0;0
0;9;0.00;0.00;0;0;0
0;8;0.00;0.00;0;0;0
0;8;0.00;0.00;0;0;0
0;8;0.00;0.00;0;0;0
0;10;0.00;0.00;0;0;0
0;6;0.00;0.00;0;0;0
0;9;0.00;0.00;0;0;0
0;8;0.00;0.00;0;0;0
0;8;0.00;0.00;0;0;0
0;8;0.00;0.00;0;0;0
0;8;0.00;0.00;0;0;0
0;9;0.00;0.00;0;0;0
0;8;0.00;0.00;0;0;0
0;8;0.00;0.00;0;0;0
0;8;0.00;0.00;0;0;0
0;8;0.00;0.00;0;0;0
0;9;0.00;0.00;0;0;0
0;8;0.00;0.00;0;0;0
0;8;0.00;0.00;0;0;0
0;9;0.00;0.00;0;0;0
0;7;0.00;0.00;0;0;0
0;10;0.00;0.00;0;0;0
0;8;0.00;0.00;0;0;0
0;7;0.00;0.00;0;0;0
0;8;0.00;0.00;0;0;0
0;8;0.00;0.00;0;0;0
0;9;0.00;0.00;0;0;0
0;8;0.00;0.00;0;0;0
0;8;0.00;0.00;0;0;0
0;11;0.00;0.00;0;0;0
0;5;0.00;0.00;0;0;0
0;10;0.00;0.00;0;0;0
0;7;0.00;0.00;0;0;0
0;8;0.00;0.00;0;0;0
0;8;0.00;0.00;0;0;0
0;8;0.00;0.00;0;0;0
0;8;0.00;0.00;0;0;0
0;13;0.00;0.00;0;0;0
0;8;0.00;0.00;0;0;0
0;8;0.00;0.00;0;0;0
0;8;0.00;0.00;0;0;0
0;9;0.00;0.00;0;0;0
0;8;0.00;0.00;0;0;0
0;8;0.00;0.00;0;0;0
0;8;0.00;0.00;0;0;0
0;8;0.00;0.00;0;0;0
0;8;0.00;0.00;0;0;0
0;9;0.00;0.00;0;0;0
0;8;0.00;0.00;0;0;0
0;8;0.00;0.00;0;0;0
0;8;0.00;0.00;0;0;0
0;8;0.00;0.00;0;0;0
0;12;0.00;0.00;0;0;0
0;5;0.00;0.00;0;0;0
0;8;0.00;0.00;0;0;0
0;8;0.00;0.00;0;0;0
0;8;0.00;0.00;0;0;0
0;9;0.00;0.00;0;0;0
0;8;0.00;0.00;0;0;0
0;9;0.00;0.00;0;0;0
0;7;0.00;0.00;0;0;0
0;8;0.00;0.00;0;0;0
0;13;0.00;0.00;0;0;0
0;8;0.00;0.00;0;0;0
0;8;0.00;0.00;0;0;0
0;23;0.00;0.00;0;0;0
0;6;0.00;0.00;0;0;0
0;8;0.00;0.00;0;0;0
0;8;0.00;0.00;0;0;0
0;8;0.00;0.00;0;0;0
0;8;0.00;0.00;0;0;0
0;9;0.00;0.00;0;0;0
0;8;0.00;0.00;0;0;0
0;8;0.00;0.00;0;0;0
0;8;0.00;0.00;0;0;0
0;8;0.00;0.00;0;0;0
0;9;0.00;0.00;0;0;0
0;8;0.00;0.00;0;0;0
0;8;0.00;0.00;0;0;0
0;8;0.00;0.00;0;0;0
0;9;0.00;0.00;0;0;0
0;9;0.00;0.00;0;0;0
0;7;0.00;0.00;0;0;0
0;13;0.00;0.00;0;0;0
0;8;0.00;0.00;0;0;0
0;7;0.00;0.00;0;0;0
0;9;0.00;0.00;0;0;0
0;9;0.00;0.00;0;0;0
0;7;0.00;0.00;0;0;0
0;8;0.00;0.00;0;0;0
0;8;0.00;0.00;0;0;0
0;11;0.00;0.00;0;0;0
0;6;0.00;0.00;0;0;0
0;8;0.00;0.00;0;0;0
0;12;0.00;0.00;0;0;0
0;8;0.00;0.00;0;0;0
0;9;0.00;0.00;0;0;0
0;8;0.00;0.00;0;0;0
0;10;0.00;0.00;0;0;0
0;7;0.00;0.00;0;0;0
0;7;0.00;0.00;0;0;0
0;9;0.00;0.00;0;0;0
0;8;0.00;0.00;0;0;0
0;8;0.00;0.00;0;0;0
0;8;0.00;0.00;0;0;0
0;8;0.00;0.00;0;0;0
0;9;0.00;0.00;0;0;0
0;8;0.00;0.00;0;0;0
0;9;0.00;0.00;0;0;0
0;11;0.00;0.00;0;0;0
0;8;0.00;0.00;0;0;0
0;9;0.00;0.00;0;0;0
0;8;0.00;0.00;0;0;0
0;8;0.00;0.00;0;0;0
0;8;0.00;0.00;0;0;0
0;11;0.00;0.00;0;0;0
0;6;0.00;0.00;0;0;0
0;8;0.00;0.00;0;0;0
0;8;0.00;0.00;0;0;0
0;11;0.00;0.00;0;0;0
0;5;0.00;0.00;0;0;0
0;9;0.00;0.00;0;0;0
0;11;0.00;0.00;0;0;0
0;5;0.00;0.00;0;0;0
0;8;0.00;0.00;0;0;0
0;8;0.00;0.00;0;0;0
0;8;0.00;0.00;0;0;0
0;9;0.00;0.00;0;0;0
0;8;0.00;0.00;0;0;0
0;8;0.00;0.00;0;0;0
0;8;0.00;0.00;0;0;0
0;9;0.00;0.00;0;0;0
0;8;0.00;0.00;0;0;0
0;8;0.00;0.00;0;0;0
0;8;0.00;0.00;0;0;0
0;8;0.00;0.00;0;0;0
0;8;0.00;0.00;0;0;0
0;9;0.00;0.00;0;0;0
0;8;0.00;0.00;0;0;0
0;9;0.00;0.00;0;0;0
0;7;0.00;0.00;0;0;0
0;9;0.00;0.00;0;0;0
0;12;0.00;0.00;0;0;0
0;8;0.00;0.00;0;0;0
0;8;0.00;0.00;0;0;0
0;8;0.00;0.00;0;0;0
0;9;0.00;0.00;0;0;0
0;8;0.00;0.00;0;0;0
0;8;0.00;0.00;0;0;0
0;8;0.00;0.00;0;0;0
0;9;0.00;0.00;0;0;0
0;7;0.00;0.00;0;0;0
0;9;0.00;0.00;0;0;0
0;8;0.00;0.00;0;0;0
0;8;0.00;0.00;0;0;0
0;8;0.00;0.00;0;0;0
0;8;0.00;0.00;0;0;0
0;9;0.00;0.00;0;0;0
0;8;0.00;0.00;0;0;0
0;12;0.00;0.00;0;0;0
0;8;0.00;0.00;0;0;0
0;8;0.00;0.00;0;0;0
0;9;0.00;0.00;0;0;0
0;8;0.00;0.00;0;0;0
0;8;0.00;0.00;0;0;0
0;11;0.00;0.00;0;0;0
0;5;0.00;0.00;0;0;0
0;10;0.00;0.00;0;0;0
0;7;0.00;0.00;0;0;0
0;8;0.00;0.00;0;0;0
0;8;0.00;0.00;0;0;0
0;9;0.00;0.00;0;0;0
0;8;0.00;0.00;0;0;0
0;8;0.00;0.00;0;0;0
0;8;0.00;0.00;0;0;0
0;8;0.00;0.00;0;0;0
0;8;0.00;0.00;0;0;0
0;8;0.00;0.00;0;0;0
0;9;0.00;0.00;0;0;0
0;9;0.00;0.00;0;0;0
0;7;0.00;0.00;0;0;0
0;8;0.00;0.00;0;0;0
0;8;0.00;0.00;0;0;0
0;9;0.00;0.00;0;0;0
0;8;0.00;0.00;0;0;0
0;8;0.00;0.00;0;0;0
0;8;0.00;0.00;0;0;0
0;8;0.00;0.00;0;0;0
0;9;0.00;0.00;0;0;0
0;8;0.00;0.00;0;0;0
0;11;0.00;0.00;0;0;0
0;5;0.00;0.00;0;0;0
0;8;0.00;0.00;0;0;0
0;9;0.00;0.00;0;0;0
0;8;0.00;0.00;0;0;0
0;8;0.00;0.00;0;0;0
0;8;0.00;0.00;0;0;0
0;8;0.00;0.00;0;0;0
0;13;0.00;0.00;0;0;0
0;8;0.00;0.00;0;0;0
0;8;0.00;0.00;0;0;0
0;8;0.00;0.00;0;0;0
0;8;0.00;0.00;0;0;0
0;9;0.00;0.00;0;0;0
0;8;0.00;0.00;0;0;0
0;8;0.00;0.00;0;0;0
0;8;0.00;0.00;0;0;0
0;11;0.00;0.00;0;0;0
0;6;0.00;0.00;0;0;0
0;8;0.00;0.00;0;0;0
0;8;0.00;0.00;0;0;0
0;8;0.00;0.00;0;0;0
0;8;0.00;0.00;0;0;0
0;8;0.00;0.00;0;0;0
0;9;0.00;0.00;0;0;0
0;12;0.00;0.00;0;0;0
0;8;0.00;0.00;0;0;0
0;8;0.00;0.00;0;0;0
0;9;0.00;0.00;0;0;0
0;8;0.00;0.00;0;0;0
0;8;0.00;0.00;0;0;0
0;8;0.00;0.00;0;0;0
0;8;0.00;0.00;0;0;0
0;9;0.00;0.00;0;0;0
0;8;0.00;0.00;0;0;0
0;8;0.00;0.00;0;0;0
0;15;0.00;0.00;0;0;0
0;5;0.00;0.00;0;0;0
0;11;0.00;0.00;0;0;0
0;6;0.00;0.00;0;0;0
0;9;0.00;0.00;0;0;0
0;7;0.00;0.00;0;0;0
0;8;0.00;0.00;0;0;0
0;10;0.00;0.00;0;0;0
0;8;0.00;0.00;0;0;0
0;7;0.00;0.00;0;0;0
0;8;0.00;0.00;0;0;0
0;8;0.00;0.00;0;0;0
0;8;0.00;0.00;0;0;0
0;9;0.00;0.00;0;0;0
0;8;0.00;0.00;0;0;0
0;8;0.00;0.00;0;0;0
0;8;0.00;0.00;0;0;0
0;8;0.00;0.00;0;0;0
0;9;0.00;0.00;0;0;0
0;8;0.00;0.00;0;0;0
0;8;0.00;0.00;0;0;0
0;8;0.00;0.00;0;0;0
0;8;0.00;0.00;0;0;0
0;9;0.00;0.00;0;0;0
0;8;0.00;0.00;0;0;0
0;11;0.00;0.00;0;0;0
0;5;0.00;0.00;0;0;0
0;11;0.00;0.00;0;0;0
0;6;0.00;0.00;0;0;0
0;12;0.00;0.00;0;0;0
0;8;0.00;0.00;0;0;0
0;8;0.00;0.00;0;0;0
0;8;0.00;0.00;0;0;0
0;9;0.00;0.00;0;0;0
0;8;0.00;0.00;0;0;0
0;8;0.00;0.00;0;0;0
0;8;0.00;0.00;0;0;0
0;10;0.00;0.00;0;0;0
0;7;0.00;0.00;0;0;0
0;8;0.00;0.00;0;0;0
0;11;0.00;0.00;0;0;0
0;5;0.00;0.00;0;0;0
0;8;0.00;0.00;0;0;0
0;9;0.00;0.00;0;0;0
0;8;0.00;0.00;0;0;0
0;8;0.00;0.00;0;0;0
0;8;0.00;0.00;0;0;0
0;8;0.00;0.00;0;0;0
0;12;0.00;0.00;0;0;0
0;6;0.00;0.00;0;0;0
0;7;0.00;0.00;0;0;0
0;8;0.00;0.00;0;0;0
0;8;0.00;0.00;0;0;0
0;8;0.00;0.00;0;0;0
0;9;0.00;0.00;0;0;0
0;8;0.00;0.00;0;0;0
0;8;0.00;0.00;0;0;0
0;8;0.00;0.00;0;0;0
0;9;0.00;0.00;0;0;0
0;8;0.00;0.00;0;0;0
0;8;0.00;0.00;0;0;0
0;8;0.00;0.00;0;0;0
0;8;0.00;0.00;0;0;0
0;8;0.00;0.00;0;0;0
0;10;0.00;0.00;0;0;0
0;7;0.00;0.00;0;0;0
0;8;0.00;0.00;0;0;0
0;8;0.00;0.00;0;0;0
0;11;0.00;0.00;0;0;0
0;6;0.00;0.00;0;0;0
0;8;0.00;0.00;0;0;0
0;8;0.00;0.00;0;0;0
0;8;0.00;0.00;0;0;0
0;8;0.00;0.00;0;0;0
0;8;0.00;0.00;0;0;0
0;9;0.00;0.00;0;0;0
0;8;0.00;0.00;0;0;0
0;8;0.00;0.00;0;0;0
0;9;0.00;0.00;0;0;0
0;11;0.00;0.00;0;0;0
0;6;0.00;0.00;0;0;0
0;10;0.00;0.00;0;0;0
0;5;0.00;0.00;0;0;0
0;8;0.00;0.00;0;0;0
0;8;0.00;0.00;0;0;0
0;9;0.00;0.00;0;0;0
0;8;0.00;0.00;0;0;0
0;8;0.00;0.00;0;0;0
0;8;0.00;0.00;0;0;0
0;11;0.00;0.00;0;0;0
0;6;0.00;0.00;0;0;0
0;8;0.00;0.00;0;0;0
0;8;0.00;0.00;0;0;0
0;10;0.00;0.00;0;0;0
0;6;0.00;0.00;0;0;0
0;9;0.00;0.00;0;0;0
0;8;0.00;0.00;0;0;0
0;11;0.00;0.00;0;0;0
0;8;0.00;0.00;0;0;0
0;5;0.00;0.00;0;0;0
0;8;0.00;0.00;0;0;0
0;9;0.00;0.00;0;0;0
0;8;0.00;0.00;0;0;0
0;8;0.00;0.00;0;0;0
0;8;0.00;0.00;0;0;0
0;9;0.00;0.00;0;0;0
0;8;0.00;0.00;0;0;0
0;8;0.00;0.00;0;0;0
0;8;0.00;0.00;0;0;0
0;8;0.00;0.00;0;0;0
0;9;0.00;0.00;0;0;0
0;8;0.00;0.00;0;0;0
0;8;0.00;0.00;0;0;0
0;10;0.00;0.00;0;0;0
0;8;0.00;0.00;0;0;0
0;6;0.00;0.00;0;0;0
0;9;0.00;0.00;0;0;0
0;8;0.00;0.00;0;0;0
0;8;0.00;0.00;0;0;0
0;8;0.00;0.00;0;0;0
0;8;0.00;0.00;0;0;0
0;9;0.00;0.00;0;0;0
0;8;0.00;0.00;0;0;0
0;8;0.00;0.00;0;0;0
0;8;0.00;0.00;0;0;0
0;8;0.00;0.00;0;0;0
0;12;0.00;0.00;0;0;0
0;6;0.00;0.00;0;0;0
0;7;0.00;0.00;0;0;0
0;8;0.00;0.00;0;0;0
0;12;0.00;0.00;0;0;0
0;9;0.00;0.00;0;0;0
0;11;0.00;0.00;0;0;0
0;5;0.00;0.00;0;0;0
0;11;0.00;0.00;0;0;0
0;5;0.00;0.00;0;0;0
0;8;0.00;0.00;0;0;0
0;9;0.00;0.00;0;0;0
0;9;0.00;0.00;0;0;0
0;7;0.00;0.00;0;0;0
0;9;0.00;0.00;0;0;0
0;7;0.00;0.00;0;0;0
0;9;0.00;0.00;0;0;0
0;8;0.00;0.00;0;0;0
0;9;0.00;0.00;0;0;0
0;10;0.00;0.00;0;0;0
0;8;0.00;0.00;0;0;0
0;6;0.00;0.00;0;0;0
0;8;0.00;0.00;0;0;0
0;11;0.00;0.00;0;0;0
0;5;0.00;0.00;0;0;0
0;8;0.00;0.00;0;0;0
0;9;0.00;0.00;0;0;0
0;8;0.00;0.00;0;0;0
0;8;0.00;0.00;0;0;0
0;8;0.00;0.00;0;0;0
0;8;0.00;0.00;0;0;0
0;12;0.00;0.00;0;0;0
0;5;0.00;0.00;0;0;0
0;8;0.00;0.00;0;0;0
0;8;0.00;0.00;0;0;0
0;9;0.00;0.00;0;0;0
0;7;0.00;0.00;0;0;0
0;9;0.00;0.00;0;0;0
0;8;0.00;0.00;0;0;0
0;10;0.00;0.00;0;0;0
0;6;0.00;0.00;0;0;0
0;8;0.00;0.00;0;0;0
0;9;0.00;0.00;0;0;0
0;8;0.00;0.00;0;0;0
0;8;0.00;0.00;0;0;0
0;10;0.00;0.00;0;0;0
0;10;0.00;0.00;0;0;0
0;9;0.00;0.00;0;0;0
0;9;0.00;0.00;0;0;0
0;10;0.00;0.00;0;0;0
0;5;0.00;0.00;0;0;0
0;8;0.00;0.00;0;0;0
0;9;0.00;0.00;0;0;0
0;8;0.00;0.00;0;0;0
0;8;0.00;0.00;0;0;0
0;8;0.00;0.00;0;0;0
0;8;0.00;0.00;0;0;0
0;10;0.00;0.00;0;0;0
0;7;0.00;0.00;0;0;0
0;8;0.00;0.00;0;0;0
0;8;0.00;0.00;0;0;0
0;8;0.00;0.00;0;0;0
0;9;0.00;0.00;0;0;0
0;8;0.00;0.00;0;0;0
0;7;0.00;0.00;0;0;0
0;9;0.00;0.00;0;0;0
0;8;0.00;0.00;0;0;0
0;9;0.00;0.00;0;0;0
0;14;0.00;0.00;0;0;0
0;6;0.00;0.00;0;0;0
0;8;0.00;0.00;0;0;0
0;10;0.00;0.00;0;0;0
0;7;0.00;0.00;0;0;0
0;8;0.00;0.00;0;0;0
0;8;0.00;0.00;0;0;0
0;8;0.00;0.00;0;0;0
0;8;0.00;0.00;0;0;0
0;9;0.00;0.00;0;0;0
0;8;0.00;0.00;0;0;0
0;8;0.00;0.00;0;0;0
0;8;0.00;0.00;0;0;0
0;8;0.00;0.00;0;0;0
0;8;0.00;0.00;0;0;0
0;13;0.00;0.00;0;0;0
0;8;0.00;0.00;0;0;0
0;8;0.00;0.00;0;0;0
0;11;0.00;0.00;0;0;0
0;8;0.00;0.00;0;0;0
0;6;0.00;0.00;0;0;0
0;8;0.00;0.00;0;0;0
0;8;0.00;0.00;0;0;0
0;8;0.00;0.00;0;0;0
0;9;0.00;0.00;0;0;0
0;8;0.00;0.00;0;0;0
0;8;0.00;0.00;0;0;0
0;8;0.00;0.00;0;0;0
0;11;0.00;0.00;0;0;0
0;5;0.00;0.00;0;0;0
0;12;0.00;0.00;0;0;0
0;9;0.00;0.00;0;0;0
0;8;0.00;0.00;0;0;0
0;8;0.00;0.00;0;0;0
0;9;0.00;0.00;0;0;0
0;11;0.00;0.00;0;0;0
0;5;0.00;0.00;0;0;0
0;8;0.00;0.00;0;0;0
0;8;0.00;0.00;0;0;0
0;15;0.00;0.00;0;0;0
0;6;0.00;0.00;0;0;0
0;8;0.00;0.00;0;0;0
0;8;0.00;0.00;0;0;0
0;8;0.00;0.00;0;0;0
0;9;0.00;0.00;0;0;0
0;8;0.00;0.00;0;0;0
0;8;0.00;0.00;0;0;0
0;10;0.00;0.00;0;0;0
0;6;0.00;0.00;0;0;0
0;9;0.00;0.00;0;0;0
0;8;0.00;0.00;0;0;0
0;8;0.00;0.00;0;0;0
0;8;0.00;0.00;0;0;0
0;8;0.00;0.00;0;0;0
0;12;0.00;0.00;0;0;0
0;5;0.00;0.00;0;0;0
0;8;0.00;0.00;0;0;0
0;8;0.00;0.00;0;0;0
0;10;0.00;0.00;0;0;0
0;6;0.00;0.00;0;0;0
0;9;0.00;0.00;0;0;0
0;8;0.00;0.00;0;0;0
0;7;0.00;0.00;0;0;0
0;8;0.00;0.00;0;0;0
0;10;0.00;0.00;0;0;0
0;8;0.00;0.00;0;0;0
0;10;0.00;0.00;0;0;0
0;6;0.00;0.00;0;0;0
0;8;0.00;0.00;0;0;0
0;11;0.00;0.00;0;0;0
0;6;0.00;0.00;0;0;0
0;8;0.00;0.00;0;0;0
0;8;0.00;0.00;0;0;0
0;8;0.00;0.00;0;0;0
0;8;0.00;0.00;0;0;0
0;8;0.00;0.00;0;0;0
0;13;0.00;0.00;0;0;0
0;8;0.00;0.00;0;0;0
0;8;0.00;0.00;0;0;0
0;8;0.00;0.00;0;0;0
0;9;0.00;0.00;0;0;0
0;7;0.00;0.00;0;0;0
0;12;0.00;0.00;0;0;0
0;5;0.00;0.00;0;0;0
0;8;0.00;0.00;0;0;0
0;9;0.00;0.00;0;0;0
0;8;0.00;0.00;0;0;0
0;10;0.00;0.00;0;0;0
0;6;0.00;0.00;0;0;0
0;8;0.00;0.00;0;0;0
0;8;0.00;0.00;0;0;0
0;11;0.00;0.00;0;0;0
0;6;0.00;0.00;0;0;0
0;8;0.00;0.00;0;0;0
0;8;0.00;0.00;0;0;0
0;8;0.00;0.00;0;0;0
0;9;0.00;0.00;0;0;0
0;8;0.00;0.00;0;0;0
0;8;0.00;0.00;0;0;0
0;8;0.00;0.00;0;0;0
0;8;0.00;0.00;0;0;0
0;9;0.00;0.00;0;0;0
0;8;0.00;0.00;0;0;0
0;7;0.00;0.00;0;0;0
0;11;0.00;0.00;0;0;0
0;6;0.00;0.00;0;0;0
0;9;0.00;0.00;0;0;0
0;8;0.00;0.00;0;0;0
0;8;0.00;0.00;0;0;0
0;9;0.00;0.00;0;0;0
0;7;0.00;0.00;0;0;0
0;9;0.00;0.00;0;0;0
0;8;0.00;0.00;0;0;0
0;7;0.00;0.00;0;0;0
0;15;0.00;0.00;0;0;0
0;6;0.00;0.00;0;0;0
0;9;0.00;0.00;0;0;0
0;7;0.00;0.00;0;0;0
0;8;0.00;0.00;0;0;0
0;9;0.00;0.00;0;0;0
0;8;0.00;0.00;0;0;0
0;9;0.00;0.00;0;0;0
0;7;0.00;0.00;0;0;0
0;9;0.00;0.00;0;0;0
0;10;0.00;0.00;0;0;0
0;6;0.00;0.00;0;0;0
0;8;0.00;0.00;0;0;0
0;9;0.00;0.00;0;0;0
0;8;0.00;0.00;0;0;0
0;8;0.00;0.00;0;0;0
0;8;0.00;0.00;0;0;0
0;8;0.00;0.00;0;0;0
0;8;0.00;0.00;0;0;0
0;9;0.00;0.00;0;0;0
0;9;0.00;0.00;0;0;0
0;11;0.00;0.00;0;0;0
0;7;0.00;0.00;0;0;0
0;9;0.00;0.00;0;0;0
0;8;0.00;0.00;0;0;0
0;11;0.00;0.00;0;0;0
0;6;0.00;0.00;0;0;0
0;8;0.00;0.00;0;0;0
0;8;0.00;0.00;0;0;0
0;12;0.00;0.00;0;0;0
0;5;0.00;0.00;0;0;0
0;8;0.00;0.00;0;0;0
0;8;0.00;0.00;0;0;0
0;9;0.00;0.00;0;0;0
0;8;0.00;0.00;0;0;0
0;8;0.00;0.00;0;0;0
0;8;0.00;0.00;0;0;0
0;7;0.00;0.00;0;0;0
0;10;0.00;0.00;0;0;0
0;7;0.00;0.00;0;0;0
0;9;0.00;0.00;0;0;0
0;8;0.00;0.00;0;0;0
0;8;0.00;0.00;0;0;0
0;8;0.00;0.00;0;0;0
0;10;0.00;0.00;0;0;0
0;8;0.00;0.00;0;0;0
0;6;0.00;0.00;0;0;0
0;9;0.00;0.00;0;0;0
0;11;0.00;0.00;0;0;0
0;5;0.00;0.00;0;0;0
0;8;0.00;0.00;0;0;0
0;7;0.00;0.00;0;0;0
0;9;0.00;0.00;0;0;0
0;8;0.00;0.00;0;0;0
0;14;0.00;0.00;0;0;0
0;11;0.00;0.00;0;0;0
0;8;0.00;0.00;0;0;0
0;8;0.00;0.00;0;0;0
0;8;0.00;0.00;0;0;0
0;10;0.00;0.00;0;0;0
0;7;0.00;0.00;0;0;0
0;11;0.00;0.00;0;0;0
0;9;0.00;0.00;0;0;0
0;8;0.00;0.00;0;0;0
0;12;0.00;0.00;0;0;0
0;5;0.00;0.00;0;0;0
0;8;0.00;0.00;0;0;0
0;8;0.00;0.00;0;0;0
0;12;0.00;0.00;0;0;0
0;5;0.00;0.00;0;0;0
0;8;0.00;0.00;0;0;0
0;8;0.00;0.00;0;0;0
0;10;0.00;0.00;0;0;0
0;7;0.00;0.00;0;0;0
0;10;0.00;0.00;0;0;0
0;6;0.00;0.00;0;0;0
0;10;0.00;0.00;0;0;0
0;6;0.00;0.00;0;0;0
0;9;0.00;0.00;0;0;0
0;10;0.00;0.00;0;0;0
0;9;0.00;0.00;0;0;0
0;5;0.00;0.00;0;0;0
0;8;0.00;0.00;0;0;0
0;8;0.00;0.00;0;0;0
0;10;0.00;0.00;0;0;0
0;8;0.00;0.00;0;0;0
0;7;0.00;0.00;0;0;0
0;8;0.00;0.00;0;0;0
0;11;0.00;0.00;0;0;0
0;6;0.00;0.00;0;0;0
0;8;0.00;0.00;0;0;0
0;7;0.00;0.00;0;0;0
0;9;0.00;0.00;0;0;0
0;8;0.00;0.00;0;0;0
0;8;0.00;0.00;0;0;0
0;8;0.00;0.00;0;0;0
0;8;0.00;0.00;0;0;0
0;9;0.00;0.00;0;0;0
0;7;0.00;0.00;0;0;0
0;12;0.00;0.00;0;0;0
0;6;0.00;0.00;0;0;0
0;11;0.00;0.00;0;0;0
0;5;0.00;0.00;0;0;0
0;8;0.00;0.00;0;0;0
0;8;0.00;0.00;0;0;0
0;12;0.00;0.00;0;0;0
0;5;0.00;0.00;0;0;0
0;8;0.00;0.00;0;0;0
0;7;0.00;0.00;0;0;0
0;13;0.00;0.00;0;0;0
0;5;0.00;0.00;0;0;0
0;7;0.00;0.00;0;0;0
0;11;0.00;0.00;0;0;0
0;6;0.00;0.00;0;0;0
0;8;0.00;0.00;0;0;0
0;11;0.00;0.00;0;0;0
0;6;0.00;0.00;0;0;0
0;10;0.00;0.00;0;0;0
0;6;0.00;0.00;0;0;0
0;7;0.00;0.00;0;0;0
0;9;0.00;0.00;0;0;0
0;8;0.00;0.00;0;0;0
0;8;0.00;0.00;0;0;0
0;9;0.00;0.00;0;0;0
0;7;0.00;0.00;0;0;0
0;13;0.00;0.00;0;0;0
0;9;0.00;0.00;0;0;0
0;7;0.00;0.00;0;0;0
0;8;0.00;0.00;0;0;0
0;8;0.00;0.00;0;0;0
0;9;0.00;0.00;0;0;0
0;8;0.00;0.00;0;0;0
0;11;0.00;0.00;0;0;0
0;6;0.00;0.00;0;0;0
0;8;0.00;0.00;0;0;0
0;8;0.00;0.00;0;0;0
0;9;0.00;0.00;0;0;0
0;8;0.00;0.00;0;0;0
0;8;0.00;0.00;0;0;0
0;7;0.00;0.00;0;0;0
0;14;0.00;0.00;0;0;0
0;10;0.00;0.00;0;0;0
0;6;0.00;0.00;0;0;0
0;11;0.00;0.00;0;0;0
0;5;0.00;0.00;0;0;0
0;10;0.00;0.00;0;0;0
0;7;0.00;0.00;0;0;0
0;10;0.00;0.00;0;0;0
0;7;0.00;0.00;0;0;0
0;10;0.00;0.00;0;0;0
0;18;0.00;0.00;0;0;0
0;27;0.00;0.00;0;0;0
0;12;0.00;0.00;0;0;0
0;15;0.00;0.00;0;0;0
0;12;0.00;0.00;0;0;0
0;10;0.00;0.00;0;0;0
0;9;0.00;0.00;0;0;0
0;7;0.00;0.00;0;0;0
0;8;0.00;0.00;0;0;0
0;9;0.00;0.00;0;0;0
0;8;0.00;0.00;0;0;0
0;8;0.00;0.00;0;0;0
0;8;0.00;0.00;0;0;0
0;10;0.00;0.00;0;0;0
0;11;0.00;0.00;0;0;0
0;9;0.00;0.00;0;0;0
0;9;0.00;0.00;0;0;0
0;8;0.00;0.00;0;0;0
0;7;0.00;0.00;0;0;0
0;9;0.00;0.00;0;0;0
0;8;0.00;0.00;0;0;0
0;9;0.00;0.00;0;0;0
0;8;0.00;0.00;0;0;0
0;13;0.00;0.00;0;0;0
0;10;0.00;0.00;0;0;0
0;6;0.00;0.00;0;0;0
0;7;0.00;0.00;0;0;0
0;7;0.00;0.00;0;0;0
0;9;0.00;0.00;0;0;0
0;8;0.00;0.00;0;0;0
0;8;0.00;0.00;0;0;0
0;10;0.00;0.00;0;0;0
0;7;0.00;0.00;0;0;0
0;9;0.00;0.00;0;0;0
0;36;0.00;0.00;0;0;0
0;8;0.00;0.00;0;0;0
0;12;0.00;0.00;0;0;0
0;13;0.00;0.00;0;0;0
0;8;0.00;0.00;0;0;0
0;13;0.00;0.00;0;0;0
0;14;0.00;0.00;0;0;0
0;6;0.00;0.00;0;0;0
0;10;0.00;0.00;0;0;0
0;6;0.00;0.00;0;0;0
0;8;0.00;0.00;0;0;0
0;9;0.00;0.00;0;0;0
0;8;0.00;0.00;0;0;0
0;8;0.00;0.00;0;0;0
0;8;0.00;0.00;0;0;0
0;7;0.00;0.00;0;0;0
0;9;0.00;0.00;0;0;0
0;8;0.00;0.00;0;0;0
0;8;0.00;0.00;0;0;0
0;8;0.00;0.00;0;0;0
0;8;0.00;0.00;0;0;0
0;13;0.00;0.00;0;0;0
0;8;0.00;0.00;0;0;0
0;8;0.00;0.00;0;0;0
0;8;0.00;0.00;0;0;0
0;8;0.00;0.00;0;0;0
0;10;0.00;0.00;0;0;0
0;7;0.00;0.00;0;0;0
0;8;0.00;0.00;0;0;0
0;13;0.00;0.00;0;0;0
0;7;0.00;0.00;0;0;0
0;9;0.00;0.00;0;0;0
0;8;0.00;0.00;0;0;0
0;8;0.00;0.00;0;0;0
0;9;0.00;0.00;0;0;0
0;7;0.00;0.00;0;0;0
0;9;0.00;0.00;0;0;0
0;8;0.00;0.00;0;0;0
0;8;0.00;0.00;0;0;0
0;8;0.00;0.00;0;0;0
0;9;0.00;0.00;0;0;0
0;9;0.00;0.00;0;0;0
0;7;0.00;0.00;0;0;0
0;8;0.00;0.00;0;0;0
0;9;0.00;0.00;0;0;0
0;8;0.00;0.00;0;0;0
0;9;0.00;0.00;0;0;0
0;9;0.00;0.00;0;0;0
0;6;0.00;0.00;0;0;0
0;9;0.00;0.00;0;0;0
0;17;0.00;0.00;0;0;0
0;8;0.00;0.00;0;0;0
0;10;0.00;0.00;0;0;0
0;7;0.00;0.00;0;0;0
0;7;0.00;0.00;0;0;0
0;7;0.00;0.00;0;0;0
0;9;0.00;0.00;0;0;0
0;8;0.00;0.00;0;0;0
0;8;0.00;0.00;0;0;0
0;11;0.00;0.00;0;0;0
0;9;0.00;0.00;0;0;0
0;6;0.00;0.00;0;0;0
0;7;0.00;0.00;0;0;0
0;8;0.00;0.00;0;0;0
0;9;0.00;0.00;0;0;0
0;8;0.00;0.00;0;0;0
0;8;0.00;0.00;0;0;0
0;8;0.00;0.00;0;0;0
0;11;0.00;0.00;0;0;0
0;6;0.00;0.00;0;0;0
0;7;0.00;0.00;0;0;0
0;8;0.00;0.00;0;0;0
0;10;0.00;0.00;0;0;0
0;8;0.00;0.00;0;0;0
0;11;0.00;0.00;0;0;0
0;11;0.00;0.00;0;0;0
0;7;0.00;0.00;0;0;0
0;7;0.00;0.00;0;0;0
0;8;0.00;0.00;0;0;0
0;8;0.00;0.00;0;0;0
0;8;0.00;0.00;0;0;0
0;8;0.00;0.00;0;0;0
0;9;0.00;0.00;0;0;0
0;9;0.00;0.00;0;0;0
0;7;0.00;0.00;0;0;0
0;8;0.00;0.00;0;0;0
0;8;0.00;0.00;0;0;0
0;10;0.00;0.00;0;0;0
0;8;0.00;0.00;0;0;0
0;7;0.00;0.00;0;0;0
0;8;0.00;0.00;0;0;0
0;8;0.00;0.00;0;0;0
0;9;0.00;0.00;0;0;0
0;8;0.00;0.00;0;0;0
0;8;0.00;0.00;0;0;0
0;8;0.00;0.00;0;0;0
0;9;0.00;0.00;0;0;0
0;8;0.00;0.00;0;0;0
0;9;0.00;0.00;0;0;0
0;8;0.00;0.00;0;0;0
0;8;0.00;0.00;0;0;0
0;8;0.00;0.00;0;0;0
0;9;0.00;0.00;0;0;0
0;8;0.00;0.00;0;0;0
0;7;0.00;0.00;0;0;0
0;8;0.00;0.00;0;0;0
0;11;0.00;0.00;0;0;0
0;7;0.00;0.00;0;0;0
0;15;0.00;0.00;0;0;0
0;5;0.00;0.00;0;0;0
0;7;0.00;0.00;0;0;0
0;8;0.00;0.00;0;0;0
0;10;0.00;0.00;0;0;0
0;8;0.00;0.00;0;0;0
0;7;0.00;0.00;0;0;0
0;8;0.00;0.00;0;0;0
0;9;0.00;0.00;0;0;0
0;7;0.00;0.00;0;0;0
0;9;0.00;0.00;0;0;0
0;8;0.00;0.00;0;0;0
0;8;0.00;0.00;0;0;0
0;8;0.00;0.00;0;0;0
0;8;0.00;0.00;0;0;0
0;9;0.00;0.00;0;0;0
0;8;0.00;0.00;0;0;0
0;8;0.00;0.00;0;0;0
0;10;0.00;0.00;0;0;0
0;8;0.00;0.00;0;0;0
0;10;0.00;0.00;0;0;0
0;8;0.00;0.00;0;0;0
0;8;0.00;0.00;0;0;0
0;6;0.00;0.00;0;0;0
0;10;0.00;0.00;0;0;0
0;9;0.00;0.00;0;0;0
0;7;0.00;0.00;0;0;0
0;9;0.00;0.00;0;0;0
0;6;0.00;0.00;0;0;0
0;8;0.00;0.00;0;0;0
0;9;0.00;0.00;0;0;0
0;9;0.00;0.00;0;0;0
0;8;0.00;0.00;0;0;0
0;7;0.00;0.00;0;0;0
0;8;0.00;0.00;0;0;0
0;7;0.00;0.00;0;0;0
0;9;0.00;0.00;0;0;0
0;13;0.00;0.00;0;0;0
0;7;0.00;0.00;0;0;0
0;8;0.00;0.00;0;0;0
0;10;0.00;0.00;0;0;0
0;11;0.00;0.00;0;0;0
0;8;0.00;0.00;0;0;0
0;8;0.00;0.00;0;0;0
0;23;0.00;0.00;0;0;0
0;7;0.00;0.00;0;0;0
0;7;0.00;0.00;0;0;0
0;12;0.00;0.00;0;0;0
0;5;0.00;0.00;0;0;0
0;10;0.00;0.00;0;0;0
0;8;0.00;0.00;0;0;0
0;7;0.00;0.00;0;0;0
0;8;0.00;0.00;0;0;0
0;7;0.00;0.00;0;0;0
0;10;0.00;0.00;0;0;0
0;8;0.00;0.00;0;0;0
0;7;0.00;0.00;0;0;0
0;8;0.00;0.00;0;0;0
0;11;0.00;0.00;0;0;0
0;7;0.00;0.00;0;0;0
0;7;0.00;0.00;0;0;0
0;8;0.00;0.00;0;0;0
0;8;0.00;0.00;0;0;0
0;8;0.00;0.00;0;0;0
0;8;0.00;0.00;0;0;0
0;8;0.00;0.00;0;0;0
0;9;0.00;0.00;0;0;0
0;8;0.00;0.00;0;0;0
0;14;0.00;0.00;0;0;0
0;8;0.00;0.00;0;0;0
0;7;0.00;0.00;0;0;0
0;8;0.00;0.00;0;0;0
0;8;0.00;0.00;0;0;0
0;11;0.00;0.00;0;0;0
0;7;0.00;0.00;0;0;0
0;8;0.00;0.00;0;0;0
0;8;0.00;0.00;0;0;0
0;6;0.00;0.00;0;0;0
0;8;0.00;0.00;0;0;0
0;9;0.00;0.00;0;0;0
0;8;0.00;0.00;0;0;0
0;9;0.00;0.00;0;0;0
0;7;0.00;0.00;0;0;0
0;8;0.00;0.00;0;0;0
0;8;0.00;0.00;0;0;0
0;9;0.00;0.00;0;0;0
0;8;0.00;0.00;0;0;0
0;8;0.00;0.00;0;0;0
0;8;0.00;0.00;0;0;0
0;8;0.00;0.00;0;0;0
0;9;0.00;0.00;0;0;0
0;8;0.00;0.00;0;0;0
0;8;0.00;0.00;0;0;0
0;8;0.00;0.00;0;0;0
0;8;0.00;0.00;0;0;0
0;9;0.00;0.00;0;0;0
0;8;0.00;0.00;0;0;0
0;8;0.00;0.00;0;0;0
0;8;0.00;0.00;0;0;0
0;9;0.00;0.00;0;0;0
0;8;0.00;0.00;0;0;0
0;8;0.00;0.00;0;0;0
0;8;0.00;0.00;0;0;0
0;8;0.00;0.00;0;0;0
0;8;0.00;0.00;0;0;0
0;9;0.00;0.00;0;0;0
0;8;0.00;0.00;0;0;0
0;11;0.00;0.00;0;0;0
0;7;0.00;0.00;0;0;0
0;7;0.00;0.00;0;0;0
0;10;0.00;0.00;0;0;0
0;7;0.00;0.00;0;0;0
0;8;0.00;0.00;0;0;0
0;11;0.00;0.00;0;0;0
0;6;0.00;0.00;0;0;0
0;8;0.00;0.00;0;0;0
0;8;0.00;0.00;0;0;0
0;7;0.00;0.00;0;0;0
0;8;0.00;0.00;0;0;0
0;8;0.00;0.00;0;0;0
0;12;0.00;0.00;0;0;0
0;6;0.00;0.00;0;0;0
0;13;0.00;0.00;0;0;0
0;9;0.00;0.00;0;0;0
0;6;0.00;0.00;0;0;0
0;13;0.00;0.00;0;0;0
0;7;0.00;0.00;0;0;0
0;8;0.00;0.00;0;0;0
0;8;0.00;0.00;0;0;0
0;8;0.00;0.00;0;0;0
0;8;0.00;0.00;0;0;0
0;10;0.00;0.00;0;0;0
0;7;0.00;0.00;0;0;0
0;8;0.00;0.00;0;0;0
0;8;0.00;0.00;0;0;0
0;14;0.00;0.00;0;0;0
0;8;0.00;0.00;0;0;0
0;8;0.00;0.00;0;0;0
0;8;0.00;0.00;0;0;0
0;7;0.00;0.00;0;0;0
0;9;0.00;0.00;0;0;0
0;8;0.00;0.00;0;0;0
0;18;0.00;0.00;0;0;0
0;7;0.00;0.00;0;0;0
0;7;0.00;0.00;0;0;0
0;13;0.00;0.00;0;0;0
0;5;0.00;0.00;0;0;0
0;7;0.00;0.00;0;0;0
0;8;0.00;0.00;0;0;0
0;9;0.00;0.00;0;0;0
0;8;0.00;0.00;0;0;0
0;8;0.00;0.00;0;0;0
0;9;0.00;0.00;0;0;0
0;7;0.00;0.00;0;0;0
0;9;0.00;0.00;0;0;0
0;8;0.00;0.00;0;0;0
0;8;0.00;0.00;0;0;0
0;10;0.00;0.00;0;0;0
0;7;0.00;0.00;0;0;0
0;7;0.00;0.00;0;0;0
0;9;0.00;0.00;0;0;0
0;9;0.00;0.00;0;0;0
0;10;0.00;0.00;0;0;0
0;6;0.00;0.00;0;0;0
0;11;0.00;0.00;0;0;0
0;6;0.00;0.00;0;0;0
0;7;0.00;0.00;0;0;0
0;8;0.00;0.00;0;0;0
0;11;0.00;0.00;0;0;0
0;5;0.00;0.00;0;0;0
0;9;0.00;0.00;0;0;0
0;9;0.00;0.00;0;0;0
0;8;0.00;0.00;0;0;0
0;7;0.00;0.00;0;0;0
0;8;0.00;0.00;0;0;0
0;8;0.00;0.00;0;0;0
0;9;0.00;0.00;0;0;0
0;8;0.00;0.00;0;0;0
0;10;0.00;0.00;0;0;0
0;6;0.00;0.00;0;0;0
0;8;0.00;0.00;0;0;0
0;9;0.00;0.00;0;0;0
0;8;0.00;0.00;0;0;0
0;8;0.00;0.00;0;0;0
0;9;0.00;0.00;0;0;0
0;8;0.00;0.00;0;0;0
0;11;0.00;0.00;0;0;0
0;6;0.00;0.00;0;0;0
0;7;0.00;0.00;0;0;0
0;8;0.00;0.00;0;0;0
0;9;0.00;0.00;0;0;0
0;7;0.00;0.00;0;0;0
0;9;0.00;0.00;0;0;0
0;8;0.00;0.00;0;0;0
0;8;0.00;0.00;0;0;0
0;8;0.00;0.00;0;0;0
0;8;0.00;0.00;0;0;0
0;9;0.00;0.00;0;0;0
0;9;0.00;0.00;0;0;0
0;7;0.00;0.00;0;0;0
0;8;0.00;0.00;0;0;0
0;8;0.00;0.00;0;0;0
0;9;0.00;0.00;0;0;0
0;8;0.00;0.00;0;0;0
0;8;0.00;0.00;0;0;0
0;8;0.00;0.00;0;0;0
0;8;0.00;0.00;0;0;0
0;9;0.00;0.00;0;0;0
0;8;0.00;0.00;0;0;0
0;11;0.00;0.00;0;0;0
0;6;0.00;0.00;0;0;0
0;7;0.00;0.00;0;0;0
0;9;0.00;0.00;0;0;0
0;10;0.00;0.00;0;0;0
0;7;0.00;0.00;0;0;0
0;7;0.00;0.00;0;0;0
0;8;0.00;0.00;0;0;0
0;8;0.00;0.00;0;0;0
0;9;0.00;0.00;0;0;0
0;8;0.00;0.00;0;0;0
0;8;0.00;0.00;0;0;0
0;10;0.00;0.00;0;0;0
0;7;0.00;0.00;0;0;0
0;8;0.00;0.00;0;0;0
0;8;0.00;0.00;0;0;0
0;8;0.00;0.00;0;0;0
0;8;0.00;0.00;0;0;0
0;10;0.00;0.00;0;0;0
0;7;0.00;0.00;0;0;0
0;8;0.00;0.00;0;0;0
0;8;0.00;0.00;0;0;0
0;9;0.00;0.00;0;0;0
0;7;0.00;0.00;0;0;0
0;9;0.00;0.00;0;0;0
0;8;0.00;0.00;0;0;0
0;9;0.00;0.00;0;0;0
0;7;0.00;0.00;0;0;0
0;8;0.00;0.00;0;0;0
0;16;0.00;0.00;0;0;0
0;6;0.00;0.00;0;0;0
0;7;0.00;0.00;0;0;0
0;8;0.00;0.00;0;0;0
0;8;0.00;0.00;0;0;0
0;9;0.00;0.00;0;0;0
0;8;0.00;0.00;0;0;0
0;8;0.00;0.00;0;0;0
0;8;0.00;0.00;0;0;0
0;8;0.00;0.00;0;0;0
0;9;0.00;0.00;0;0;0
0;8;0.00;0.00;0;0;0
0;9;0.00;0.00;0;0;0
0;9;0.00;0.00;0;0;0
0;6;0.00;0.00;0;0;0
0;8;0.00;0.00;0;0;0
0;10;0.00;0.00;0;0;0
0;7;0.00;0.00;0;0;0
0;8;0.00;0.00;0;0;0
0;8;0.00;0.00;0;0;0
0;8;0.00;0.00;0;0;0
0;10;0.00;0.00;0;0;0
0;7;0.00;0.00;0;0;0
0;8;0.00;0.00;0;0;0
0;8;0.00;0.00;0;0;0
0;8;0.00;0.00;0;0;0
0;12;0.00;0.00;0;0;0
0;9;0.00;0.00;0;0;0
0;4;0.00;0.00;0;0;0
0;9;0.00;0.00;0;0;0
0;7;0.00;0.00;0;0;0
0;10;0.00;0.00;0;0;0
0;7;0.00;0.00;0;0;0
0;8;0.00;0.00;0;0;0
0;8;0.00;0.00;0;0;0
0;8;0.00;0.00;0;0;0
0;9;0.00;0.00;0;0;0
0;11;0.00;0.00;0;0;0
0;6;0.00;0.00;0;0;0
0;7;0.00;0.00;0;0;0
0;9;0.00;0.00;0;0;0
0;13;0.00;0.00;0;0;0
0;7;0.00;0.00;0;0;0
0;8;0.00;0.00;0;0;0
0;8;0.00;0.00;0;0;0
0;9;0.00;0.00;0;0;0
0;8;0.00;0.00;0;0;0
0;8;0.00;0.00;0;0;0
0;15;0.00;0.00;0;0;0
0;5;0.00;0.00;0;0;0
0;8;0.00;0.00;0;0;0
0;9;0.00;0.00;0;0;0
0;12;0.00;0.00;0;0;0
0;4;0.00;0.00;0;0;0
0;8;0.00;0.00;0;0;0
0;8;0.00;0.00;0;0;0
0;13;0.00;0.00;0;0;0
0;4;0.00;0.00;0;0;0
0;8;0.00;0.00;0;0;0
0;8;0.00;0.00;0;0;0
0;8;0.00;0.00;0;0;0
0;9;0.00;0.00;0;0;0
0;8;0.00;0.00;0;0;0
0;8;0.00;0.00;0;0;0
0;8;0.00;0.00;0;0;0
0;8;0.00;0.00;0;0;0
0;8;0.00;0.00;0;0;0
0;9;0.00;0.00;0;0;0
0;12;0.00;0.00;0;0;0
0;5;0.00;0.00;0;0;0
0;7;0.00;0.00;0;0;0
0;12;0.00;0.00;0;0;0
0;6;0.00;0.00;0;0;0
0;7;0.00;0.00;0;0;0
0;8;0.00;0.00;0;0;0
0;8;0.00;0.00;0;0;0
0;8;0.00;0.00;0;0;0
0;9;0.00;0.00;0;0;0
0;8;0.00;0.00;0;0;0
0;8;0.00;0.00;0;0;0
0;7;0.00;0.00;0;0;0
0;8;0.00;0.00;0;0;0
0;9;0.00;0.00;0;0;0
0;8;0.00;0.00;0;0;0
0;8;0.00;0.00;0;0;0
0;11;0.00;0.00;0;0;0
0;6;0.00;0.00;0;0;0
0;8;0.00;0.00;0;0;0
0;8;0.00;0.00;0;0;0
0;11;0.00;0.00;0;0;0
0;6;0.00;0.00;0;0;0
0;7;0.00;0.00;0;0;0
0;12;0.00;0.00;0;0;0
0;9;0.00;0.00;0;0;0
0;4;0.00;0.00;0;0;0
0;8;0.00;0.00;0;0;0
0;8;0.00;0.00;0;0;0
0;10;0.00;0.00;0;0;0
0;7;0.00;0.00;0;0;0
0;8;0.00;0.00;0;0;0
0;8;0.00;0.00;0;0;0
0;9;0.00;0.00;0;0;0
0;7;0.00;0.00;0;0;0
0;9;0.00;0.00;0;0;0
0;8;0.00;0.00;0;0;0
0;8;0.00;0.00;0;0;0
0;8;0.00;0.00;0;0;0
0;8;0.00;0.00;0;0;0
0;10;0.00;0.00;0;0;0
0;7;0.00;0.00;0;0;0
0;8;0.00;0.00;0;0;0
0;8;0.00;0.00;0;0;0
0;8;0.00;0.00;0;0;0
0;9;0.00;0.00;0;0;0
0;8;0.00;0.00;0;0;0
0;8;0.00;0.00;0;0;0
0;11;0.00;0.00;0;0;0
0;5;0.00;0.00;0;0;0
0;8;0.00;0.00;0;0;0
0;9;0.00;0.00;0;0;0
0;8;0.00;0.00;0;0;0
0;8;0.00;0.00;0;0;0
0;8;0.00;0.00;0;0;0
0;8;0.00;0.00;0;0;0
0;12;0.00;0.00;0;0;0
0;6;0.00;0.00;0;0;0
0;7;0.00;0.00;0;0;0
0;8;0.00;0.00;0;0;0
0;8;0.00;0.00;0;0;0
0;9;0.00;0.00;0;0;0
0;8;0.00;0.00;0;0;0
0;8;0.00;0.00;0;0;0
0;8;0.00;0.00;0;0;0
0;9;0.00;0.00;0;0;0
0;12;0.00;0.00;0;0;0
0;8;0.00;0.00;0;0;0
0;8;0.00;0.00;0;0;0
0;8;0.00;0.00;0;0;0
0;8;0.00;0.00;0;0;0
0;9;0.00;0.00;0;0;0
0;8;0.00;0.00;0;0;0
0;8;0.00;0.00;0;0;0
0;8;0.00;0.00;0;0;0
0;8;0.00;0.00;0;0;0
0;9;0.00;0.00;0;0;0
0;14;0.00;0.00;0;0;0
0;6;0.00;0.00;0;0;0
0;8;0.00;0.00;0;0;0
0;8;0.00;0.00;0;0;0
0;9;0.00;0.00;0;0;0
0;8;0.00;0.00;0;0;0
0;9;0.00;0.00;0;0;0
0;10;0.00;0.00;0;0;0
0;5;0.00;0.00;0;0;0
0;9;0.00;0.00;0;0;0
0;8;0.00;0.00;0;0;0
0;8;0.00;0.00;0;0;0
0;8;0.00;0.00;0;0;0
0;8;0.00;0.00;0;0;0
0;9;0.00;0.00;0;0;0
0;8;0.00;0.00;0;0;0
0;8;0.00;0.00;0;0;0
0;8;0.00;0.00;0;0;0
0;8;0.00;0.00;0;0;0
0;8;0.00;0.00;0;0;0
0;9;0.00;0.00;0;0;0
0;8;0.00;0.00;0;0;0
0;8;0.00;0.00;0;0;0
0;11;0.00;0.00;0;0;0
0;5;0.00;0.00;0;0;0
0;9;0.00;0.00;0;0;0
0;8;0.00;0.00;0;0;0
0;8;0.00;0.00;0;0;0
0;8;0.00;0.00;0;0;0
0;8;0.00;0.00;0;0;0
0;9;0.00;0.00;0;0;0
0;10;0.00;0.00;0;0;0
0;6;0.00;0.00;0;0;0
0;8;0.00;0.00;0;0;0
0;8;0.00;0.00;0;0;0
0;9;0.00;0.00;0;0;0
0;8;0.00;0.00;0;0;0
0;14;0.00;0.00;0;0;0
0;6;0.00;0.00;0;0;0
0;9;0.00;0.00;0;0;0
0;8;0.00;0.00;0;0;0
0;8;0.00;0.00;0;0;0
0;8;0.00;0.00;0;0;0
0;8;0.00;0.00;0;0;0
0;8;0.00;0.00;0;0;0
0;9;0.00;0.00;0;0;0
0;8;0.00;0.00;0;0;0
0;8;0.00;0.00;0;0;0
0;8;0.00;0.00;0;0;0
0;8;0.00;0.00;0;0;0
0;9;0.00;0.00;0;0;0
0;8;0.00;0.00;0;0;0
0;11;0.00;0.00;0;0;0
0;5;0.00;0.00;0;0;0
0;8;0.00;0.00;0;0;0
0;8;0.00;0.00;0;0;0
0;10;0.00;0.00;0;0;0
0;7;0.00;0.00;0;0;0
0;8;0.00;0.00;0;0;0
0;8;0.00;0.00;0;0;0
0;8;0.00;0.00;0;0;0
0;9;0.00;0.00;0;0;0
0;8;0.00;0.00;0;0;0
0;8;0.00;0.00;0;0;0
0;8;0.00;0.00;0;0;0
0;8;0.00;0.00;0;0;0
0;9;0.00;0.00;0;0;0
0;11;0.00;0.00;0;0;0
0;5;0.00;0.00;0;0;0
0;8;0.00;0.00;0;0;0
0;8;0.00;0.00;0;0;0
0;12;0.00;0.00;0;0;0
0;6;0.00;0.00;0;0;0
0;7;0.00;0.00;0;0;0
0;8;0.00;0.00;0;0;0
0;11;0.00;0.00;0;0;0
0;6;0.00;0.00;0;0;0
0;8;0.00;0.00;0;0;0
0;8;0.00;0.00;0;0;0
0;15;0.00;0.00;0;0;0
0;6;0.00;0.00;0;0;0
0;8;0.00;0.00;0;0;0
0;8;0.00;0.00;0;0;0
0;8;0.00;0.00;0;0;0
0;8;0.00;0.00;0;0;0
0;8;0.00;0.00;0;0;0
0;9;0.00;0.00;0;0;0
0;8;0.00;0.00;0;0;0
0;11;0.00;0.00;0;0;0
0;5;0.00;0.00;0;0;0
0;8;0.00;0.00;0;0;0
0;9;0.00;0.00;0;0;0
0;9;0.00;0.00;0;0;0
0;7;0.00;0.00;0;0;0
0;8;0.00;0.00;0;0;0
0;8;0.00;0.00;0;0;0
0;8;0.00;0.00;0;0;0
0;9;0.00;0.00;0;0;0
0;8;0.00;0.00;0;0;0
0;8;0.00;0.00;0;0;0
0;10;0.00;0.00;0;0;0
0;6;0.00;0.00;0;0;0
0;9;0.00;0.00;0;0;0
0;8;0.00;0.00;0;0;0
0;8;0.00;0.00;0;0;0
0;9;0.00;0.00;0;0;0
0;7;0.00;0.00;0;0;0
0;9;0.00;0.00;0;0;0
0;11;0.00;0.00;0;0;0
0;5;0.00;0.00;0;0;0
0;8;0.00;0.00;0;0;0
0;8;0.00;0.00;0;0;0
0;9;0.00;0.00;0;0;0
0;8;0.00;0.00;0;0;0
0;8;0.00;0.00;0;0;0
0;8;0.00;0.00;0;0;0
0;8;0.00;0.00;0;0;0
0;10;0.00;0.00;0;0;0
0;7;0.00;0.00;0;0;0
0;8;0.00;0.00;0;0;0
0;9;0.00;0.00;0;0;0
0;7;0.00;0.00;0;0;0
0;8;0.00;0.00;0;0;0
0;9;0.00;0.00;0;0;0
0;8;0.00;0.00;0;0;0
0;8;0.00;0.00;0;0;0
0;8;0.00;0.00;0;0;0
0;8;0.00;0.00;0;0;0
0;9;0.00;0.00;0;0;0
0;8;0.00;0.00;0;0;0
0;8;0.00;0.00;0;0;0
0;8;0.00;0.00;0;0;0
0;8;0.00;0.00;0;0;0
0;12;0.00;0.00;0;0;0
0;5;0.00;0.00;0;0;0
0;8;0.00;0.00;0;0;0
0;8;0.00;0.00;0;0;0
0;11;0.00;0.00;0;0;0
0;6;0.00;0.00;0;0;0
0;8;0.00;0.00;0;0;0
0;8;0.00;0.00;0;0;0
0;11;0.00;0.00;0;0;0
0;5;0.00;0.00;0;0;0
0;8;0.00;0.00;0;0;0
0;9;0.00;0.00;0;0;0
0;10;0.00;0.00;0;0;0
0;6;0.00;0.00;0;0;0
0;8;0.00;0.00;0;0;0
0;8;0.00;0.00;0;0;0
0;9;0.00;0.00;0;0;0
0;8;0.00;0.00;0;0;0
0;8;0.00;0.00;0;0;0
0;11;0.00;0.00;0;0;0
0;8;0.00;0.00;0;0;0
0;6;0.00;0.00;0;0;0
0;8;0.00;0.00;0;0;0
0;8;0.00;0.00;0;0;0
0;11;0.00;0.00;0;0;0
0;6;0.00;0.00;0;0;0
0;8;0.00;0.00;0;0;0
0;8;0.00;0.00;0;0;0
0;8;0.00;0.00;0;0;0
0;8;0.00;0.00;0;0;0
0;8;0.00;0.00;0;0;0
0;9;0.00;0.00;0;0;0
0;9;0.00;0.00;0;0;0
0;7;0.00;0.00;0;0;0
0;8;0.00;0.00;0;0;0
0;8;0.00;0.00;0;0;0
0;8;0.00;0.00;0;0;0
0;9;0.00;0.00;0;0;0
0;8;0.00;0.00;0;0;0
0;8;0.00;0.00;0;0;0
0;8;0.00;0.00;0;0;0
0;8;0.00;0.00;0;0;0
0;9;0.00;0.00;0;0;0
0;11;0.00;0.00;0;0;0
0;5;0.00;0.00;0;0;0
0;8;0.00;0.00;0;0;0
0;8;0.00;0.00;0;0;0
0;9;0.00;0.00;0;0;0
0;8;0.00;0.00;0;0;0
0;8;0.00;0.00;0;0;0
0;8;0.00;0.00;0;0;0
0;9;0.00;0.00;0;0;0
0;8;0.00;0.00;0;0;0
0;11;0.00;0.00;0;0;0
0;5;0.00;0.00;0;0;0
0;8;0.00;0.00;0;0;0
0;8;0.00;0.00;0;0;0
0;9;0.00;0.00;0;0;0
0;8;0.00;0.00;0;0;0
0;8;0.00;0.00;0;0;0
0;8;0.00;0.00;0;0;0
0;8;0.00;0.00;0;0;0
0;8;0.00;0.00;0;0;0
0;9;0.00;0.00;0;0;0
0;8;0.00;0.00;0;0;0
0;8;0.00;0.00;0;0;0
0;8;0.00;0.00;0;0;0
0;8;0.00;0.00;0;0;0
0;9;0.00;0.00;0;0;0
0;9;0.00;0.00;0;0;0
0;7;0.00;0.00;0;0;0
0;8;0.00;0.00;0;0;0
0;8;0.00;0.00;0;0;0
0;9;0.00;0.00;0;0;0
0;8;0.00;0.00;0;0;0
0;8;0.00;0.00;0;0;0
0;8;0.00;0.00;0;0;0
0;8;0.00;0.00;0;0;0
0;9;0.00;0.00;0;0;0
0;8;0.00;0.00;0;0;0
0;8;0.00;0.00;0;0;0
0;8;0.00;0.00;0;0;0
0;8;0.00;0.00;0;0;0
0;9;0.00;0.00;0;0;0
0;8;0.00;0.00;0;0;0
0;8;0.00;0.00;0;0;0
0;8;0.00;0.00;0;0;0
0;8;0.00;0.00;0;0;0
0;12;0.00;0.00;0;0;0
0;5;0.00;0.00;0;0;0
0;8;0.00;0.00;0;0;0
0;8;0.00;0.00;0;0;0
0;8;0.00;0.00;0;0;0
0;8;0.00;0.00;0;0;0
0;9;0.00;0.00;0;0;0
0;8;0.00;0.00;0;0;0
0;8;0.00;0.00;0;0;0
0;8;0.00;0.00;0;0;0
0;8;0.00;0.00;0;0;0
0;9;0.00;0.00;0;0;0
0;8;0.00;0.00;0;0;0
0;8;0.00;0.00;0;0;0
0;9;0.00;0.00;0;0;0
0;7;0.00;0.00;0;0;0
0;9;0.00;0.00;0;0;0
0;12;0.00;0.00;0;0;0
0;5;0.00;0.00;0;0;0
0;7;0.00;0.00;0;0;0
0;8;0.00;0.00;0;0;0
0;8;0.00;0.00;0;0;0
0;9;0.00;0.00;0;0;0
0;8;0.00;0.00;0;0;0
0;8;0.00;0.00;0;0;0
0;8;0.00;0.00;0;0;0
0;8;0.00;0.00;0;0;0
0;9;0.00;0.00;0;0;0
0;8;0.00;0.00;0;0;0
0;8;0.00;0.00;0;0;0
0;9;0.00;0.00;0;0;0
0;7;0.00;0.00;0;0;0
0;9;0.00;0.00;0;0;0
0;8;0.00;0.00;0;0;0
0;8;0.00;0.00;0;0;0
0;8;0.00;0.00;0;0;0
0;8;0.00;0.00;0;0;0
0;11;0.00;0.00;0;0;0
0;6;0.00;0.00;0;0;0
0;8;0.00;0.00;0;0;0
0;8;0.00;0.00;0;0;0
0;8;0.00;0.00;0;0;0
0;9;0.00;0.00;0;0;0
0;8;0.00;0.00;0;0;0
0;8;0.00;0.00;0;0;0
0;11;0.00;0.00;0;0;0
0;5;0.00;0.00;0;0;0
0;8;0.00;0.00;0;0;0
0;9;0.00;0.00;0;0;0
0;8;0.00;0.00;0;0;0
0;8;0.00;0.00;0;0;0
0;8;0.00;0.00;0;0;0
0;8;0.00;0.00;0;0;0
0;9;0.00;0.00;0;0;0
0;8;0.00;0.00;0;0;0
0;8;0.00;0.00;0;0;0
0;8;0.00;0.00;0;0;0
0;8;0.00;0.00;0;0;0
0;9;0.00;0.00;0;0;0
0;8;0.00;0.00;0;0;0
0;8;0.00;0.00;0;0;0
0;8;0.00;0.00;0;0;0
0;8;0.00;0.00;0;0;0
0;9;0.00;0.00;0;0;0
0;8;0.00;0.00;0;0;0
0;8;0.00;0.00;0;0;0
0;8;0.00;0.00;0;0;0
0;9;0.00;0.00;0;0;0
0;8;0.00;0.00;0;0;0
0;8;0.00;0.00;0;0;0
0;11;0.00;0.00;0;0;0
0;6;0.00;0.00;0;0;0
0;7;0.00;0.00;0;0;0
0;8;0.00;0.00;0;0;0
0;9;0.00;0.00;0;0;0
0;8;0.00;0.00;0;0;0
0;8;0.00;0.00;0;0;0
0;8;0.00;0.00;0;0;0
0;8;0.00;0.00;0;0;0
0;9;0.00;0.00;0;0;0
0;8;0.00;0.00;0;0;0
0;8;0.00;0.00;0;0;0
0;8;0.00;0.00;0;0;0
0;8;0.00;0.00;0;0;0
0;10;0.00;0.00;0;0;0
0;8;0.00;0.00;0;0;0
0;7;0.00;0.00;0;0;0
0;9;0.00;0.00;0;0;0
0;7;0.00;0.00;0;0;0
0;9;0.00;0.00;0;0;0
0;9;0.00;0.00;0;0;0
0;7;0.00;0.00;0;0;0
0;8;0.00;0.00;0;0;0
0;8;0.00;0.00;0;0;0
0;12;0.00;0.00;0;0;0
0;5;0.00;0.00;0;0;0
0;8;0.00;0.00;0;0;0
0;11;0.00;0.00;0;0;0
0;8;0.00;0.00;0;0;0
0;5;0.00;0.00;0;0;0
0;9;0.00;0.00;0;0;0
0;8;0.00;0.00;0;0;0
0;9;0.00;0.00;0;0;0
0;7;0.00;0.00;0;0;0
0;8;0.00;0.00;0;0;0
0;9;0.00;0.00;0;0;0
0;8;0.00;0.00;0;0;0
0;8;0.00;0.00;0;0;0
0;9;0.00;0.00;0;0;0
0;7;0.00;0.00;0;0;0
0;11;0.00;0.00;0;0;0
0;6;0.00;0.00;0;0;0
0;9;0.00;0.00;0;0;0
0;7;0.00;0.00;0;0;0
0;8;0.00;0.00;0;0;0
0;9;0.00;0.00;0;0;0
0;9;0.00;0.00;0;0;0
0;7;0.00;0.00;0;0;0
0;8;0.00;0.00;0;0;0
0;14;0.00;0.00;0;0;0
0;7;0.00;0.00;0;0;0
0;8;0.00;0.00;0;0;0
0;8;0.00;0.00;0;0;0
0;9;0.00;0.00;0;0;0
0;7;0.00;0.00;0;0;0
0;9;0.00;0.00;0;0;0
0;8;0.00;0.00;0;0;0
0;8;0.00;0.00;0;0;0
0;8;0.00;0.00;0;0;0
0;8;0.00;0.00;0;0;0
0;9;0.00;0.00;0;0;0
0;8;0.00;0.00;0;0;0
0;8;0.00;0.00;0;0;0
0;9;0.00;0.00;0;0;0
0;7;0.00;0.00;0;0;0
0;8;0.00;0.00;0;0;0
0;9;0.00;0.00;0;0;0
0;8;0.00;0.00;0;0;0
0;32;0.00;0.00;0;0;0
0;7;0.00;0.00;0;0;0
0;6;0.00;0.00;0;0;0
0;15;0.00;0.00;0;0;0
0;5;0.00;0.00;0;0;0
0;11;0.00;0.00;0;0;0
0;6;0.00;0.00;0;0;0
0;8;0.00;0.00;0;0;0
0;8;0.00;0.00;0;0;0
0;9;0.00;0.00;0;0;0
0;8;0.00;0.00;0;0;0
0;8;0.00;0.00;0;0;0
0;8;0.00;0.00;0;0;0
0;8;0.00;0.00;0;0;0
0;8;0.00;0.00;0;0;0
0;9;0.00;0.00;0;0;0
0;8;0.00;0.00;0;0;0
0;8;0.00;0.00;0;0;0
0;8;0.00;0.00;0;0;0
0;8;0.00;0.00;0;0;0
0;8;0.00;0.00;0;0;0
0;9;0.00;0.00;0;0;0
0;8;0.00;0.00;0;0;0
0;8;0.00;0.00;0;0;0
0;8;0.00;0.00;0;0;0
0;8;0.00;0.00;0;0;0
0;9;0.00;0.00;0;0;0
0;8;0.00;0.00;0;0;0
0;8;0.00;0.00;0;0;0
0;9;0.00;0.00;0;0;0
0;7;0.00;0.00;0;0;0
0;9;0.00;0.00;0;0;0
0;8;0.00;0.00;0;0;0
0;8;0.00;0.00;0;0;0
0;8;0.00;0.00;0;0;0
0;9;0.00;0.00;0;0;0
0;10;0.00;0.00;0;0;0
0;6;0.00;0.00;0;0;0
0;8;0.00;0.00;0;0;0
0;8;0.00;0.00;0;0;0
0;8;0.00;0.00;0;0;0
0;9;0.00;0.00;0;0;0
0;11;0.00;0.00;0;0;0
0;5;0.00;0.00;0;0;0
0;8;0.00;0.00;0;0;0
0;8;0.00;0.00;0;0;0
0;14;0.00;0.00;0;0;0
0;7;0.00;0.00;0;0;0
0;8;0.00;0.00;0;0;0
0;8;0.00;0.00;0;0;0
0;8;0.00;0.00;0;0;0
0;9;0.00;0.00;0;0;0
0;8;0.00;0.00;0;0;0
0;8;0.00;0.00;0;0;0
0;8;0.00;0.00;0;0;0
0;8;0.00;0.00;0;0;0
0;8;0.00;0.00;0;0;0
0;9;0.00;0.00;0;0;0
0;8;0.00;0.00;0;0;0
0;8;0.00;0.00;0;0;0
0;8;0.00;0.00;0;0;0
0;8;0.00;0.00;0;0;0
0;9;0.00;0.00;0;0;0
0;14;0.00;0.00;0;0;0
0;5;0.00;0.00;0;0;0
0;8;0.00;0.00;0;0;0
0;8;0.00;0.00;0;0;0
0;9;0.00;0.00;0;0;0
0;9;0.00;0.00;0;0;0
0;7;0.00;0.00;0;0;0
0;8;0.00;0.00;0;0;0
0;8;0.00;0.00;0;0;0
0;9;0.00;0.00;0;0;0
0;8;0.00;0.00;0;0;0
0;8;0.00;0.00;0;0;0
0;9;0.00;0.00;0;0;0
0;7;0.00;0.00;0;0;0
0;9;0.00;0.00;0;0;0
0;8;0.00;0.00;0;0;0
0;9;0.00;0.00;0;0;0
0;7;0.00;0.00;0;0;0
0;9;0.00;0.00;0;0;0
0;11;0.00;0.00;0;0;0
0;5;0.00;0.00;0;0;0
0;8;0.00;0.00;0;0;0
0;9;0.00;0.00;0;0;0
0;10;0.00;0.00;0;0;0
0;6;0.00;0.00;0;0;0
0;8;0.00;0.00;0;0;0
0;8;0.00;0.00;0;0;0
0;8;0.00;0.00;0;0;0
0;8;0.00;0.00;0;0;0
0;8;0.00;0.00;0;0;0
0;9;0.00;0.00;0;0;0
0;8;0.00;0.00;0;0;0
0;8;0.00;0.00;0;0;0
0;8;0.00;0.00;0;0;0
0;8;0.00;0.00;0;0;0
0;11;0.00;0.00;0;0;0
0;6;0.00;0.00;0;0;0
0;8;0.00;0.00;0;0;0
0;8;0.00;0.00;0;0;0
0;11;0.00;0.00;0;0;0
0;6;0.00;0.00;0;0;0
0;8;0.00;0.00;0;0;0
0;8;0.00;0.00;0;0;0
0;8;0.00;0.00;0;0;0
0;8;0.00;0.00;0;0;0
0;9;0.00;0.00;0;0;0
0;8;0.00;0.00;0;0;0
0;8;0.00;0.00;0;0;0
0;8;0.00;0.00;0;0;0
0;8;0.00;0.00;0;0;0
0;9;0.00;0.00;0;0;0
0;8;0.00;0.00;0;0;0
0;8;0.00;0.00;0;0;0
0;8;0.00;0.00;0;0;0
0;8;0.00;0.00;0;0;0
0;8;0.00;0.00;0;0;0
0;9;0.00;0.00;0;0;0
0;8;0.00;0.00;0;0;0
0;8;0.00;0.00;0;0;0
0;8;0.00;0.00;0;0;0
0;12;0.00;0.00;0;0;0
0;7;0.00;0.00;0;0;0
0;6;0.00;0.00;0;0;0
0;8;0.00;0.00;0;0;0
0;11;0.00;0.00;0;0;0
0;5;0.00;0.00;0;0;0
0;12;0.00;0.00;0;0;0
0;5;0.00;0.00;0;0;0
0;11;0.00;0.00;0;0;0
0;5;0.00;0.00;0;0;0
0;8;0.00;0.00;0;0;0
0;10;0.00;0.00;0;0;0
0;10;0.00;0.00;0;0;0
0;9;0.00;0.00;0;0;0
0;8;0.00;0.00;0;0;0
0;8;0.00;0.00;0;0;0
0;9;0.00;0.00;0;0;0
0;8;0.00;0.00;0;0;0
0;8;0.00;0.00;0;0;0
0;10;0.00;0.00;0;0;0
0;6;0.00;0.00;0;0;0
0;9;0.00;0.00;0;0;0
0;8;0.00;0.00;0;0;0
0;8;0.00;0.00;0;0;0
0;8;0.00;0.00;0;0;0
0;8;0.00;0.00;0;0;0
0;9;0.00;0.00;0;0;0
0;8;0.00;0.00;0;0;0
0;8;0.00;0.00;0;0;0
0;8;0.00;0.00;0;0;0
0;8;0.00;0.00;0;0;0
0;10;0.00;0.00;0;0;0
0;7;0.00;0.00;0;0;0
0;8;0.00;0.00;0;0;0
0;8;0.00;0.00;0;0;0
0;8;0.00;0.00;0;0;0
0;8;0.00;0.00;0;0;0
0;10;0.00;0.00;0;0;0
0;7;0.00;0.00;0;0;0
0;8;0.00;0.00;0;0;0
0;8;0.00;0.00;0;0;0
0;8;0.00;0.00;0;0;0
0;9;0.00;0.00;0;0;0
0;8;0.00;0.00;0;0;0
0;8;0.00;0.00;0;0;0
0;9;0.00;0.00;0;0;0
0;7;0.00;0.00;0;0;0
0;9;0.00;0.00;0;0;0
0;8;0.00;0.00;0;0;0
0;8;0.00;0.00;0;0;0
0;8;0.00;0.00;0;0;0
0;8;0.00;0.00;0;0;0
0;9;0.00;0.00;0;0;0
0;8;0.00;0.00;0;0;0
0;8;0.00;0.00;0;0;0
0;8;0.00;0.00;0;0;0
0;8;0.00;0.00;0;0;0
0;10;0.00;0.00;0;0;0
0;7;0.00;0.00;0;0;0
0;8;0.00;0.00;0;0;0
0;8;0.00;0.00;0;0;0
0;8;0.00;0.00;0;0;0
0;8;0.00;0.00;0;0;0
0;9;0.00;0.00;0;0;0
0;11;0.00;0.00;0;0;0
0;5;0.00;0.00;0;0;0
0;8;0.00;0.00;0;0;0
0;8;0.00;0.00;0;0;0
0;11;0.00;0.00;0;0;0
0;6;0.00;0.00;0;0;0
0;8;0.00;0.00;0;0;0
0;11;0.00;0.00;0;0;0
0;5;0.00;0.00;0;0;0
0;9;0.00;0.00;0;0;0
0;8;0.00;0.00;0;0;0
0;8;0.00;0.00;0;0;0
0;9;0.00;0.00;0;0;0
0;7;0.00;0.00;0;0;0
0;9;0.00;0.00;0;0;0
0;8;0.00;0.00;0;0;0
0;8;0.00;0.00;0;0;0
0;8;0.00;0.00;0;0;0
0;8;0.00;0.00;0;0;0
0;8;0.00;0.00;0;0;0
0;9;0.00;0.00;0;0;0
0;8;0.00;0.00;0;0;0
0;10;0.00;0.00;0;0;0
0;6;0.00;0.00;0;0;0
0;8;0.00;0.00;0;0;0
0;9;0.00;0.00;0;0;0
0;8;0.00;0.00;0;0;0
0;8;0.00;0.00;0;0;0
0;9;0.00;0.00;0;0;0
0;7;0.00;0.00;0;0;0
0;9;0.00;0.00;0;0;0
0;8;0.00;0.00;0;0;0
0;7;0.00;0.00;0;0;0
0;8;0.00;0.00;0;0;0
0;11;0.00;0.00;0;0;0
0;6;0.00;0.00;0;0;0
0;8;0.00;0.00;0;0;0
0;8;0.00;0.00;0;0;0
0;8;0.00;0.00;0;0;0
0;8;0.00;0.00;0;0;0
0;9;0.00;0.00;0;0;0
0;11;0.00;0.00;0;0;0
0;5;0.00;0.00;0;0;0
0;8;0.00;0.00;0;0;0
0;8;0.00;0.00;0;0;0
0;8;0.00;0.00;0;0;0
0;9;0.00;0.00;0;0;0
0;10;0.00;0.00;0;0;0
0;6;0.00;0.00;0;0;0
0;8;0.00;0.00;0;0;0
0;8;0.00;0.00;0;0;0
0;9;0.00;0.00;0;0;0
0;8;0.00;0.00;0;0;0
0;8;0.00;0.00;0;0;0
0;8;0.00;0.00;0;0;0
0;8;0.00;0.00;0;0;0
0;9;0.00;0.00;0;0;0
0;8;0.00;0.00;0;0;0
0;8;0.00;0.00;0;0;0
0;8;0.00;0.00;0;0;0
0;11;0.00;0.00;0;0;0
0;8;0.00;0.00;0;0;0
0;6;0.00;0.00;0;0;0
0;8;0.00;0.00;0;0;0
0;8;0.00;0.00;0;0;0
0;8;0.00;0.00;0;0;0
0;8;0.00;0.00;0;0;0
0;9;0.00;0.00;0;0;0
0;8;0.00;0.00;0;0;0
0;8;0.00;0.00;0;0;0
0;8;0.00;0.00;0;0;0
0;8;0.00;0.00;0;0;0
0;9;0.00;0.00;0;0;0
0;7;0.00;0.00;0;0;0
0;9;0.00;0.00;0;0;0
0;8;0.00;0.00;0;0;0
0;8;0.00;0.00;0;0;0
0;9;0.00;0.00;0;0;0
0;8;0.00;0.00;0;0;0
0;11;0.00;0.00;0;0;0
0;5;0.00;0.00;0;0;0
0;8;0.00;0.00;0;0;0
0;12;0.00;0.00;0;0;0
0;5;0.00;0.00;0;0;0
0;8;0.00;0.00;0;0;0
0;8;0.00;0.00;0;0;0
0;11;0.00;0.00;0;0;0
0;6;0.00;0.00;0;0;0
0;8;0.00;0.00;0;0;0
0;8;0.00;0.00;0;0;0
0;8;0.00;0.00;0;0;0
0;8;0.00;0.00;0;0;0
0;7;0.00;0.00;0;0;0
0;10;0.00;0.00;0;0;0
0;11;0.00;0.00;0;0;0
0;5;0.00;0.00;0;0;0
0;8;0.00;0.00;0;0;0
0;7;0.00;0.00;0;0;0
0;12;0.00;0.00;0;0;0
0;6;0.00;0.00;0;0;0
0;8;0.00;0.00;0;0;0
0;8;0.00;0.00;0;0;0
0;8;0.00;0.00;0;0;0
0;9;0.00;0.00;0;0;0
0;8;0.00;0.00;0;0;0
0;8;0.00;0.00;0;0;0
0;8;0.00;0.00;0;0;0
0;8;0.00;0.00;0;0;0
0;9;0.00;0.00;0;0;0
0;8;0.00;0.00;0;0;0
0;9;0.00;0.00;0;0;0
0;7;0.00;0.00;0;0;0
0;8;0.00;0.00;0;0;0
0;9;0.00;0.00;0;0;0
0;8;0.00;0.00;0;0;0
0;8;0.00;0.00;0;0;0
0;7;0.00;0.00;0;0;0
0;8;0.00;0.00;0;0;0
0;8;0.00;0.00;0;0;0
0;9;0.00;0.00;0;0;0
0;8;0.00;0.00;0;0;0
0;8;0.00;0.00;0;0;0
0;8;0.00;0.00;0;0;0
0;13;0.00;0.00;0;0;0
0;8;0.00;0.00;0;0;0
0;9;0.00;0.00;0;0;0
0;8;0.00;0.00;0;0;0
0;16;0.00;0.00;0;0;0
0;9;0.00;0.00;0;0;0
0;8;0.00;0.00;0;0;0
0;8;0.00;0.00;0;0;0
0;8;0.00;0.00;0;0;0
0;7;0.00;0.00;0;0;0
0;10;0.00;0.00;0;0;0
0;9;0.00;0.00;0;0;0
0;7;0.00;0.00;0;0;0
0;8;0.00;0.00;0;0;0
0;8;0.00;0.00;0;0;0
0;9;0.00;0.00;0;0;0
0;10;0.00;0.00;0;0;0
0;6;0.00;0.00;0;0;0
0;11;0.00;0.00;0;0;0
0;5;0.00;0.00;0;0;0
0;9;0.00;0.00;0;0;0
0;8;0.00;0.00;0;0;0
0;11;0.00;0.00;0;0;0
0;5;0.00;0.00;0;0;0
0;8;0.00;0.00;0;0;0
0;9;0.00;0.00;0;0;0
0;7;0.00;0.00;0;0;0
0;9;0.00;0.00;0;0;0
0;8;0.00;0.00;0;0;0
0;10;0.00;0.00;0;0;0
0;10;0.00;0.00;0;0;0
0;5;0.00;0.00;0;0;0
0;8;0.00;0.00;0;0;0
0;8;0.00;0.00;0;0;0
0;9;0.00;0.00;0;0;0
0;7;0.00;0.00;0;0;0
0;9;0.00;0.00;0;0;0
0;8;0.00;0.00;0;0;0
0;11;0.00;0.00;0;0;0
0;5;0.00;0.00;0;0;0
0;8;0.00;0.00;0;0;0
0;8;0.00;0.00;0;0;0
0;9;0.00;0.00;0;0;0
0;8;0.00;0.00;0;0;0
0;9;0.00;0.00;0;0;0
0;7;0.00;0.00;0;0;0
0;11;0.00;0.00;0;0;0
0;6;0.00;0.00;0;0;0
0;8;0.00;0.00;0;0;0
0;8;0.00;0.00;0;0;0
0;8;0.00;0.00;0;0;0
0;7;0.00;0.00;0;0;0
0;11;0.00;0.00;0;0;0
0;7;0.00;0.00;0;0;0
0;8;0.00;0.00;0;0;0
0;8;0.00;0.00;0;0;0
0;14;0.00;0.00;0;0;0
0;7;0.00;0.00;0;0;0
0;8;0.00;0.00;0;0;0
0;8;0.00;0.00;0;0;0
0;8;0.00;0.00;0;0;0
0;9;0.00;0.00;0;0;0
0;8;0.00;0.00;0;0;0
0;10;0.00;0.00;0;0;0
0;6;0.00;0.00;0;0;0
0;8;0.00;0.00;0;0;0
0;7;0.00;0.00;0;0;0
0;9;0.00;0.00;0;0;0
0;9;0.00;0.00;0;0;0
0;7;0.00;0.00;0;0;0
0;8;0.00;0.00;0;0;0
0;13;0.00;0.00;0;0;0
0;8;0.00;0.00;0;0;0
0;9;0.00;0.00;0;0;0
0;11;0.00;0.00;0;0;0
0;5;0.00;0.00;0;0;0
0;9;0.00;0.00;0;0;0
0;7;0.00;0.00;0;0;0
0;11;0.00;0.00;0;0;0
0;6;0.00;0.00;0;0;0
0;8;0.00;0.00;0;0;0
0;7;0.00;0.00;0;0;0
0;10;0.00;0.00;0;0;0
0;8;0.00;0.00;0;0;0
0;8;0.00;0.00;0;0;0
0;7;0.00;0.00;0;0;0
0;9;0.00;0.00;0;0;0
0;9;0.00;0.00;0;0;0
0;7;0.00;0.00;0;0;0
0;8;0.00;0.00;0;0;0
0;8;0.00;0.00;0;0;0
0;9;0.00;0.00;0;0;0
0;9;0.00;0.00;0;0;0
0;8;0.00;0.00;0;0;0
0;8;0.00;0.00;0;0;0
0;8;0.00;0.00;0;0;0
0;8;0.00;0.00;0;0;0
0;9;0.00;0.00;0;0;0
0;7;0.00;0.00;0;0;0
0;9;0.00;0.00;0;0;0
0;7;0.00;0.00;0;0;0
0;9;0.00;0.00;0;0;0
0;9;0.00;0.00;0;0;0
0;8;0.00;0.00;0;0;0
0;8;0.00;0.00;0;0;0
0;7;0.00;0.00;0;0;0
0;9;0.00;0.00;0;0;0
0;11;0.00;0.00;0;0;0
0;6;0.00;0.00;0;0;0
0;8;0.00;0.00;0;0;0
0;8;0.00;0.00;0;0;0
0;12;0.00;0.00;0;0;0
0;9;0.00;0.00;0;0;0
0;7;0.00;0.00;0;0;0
0;8;0.00;0.00;0;0;0
0;9;0.00;0.00;0;0;0
0;7;0.00;0.00;0;0;0
0;8;0.00;0.00;0;0;0
0;10;0.00;0.00;0;0;0
0;7;0.00;0.00;0;0;0
0;8;0.00;0.00;0;0;0
0;11;0.00;0.00;0;0;0
0;10;0.00;0.00;0;0;0
0;5;0.00;0.00;0;0;0
0;8;0.00;0.00;0;0;0
0;7;0.00;0.00;0;0;0
0;13;0.00;0.00;0;0;0
0;10;0.00;0.00;0;0;0
0;7;0.00;0.00;0;0;0
0;7;0.00;0.00;0;0;0
0;10;0.00;0.00;0;0;0
0;7;0.00;0.00;0;0;0
0;8;0.00;0.00;0;0;0
0;9;0.00;0.00;0;0;0
0;10;0.00;0.00;0;0;0
0;6;0.00;0.00;0;0;0
0;8;0.00;0.00;0;0;0
0;7;0.00;0.00;0;0;0
0;9;0.00;0.00;0;0;0
0;8;0.00;0.00;0;0;0
0;8;0.00;0.00;0;0;0
0;9;0.00;0.00;0;0;0
0;7;0.00;0.00;0;0;0
0;13;0.00;0.00;0;0;0
0;5;0.00;0.00;0;0;0
0;8;0.00;0.00;0;0;0
0;7;0.00;0.00;0;0;0
0;11;0.00;0.00;0;0;0
0;7;0.00;0.00;0;0;0
0;8;0.00;0.00;0;0;0
0;7;0.00;0.00;0;0;0
0;8;0.00;0.00;0;0;0
0;9;0.00;0.00;0;0;0
0;7;0.00;0.00;0;0;0
0;10;0.00;0.00;0;0;0
0;10;0.00;0.00;0;0;0
0;6;0.00;0.00;0;0;0
0;8;0.00;0.00;0;0;0
0;7;0.00;0.00;0;0;0
0;9;0.00;0.00;0;0;0
0;8;0.00;0.00;0;0;0
0;10;0.00;0.00;0;0;0
0;7;0.00;0.00;0;0;0
0;8;0.00;0.00;0;0;0
0;9;0.00;0.00;0;0;0
0;7;0.00;0.00;0;0;0
0;10;0.00;0.00;0;0;0
0;7;0.00;0.00;0;0;0
0;8;0.00;0.00;0;0;0
0;8;0.00;0.00;0;0;0
0;9;0.00;0.00;0;0;0
0;8;0.00;0.00;0;0;0
0;8;0.00;0.00;0;0;0
0;7;0.00;0.00;0;0;0
0;8;0.00;0.00;0;0;0
0;10;0.00;0.00;0;0;0
0;7;0.00;0.00;0;0;0
0;9;0.00;0.00;0;0;0
0;7;0.00;0.00;0;0;0
0;11;0.00;0.00;0;0;0
0;7;0.00;0.00;0;0;0
0;8;0.00;0.00;0;0;0
0;7;0.00;0.00;0;0;0
0;8;0.00;0.00;0;0;0
0;9;0.00;0.00;0;0;0
0;8;0.00;0.00;0;0;0
0;8;0.00;0.00;0;0;0
0;8;0.00;0.00;0;0;0
0;14;0.00;0.00;0;0;0
0;7;0.00;0.00;0;0;0
0;9;0.00;0.00;0;0;0
0;11;0.00;0.00;0;0;0
0;5;0.00;0.00;0;0;0
0;8;0.00;0.00;0;0;0
0;8;0.00;0.00;0;0;0
0;8;0.00;0.00;0;0;0
0;9;0.00;0.00;0;0;0
0;8;0.00;0.00;0;0;0
0;8;0.00;0.00;0;0;0
0;7;0.00;0.00;0;0;0
0;9;0.00;0.00;0;0;0
0;8;0.00;0.00;0;0;0
0;8;0.00;0.00;0;0;0
0;8;0.00;0.00;0;0;0
0;10;0.00;0.00;0;0;0
0;8;0.00;0.00;0;0;0
0;8;0.00;0.00;0;0;0
0;10;0.00;0.00;0;0;0
0;7;0.00;0.00;0;0;0
0;7;0.00;0.00;0;0;0
0;9;0.00;0.00;0;0;0
0;13;0.00;0.00;0;0;0
0;7;0.00;0.00;0;0;0
0;7;0.00;0.00;0;0;0
0;8;0.00;0.00;0;0;0
0;10;0.00;0.00;0;0;0
0;8;0.00;0.00;0;0;0
0;7;0.00;0.00;0;0;0
0;8;0.00;0.00;0;0;0
0;9;0.00;0.00;0;0;0
0;8;0.00;0.00;0;0;0
0;9;0.00;0.00;0;0;0
0;8;0.00;0.00;0;0;0
0;7;0.00;0.00;0;0;0
0;8;0.00;0.00;0;0;0
0;8;0.00;0.00;0;0;0
0;16;0.00;0.00;0;0;0
0;6;0.00;0.00;0;0;0
0;7;0.00;0.00;0;0;0
0;8;0.00;0.00;0;0;0
0;11;0.00;0.00;0;0;0
0;7;0.00;0.00;0;0;0
0;7;0.00;0.00;0;0;0
0;8;0.00;0.00;0;0;0
0;8;0.00;0.00;0;0;0
0;8;0.00;0.00;0;0;0
0;10;0.00;0.00;0;0;0
0;7;0.00;0.00;0;0;0
0;8;0.00;0.00;0;0;0
0;8;0.00;0.00;0;0;0
0;11;0.00;0.00;0;0;0
0;7;0.00;0.00;0;0;0
0;8;0.00;0.00;0;0;0
0;7;0.00;0.00;0;0;0
0;8;0.00;0.00;0;0;0
0;8;0.00;0.00;0;0;0
0;9;0.00;0.00;0;0;0
0;8;0.00;0.00;0;0;0
0;8;0.00;0.00;0;0;0
0;8;0.00;0.00;0;0;0
0;8;0.00;0.00;0;0;0
0;10;0.00;0.00;0;0;0
0;8;0.00;0.00;0;0;0
0;7;0.00;0.00;0;0;0
0;8;0.00;0.00;0;0;0
0;10;0.00;0.00;0;0;0
0;11;0.00;0.00;0;0;0
0;8;0.00;0.00;0;0;0
0;8;0.00;0.00;0;0;0
0;8;0.00;0.00;0;0;0
0;8;0.00;0.00;0;0;0
0;9;0.00;0.00;0;0;0
0;8;0.00;0.00;0;0;0
0;10;0.00;0.00;0;0;0
0;7;0.00;0.00;0;0;0
0;8;0.00;0.00;0;0;0
0;9;0.00;0.00;0;0;0
0;7;0.00;0.00;0;0;0
0;8;0.00;0.00;0;0;0
0;8;0.00;0.00;0;0;0
0;8;0.00;0.00;0;0;0
0;10;0.00;0.00;0;0;0
0;8;0.00;0.00;0;0;0
0;7;0.00;0.00;0;0;0
0;12;0.00;0.00;0;0;0
0;5;0.00;0.00;0;0;0
0;8;0.00;0.00;0;0;0
0;9;0.00;0.00;0;0;0
0;8;0.00;0.00;0;0;0
0;8;0.00;0.00;0;0;0
0;8;0.00;0.00;0;0;0
0;7;0.00;0.00;0;0;0
0;9;0.00;0.00;0;0;0
0;8;0.00;0.00;0;0;0
0;11;0.00;0.00;0;0;0
0;6;0.00;0.00;0;0;0
0;9;0.00;0.00;0;0;0
0;8;0.00;0.00;0;0;0
0;8;0.00;0.00;0;0;0
0;8;0.00;0.00;0;0;0
0;7;0.00;0.00;0;0;0
0;8;0.00;0.00;0;0;0
0;13;0.00;0.00;0;0;0
0;5;0.00;0.00;0;0;0
0;8;0.00;0.00;0;0;0
0;7;0.00;0.00;0;0;0
0;8;0.00;0.00;0;0;0
0;8;0.00;0.00;0;0;0
0;10;0.00;0.00;0;0;0
0;8;0.00;0.00;0;0;0
0;8;0.00;0.00;0;0;0
0;7;0.00;0.00;0;0;0
0;8;0.00;0.00;0;0;0
0;9;0.00;0.00;0;0;0
0;9;0.00;0.00;0;0;0
0;7;0.00;0.00;0;0;0
0;8;0.00;0.00;0;0;0
0;8;0.00;0.00;0;0;0
0;9;0.00;0.00;0;0;0
0;8;0.00;0.00;0;0;0
0;8;0.00;0.00;0;0;0
0;11;0.00;0.00;0;0;0
0;6;0.00;0.00;0;0;0
0;8;0.00;0.00;0;0;0
0;8;0.00;0.00;0;0;0
0;9;0.00;0.00;0;0;0
0;7;0.00;0.00;0;0;0
0;8;0.00;0.00;0;0;0
0;9;0.00;0.00;0;0;0
0;11;0.00;0.00;0;0;0
0;6;0.00;0.00;0;0;0
0;7;0.00;0.00;0;0;0
0;9;0.00;0.00;0;0;0
0;10;0.00;0.00;0;0;0
0;7;0.00;0.00;0;0;0
0;8;0.00;0.00;0;0;0
0;7;0.00;0.00;0;0;0
0;9;0.00;0.00;0;0;0
0;7;0.00;0.00;0;0;0
0;9;0.00;0.00;0;0;0
0;8;0.00;0.00;0;0;0
0;8;0.00;0.00;0;0;0
0;9;0.00;0.00;0;0;0
0;7;0.00;0.00;0;0;0
0;9;0.00;0.00;0;0;0
0;8;0.00;0.00;0;0;0
0;8;0.00;0.00;0;0;0
0;10;0.00;0.00;0;0;0
0;7;0.00;0.00;0;0;0
0;8;0.00;0.00;0;0;0
0;8;0.00;0.00;0;0;0
0;8;0.00;0.00;0;0;0
0;8;0.00;0.00;0;0;0
0;8;0.00;0.00;0;0;0
0;9;0.00;0.00;0;0;0
0;8;0.00;0.00;0;0;0
0;9;0.00;0.00;0;0;0
0;8;0.00;0.00;0;0;0
0;12;0.00;0.00;0;0;0
0;8;0.00;0.00;0;0;0
0;8;0.00;0.00;0;0;0
0;9;0.00;0.00;0;0;0
0;8;0.00;0.00;0;0;0
0;7;0.00;0.00;0;0;0
0;9;0.00;0.00;0;0;0
0;8;0.00;0.00;0;0;0
0;8;0.00;0.00;0;0;0
0;10;0.00;0.00;0;0;0
0;7;0.00;0.00;0;0;0
0;9;0.00;0.00;0;0;0
0;8;0.00;0.00;0;0;0
0;7;0.00;0.00;0;0;0
0;8;0.00;0.00;0;0;0
0;9;0.00;0.00;0;0;0
0;8;0.00;0.00;0;0;0
0;8;0.00;0.00;0;0;0
0;8;0.00;0.00;0;0;0
0;11;0.00;0.00;0;0;0
0;6;0.00;0.00;0;0;0
0;8;0.00;0.00;0;0;0
0;8;0.00;0.00;0;0;0
0;12;0.00;0.00;0;0;0
0;8;0.00;0.00;0;0;0
0;8;0.00;0.00;0;0;0
0;8;0.00;0.00;0;0;0
0;10;0.00;0.00;0;0;0
0;7;0.00;0.00;0;0;0
0;8;0.00;0.00;0;0;0
0;8;0.00;0.00;0;0;0
0;8;0.00;0.00;0;0;0
0;9;0.00;0.00;0;0;0
0;9;0.00;0.00;0;0;0
0;10;0.00;0.00;0;0;0
0;6;0.00;0.00;0;0;0
0;7;0.00;0.00;0;0;0
0;10;0.00;0.00;0;0;0
0;7;0.00;0.00;0;0;0
0;8;0.00;0.00;0;0;0
0;11;0.00;0.00;0;0;0
0;6;0.00;0.00;0;0;0
0;9;0.00;0.00;0;0;0
0;7;0.00;0.00;0;0;0
0;9;0.00;0.00;0;0;0
0;7;0.00;0.00;0;0;0
0;8;0.00;0.00;0;0;0
0;9;0.00;0.00;0;0;0
0;12;0.00;0.00;0;0;0
0;8;0.00;0.00;0;0;0
0;8;0.00;0.00;0;0;0
0;8;0.00;0.00;0;0;0
0;10;0.00;0.00;0;0;0
0;8;0.00;0.00;0;0;0
0;7;0.00;0.00;0;0;0
0;8;0.00;0.00;0;0;0
0;9;0.00;0.00;0;0;0
0;8;0.00;0.00;0;0;0
0;8;0.00;0.00;0;0;0
0;8;0.00;0.00;0;0;0
0;8;0.00;0.00;0;0;0
0;8;0.00;0.00;0;0;0
0;8;0.00;0.00;0;0;0
0;12;0.00;0.00;0;0;0
0;6;0.00;0.00;0;0;0
0;7;0.00;0.00;0;0;0
0;8;0.00;0.00;0;0;0
0;8;0.00;0.00;0;0;0
0;9;0.00;0.00;0;0;0
0;8;0.00;0.00;0;0;0
0;8;0.00;0.00;0;0;0
0;8;0.00;0.00;0;0;0
0;8;0.00;0.00;0;0;0
0;9;0.00;0.00;0;0;0
0;8;0.00;0.00;0;0;0
0;9;0.00;0.00;0;0;0
0;7;0.00;0.00;0;0;0
0;8;0.00;0.00;0;0;0
0;9;0.00;0.00;0;0;0
0;8;0.00;0.00;0;0;0
0;8;0.00;0.00;0;0;0
0;11;0.00;0.00;0;0;0
0;6;0.00;0.00;0;0;0
0;8;0.00;0.00;0;0;0
0;8;0.00;0.00;0;0;0
0;10;0.00;0.00;0;0;0
0;7;0.00;0.00;0;0;0
0;7;0.00;0.00;0;0;0
0;8;0.00;0.00;0;0;0
0;10;0.00;0.00;0;0;0
0;7;0.00;0.00;0;0;0
0;9;0.00;0.00;0;0;0
0;7;0.00;0.00;0;0;0
0;9;0.00;0.00;0;0;0
0;9;0.00;0.00;0;0;0
0;7;0.00;0.00;0;0;0
0;8;0.00;0.00;0;0;0
0;9;0.00;0.00;0;0;0
0;8;0.00;0.00;0;0;0
0;8;0.00;0.00;0;0;0
0;8;0.00;0.00;0;0;0
0;8;0.00;0.00;0;0;0
0;9;0.00;0.00;0;0;0
0;7;0.00;0.00;0;0;0
0;15;0.00;0.00;0;0;0
0;7;0.00;0.00;0;0;0
0;7;0.00;0.00;0;0;0
0;8;0.00;0.00;0;0;0
0;9;0.00;0.00;0;0;0
0;10;0.00;0.00;0;0;0
0;7;0.00;0.00;0;0;0
0;7;0.00;0.00;0;0;0
0;9;0.00;0.00;0;0;0
0;7;0.00;0.00;0;0;0
0;9;0.00;0.00;0;0;0
0;12;0.00;0.00;0;0;0
0;5;0.00;0.00;0;0;0
0;7;0.00;0.00;0;0;0
0;8;0.00;0.00;0;0;0
0;9;0.00;0.00;0;0;0
0;8;0.00;0.00;0;0;0
0;9;0.00;0.00;0;0;0
0;7;0.00;0.00;0;0;0
0;11;0.00;0.00;0;0;0
0;7;0.00;0.00;0;0;0
0;8;0.00;0.00;0;0;0
0;8;0.00;0.00;0;0;0
0;7;0.00;0.00;0;0;0
0;8;0.00;0.00;0;0;0
0;15;0.00;0.00;0;0;0
0;7;0.00;0.00;0;0;0
0;7;0.00;0.00;0;0;0
0;8;0.00;0.00;0;0;0
0;9;0.00;0.00;0;0;0
0;9;0.00;0.00;0;0;0
0;8;0.00;0.00;0;0;0
0;7;0.00;0.00;0;0;0
0;8;0.00;0.00;0;0;0
0;9;0.00;0.00;0;0;0
0;7;0.00;0.00;0;0;0
0;9;0.00;0.00;0;0;0
0;8;0.00;0.00;0;0;0
0;8;0.00;0.00;0;0;0
0;8;0.00;0.00;0;0;0
0;11;0.00;0.00;0;0;0
0;8;0.00;0.00;0;0;0
0;6;0.00;0.00;0;0;0
0;8;0.00;0.00;0;0;0
0;11;0.00;0.00;0;0;0
0;6;0.00;0.00;0;0;0
0;8;0.00;0.00;0;0;0
0;9;0.00;0.00;0;0;0
0;11;0.00;0.00;0;0;0
0;5;0.00;0.00;0;0;0
0;7;0.00;0.00;0;0;0
0;12;0.00;0.00;0;0;0
0;7;0.00;0.00;0;0;0
0;7;0.00;0.00;0;0;0
0;7;0.00;0.00;0;0;0
0;9;0.00;0.00;0;0;0
0;11;0.00;0.00;0;0;0
0;6;0.00;0.00;0;0;0
0;8;0.00;0.00;0;0;0
0;7;0.00;0.00;0;0;0
0;11;0.00;0.00;0;0;0
0;6;0.00;0.00;0;0;0
0;8;0.00;0.00;0;0;0
0;8;0.00;0.00;0;0;0
0;14;0.00;0.00;0;0;0
0;7;0.00;0.00;0;0;0
0;8;0.00;0.00;0;0;0
0;12;0.00;0.00;0;0;0
0;5;0.00;0.00;0;0;0
0;7;0.00;0.00;0;0;0
0;8;0.00;0.00;0;0;0
0;9;0.00;0.00;0;0;0
0;8;0.00;0.00;0;0;0
0;11;0.00;0.00;0;0;0
0;6;0.00;0.00;0;0;0
0;7;0.00;0.00;0;0;0
0;8;0.00;0.00;0;0;0
0;13;0.00;0.00;0;0;0
0;4;0.00;0.00;0;0;0
0;8;0.00;0.00;0;0;0
0;8;0.00;0.00;0;0;0
0;11;0.00;0.00;0;0;0
0;7;0.00;0.00;0;0;0
0;7;0.00;0.00;0;0;0
0;8;0.00;0.00;0;0;0
0;8;0.00;0.00;0;0;0
0;8;0.00;0.00;0;0;0
0;9;0.00;0.00;0;0;0
0;8;0.00;0.00;0;0;0
0;8;0.00;0.00;0;0;0
0;8;0.00;0.00;0;0;0
0;8;0.00;0.00;0;0;0
0;8;0.00;0.00;0;0;0
0;9;0.00;0.00;0;0;0
0;8;0.00;0.00;0;0;0
0;8;0.00;0.00;0;0;0
0;8;0.00;0.00;0;0;0
0;9;0.00;0.00;0;0;0
0;8;0.00;0.00;0;0;0
0;8;0.00;0.00;0;0;0
0;8;0.00;0.00;0;0;0
0;8;0.00;0.00;0;0;0
0;8;0.00;0.00;0;0;0
0;9;0.00;0.00;0;0;0
0;12;0.00;0.00;0;0;0
0;5;0.00;0.00;0;0;0
0;7;0.00;0.00;0;0;0
0;8;0.00;0.00;0;0;0
0;12;0.00;0.00;0;0;0
0;6;0.00;0.00;0;0;0
0;7;0.00;0.00;0;0;0
0;9;0.00;0.00;0;0;0
0;8;0.00;0.00;0;0;0
0;8;0.00;0.00;0;0;0
0;8;0.00;0.00;0;0;0
0;8;0.00;0.00;0;0;0
0;9;0.00;0.00;0;0;0
0;10;0.00;0.00;0;0;0
0;7;0.00;0.00;0;0;0
0;7;0.00;0.00;0;0;0
0;8;0.00;0.00;0;0;0
0;9;0.00;0.00;0;0;0
0;10;0.00;0.00;0;0;0
0;5;0.00;0.00;0;0;0
0;9;0.00;0.00;0;0;0
0;8;0.00;0.00;0;0;0
0;9;0.00;0.00;0;0;0
0;7;0.00;0.00;0;0;0
0;8;0.00;0.00;0;0;0
0;9;0.00;0.00;0;0;0
0;8;0.00;0.00;0;0;0
0;8;0.00;0.00;0;0;0
0;9;0.00;0.00;0;0;0
0;7;0.00;0.00;0;0;0
0;10;0.00;0.00;0;0;0
0;7;0.00;0.00;0;0;0
0;8;0.00;0.00;0;0;0
0;8;0.00;0.00;0;0;0
0;9;0.00;0.00;0;0;0
0;8;0.00;0.00;0;0;0
0;8;0.00;0.00;0;0;0
0;8;0.00;0.00;0;0;0
0;8;0.00;0.00;0;0;0
0;8;0.00;0.00;0;0;0
0;8;0.00;0.00;0;0;0
0;12;0.00;0.00;0;0;0
0;6;0.00;0.00;0;0;0
0;7;0.00;0.00;0;0;0
0;8;0.00;0.00;0;0;0
0;12;0.00;0.00;0;0;0
0;6;0.00;0.00;0;0;0
0;7;0.00;0.00;0;0;0
0;8;0.00;0.00;0;0;0
0;9;0.00;0.00;0;0;0
0;7;0.00;0.00;0;0;0
0;9;0.00;0.00;0;0;0
0;8;0.00;0.00;0;0;0
0;12;0.00;0.00;0;0;0
0;8;0.00;0.00;0;0;0
0;8;0.00;0.00;0;0;0
0;9;0.00;0.00;0;0;0
0;8;0.00;0.00;0;0;0
0;8;0.00;0.00;0;0;0
0;8;0.00;0.00;0;0;0
0;10;0.00;0.00;0;0;0
0;7;0.00;0.00;0;0;0
0;7;0.00;0.00;0;0;0
0;8;0.00;0.00;0;0;0
0;8;0.00;0.00;0;0;0
0;8;0.00;0.00;0;0;0
0;13;0.00;0.00;0;0;0
0;9;0.00;0.00;0;0;0
0;7;0.00;0.00;0;0;0
0;8;0.00;0.00;0;0;0
0;14;0.00;0.00;0;0;0
0;7;0.00;0.00;0;0;0
0;8;0.00;0.00;0;0;0
0;9;0.00;0.00;0;0;0
0;7;0.00;0.00;0;0;0
0;8;0.00;0.00;0;0;0
0;9;0.00;0.00;0;0;0
0;8;0.00;0.00;0;0;0
0;9;0.00;0.00;0;0;0
0;7;0.00;0.00;0;0;0
0;8;0.00;0.00;0;0;0
0;9;0.00;0.00;0;0;0
0;8;0.00;0.00;0;0;0
0;8;0.00;0.00;0;0;0
0;8;0.00;0.00;0;0;0
0;10;0.00;0.00;0;0;0
0;7;0.00;0.00;0;0;0
0;8;0.00;0.00;0;0;0
0;8;0.00;0.00;0;0;0
0;9;0.00;0.00;0;0;0
0;7;0.00;0.00;0;0;0
0;9;0.00;0.00;0;0;0
0;15;0.00;0.00;0;0;0
0;6;0.00;0.00;0;0;0
0;7;0.00;0.00;0;0;0
0;8;0.00;0.00;0;0;0
0;12;0.00;0.00;0;0;0
0;6;0.00;0.00;0;0;0
0;9;0.00;0.00;0;0;0
0;6;0.00;0.00;0;0;0
0;10;0.00;0.00;0;0;0
0;7;0.00;0.00;0;0;0
0;8;0.00;0.00;0;0;0
0;8;0.00;0.00;0;0;0
0;15;0.00;0.00;0;0;0
0;5;0.00;0.00;0;0;0
0;12;0.00;0.00;0;0;0
0;10;0.00;0.00;0;0;0
0;8;0.00;0.00;0;0;0
0;7;0.00;0.00;0;0;0
0;8;0.00;0.00;0;0;0
0;11;0.00;0.00;0;0;0
0;6;0.00;0.00;0;0;0
0;8;0.00;0.00;0;0;0
0;8;0.00;0.00;0;0;0
0;8;0.00;0.00;0;0;0
0;12;0.00;0.00;0;0;0
0;6;0.00;0.00;0;0;0
0;7;0.00;0.00;0;0;0
0;8;0.00;0.00;0;0;0
0;11;0.00;0.00;0;0;0
0;6;0.00;0.00;0;0;0
0;9;0.00;0.00;0;0;0
0;8;0.00;0.00;0;0;0
0;7;0.00;0.00;0;0;0
0;8;0.00;0.00;0;0;0
0;9;0.00;0.00;0;0;0
0;8;0.00;0.00;0;0;0
0;11;0.00;0.00;0;0;0
0;5;0.00;0.00;0;0;0
0;9;0.00;0.00;0;0;0
0;9;0.00;0.00;0;0;0
0;11;0.00;0.00;0;0;0
0;5;0.00;0.00;0;0;0
0;7;0.00;0.00;0;0;0
0;8;0.00;0.00;0;0;0
0;10;0.00;0.00;0;0;0
0;7;0.00;0.00;0;0;0
0;8;0.00;0.00;0;0;0
0;8;0.00;0.00;0;0;0
0;8;0.00;0.00;0;0;0
0;8;0.00;0.00;0;0;0
0;9;0.00;0.00;0;0;0
0;9;0.00;0.00;0;0;0
0;7;0.00;0.00;0;0;0
0;8;0.00;0.00;0;0;0
0;8;0.00;0.00;0;0;0
0;9;0.00;0.00;0;0;0
0;9;0.00;0.00;0;0;0
0;7;0.00;0.00;0;0;0
0;8;0.00;0.00;0;0;0
0;8;0.00;0.00;0;0;0
0;11;0.00;0.00;0;0;0
0;7;0.00;0.00;0;0;0
0;7;0.00;0.00;0;0;0
0;8;0.00;0.00;0;0;0
0;10;0.00;0.00;0;0;0
0;8;0.00;0.00;0;0;0
0;8;0.00;0.00;0;0;0
0;7;0.00;0.00;0;0;0
0;8;0.00;0.00;0;0;0
0;8;0.00;0.00;0;0;0
0;8;0.00;0.00;0;0;0
0;9;0.00;0.00;0;0;0
0;8;0.00;0.00;0;0;0
0;8;0.00;0.00;0;0;0
0;8;0.00;0.00;0;0;0
0;8;0.00;0.00;0;0;0
0;9;0.00;0.00;0;0;0
0;8;0.00;0.00;0;0;0
0;8;0.00;0.00;0;0;0
0;8;0.00;0.00;0;0;0
0;8;0.00;0.00;0;0;0
0;10;0.00;0.00;0;0;0
0;7;0.00;0.00;0;0;0
0;8;0.00;0.00;0;0;0
0;8;0.00;0.00;0;0;0
0;11;0.00;0.00;0;0;0
0;6;0.00;0.00;0;0;0
0;8;0.00;0.00;0;0;0
0;8;0.00;0.00;0;0;0
0;8;0.00;0.00;0;0;0
0;8;0.00;0.00;0;0;0
0;12;0.00;0.00;0;0;0
0;5;0.00;0.00;0;0;0
0;9;0.00;0.00;0;0;0
0;7;0.00;0.00;0;0;0
0;8;0.00;0.00;0;0;0
0;8;0.00;0.00;0;0;0
0;9;0.00;0.00;0;0;0
0;8;0.00;0.00;0;0;0
0;8;0.00;0.00;0;0;0
0;8;0.00;0.00;0;0;0
0;8;0.00;0.00;0;0;0
0;9;0.00;0.00;0;0;0
0;8;0.00;0.00;0;0;0
0;9;0.00;0.00;0;0;0
0;7;0.00;0.00;0;0;0
0;8;0.00;0.00;0;0;0
0;9;0.00;0.00;0;0;0
0;8;0.00;0.00;0;0;0
0;8;0.00;0.00;0;0;0
0;8;0.00;0.00;0;0;0
0;8;0.00;0.00;0;0;0
0;12;0.00;0.00;0;0;0
0;5;0.00;0.00;0;0;0
0;8;0.00;0.00;0;0;0
0;8;0.00;0.00;0;0;0
0;12;0.00;0.00;0;0;0
0;9;0.00;0.00;0;0;0
0;8;0.00;0.00;0;0;0
0;8;0.00;0.00;0;0;0
0;8;0.00;0.00;0;0;0
0;8;0.00;0.00;0;0;0
0;9;0.00;0.00;0;0;0
0;8;0.00;0.00;0;0;0
0;8;0.00;0.00;0;0;0
0;8;0.00;0.00;0;0;0
0;8;0.00;0.00;0;0;0
0;9;0.00;0.00;0;0;0
0;8;0.00;0.00;0;0;0
0;8;0.00;0.00;0;0;0
0;10;0.00;0.00;0;0;0
0;7;0.00;0.00;0;0;0
0;7;0.00;0.00;0;0;0
0;9;0.00;0.00;0;0;0
0;9;0.00;0.00;0;0;0
0;8;0.00;0.00;0;0;0
0;7;0.00;0.00;0;0;0
0;12;0.00;0.00;0;0;0
0;5;0.00;0.00;0;0;0
0;8;0.00;0.00;0;0;0
0;8;0.00;0.00;0;0;0
0;11;0.00;0.00;0;0;0
0;6;0.00;0.00;0;0;0
0;8;0.00;0.00;0;0;0
0;11;0.00;0.00;0;0;0
0;9;0.00;0.00;0;0;0
0;8;0.00;0.00;0;0;0
0;8;0.00;0.00;0;0;0
0;9;0.00;0.00;0;0;0
0;8;0.00;0.00;0;0;0
0;8;0.00;0.00;0;0;0
0;8;0.00;0.00;0;0;0
0;8;0.00;0.00;0;0;0
0;9;0.00;0.00;0;0;0
0;8;0.00;0.00;0;0;0
0;9;0.00;0.00;0;0;0
0;13;0.00;0.00;0;0;0
0;6;0.00;0.00;0;0;0
0;9;0.00;0.00;0;0;0
0;8;0.00;0.00;0;0;0
0;9;0.00;0.00;0;0;0
0;7;0.00;0.00;0;0;0
0;8;0.00;0.00;0;0;0
0;9;0.00;0.00;0;0;0
0;8;0.00;0.00;0;0;0
0;8;0.00;0.00;0;0;0
0;8;0.00;0.00;0;0;0
0;8;0.00;0.00;0;0;0
0;9;0.00;0.00;0;0;0
0;8;0.00;0.00;0;0;0
0;13;0.00;0.00;0;0;0
0;8;0.00;0.00;0;0;0
0;7;0.00;0.00;0;0;0
0;12;0.00;0.00;0;0;0
0;6;0.00;0.00;0;0;0
0;8;0.00;0.00;0;0;0
0;7;0.00;0.00;0;0;0
0;10;0.00;0.00;0;0;0
0;7;0.00;0.00;0;0;0
0;8;0.00;0.00;0;0;0
0;8;0.00;0.00;0;0;0
0;8;0.00;0.00;0;0;0
0;8;0.00;0.00;0;0;0
0;9;0.00;0.00;0;0;0
0;8;0.00;0.00;0;0;0
0;8;0.00;0.00;0;0;0
0;8;0.00;0.00;0;0;0
0;8;0.00;0.00;0;0;0
0;9;0.00;0.00;0;0;0
0;8;0.00;0.00;0;0;0
0;8;0.00;0.00;0;0;0
0;8;0.00;0.00;0;0;0
0;8;0.00;0.00;0;0;0
0;8;0.00;0.00;0;0;0
0;10;0.00;0.00;0;0;0
0;7;0.00;0.00;0;0;0
0;12;0.00;0.00;0;0;0
0;8;0.00;0.00;0;0;0
0;9;0.00;0.00;0;0;0
0;8;0.00;0.00;0;0;0
0;8;0.00;0.00;0;0;0
0;8;0.00;0.00;0;0;0
0;8;0.00;0.00;0;0;0
0;8;0.00;0.00;0;0;0
0;9;0.00;0.00;0;0;0
0;8;0.00;0.00;0;0;0
0;8;0.00;0.00;0;0;0
0;8;0.00;0.00;0;0;0
0;8;0.00;0.00;0;0;0
0;9;0.00;0.00;0;0;0
0;8;0.00;0.00;0;0;0
0;8;0.00;0.00;0;0;0
0;11;0.00;0.00;0;0;0
0;6;0.00;0.00;0;0;0
0;8;0.00;0.00;0;0;0
0;8;0.00;0.00;0;0;0
0;8;0.00;0.00;0;0;0
0;8;0.00;0.00;0;0;0
0;8;0.00;0.00;0;0;0
0;9;0.00;0.00;0;0;0
0;8;0.00;0.00;0;0;0
0;12;0.00;0.00;0;0;0
0;6;0.00;0.00;0;0;0
0;6;0.00;0.00;0;0;0
0;9;0.00;0.00;0;0;0
0;8;0.00;0.00;0;0;0
0;8;0.00;0.00;0;0;0
0;8;0.00;0.00;0;0;0
0;8;0.00;0.00;0;0;0
0;8;0.00;0.00;0;0;0
0;9;0.00;0.00;0;0;0
0;8;0.00;0.00;0;0;0
0;8;0.00;0.00;0;0;0
0;10;0.00;0.00;0;0;0
0;6;0.00;0.00;0;0;0
0;9;0.00;0.00;0;0;0
0;8;0.00;0.00;0;0;0
0;9;0.00;0.00;0;0;0
0;7;0.00;0.00;0;0;0
0;8;0.00;0.00;0;0;0
0;9;0.00;0.00;0;0;0
0;8;0.00;0.00;0;0;0
0;8;0.00;0.00;0;0;0
0;8;0.00;0.00;0;0;0
0;8;0.00;0.00;0;0;0
0;9;0.00;0.00;0;0;0
0;8;0.00;0.00;0;0;0
0;8;0.00;0.00;0;0;0
0;8;0.00;0.00;0;0;0
0;9;0.00;0.00;0;0;0
0;9;0.00;0.00;0;0;0
0;7;0.00;0.00;0;0;0
0;11;0.00;0.00;0;0;0
0;5;0.00;0.00;0;0;0
0;8;0.00;0.00;0;0;0
0;8;0.00;0.00;0;0;0
0;13;0.00;0.00;0;0;0
0;8;0.00;0.00;0;0;0
0;8;0.00;0.00;0;0;0
0;8;0.00;0.00;0;0;0
0;11;0.00;0.00;0;0;0
0;10;0.00;0.00;0;0;0
0;8;0.00;0.00;0;0;0
0;8;0.00;0.00;0;0;0
0;8;0.00;0.00;0;0;0
0;13;0.00;0.00;0;0;0
0;8;0.00;0.00;0;0;0
0;8;0.00;0.00;0;0;0
0;8;0.00;0.00;0;0;0
0;8;0.00;0.00;0;0;0
0;9;0.00;0.00;0;0;0
0;8;0.00;0.00;0;0;0
0;8;0.00;0.00;0;0;0
0;8;0.00;0.00;0;0;0
0;9;0.00;0.00;0;0;0
0;12;0.00;0.00;0;0;0
0;10;0.00;0.00;0;0;0
0;6;0.00;0.00;0;0;0
0;8;0.00;0.00;0;0;0
0;8;0.00;0.00;0;0;0
0;11;0.00;0.00;0;0;0
0;6;0.00;0.00;0;0;0
0;8;0.00;0.00;0;0;0
0;8;0.00;0.00;0;0;0
0;10;0.00;0.00;0;0;0
0;7;0.00;0.00;0;0;0
0;13;0.00;0.00;0;0;0
0;10;0.00;0.00;0;0;0
0;6;0.00;0.00;0;0;0
0;7;0.00;0.00;0;0;0
0;9;0.00;0.00;0;0;0
0;10;0.00;0.00;0;0;0
0;6;0.00;0.00;0;0;0
0;8;0.00;0.00;0;0;0
0;8;0.00;0.00;0;0;0
0;11;0.00;0.00;0;0;0
0;6;0.00;0.00;0;0;0
0;8;0.00;0.00;0;0;0
0;8;0.00;0.00;0;0;0
0;9;0.00;0.00;0;0;0
0;8;0.00;0.00;0;0;0
0;8;0.00;0.00;0;0;0
0;8;0.00;0.00;0;0;0
0;8;0.00;0.00;0;0;0
0;8;0.00;0.00;0;0;0
0;9;0.00;0.00;0;0;0
0;8;0.00;0.00;0;0;0
0;8;0.00;0.00;0;0;0
0;8;0.00;0.00;0;0;0
0;8;0.00;0.00;0;0;0
0;9;0.00;0.00;0;0;0
0;8;0.00;0.00;0;0;0
0;8;0.00;0.00;0;0;0
0;8;0.00;0.00;0;0;0
0;8;0.00;0.00;0;0;0
0;8;0.00;0.00;0;0;0
0;9;0.00;0.00;0;0;0
0;9;0.00;0.00;0;0;0
0;7;0.00;0.00;0;0;0
0;8;0.00;0.00;0;0;0
0;13;0.00;0.00;0;0;0
0;8;0.00;0.00;0;0;0
0;8;0.00;0.00;0;0;0
0;8;0.00;0.00;0;0;0
0;8;0.00;0.00;0;0;0
0;10;0.00;0.00;0;0;0
0;8;0.00;0.00;0;0;0
0;7;0.00;0.00;0;0;0
0;9;0.00;0.00;0;0;0
0;7;0.00;0.00;0;0;0
0;8;0.00;0.00;0;0;0
0;9;0.00;0.00;0;0;0
0;8;0.00;0.00;0;0;0
0;8;0.00;0.00;0;0;0
0;12;0.00;0.00;0;0;0
0;10;0.00;0.00;0;0;0
0;8;0.00;0.00;0;0;0
0;7;0.00;0.00;0;0;0
0;8;0.00;0.00;0;0;0
0;13;0.00;0.00;0;0;0
0;8;0.00;0.00;0;0;0
0;8;0.00;0.00;0;0;0
0;11;0.00;0.00;0;0;0
0;6;0.00;0.00;0;0;0
0;7;0.00;0.00;0;0;0
0;9;0.00;0.00;0;0;0
0;9;0.00;0.00;0;0;0
0;7;0.00;0.00;0;0;0
0;8;0.00;0.00;0;0;0
0;8;0.00;0.00;0;0;0
0;10;0.00;0.00;0;0;0
0;7;0.00;0.00;0;0;0
0;8;0.00;0.00;0;0;0
0;8;0.00;0.00;0;0;0
0;11;0.00;0.00;0;0;0
0;5;0.00;0.00;0;0;0
0;9;0.00;0.00;0;0;0
0;8;0.00;0.00;0;0;0
0;9;0.00;0.00;0;0;0
0;7;0.00;0.00;0;0;0
0;10;0.00;0.00;0;0;0
0;7;0.00;0.00;0;0;0
0;8;0.00;0.00;0;0;0
0;8;0.00;0.00;0;0;0
0;16;0.00;0.00;0;0;0
0;9;0.00;0.00;0;0;0
0;8;0.00;0.00;0;0;0
0;8;0.00;0.00;0;0;0
0;8;0.00;0.00;0;0;0
0;8;0.00;0.00;0;0;0
0;9;0.00;0.00;0;0;0
0;8;0.00;0.00;0;0;0
0;8;0.00;0.00;0;0;0
0;10;0.00;0.00;0;0;0
0;9;0.00;0.00;0;0;0
0;5;0.00;0.00;0;0;0
0;14;0.00;0.00;0;0;0
0;7;0.00;0.00;0;0;0
0;10;0.00;0.00;0;0;0
0;6;0.00;0.00;0;0;0
0;9;0.00;0.00;0;0;0
0;8;0.00;0.00;0;0;0
0;9;0.00;0.00;0;0;0
0;7;0.00;0.00;0;0;0
0;8;0.00;0.00;0;0;0
0;8;0.00;0.00;0;0;0
0;9;0.00;0.00;0;0;0
0;8;0.00;0.00;0;0;0
0;9;0.00;0.00;0;0;0
0;7;0.00;0.00;0;0;0
0;11;0.00;0.00;0;0;0
0;6;0.00;0.00;0;0;0
0;10;0.00;0.00;0;0;0
0;9;0.00;0.00;0;0;0
0;5;0.00;0.00;0;0;0
0;8;0.00;0.00;0;0;0
0;9;0.00;0.00;0;0;0
0;11;0.00;0.00;0;0;0
0;5;0.00;0.00;0;0;0
0;8;0.00;0.00;0;0;0
0;9;0.00;0.00;0;0;0
0;12;0.00;0.00;0;0;0
0;8;0.00;0.00;0;0;0
0;8;0.00;0.00;0;0;0
0;8;0.00;0.00;0;0;0
0;8;0.00;0.00;0;0;0
0;9;0.00;0.00;0;0;0
0;12;0.00;0.00;0;0;0
0;8;0.00;0.00;0;0;0
0;8;0.00;0.00;0;0;0
0;8;0.00;0.00;0;0;0
0;9;0.00;0.00;0;0;0
0;8;0.00;0.00;0;0;0
0;8;0.00;0.00;0;0;0
0;11;0.00;0.00;0;0;0
0;5;0.00;0.00;0;0;0
0;9;0.00;0.00;0;0;0
0;8;0.00;0.00;0;0;0
0;10;0.00;0.00;0;0;0
0;6;0.00;0.00;0;0;0
0;8;0.00;0.00;0;0;0
0;9;0.00;0.00;0;0;0
0;11;0.00;0.00;0;0;0
0;5;0.00;0.00;0;0;0
0;8;0.00;0.00;0;0;0
0;8;0.00;0.00;0;0;0
0;9;0.00;0.00;0;0;0
0;8;0.00;0.00;0;0;0
0;8;0.00;0.00;0;0;0
0;8;0.00;0.00;0;0;0
0;8;0.00;0.00;0;0;0
0;9;0.00;0.00;0;0;0
0;8;0.00;0.00;0;0;0
0;8;0.00;0.00;0;0;0
0;8;0.00;0.00;0;0;0
0;8;0.00;0.00;0;0;0
0;8;0.00;0.00;0;0;0
0;12;0.00;0.00;0;0;0
0;5;0.00;0.00;0;0;0
0;8;0.00;0.00;0;0;0
0;8;0.00;0.00;0;0;0
0;12;0.00;0.00;0;0;0
0;14;0.00;0.00;0;0;0
0;7;0.00;0.00;0;0;0
0;13;0.00;0.00;0;0;0
0;7;0.00;0.00;0;0;0
0;9;0.00;0.00;0;0;0
0;8;0.00;0.00;0;0;0
0;8;0.00;0.00;0;0;0
0;8;0.00;0.00;0;0;0
0;8;0.00;0.00;0;0;0
0;9;0.00;0.00;0;0;0
0;8;0.00;0.00;0;0;0
0;8;0.00;0.00;0;0;0
0;8;0.00;0.00;0;0;0
0;8;0.00;0.00;0;0;0
0;10;0.00;0.00;0;0;0
0;10;0.00;0.00;0;0;0
0;6;0.00;0.00;0;0;0
0;7;0.00;0.00;0;0;0
0;8;0.00;0.00;0;0;0
0;10;0.00;0.00;0;0;0
0;7;0.00;0.00;0;0;0
0;8;0.00;0.00;0;0;0
0;8;0.00;0.00;0;0;0
0;11;0.00;0.00;0;0;0
0;8;0.00;0.00;0;0;0
0;9;0.00;0.00;0;0;0
0;5;0.00;0.00;0;0;0
0;14;0.00;0.00;0;0;0
0;6;0.00;0.00;0;0;0
0;9;0.00;0.00;0;0;0
0;8;0.00;0.00;0;0;0
0;9;0.00;0.00;0;0;0
0;7;0.00;0.00;0;0;0
0;8;0.00;0.00;0;0;0
0;12;0.00;0.00;0;0;0
0;5;0.00;0.00;0;0;0
0;8;0.00;0.00;0;0;0
0;8;0.00;0.00;0;0;0
0;17;0.00;0.00;0;0;0
0;8;0.00;0.00;0;0;0
0;8;0.00;0.00;0;0;0
0;11;0.00;0.00;0;0;0
0;5;0.00;0.00;0;0;0
0;8;0.00;0.00;0;0;0
0;9;0.00;0.00;0;0;0
0;10;0.00;0.00;0;0;0
0;6;0.00;0.00;0;0;0
0;8;0.00;0.00;0;0;0
0;8;0.00;0.00;0;0;0
0;11;0.00;0.00;0;0;0
0;7;0.00;0.00;0;0;0
0;7;0.00;0.00;0;0;0
0;8;0.00;0.00;0;0;0
0;10;0.00;0.00;0;0;0
0;7;0.00;0.00;0;0;0
0;8;0.00;0.00;0;0;0
0;8;0.00;0.00;0;0;0
0;8;0.00;0.00;0;0;0
0;10;0.00;0.00;0;0;0
0;9;0.00;0.00;0;0;0
0;6;0.00;0.00;0;0;0
0;8;0.00;0.00;0;0;0
0;8;0.00;0.00;0;0;0
0;11;0.00;0.00;0;0;0
0;7;0.00;0.00;0;0;0
0;7;0.00;0.00;0;0;0
0;8;0.00;0.00;0;0;0
0;8;0.00;0.00;0;0;0
0;8;0.00;0.00;0;0;0
0;9;0.00;0.00;0;0;0
0;8;0.00;0.00;0;0;0
0;8;0.00;0.00;0;0;0
0;8;0.00;0.00;0;0;0
0;11;0.00;0.00;0;0;0
0;10;0.00;0.00;0;0;0
0;8;0.00;0.00;0;0;0
0;8;0.00;0.00;0;0;0
0;8;0.00;0.00;0;0;0
0;12;0.00;0.00;0;0;0
0;10;0.00;0.00;0;0;0
0;7;0.00;0.00;0;0;0
0;12;0.00;0.00;0;0;0
0;8;0.00;0.00;0;0;0
0;8;0.00;0.00;0;0;0
0;9;0.00;0.00;0;0;0
0;8;0.00;0.00;0;0;0
0;8;0.00;0.00;0;0;0
0;10;0.00;0.00;0;0;0
0;6;0.00;0.00;0;0;0
0;11;0.00;0.00;0;0;0
0;6;0.00;0.00;0;0;0
0;8;0.00;0.00;0;0;0
0;13;0.00;0.00;0;0;0
0;7;0.00;0.00;0;0;0
0;9;0.00;0.00;0;0;0
0;8;0.00;0.00;0;0;0
0;8;0.00;0.00;0;0;0
0;8;0.00;0.00;0;0;0
0;8;0.00;0.00;0;0;0
0;9;0.00;0.00;0;0;0
0;9;0.00;0.00;0;0;0
0;7;0.00;0.00;0;0;0
0;8;0.00;0.00;0;0;0
0;8;0.00;0.00;0;0;0
0;9;0.00;0.00;0;0;0
0;8;0.00;0.00;0;0;0
0;9;0.00;0.00;0;0;0
0;8;0.00;0.00;0;0;0
0;7;0.00;0.00;0;0;0
0;9;0.00;0.00;0;0;0
0;9;0.00;0.00;0;0;0
0;7;0.00;0.00;0;0;0
0;8;0.00;0.00;0;0;0
0;8;0.00;0.00;0;0;0
0;8;0.00;0.00;0;0;0
0;9;0.00;0.00;0;0;0
0;8;0.00;0.00;0;0;0
0;9;0.00;0.00;0;0;0
0;8;0.00;0.00;0;0;0
0;7;0.00;0.00;0;0;0
0;9;0.00;0.00;0;0;0
0;11;0.00;0.00;0;0;0
0;9;0.00;0.00;0;0;0
0;8;0.00;0.00;0;0;0
0;8;0.00;0.00;0;0;0
0;9;0.00;0.00;0;0;0
0;8;0.00;0.00;0;0;0
0;8;0.00;0.00;0;0;0
0;8;0.00;0.00;0;0;0
0;8;0.00;0.00;0;0;0
0;9;0.00;0.00;0;0;0
0;8;0.00;0.00;0;0;0
0;12;0.00;0.00;0;0;0
0;8;0.00;0.00;0;0;0
0;9;0.00;0.00;0;0;0
0;8;0.00;0.00;0;0;0
0;9;0.00;0.00;0;0;0
0;7;0.00;0.00;0;0;0
0;8;0.00;0.00;0;0;0
0;8;0.00;0.00;0;0;0
0;9;0.00;0.00;0;0;0
0;8;0.00;0.00;0;0;0
0;8;0.00;0.00;0;0;0
0;8;0.00;0.00;0;0;0
0;8;0.00;0.00;0;0;0
0;9;0.00;0.00;0;0;0
0;8;0.00;0.00;0;0;0
0;8;0.00;0.00;0;0;0
0;8;0.00;0.00;0;0;0
0;8;0.00;0.00;0;0;0
0;9;0.00;0.00;0;0;0
0;8;0.00;0.00;0;0;0
0;8;0.00;0.00;0;0;0
0;8;0.00;0.00;0;0;0
0;9;0.00;0.00;0;0;0
0;8;0.00;0.00;0;0;0
0;8;0.00;0.00;0;0;0
0;11;0.00;0.00;0;0;0
0;5;0.00;0.00;0;0;0
0;8;0.00;0.00;0;0;0
0;9;0.00;0.00;0;0;0
0;8;0.00;0.00;0;0;0
0;8;0.00;0.00;0;0;0
0;8;0.00;0.00;0;0;0
0;8;0.00;0.00;0;0;0
0;11;0.00;0.00;0;0;0
0;6;0.00;0.00;0;0;0
0;11;0.00;0.00;0;0;0
0;9;0.00;0.00;0;0;0
0;8;0.00;0.00;0;0;0
0;9;0.00;0.00;0;0;0
0;8;0.00;0.00;0;0;0
0;8;0.00;0.00;0;0;0
0;8;0.00;0.00;0;0;0
0;8;0.00;0.00;0;0;0
0;8;0.00;0.00;0;0;0
0;14;0.00;0.00;0;0;0
0;7;0.00;0.00;0;0;0
0;8;0.00;0.00;0;0;0
0;8;0.00;0.00;0;0;0
0;13;0.00;0.00;0;0;0
0;8;0.00;0.00;0;0;0
0;8;0.00;0.00;0;0;0
0;11;0.00;0.00;0;0;0
0;5;0.00;0.00;0;0;0
0;9;0.00;0.00;0;0;0
0;8;0.00;0.00;0;0;0
0;8;0.00;0.00;0;0;0
0;8;0.00;0.00;0;0;0
0;8;0.00;0.00;0;0;0
0;9;0.00;0.00;0;0;0
0;10;0.00;0.00;0;0;0
0;9;0.00;0.00;0;0;0
0;6;0.00;0.00;0;0;0
0;7;0.00;0.00;0;0;0
0;12;0.00;0.00;0;0;0
0;6;0.00;0.00;0;0;0
0;7;0.00;0.00;0;0;0
0;10;0.00;0.00;0;0;0
0;6;0.00;0.00;0;0;0
0;8;0.00;0.00;0;0;0
0;13;0.00;0.00;0;0;0
0;9;0.00;0.00;0;0;0
0;7;0.00;0.00;0;0;0
0;9;0.00;0.00;0;0;0
0;8;0.00;0.00;0;0;0
0;8;0.00;0.00;0;0;0
0;8;0.00;0.00;0;0;0
0;11;0.00;0.00;0;0;0
0;5;0.00;0.00;0;0;0
0;8;0.00;0.00;0;0;0
0;9;0.00;0.00;0;0;0
0;14;0.00;0.00;0;0;0
0;6;0.00;0.00;0;0;0
0;8;0.00;0.00;0;0;0
0;12;0.00;0.00;0;0;0
0;5;0.00;0.00;0;0;0
0;9;0.00;0.00;0;0;0
0;8;0.00;0.00;0;0;0
0;13;0.00;0.00;0;0;0
0;7;0.00;0.00;0;0;0
0;8;0.00;0.00;0;0;0
0;8;0.00;0.00;0;0;0
0;11;0.00;0.00;0;0;0
0;5;0.00;0.00;0;0;0
0;13;0.00;0.00;0;0;0
0;9;0.00;0.00;0;0;0
0;7;0.00;0.00;0;0;0
0;8;0.00;0.00;0;0;0
0;8;0.00;0.00;0;0;0
0;9;0.00;0.00;0;0;0
0;8;0.00;0.00;0;0;0
0;8;0.00;0.00;0;0;0
0;7;0.00;0.00;0;0;0
0;12;0.00;0.00;0;0;0
0;6;0.00;0.00;0;0;0
0;8;0.00;0.00;0;0;0
0;7;0.00;0.00;0;0;0
0;11;0.00;0.00;0;0;0
0;6;0.00;0.00;0;0;0
0;9;0.00;0.00;0;0;0
0;8;0.00;0.00;0;0;0
0;8;0.00;0.00;0;0;0
0;8;0.00;0.00;0;0;0
0;8;0.00;0.00;0;0;0
0;8;0.00;0.00;0;0;0
0;9;0.00;0.00;0;0;0
0;9;0.00;0.00;0;0;0
0;7;0.00;0.00;0;0;0
0;8;0.00;0.00;0;0;0
0;8;0.00;0.00;0;0;0
0;9;0.00;0.00;0;0;0
0;10;0.00;0.00;0;0;0
0;6;0.00;0.00;0;0;0
0;8;0.00;0.00;0;0;0
0;11;0.00;0.00;0;0;0
0;6;0.00;0.00;0;0;0
0;8;0.00;0.00;0;0;0
0;8;0.00;0.00;0;0;0
0;10;0.00;0.00;0;0;0
0;8;0.00;0.00;0;0;0
0;7;0.00;0.00;0;0;0
0;8;0.00;0.00;0;0;0
0;11;0.00;0.00;0;0;0
0;5;0.00;0.00;0;0;0
0;8;0.00;0.00;0;0;0
0;9;0.00;0.00;0;0;0
0;8;0.00;0.00;0;0;0
0;8;0.00;0.00;0;0;0
0;8;0.00;0.00;0;0;0
0;8;0.00;0.00;0;0;0
0;12;0.00;0.00;0;0;0
0;6;0.00;0.00;0;0;0
0;7;0.00;0.00;0;0;0
0;8;0.00;0.00;0;0;0
0;8;0.00;0.00;0;0;0
0;8;0.00;0.00;0;0;0
0;9;0.00;0.00;0;0;0
0;8;0.00;0.00;0;0;0
0;11;0.00;0.00;0;0;0
0;5;0.00;0.00;0;0;0
0;9;0.00;0.00;0;0;0
0;8;0.00;0.00;0;0;0
0;20;0.00;0.00;0;0;0
0;12;0.00;0.00;0;0;0
0;19;0.00;0.00;0;0;0
0;6;0.00;0.00;0;0;0
0;8;0.00;0.00;0;0;0
0;15;0.00;0.00;0;0;0
0;6;0.00;0.00;0;0;0
0;8;0.00;0.00;0;0;0
0;9;0.00;0.00;0;0;0
0;9;0.00;0.00;0;0;0
0;15;0.00;0.00;0;0;0
0;8;0.00;0.00;0;0;0
0;8;0.00;0.00;0;0;0
0;8;0.00;0.00;0;0;0
0;8;0.00;0.00;0;0;0
0;9;0.00;0.00;0;0;0
0;7;0.00;0.00;0;0;0
0;9;0.00;0.00;0;0;0
0;8;0.00;0.00;0;0;0
0;7;0.00;0.00;0;0;0
0;8;0.00;0.00;0;0;0
0;9;0.00;0.00;0;0;0
0;8;0.00;0.00;0;0;0
0;8;0.00;0.00;0;0;0
0;8;0.00;0.00;0;0;0
0;9;0.00;0.00;0;0;0
0;9;0.00;0.00;0;0;0
0;7;0.00;0.00;0;0;0
0;8;0.00;0.00;0;0;0
0;8;0.00;0.00;0;0;0
0;8;0.00;0.00;0;0;0
0;9;0.00;0.00;0;0;0
0;8;0.00;0.00;0;0;0
0;8;0.00;0.00;0;0;0
0;8;0.00;0.00;0;0;0
0;8;0.00;0.00;0;0;0
0;10;0.00;0.00;0;0;0
0;8;0.00;0.00;0;0;0
0;8;0.00;0.00;0;0;0
0;7;0.00;0.00;0;0;0
0;8;0.00;0.00;0;0;0
0;9;0.00;0.00;0;0;0
0;8;0.00;0.00;0;0;0
0;8;0.00;0.00;0;0;0
0;9;0.00;0.00;0;0;0
0;8;0.00;0.00;0;0;0
0;7;0.00;0.00;0;0;0
0;9;0.00;0.00;0;0;0
0;8;0.00;0.00;0;0;0
0;8;0.00;0.00;0;0;0
0;10;0.00;0.00;0;0;0
0;6;0.00;0.00;0;0;0
0;11;0.00;0.00;0;0;0
0;6;0.00;0.00;0;0;0
0;8;0.00;0.00;0;0;0
0;7;0.00;0.00;0;0;0
0;8;0.00;0.00;0;0;0
0;9;0.00;0.00;0;0;0
0;13;0.00;0.00;0;0;0
0;8;0.00;0.00;0;0;0
0;9;0.00;0.00;0;0;0
0;11;0.00;0.00;0;0;0
0;8;0.00;0.00;0;0;0
0;12;0.00;0.00;0;0;0
0;5;0.00;0.00;0;0;0
0;11;0.00;0.00;0;0;0
0;9;0.00;0.00;0;0;0
0;8;0.00;0.00;0;0;0
0;10;0.00;0.00;0;0;0
0;7;0.00;0.00;0;0;0
0;7;0.00;0.00;0;0;0
0;9;0.00;0.00;0;0;0
0;8;0.00;0.00;0;0;0
0;8;0.00;0.00;0;0;0
0;8;0.00;0.00;0;0;0
0;9;0.00;0.00;0;0;0
0;9;0.00;0.00;0;0;0
0;8;0.00;0.00;0;0;0
0;8;0.00;0.00;0;0;0
0;8;0.00;0.00;0;0;0
0;10;0.00;0.00;0;0;0
0;6;0.00;0.00;0;0;0
0;10;0.00;0.00;0;0;0
0;10;0.00;0.00;0;0;0
0;6;0.00;0.00;0;0;0
0;7;0.00;0.00;0;0;0
0;8;0.00;0.00;0;0;0
0;9;0.00;0.00;0;0;0
0;10;0.00;0.00;0;0;0
0;6;0.00;0.00;0;0;0
0;11;0.00;0.00;0;0;0
0;8;0.00;0.00;0;0;0
0;6;0.00;0.00;0;0;0
0;8;0.00;0.00;0;0;0
0;8;0.00;0.00;0;0;0
0;11;0.00;0.00;0;0;0
0;8;0.00;0.00;0;0;0
0;9;0.00;0.00;0;0;0
0;8;0.00;0.00;0;0;0
0;9;0.00;0.00;0;0;0
0;8;0.00;0.00;0;0;0
0;8;0.00;0.00;0;0;0
0;8;0.00;0.00;0;0;0
0;9;0.00;0.00;0;0;0
0;7;0.00;0.00;0;0;0
0;11;0.00;0.00;0;0;0
0;6;0.00;0.00;0;0;0
0;9;0.00;0.00;0;0;0
0;8;0.00;0.00;0;0;0
0;8;0.00;0.00;0;0;0
0;8;0.00;0.00;0;0;0
0;7;0.00;0.00;0;0;0
0;9;0.00;0.00;0;0;0
0;8;0.00;0.00;0;0;0
0;9;0.00;0.00;0;0;0
0;8;0.00;0.00;0;0;0
0;11;0.00;0.00;0;0;0
0;6;0.00;0.00;0;0;0
0;8;0.00;0.00;0;0;0
0;8;0.00;0.00;0;0;0
0;8;0.00;0.00;0;0;0
0;7;0.00;0.00;0;0;0
0;8;0.00;0.00;0;0;0
0;9;0.00;0.00;0;0;0
0;11;0.00;0.00;0;0;0
0;7;0.00;0.00;0;0;0
0;7;0.00;0.00;0;0;0
0;7;0.00;0.00;0;0;0
0;13;0.00;0.00;0;0;0
0;8;0.00;0.00;0;0;0
0;8;0.00;0.00;0;0;0
0;8;0.00;0.00;0;0;0
0;9;0.00;0.00;0;0;0
0;9;0.00;0.00;0;0;0
0;8;0.00;0.00;0;0;0
0;10;0.00;0.00;0;0;0
0;7;0.00;0.00;0;0;0
0;7;0.00;0.00;0;0;0
0;9;0.00;0.00;0;0;0
0;12;0.00;0.00;0;0;0
0;12;0.00;0.00;0;0;0
0;8;0.00;0.00;0;0;0
0;15;0.00;0.00;0;0;0
0;6;0.00;0.00;0;0;0
0;8;0.00;0.00;0;0;0
0;7;0.00;0.00;0;0;0
0;13;0.00;0.00;0;0;0
0;5;0.00;0.00;0;0;0
0;8;0.00;0.00;0;0;0
0;7;0.00;0.00;0;0;0
0;8;0.00;0.00;0;0;0
0;8;0.00;0.00;0;0;0
0;12;0.00;0.00;0;0;0
0;6;0.00;0.00;0;0;0
0;7;0.00;0.00;0;0;0
0;8;0.00;0.00;0;0;0
0;9;0.00;0.00;0;0;0
0;8;0.00;0.00;0;0;0
0;9;0.00;0.00;0;0;0
0;8;0.00;0.00;0;0;0
0;7;0.00;0.00;0;0;0
0;8;0.00;0.00;0;0;0
0;10;0.00;0.00;0;0;0
0;8;0.00;0.00;0;0;0
0;8;0.00;0.00;0;0;0
0;7;0.00;0.00;0;0;0
0;8;0.00;0.00;0;0;0
0;14;0.00;0.00;0;0;0
0;8;0.00;0.00;0;0;0
0;7;0.00;0.00;0;0;0
0;9;0.00;0.00;0;0;0
0;9;0.00;0.00;0;0;0
0;8;0.00;0.00;0;0;0
0;7;0.00;0.00;0;0;0
0;9;0.00;0.00;0;0;0
0;8;0.00;0.00;0;0;0
0;8;0.00;0.00;0;0;0
0;9;0.00;0.00;0;0;0
0;9;0.00;0.00;0;0;0
0;9;0.00;0.00;0;0;0
0;6;0.00;0.00;0;0;0
0;7;0.00;0.00;0;0;0
0;8;0.00;0.00;0;0;0
0;9;0.00;0.00;0;0;0
0;8;0.00;0.00;0;0;0
0;8;0.00;0.00;0;0;0
0;8;0.00;0.00;0;0;0
0;8;0.00;0.00;0;0;0
0;9;0.00;0.00;0;0;0
0;8;0.00;0.00;0;0;0
0;12;0.00;0.00;0;0;0
0;5;0.00;0.00;0;0;0
0;9;0.00;0.00;0;0;0
0;8;0.00;0.00;0;0;0
0;9;0.00;0.00;0;0;0
0;7;0.00;0.00;0;0;0
0;8;0.00;0.00;0;0;0
0;10;0.00;0.00;0;0;0
0;7;0.00;0.00;0;0;0
0;8;0.00;0.00;0;0;0
0;8;0.00;0.00;0;0;0
0;8;0.00;0.00;0;0;0
0;7;0.00;0.00;0;0;0
0;8;0.00;0.00;0;0;0
0;11;0.00;0.00;0;0;0
0;10;0.00;0.00;0;0;0
0;5;0.00;0.00;0;0;0
0;8;0.00;0.00;0;0;0
0;8;0.00;0.00;0;0;0
0;8;0.00;0.00;0;0;0
0;8;0.00;0.00;0;0;0
0;8;0.00;0.00;0;0;0
0;8;0.00;0.00;0;0;0
0;8;0.00;0.00;0;0;0
0;9;0.00;0.00;0;0;0
0;11;0.00;0.00;0;0;0
0;6;0.00;0.00;0;0;0
0;8;0.00;0.00;0;0;0
0;7;0.00;0.00;0;0;0
0;9;0.00;0.00;0;0;0
0;9;0.00;0.00;0;0;0
0;7;0.00;0.00;0;0;0
0;8;0.00;0.00;0;0;0
0;12;0.00;0.00;0;0;0
0;6;0.00;0.00;0;0;0
0;8;0.00;0.00;0;0;0
0;7;0.00;0.00;0;0;0
0;8;0.00;0.00;0;0;0
0;12;0.00;0.00;0;0;0
0;5;0.00;0.00;0;0;0
0;9;0.00;0.00;0;0;0
0;11;0.00;0.00;0;0;0
0;7;0.00;0.00;0;0;0
0;6;0.00;0.00;0;0;0
0;7;0.00;0.00;0;0;0
0;9;0.00;0.00;0;0;0
0;8;0.00;0.00;0;0;0
0;8;0.00;0.00;0;0;0
0;9;0.00;0.00;0;0;0
0;10;0.00;0.00;0;0;0
0;7;0.00;0.00;0;0;0
0;9;0.00;0.00;0;0;0
0;9;0.00;0.00;0;0;0
0;8;0.00;0.00;0;0;0
0;6;0.00;0.00;0;0;0
0;9;0.00;0.00;0;0;0
0;7;0.00;0.00;0;0;0
0;8;0.00;0.00;0;0;0
0;8;0.00;0.00;0;0;0
0;10;0.00;0.00;0;0;0
0;8;0.00;0.00;0;0;0
0;8;0.00;0.00;0;0;0
0;7;0.00;0.00;0;0;0
0;9;0.00;0.00;0;0;0
0;7;0.00;0.00;0;0;0
0;9;0.00;0.00;0;0;0
0;11;0.00;0.00;0;0;0
0;6;0.00;0.00;0;0;0
0;9;0.00;0.00;0;0;0
0;7;0.00;0.00;0;0;0
0;12;0.00;0.00;0;0;0
0;5;0.00;0.00;0;0;0
0;8;0.00;0.00;0;0;0
0;10;0.00;0.00;0;0;0
0;10;0.00;0.00;0;0;0
0;8;0.00;0.00;0;0;0
0;8;0.00;0.00;0;0;0
0;8;0.00;0.00;0;0;0
0;15;0.00;0.00;0;0;0
0;6;0.00;0.00;0;0;0
0;8;0.00;0.00;0;0;0
0;12;0.00;0.00;0;0;0
0;5;0.00;0.00;0;0;0
0;8;0.00;0.00;0;0;0
0;7;0.00;0.00;0;0;0
0;12;0.00;0.00;0;0;0
0;6;0.00;0.00;0;0;0
0;7;0.00;0.00;0;0;0
0;8;0.00;0.00;0;0;0
0;8;0.00;0.00;0;0;0
0;8;0.00;0.00;0;0;0
0;9;0.00;0.00;0;0;0
0;9;0.00;0.00;0;0;0
0;7;0.00;0.00;0;0;0
0;8;0.00;0.00;0;0;0
0;8;0.00;0.00;0;0;0
0;9;0.00;0.00;0;0;0
0;10;0.00;0.00;0;0;0
0;7;0.00;0.00;0;0;0
0;8;0.00;0.00;0;0;0
0;7;0.00;0.00;0;0;0
0;10;0.00;0.00;0;0;0
0;7;0.00;0.00;0;0;0
0;8;0.00;0.00;0;0;0
0;8;0.00;0.00;0;0;0
0;8;0.00;0.00;0;0;0
0;9;0.00;0.00;0;0;0
0;8;0.00;0.00;0;0;0
0;9;0.00;0.00;0;0;0
0;8;0.00;0.00;0;0;0
0;7;0.00;0.00;0;0;0
0;8;0.00;0.00;0;0;0
0;9;0.00;0.00;0;0;0
0;8;0.00;0.00;0;0;0
0;11;0.00;0.00;0;0;0
0;6;0.00;0.00;0;0;0
0;7;0.00;0.00;0;0;0
0;9;0.00;0.00;0;0;0
0;11;0.00;0.00;0;0;0
0;6;0.00;0.00;0;0;0
0;7;0.00;0.00;0;0;0
0;8;0.00;0.00;0;0;0
0;10;0.00;0.00;0;0;0
0;10;0.00;0.00;0;0;0
0;6;0.00;0.00;0;0;0
0;8;0.00;0.00;0;0;0
0;10;0.00;0.00;0;0;0
0;7;0.00;0.00;0;0;0
0;9;0.00;0.00;0;0;0
0;7;0.00;0.00;0;0;0
0;11;0.00;0.00;0;0;0
0;5;0.00;0.00;0;0;0
0;8;0.00;0.00;0;0;0
0;10;0.00;0.00;0;0;0
0;11;0.00;0.00;0;0;0
0;9;0.00;0.00;0;0;0
0;7;0.00;0.00;0;0;0
0;12;0.00;0.00;0;0;0
0;5;0.00;0.00;0;0;0
0;8;0.00;0.00;0;0;0
0;7;0.00;0.00;0;0;0
0;8;0.00;0.00;0;0;0
0;9;0.00;0.00;0;0;0
0;8;0.00;0.00;0;0;0
0;8;0.00;0.00;0;0;0
0;11;0.00;0.00;0;0;0
0;6;0.00;0.00;0;0;0
0;9;0.00;0.00;0;0;0
0;8;0.00;0.00;0;0;0
0;12;0.00;0.00;0;0;0
0;8;0.00;0.00;0;0;0
0;7;0.00;0.00;0;0;0
0;9;0.00;0.00;0;0;0
0;9;0.00;0.00;0;0;0
0;7;0.00;0.00;0;0;0
0;8;0.00;0.00;0;0;0
0;8;0.00;0.00;0;0;0
0;9;0.00;0.00;0;0;0
0;14;0.00;0.00;0;0;0
0;7;0.00;0.00;0;0;0
0;8;0.00;0.00;0;0;0
0;8;0.00;0.00;0;0;0
0;11;0.00;0.00;0;0;0
0;6;0.00;0.00;0;0;0
0;7;0.00;0.00;0;0;0
0;8;0.00;0.00;0;0;0
0;9;0.00;0.00;0;0;0
0;8;0.00;0.00;0;0;0
0;8;0.00;0.00;0;0;0
0;11;0.00;0.00;0;0;0
0;6;0.00;0.00;0;0;0
0;7;0.00;0.00;0;0;0
0;8;0.00;0.00;0;0;0
0;10;0.00;0.00;0;0;0
0;8;0.00;0.00;0;0;0
0;7;0.00;0.00;0;0;0
0;8;0.00;0.00;0;0;0
0;12;0.00;0.00;0;0;0
0;6;0.00;0.00;0;0;0
0;7;0.00;0.00;0;0;0
0;8;0.00;0.00;0;0;0
0;13;0.00;0.00;0;0;0
0;7;0.00;0.00;0;0;0
0;10;0.00;0.00;0;0;0
0;7;0.00;0.00;0;0;0
0;11;0.00;0.00;0;0;0
0;6;0.00;0.00;0;0;0
0;11;0.00;0.00;0;0;0
0;9;0.00;0.00;0;0;0
0;5;0.00;0.00;0;0;0
0;8;0.00;0.00;0;0;0
0;7;0.00;0.00;0;0;0
0;9;0.00;0.00;0;0;0
0;9;0.00;0.00;0;0;0
0;8;0.00;0.00;0;0;0
0;7;0.00;0.00;0;0;0
0;11;0.00;0.00;0;0;0
0;6;0.00;0.00;0;0;0
0;8;0.00;0.00;0;0;0
0;10;0.00;0.00;0;0;0
0;7;0.00;0.00;0;0;0
0;8;0.00;0.00;0;0;0
0;12;0.00;0.00;0;0;0
0;8;0.00;0.00;0;0;0
0;8;0.00;0.00;0;0;0
0;8;0.00;0.00;0;0;0
0;10;0.00;0.00;0;0;0
0;7;0.00;0.00;0;0;0
0;8;0.00;0.00;0;0;0
0;8;0.00;0.00;0;0;0
0;8;0.00;0.00;0;0;0
0;8;0.00;0.00;0;0;0
0;10;0.00;0.00;0;0;0
0;11;0.00;0.00;0;0;0
0;5;0.00;0.00;0;0;0
0;7;0.00;0.00;0;0;0
0;8;0.00;0.00;0;0;0
0;12;0.00;0.00;0;0;0
0;6;0.00;0.00;0;0;0
0;8;0.00;0.00;0;0;0
0;7;0.00;0.00;0;0;0
0;8;0.00;0.00;0;0;0
0;9;0.00;0.00;0;0;0
0;8;0.00;0.00;0;0;0
0;9;0.00;0.00;0;0;0
0;19;0.00;0.00;0;0;0
0;8;0.00;0.00;0;0;0
0;9;0.00;0.00;0;0;0
0;8;0.00;0.00;0;0;0
0;8;0.00;0.00;0;0;0
0;8;0.00;0.00;0;0;0
0;11;0.00;0.00;0;0;0
0;7;0.00;0.00;0;0;0
0;8;0.00;0.00;0;0;0
0;7;0.00;0.00;0;0;0
0;8;0.00;0.00;0;0;0
0;10;0.00;0.00;0;0;0
0;7;0.00;0.00;0;0;0
0;9;0.00;0.00;0;0;0
0;7;0.00;0.00;0;0;0
0;8;0.00;0.00;0;0;0
0;8;0.00;0.00;0;0;0
0;8;0.00;0.00;0;0;0
0;10;0.00;0.00;0;0;0
0;7;0.00;0.00;0;0;0
0;8;0.00;0.00;0;0;0
0;10;0.00;0.00;0;0;0
0;7;0.00;0.00;0;0;0
0;8;0.00;0.00;0;0;0
0;12;0.00;0.00;0;0;0
0;8;0.00;0.00;0;0;0
0;8;0.00;0.00;0;0;0
0;8;0.00;0.00;0;0;0
0;9;0.00;0.00;0;0;0
0;8;0.00;0.00;0;0;0
0;8;0.00;0.00;0;0;0
0;12;0.00;0.00;0;0;0
0;5;0.00;0.00;0;0;0
0;8;0.00;0.00;0;0;0
0;8;0.00;0.00;0;0;0
0;8;0.00;0.00;0;0;0
0;8;0.00;0.00;0;0;0
0;8;0.00;0.00;0;0;0
0;10;0.00;0.00;0;0;0
0;8;0.00;0.00;0;0;0
0;7;0.00;0.00;0;0;0
0;11;0.00;0.00;0;0;0
0;6;0.00;0.00;0;0;0
0;12;0.00;0.00;0;0;0
0;9;0.00;0.00;0;0;0
0;7;0.00;0.00;0;0;0
0;11;0.00;0.00;0;0;0
0;6;0.00;0.00;0;0;0
0;8;0.00;0.00;0;0;0
0;8;0.00;0.00;0;0;0
0;11;0.00;0.00;0;0;0
0;10;0.00;0.00;0;0;0
0;8;0.00;0.00;0;0;0
0;10;0.00;0.00;0;0;0
0;7;0.00;0.00;0;0;0
0;7;0.00;0.00;0;0;0
0;8;0.00;0.00;0;0;0
0;8;0.00;0.00;0;0;0
0;9;0.00;0.00;0;0;0
0;8;0.00;0.00;0;0;0
0;8;0.00;0.00;0;0;0
0;8;0.00;0.00;0;0;0
0;9;0.00;0.00;0;0;0
0;8;0.00;0.00;0;0;0
0;8;0.00;0.00;0;0;0
0;14;0.00;0.00;0;0;0
0;7;0.00;0.00;0;0;0
0;7;0.00;0.00;0;0;0
0;9;0.00;0.00;0;0;0
0;8;0.00;0.00;0;0;0
0;8;0.00;0.00;0;0;0
0;12;0.00;0.00;0;0;0
0;8;0.00;0.00;0;0;0
0;9;0.00;0.00;0;0;0
0;12;0.00;0.00;0;0;0
0;5;0.00;0.00;0;0;0
0;7;0.00;0.00;0;0;0
0;8;0.00;0.00;0;0;0
0;9;0.00;0.00;0;0;0
0;8;0.00;0.00;0;0;0
0;8;0.00;0.00;0;0;0
0;8;0.00;0.00;0;0;0
0;11;0.00;0.00;0;0;0
0;6;0.00;0.00;0;0;0
0;8;0.00;0.00;0;0;0
0;8;0.00;0.00;0;0;0
0;8;0.00;0.00;0;0;0
0;8;0.00;0.00;0;0;0
0;9;0.00;0.00;0;0;0
0;8;0.00;0.00;0;0;0
0;15;0.00;0.00;0;0;0
0;6;0.00;0.00;0;0;0
0;7;0.00;0.00;0;0;0
0;10;0.00;0.00;0;0;0
0;7;0.00;0.00;0;0;0
0;8;0.00;0.00;0;0;0
0;8;0.00;0.00;0;0;0
0;8;0.00;0.00;0;0;0
0;9;0.00;0.00;0;0;0
0;8;0.00;0.00;0;0;0
0;8;0.00;0.00;0;0;0
0;8;0.00;0.00;0;0;0
0;9;0.00;0.00;0;0;0
0;7;0.00;0.00;0;0;0
0;9;0.00;0.00;0;0;0
0;12;0.00;0.00;0;0;0
0;5;0.00;0.00;0;0;0
0;7;0.00;0.00;0;0;0
0;8;0.00;0.00;0;0;0
0;13;0.00;0.00;0;0;0
0;8;0.00;0.00;0;0;0
0;8;0.00;0.00;0;0;0
0;11;0.00;0.00;0;0;0
0;7;0.00;0.00;0;0;0
0;7;0.00;0.00;0;0;0
0;8;0.00;0.00;0;0;0
0;9;0.00;0.00;0;0;0
0;7;0.00;0.00;0;0;0
0;9;0.00;0.00;0;0;0
0;8;0.00;0.00;0;0;0
0;8;0.00;0.00;0;0;0
0;8;0.00;0.00;0;0;0
0;8;0.00;0.00;0;0;0
0;8;0.00;0.00;0;0;0
0;9;0.00;0.00;0;0;0
0;8;0.00;0.00;0;0;0
0;12;0.00;0.00;0;0;0
0;5;0.00;0.00;0;0;0
0;10;0.00;0.00;0;0;0
0;7;0.00;0.00;0;0;0
0;12;0.00;0.00;0;0;0
0;7;0.00;0.00;0;0;0
0;8;0.00;0.00;0;0;0
0;9;0.00;0.00;0;0;0
0;8;0.00;0.00;0;0;0
0;8;0.00;0.00;0;0;0
0;8;0.00;0.00;0;0;0
0;8;0.00;0.00;0;0;0
0;8;0.00;0.00;0;0;0
0;9;0.00;0.00;0;0;0
0;8;0.00;0.00;0;0;0
0;8;0.00;0.00;0;0;0
0;8;0.00;0.00;0;0;0
0;8;0.00;0.00;0;0;0
0;9;0.00;0.00;0;0;0
0;8;0.00;0.00;0;0;0
0;8;0.00;0.00;0;0;0
0;8;0.00;0.00;0;0;0
0;8;0.00;0.00;0;0;0
0;9;0.00;0.00;0;0;0
0;10;0.00;0.00;0;0;0
0;7;0.00;0.00;0;0;0
0;7;0.00;0.00;0;0;0
0;9;0.00;0.00;0;0;0
0;7;0.00;0.00;0;0;0
0;9;0.00;0.00;0;0;0
0;8;0.00;0.00;0;0;0
0;11;0.00;0.00;0;0;0
0;6;0.00;0.00;0;0;0
0;7;0.00;0.00;0;0;0
0;9;0.00;0.00;0;0;0
0;8;0.00;0.00;0;0;0
0;8;0.00;0.00;0;0;0
0;8;0.00;0.00;0;0;0
0;8;0.00;0.00;0;0;0
0;9;0.00;0.00;0;0;0
0;8;0.00;0.00;0;0;0
0;8;0.00;0.00;0;0;0
0;8;0.00;0.00;0;0;0
0;9;0.00;0.00;0;0;0
0;8;0.00;0.00;0;0;0
0;11;0.00;0.00;0;0;0
0;5;0.00;0.00;0;0;0
0;8;0.00;0.00;0;0;0
0;12;0.00;0.00;0;0;0
0;6;0.00;0.00;0;0;0
0;7;0.00;0.00;0;0;0
0;8;0.00;0.00;0;0;0
0;8;0.00;0.00;0;0;0
0;8;0.00;0.00;0;0;0
0;8;0.00;0.00;0;0;0
0;13;0.00;0.00;0;0;0
0;9;0.00;0.00;0;0;0
0;7;0.00;0.00;0;0;0
0;8;0.00;0.00;0;0;0
0;9;0.00;0.00;0;0;0
0;8;0.00;0.00;0;0;0
0;8;0.00;0.00;0;0;0
0;8;0.00;0.00;0;0;0
0;8;0.00;0.00;0;0;0
0;8;0.00;0.00;0;0;0
0;9;0.00;0.00;0;0;0
0;8;0.00;0.00;0;0;0
0;8;0.00;0.00;0;0;0
0;12;0.00;0.00;0;0;0
0;5;0.00;0.00;0;0;0
0;8;0.00;0.00;0;0;0
0;8;0.00;0.00;0;0;0
0;8;0.00;0.00;0;0;0
0;8;0.00;0.00;0;0;0
0;8;0.00;0.00;0;0;0
0;10;0.00;0.00;0;0;0
0;7;0.00;0.00;0;0;0
0;8;0.00;0.00;0;0;0
0;8;0.00;0.00;0;0;0
0;12;0.00;0.00;0;0;0
0;6;0.00;0.00;0;0;0
0;10;0.00;0.00;0;0;0
0;5;0.00;0.00;0;0;0
0;8;0.00;0.00;0;0;0
0;8;0.00;0.00;0;0;0
0;9;0.00;0.00;0;0;0
0;8;0.00;0.00;0;0;0
0;8;0.00;0.00;0;0;0
0;8;0.00;0.00;0;0;0
0;11;0.00;0.00;0;0;0
0;5;0.00;0.00;0;0;0
0;9;0.00;0.00;0;0;0
0;8;0.00;0.00;0;0;0
0;9;0.00;0.00;0;0;0
0;11;0.00;0.00;0;0;0
0;5;0.00;0.00;0;0;0
0;8;0.00;0.00;0;0;0
0;8;0.00;0.00;0;0;0
0;8;0.00;0.00;0;0;0
0;8;0.00;0.00;0;0;0
0;8;0.00;0.00;0;0;0
0;9;0.00;0.00;0;0;0
0;8;0.00;0.00;0;0;0
0;8;0.00;0.00;0;0;0
0;8;0.00;0.00;0;0;0
0;8;0.00;0.00;0;0;0
0;9;0.00;0.00;0;0;0
0;8;0.00;0.00;0;0;0
0;12;0.00;0.00;0;0;0
0;8;0.00;0.00;0;0;0
0;8;0.00;0.00;0;0;0
0;9;0.00;0.00;0;0;0
0;9;0.00;0.00;0;0;0
0;7;0.00;0.00;0;0;0
0;8;0.00;0.00;0;0;0
0;8;0.00;0.00;0;0;0
0;10;0.00;0.00;0;0;0
0;7;0.00;0.00;0;0;0
0;8;0.00;0.00;0;0;0
0;8;0.00;0.00;0;0;0
0;8;0.00;0.00;0;0;0
0;9;0.00;0.00;0;0;0
0;8;0.00;0.00;0;0;0
0;11;0.00;0.00;0;0;0
0;7;0.00;0.00;0;0;0
0;7;0.00;0.00;0;0;0
0;7;0.00;0.00;0;0;0
0;12;0.00;0.00;0;0;0
0;6;0.00;0.00;0;0;0
0;7;0.00;0.00;0;0;0
0;8;0.00;0.00;0;0;0
0;13;0.00;0.00;0;0;0
0;8;0.00;0.00;0;0;0
0;8;0.00;0.00;0;0;0
0;8;0.00;0.00;0;0;0
0;8;0.00;0.00;0;0;0
0;8;0.00;0.00;0;0;0
0;10;0.00;0.00;0;0;0
0;7;0.00;0.00;0;0;0
0;9;0.00;0.00;0;0;0
0;7;0.00;0.00;0;0;0
0;12;0.00;0.00;0;0;0
0;6;0.00;0.00;0;0;0
0;7;0.00;0.00;0;0;0
0;9;0.00;0.00;0;0;0
0;7;0.00;0.00;0;0;0
0;8;0.00;0.00;0;0;0
0;9;0.00;0.00;0;0;0
0;11;0.00;0.00;0;0;0
0;10;0.00;0.00;0;0;0
0;7;0.00;0.00;0;0;0
0;8;0.00;0.00;0;0;0
0;11;0.00;0.00;0;0;0
0;6;0.00;0.00;0;0;0
0;8;0.00;0.00;0;0;0
0;8;0.00;0.00;0;0;0
0;12;0.00;0.00;0;0;0
0;5;0.00;0.00;0;0;0
0;8;0.00;0.00;0;0;0
0;8;0.00;0.00;0;0;0
0;11;0.00;0.00;0;0;0
0;5;0.00;0.00;0;0;0
0;9;0.00;0.00;0;0;0
0;8;0.00;0.00;0;0;0
0;13;0.00;0.00;0;0;0
0;7;0.00;0.00;0;0;0
0;8;0.00;0.00;0;0;0
0;9;0.00;0.00;0;0;0
0;8;0.00;0.00;0;0;0
0;8;0.00;0.00;0;0;0
0;8;0.00;0.00;0;0;0
0;9;0.00;0.00;0;0;0
0;8;0.00;0.00;0;0;0
0;8;0.00;0.00;0;0;0
0;8;0.00;0.00;0;0;0
0;10;0.00;0.00;0;0;0
0;7;0.00;0.00;0;0;0
0;8;0.00;0.00;0;0;0
0;8;0.00;0.00;0;0;0
0;9;0.00;0.00;0;0;0
0;7;0.00;0.00;0;0;0
0;8;0.00;0.00;0;0;0
0;9;0.00;0.00;0;0;0
0;8;0.00;0.00;0;0;0
0;11;0.00;0.00;0;0;0
0;6;0.00;0.00;0;0;0
0;10;0.00;0.00;0;0;0
0;7;0.00;0.00;0;0;0
0;10;0.00;0.00;0;0;0
0;5;0.00;0.00;0;0;0
0;8;0.00;0.00;0;0;0
0;8;0.00;0.00;0;0;0
0;8;0.00;0.00;0;0;0
0;9;0.00;0.00;0;0;0
0;8;0.00;0.00;0;0;0
0;8;0.00;0.00;0;0;0
0;11;0.00;0.00;0;0;0
0;5;0.00;0.00;0;0;0
0;9;0.00;0.00;0;0;0
0;11;0.00;0.00;0;0;0
0;9;0.00;0.00;0;0;0
0;8;0.00;0.00;0;0;0
0;8;0.00;0.00;0;0;0
0;13;0.00;0.00;0;0;0
0;5;0.00;0.00;0;0;0
0;7;0.00;0.00;0;0;0
0;8;0.00;0.00;0;0;0
0;11;0.00;0.00;0;0;0
0;6;0.00;0.00;0;0;0
0;8;0.00;0.00;0;0;0
0;8;0.00;0.00;0;0;0
0;11;0.00;0.00;0;0;0
0;5;0.00;0.00;0;0;0
0;9;0.00;0.00;0;0;0
0;8;0.00;0.00;0;0;0
0;8;0.00;0.00;0;0;0
0;8;0.00;0.00;0;0;0
0;8;0.00;0.00;0;0;0
0;9;0.00;0.00;0;0;0
0;14;0.00;0.00;0;0;0
0;7;0.00;0.00;0;0;0
0;7;0.00;0.00;0;0;0
0;8;0.00;0.00;0;0;0
0;9;0.00;0.00;0;0;0
0;8;0.00;0.00;0;0;0
0;8;0.00;0.00;0;0;0
0;12;0.00;0.00;0;0;0
0;4;0.00;0.00;0;0;0
0;9;0.00;0.00;0;0;0
0;8;0.00;0.00;0;0;0
0;8;0.00;0.00;0;0;0
0;8;0.00;0.00;0;0;0
0;12;0.00;0.00;0;0;0
0;9;0.00;0.00;0;0;0
0;8;0.00;0.00;0;0;0
0;8;0.00;0.00;0;0;0
0;8;0.00;0.00;0;0;0
0;8;0.00;0.00;0;0;0
0;11;0.00;0.00;0;0;0
0;6;0.00;0.00;0;0;0
0;8;0.00;0.00;0;0;0
0;8;0.00;0.00;0;0;0
0;8;0.00;0.00;0;0;0
0;9;0.00;0.00;0;0;0
0;10;0.00;0.00;0;0;0
0;6;0.00;0.00;0;0;0
0;8;0.00;0.00;0;0;0
0;11;0.00;0.00;0;0;0
0;7;0.00;0.00;0;0;0
0;7;0.00;0.00;0;0;0
0;8;0.00;0.00;0;0;0
0;12;0.00;0.00;0;0;0
0;8;0.00;0.00;0;0;0
0;9;0.00;0.00;0;0;0
0;8;0.00;0.00;0;0;0
0;10;0.00;0.00;0;0;0
0;6;0.00;0.00;0;0;0
0;8;0.00;0.00;0;0;0
0;10;0.00;0.00;0;0;0
0;7;0.00;0.00;0;0;0
0;8;0.00;0.00;0;0;0
0;8;0.00;0.00;0;0;0
0;8;0.00;0.00;0;0;0
0;8;0.00;0.00;0;0;0
0;9;0.00;0.00;0;0;0
0;8;0.00;0.00;0;0;0
0;8;0.00;0.00;0;0;0
0;10;0.00;0.00;0;0;0
0;6;0.00;0.00;0;0;0
0;9;0.00;0.00;0;0;0
0;13;0.00;0.00;0;0;0
0;7;0.00;0.00;0;0;0
0;8;0.00;0.00;0;0;0
0;8;0.00;0.00;0;0;0
0;12;0.00;0.00;0;0;0
0;5;0.00;0.00;0;0;0
0;8;0.00;0.00;0;0;0
0;10;0.00;0.00;0;0;0
0;6;0.00;0.00;0;0;0
0;9;0.00;0.00;0;0;0
0;11;0.00;0.00;0;0;0
0;6;0.00;0.00;0;0;0
0;7;0.00;0.00;0;0;0
0;15;0.00;0.00;0;0;0
0;6;0.00;0.00;0;0;0
0;8;0.00;0.00;0;0;0
0;8;0.00;0.00;0;0;0
0;13;0.00;0.00;0;0;0
0;8;0.00;0.00;0;0;0
0;9;0.00;0.00;0;0;0
0;10;0.00;0.00;0;0;0
0;5;0.00;0.00;0;0;0
0;9;0.00;0.00;0;0;0
0;8;0.00;0.00;0;0;0
0;8;0.00;0.00;0;0;0
0;8;0.00;0.00;0;0;0
0;8;0.00;0.00;0;0;0
0;8;0.00;0.00;0;0;0
0;8;0.00;0.00;0;0;0
0;10;0.00;0.00;0;0;0
0;7;0.00;0.00;0;0;0
0;8;0.00;0.00;0;0;0
0;10;0.00;0.00;0;0;0
0;8;0.00;0.00;0;0;0
0;7;0.00;0.00;0;0;0
0;8;0.00;0.00;0;0;0
0;10;0.00;0.00;0;0;0
0;7;0.00;0.00;0;0;0
0;7;0.00;0.00;0;0;0
0;9;0.00;0.00;0;0;0
0;8;0.00;0.00;0;0;0
0;8;0.00;0.00;0;0;0
0;8;0.00;0.00;0;0;0
0;8;0.00;0.00;0;0;0
0;12;0.00;0.00;0;0;0
0;5;0.00;0.00;0;0;0
0;8;0.00;0.00;0;0;0
0;8;0.00;0.00;0;0;0
0;8;0.00;0.00;0;0;0
0;8;0.00;0.00;0;0;0
0;9;0.00;0.00;0;0;0
0;8;0.00;0.00;0;0;0
0;8;0.00;0.00;0;0;0
0;8;0.00;0.00;0;0;0
0;8;0.00;0.00;0;0;0
0;9;0.00;0.00;0;0;0
0;8;0.00;0.00;0;0;0
0;10;0.00;0.00;0;0;0
0;7;0.00;0.00;0;0;0
0;10;0.00;0.00;0;0;0
0;7;0.00;0.00;0;0;0
0;10;0.00;0.00;0;0;0
0;5;0.00;0.00;0;0;0
0;8;0.00;0.00;0;0;0
0;8;0.00;0.00;0;0;0
0;11;0.00;0.00;0;0;0
0;6;0.00;0.00;0;0;0
0;8;0.00;0.00;0;0;0
0;8;0.00;0.00;0;0;0
0;13;0.00;0.00;0;0;0
0;8;0.00;0.00;0;0;0
0;8;0.00;0.00;0;0;0
0;12;0.00;0.00;0;0;0
0;8;0.00;0.00;0;0;0
0;8;0.00;0.00;0;0;0
0;9;0.00;0.00;0;0;0
0;8;0.00;0.00;0;0;0
0;11;0.00;0.00;0;0;0
0;6;0.00;0.00;0;0;0
0;7;0.00;0.00;0;0;0
0;9;0.00;0.00;0;0;0
0;8;0.00;0.00;0;0;0
0;8;0.00;0.00;0;0;0
0;8;0.00;0.00;0;0;0
0;13;0.00;0.00;0;0;0
0;8;0.00;0.00;0;0;0
0;8;0.00;0.00;0;0;0
0;11;0.00;0.00;0;0;0
0;5;0.00;0.00;0;0;0
0;8;0.00;0.00;0;0;0
0;9;0.00;0.00;0;0;0
0;8;0.00;0.00;0;0;0
0;8;0.00;0.00;0;0;0
0;8;0.00;0.00;0;0;0
0;8;0.00;0.00;0;0;0
0;12;0.00;0.00;0;0;0
0;5;0.00;0.00;0;0;0
0;8;0.00;0.00;0;0;0
0;8;0.00;0.00;0;0;0
0;12;0.00;0.00;0;0;0
0;9;0.00;0.00;0;0;0
0;8;0.00;0.00;0;0;0
0;8;0.00;0.00;0;0;0
0;8;0.00;0.00;0;0;0
0;8;0.00;0.00;0;0;0
0;9;0.00;0.00;0;0;0
0;8;0.00;0.00;0;0;0
0;8;0.00;0.00;0;0;0
0;12;0.00;0.00;0;0;0
0;8;0.00;0.00;0;0;0
0;9;0.00;0.00;0;0;0
0;12;0.00;0.00;0;0;0
0;8;0.00;0.00;0;0;0
0;8;0.00;0.00;0;0;0
0;9;0.00;0.00;0;0;0
0;8;0.00;0.00;0;0;0
0;8;0.00;0.00;0;0;0
0;8;0.00;0.00;0;0;0
0;8;0.00;0.00;0;0;0
0;9;0.00;0.00;0;0;0
0;8;0.00;0.00;0;0;0
0;8;0.00;0.00;0;0;0
0;8;0.00;0.00;0;0;0
0;11;0.00;0.00;0;0;0
0;5;0.00;0.00;0;0;0
0;9;0.00;0.00;0;0;0
0;8;0.00;0.00;0;0;0
0;10;0.00;0.00;0;0;0
0;6;0.00;0.00;0;0;0
0;8;0.00;0.00;0;0;0
0;9;0.00;0.00;0;0;0
0;8;0.00;0.00;0;0;0
0;8;0.00;0.00;0;0;0
0;11;0.00;0.00;0;0;0
0;5;0.00;0.00;0;0;0
0;9;0.00;0.00;0;0;0
0;13;0.00;0.00;0;0;0
0;7;0.00;0.00;0;0;0
0;8;0.00;0.00;0;0;0
0;8;0.00;0.00;0;0;0
0;9;0.00;0.00;0;0;0
0;11;0.00;0.00;0;0;0
0;6;0.00;0.00;0;0;0
0;7;0.00;0.00;0;0;0
0;8;0.00;0.00;0;0;0
0;9;0.00;0.00;0;0;0
0;8;0.00;0.00;0;0;0
0;8;0.00;0.00;0;0;0
0;8;0.00;0.00;0;0;0
0;11;0.00;0.00;0;0;0
0;7;0.00;0.00;0;0;0
0;7;0.00;0.00;0;0;0
0;9;0.00;0.00;0;0;0
0;7;0.00;0.00;0;0;0
0;8;0.00;0.00;0;0;0
0;9;0.00;0.00;0;0;0
0;9;0.00;0.00;0;0;0
0;7;0.00;0.00;0;0;0
0;8;0.00;0.00;0;0;0
0;12;0.00;0.00;0;0;0
0;4;0.00;0.00;0;0;0
0;9;0.00;0.00;0;0;0
0;8;0.00;0.00;0;0;0
0;8;0.00;0.00;0;0;0
0;8;0.00;0.00;0;0;0
0;8;0.00;0.00;0;0;0
0;11;0.00;0.00;0;0;0
0;9;0.00;0.00;0;0;0
0;6;0.00;0.00;0;0;0
0;7;0.00;0.00;0;0;0
0;8;0.00;0.00;0;0;0
0;12;0.00;0.00;0;0;0
0;6;0.00;0.00;0;0;0
0;7;0.00;0.00;0;0;0
0;8;0.00;0.00;0;0;0
0;15;0.00;0.00;0;0;0
0;6;0.00;0.00;0;0;0
0;8;0.00;0.00;0;0;0
0;11;0.00;0.00;0;0;0
0;5;0.00;0.00;0;0;0
0;8;0.00;0.00;0;0;0
0;9;0.00;0.00;0;0;0
0;11;0.00;0.00;0;0;0
0;6;0.00;0.00;0;0;0
0;7;0.00;0.00;0;0;0
0;8;0.00;0.00;0;0;0
0;10;0.00;0.00;0;0;0
0;7;0.00;0.00;0;0;0
0;8;0.00;0.00;0;0;0
0;8;0.00;0.00;0;0;0
0;12;0.00;0.00;0;0;0
0;6;0.00;0.00;0;0;0
0;7;0.00;0.00;0;0;0
0;8;0.00;0.00;0;0;0
0;11;0.00;0.00;0;0;0
0;5;0.00;0.00;0;0;0
0;8;0.00;0.00;0;0;0
0;9;0.00;0.00;0;0;0
0;8;0.00;0.00;0;0;0
0;8;0.00;0.00;0;0;0
0;9;0.00;0.00;0;0;0
0;12;0.00;0.00;0;0;0
0;8;0.00;0.00;0;0;0
0;8;0.00;0.00;0;0;0
0;8;0.00;0.00;0;0;0
0;8;0.00;0.00;0;0;0
0;12;0.00;0.00;0;0;0
0;6;0.00;0.00;0;0;0
0;7;0.00;0.00;0;0;0
0;8;0.00;0.00;0;0;0
0;8;0.00;0.00;0;0;0
0;9;0.00;0.00;0;0;0
0;8;0.00;0.00;0;0;0
0;8;0.00;0.00;0;0;0
0;8;0.00;0.00;0;0;0
0;9;0.00;0.00;0;0;0
0;8;0.00;0.00;0;0;0
0;8;0.00;0.00;0;0;0
0;8;0.00;0.00;0;0;0
0;10;0.00;0.00;0;0;0
0;6;0.00;0.00;0;0;0
0;8;0.00;0.00;0;0;0
0;9;0.00;0.00;0;0;0
0;12;0.00;0.00;0;0;0
0;8;0.00;0.00;0;0;0
0;8;0.00;0.00;0;0;0
0;12;0.00;0.00;0;0;0
0;10;0.00;0.00;0;0;0
0;7;0.00;0.00;0;0;0
0;8;0.00;0.00;0;0;0
0;8;0.00;0.00;0;0;0
0;8;0.00;0.00;0;0;0
0;9;0.00;0.00;0;0;0
0;8;0.00;0.00;0;0;0
0;8;0.00;0.00;0;0;0
0;8;0.00;0.00;0;0;0
0;8;0.00;0.00;0;0;0
0;9;0.00;0.00;0;0;0
0;10;0.00;0.00;0;0;0
0;6;0.00;0.00;0;0;0
0;8;0.00;0.00;0;0;0
0;13;0.00;0.00;0;0;0
0;8;0.00;0.00;0;0;0
0;8;0.00;0.00;0;0;0
0;8;0.00;0.00;0;0;0
0;8;0.00;0.00;0;0;0
0;8;0.00;0.00;0;0;0
0;13;0.00;0.00;0;0;0
0;8;0.00;0.00;0;0;0
0;8;0.00;0.00;0;0;0
0;8;0.00;0.00;0;0;0
0;9;0.00;0.00;0;0;0
0;11;0.00;0.00;0;0;0
0;5;0.00;0.00;0;0;0
0;11;0.00;0.00;0;0;0
0;5;0.00;0.00;0;0;0
0;8;0.00;0.00;0;0;0
0;9;0.00;0.00;0;0;0
0;8;0.00;0.00;0;0;0
0;8;0.00;0.00;0;0;0
0;8;0.00;0.00;0;0;0
0;8;0.00;0.00;0;0;0
0;11;0.00;0.00;0;0;0
0;6;0.00;0.00;0;0;0
0;8;0.00;0.00;0;0;0
0;8;0.00;0.00;0;0;0
0;16;0.00;0.00;0;0;0
0;5;0.00;0.00;0;0;0
0;8;0.00;0.00;0;0;0
0;8;0.00;0.00;0;0;0
0;8;0.00;0.00;0;0;0
0;8;0.00;0.00;0;0;0
0;9;0.00;0.00;0;0;0
0;10;0.00;0.00;0;0;0
0;6;0.00;0.00;0;0;0
0;8;0.00;0.00;0;0;0
0;8;0.00;0.00;0;0;0
0;9;0.00;0.00;0;0;0
0;8;0.00;0.00;0;0;0
0;8;0.00;0.00;0;0;0
0;8;0.00;0.00;0;0;0
0;11;0.00;0.00;0;0;0
0;6;0.00;0.00;0;0;0
0;8;0.00;0.00;0;0;0
0;8;0.00;0.00;0;0;0
0;12;0.00;0.00;0;0;0
0;8;0.00;0.00;0;0;0
0;9;0.00;0.00;0;0;0
0;11;0.00;0.00;0;0;0
0;5;0.00;0.00;0;0;0
0;9;0.00;0.00;0;0;0
0;9;0.00;0.00;0;0;0
0;7;0.00;0.00;0;0;0
0;8;0.00;0.00;0;0;0
0;8;0.00;0.00;0;0;0
0;8;0.00;0.00;0;0;0
0;8;0.00;0.00;0;0;0
0;9;0.00;0.00;0;0;0
0;8;0.00;0.00;0;0;0
0;8;0.00;0.00;0;0;0
0;8;0.00;0.00;0;0;0
0;8;0.00;0.00;0;0;0
0;9;0.00;0.00;0;0;0
0;8;0.00;0.00;0;0;0
0;8;0.00;0.00;0;0;0
0;10;0.00;0.00;0;0;0
0;7;0.00;0.00;0;0;0
0;7;0.00;0.00;0;0;0
0;9;0.00;0.00;0;0;0
0;8;0.00;0.00;0;0;0
0;12;0.00;0.00;0;0;0
0;8;0.00;0.00;0;0;0
0;9;0.00;0.00;0;0;0
0;8;0.00;0.00;0;0;0
0;8;0.00;0.00;0;0;0
0;8;0.00;0.00;0;0;0
0;8;0.00;0.00;0;0;0
0;12;0.00;0.00;0;0;0
0;7;0.00;0.00;0;0;0
0;6;0.00;0.00;0;0;0
0;8;0.00;0.00;0;0;0
0;8;0.00;0.00;0;0;0
0;8;0.00;0.00;0;0;0
0;9;0.00;0.00;0;0;0
0;8;0.00;0.00;0;0;0
0;8;0.00;0.00;0;0;0
0;8;0.00;0.00;0;0;0
0;8;0.00;0.00;0;0;0
0;9;0.00;0.00;0;0;0
0;8;0.00;0.00;0;0;0
0;8;0.00;0.00;0;0;0
0;10;0.00;0.00;0;0;0
0;6;0.00;0.00;0;0;0
0;9;0.00;0.00;0;0;0
0;8;0.00;0.00;0;0;0
0;8;0.00;0.00;0;0;0
0;8;0.00;0.00;0;0;0
0;9;0.00;0.00;0;0;0
0;8;0.00;0.00;0;0;0
0;8;0.00;0.00;0;0;0
0;9;0.00;0.00;0;0;0
0;7;0.00;0.00;0;0;0
0;8;0.00;0.00;0;0;0
0;8;0.00;0.00;0;0;0
0;11;0.00;0.00;0;0;0
0;7;0.00;0.00;0;0;0
0;10;0.00;0.00;0;0;0
0;5;0.00;0.00;0;0;0
0;8;0.00;0.00;0;0;0
0;9;0.00;0.00;0;0;0
0;10;0.00;0.00;0;0;0
0;6;0.00;0.00;0;0;0
0;8;0.00;0.00;0;0;0
0;8;0.00;0.00;0;0;0
0;9;0.00;0.00;0;0;0
0;8;0.00;0.00;0;0;0
0;8;0.00;0.00;0;0;0
0;8;0.00;0.00;0;0;0
0;13;0.00;0.00;0;0;0
0;8;0.00;0.00;0;0;0
0;8;0.00;0.00;0;0;0
0;10;0.00;0.00;0;0;0
0;6;0.00;0.00;0;0;0
0;8;0.00;0.00;0;0;0
0;9;0.00;0.00;0;0;0
0;8;0.00;0.00;0;0;0
0;8;0.00;0.00;0;0;0
0;8;0.00;0.00;0;0;0
0;8;0.00;0.00;0;0;0
0;12;0.00;0.00;0;0;0
0;5;0.00;0.00;0;0;0
0;8;0.00;0.00;0;0;0
0;8;0.00;0.00;0;0;0
0;12;0.00;0.00;0;0;0
0;9;0.00;0.00;0;0;0
0;8;0.00;0.00;0;0;0
0;9;0.00;0.00;0;0;0
0;7;0.00;0.00;0;0;0
0;8;0.00;0.00;0;0;0
0;9;0.00;0.00;0;0;0
0;8;0.00;0.00;0;0;0
0;8;0.00;0.00;0;0;0
0;8;0.00;0.00;0;0;0
0;8;0.00;0.00;0;0;0
0;9;0.00;0.00;0;0;0
0;8;0.00;0.00;0;0;0
0;8;0.00;0.00;0;0;0
0;8;0.00;0.00;0;0;0
0;8;0.00;0.00;0;0;0
0;9;0.00;0.00;0;0;0
0;8;0.00;0.00;0;0;0
0;8;0.00;0.00;0;0;0
0;8;0.00;0.00;0;0;0
0;8;0.00;0.00;0;0;0
0;12;0.00;0.00;0;0;0
0;5;0.00;0.00;0;0;0
0;8;0.00;0.00;0;0;0
0;8;0.00;0.00;0;0;0
0;9;0.00;0.00;0;0;0
0;7;0.00;0.00;0;0;0
0;9;0.00;0.00;0;0;0
0;8;0.00;0.00;0;0;0
0;8;0.00;0.00;0;0;0
0;8;0.00;0.00;0;0;0
0;8;0.00;0.00;0;0;0
0;9;0.00;0.00;0;0;0
0;9;0.00;0.00;0;0;0
0;7;0.00;0.00;0;0;0
0;8;0.00;0.00;0;0;0
0;8;0.00;0.00;0;0;0
0;14;0.00;0.00;0;0;0
0;7;0.00;0.00;0;0;0
0;8;0.00;0.00;0;0;0
0;11;0.00;0.00;0;0;0
0;5;0.00;0.00;0;0;0
0;9;0.00;0.00;0;0;0
0;8;0.00;0.00;0;0;0
0;12;0.00;0.00;0;0;0
0;8;0.00;0.00;0;0;0
0;8;0.00;0.00;0;0;0
0;9;0.00;0.00;0;0;0
0;9;0.00;0.00;0;0;0
0;7;0.00;0.00;0;0;0
0;8;0.00;0.00;0;0;0
0;8;0.00;0.00;0;0;0
0;9;0.00;0.00;0;0;0
0;8;0.00;0.00;0;0;0
0;8;0.00;0.00;0;0;0
0;11;0.00;0.00;0;0;0
0;5;0.00;0.00;0;0;0
0;9;0.00;0.00;0;0;0
0;8;0.00;0.00;0;0;0
0;9;0.00;0.00;0;0;0
0;7;0.00;0.00;0;0;0
0;8;0.00;0.00;0;0;0
0;9;0.00;0.00;0;0;0
0;8;0.00;0.00;0;0;0
0;8;0.00;0.00;0;0;0
0;8;0.00;0.00;0;0;0
0;8;0.00;0.00;0;0;0
0;8;0.00;0.00;0;0;0
0;9;0.00;0.00;0;0;0
0;8;0.00;0.00;0;0;0
0;8;0.00;0.00;0;0;0
0;8;0.00;0.00;0;0;0
0;7;0.00;0.00;0;0;0
0;10;0.00;0.00;0;0;0
0;8;0.00;0.00;0;0;0
0;8;0.00;0.00;0;0;0
0;10;0.00;0.00;0;0;0
0;11;0.00;0.00;0;0;0
0;8;0.00;0.00;0;0;0
0;8;0.00;0.00;0;0;0
0;10;0.00;0.00;0;0;0
0;8;0.00;0.00;0;0;0
0;6;0.00;0.00;0;0;0
0;9;0.00;0.00;0;0;0
0;8;0.00;0.00;0;0;0
0;8;0.00;0.00;0;0;0
0;8;0.00;0.00;0;0;0
0;8;0.00;0.00;0;0;0
0;12;0.00;0.00;0;0;0
0;5;0.00;0.00;0;0;0
0;8;0.00;0.00;0;0;0
0;8;0.00;0.00;0;0;0
0;10;0.00;0.00;0;0;0
0;8;0.00;0.00;0;0;0
0;7;0.00;0.00;0;0;0
0;8;0.00;0.00;0;0;0
0;8;0.00;0.00;0;0;0
0;8;0.00;0.00;0;0;0
0;9;0.00;0.00;0;0;0
0;8;0.00;0.00;0;0;0
0;9;0.00;0.00;0;0;0
0;7;0.00;0.00;0;0;0
0;8;0.00;0.00;0;0;0
0;8;0.00;0.00;0;0;0
0;11;0.00;0.00;0;0;0
0;6;0.00;0.00;0;0;0
0;8;0.00;0.00;0;0;0
0;8;0.00;0.00;0;0;0
0;8;0.00;0.00;0;0;0
0;9;0.00;0.00;0;0;0
0;8;0.00;0.00;0;0;0
0;8;0.00;0.00;0;0;0
0;8;0.00;0.00;0;0;0
0;8;0.00;0.00;0;0;0
0;9;0.00;0.00;0;0;0
0;8;0.00;0.00;0;0;0
0;8;0.00;0.00;0;0;0
0;8;0.00;0.00;0;0;0
0;11;0.00;0.00;0;0;0
0;6;0.00;0.00;0;0;0
0;8;0.00;0.00;0;0;0
0;12;0.00;0.00;0;0;0
0;8;0.00;0.00;0;0;0
0;8;0.00;0.00;0;0;0
0;9;0.00;0.00;0;0;0
0;8;0.00;0.00;0;0;0
0;8;0.00;0.00;0;0;0
0;8;0.00;0.00;0;0;0
0;8;0.00;0.00;0;0;0
0;9;0.00;0.00;0;0;0
0;8;0.00;0.00;0;0;0
0;8;0.00;0.00;0;0;0
0;7;0.00;0.00;0;0;0
0;8;0.00;0.00;0;0;0
0;10;0.00;0.00;0;0;0
0;8;0.00;0.00;0;0;0
0;13;0.00;0.00;0;0;0
0;7;0.00;0.00;0;0;0
0;8;0.00;0.00;0;0;0
0;9;0.00;0.00;0;0;0
0;12;0.00;0.00;0;0;0
0;8;0.00;0.00;0;0;0
0;8;0.00;0.00;0;0;0
0;8;0.00;0.00;0;0;0
0;9;0.00;0.00;0;0;0
0;8;0.00;0.00;0;0;0
0;8;0.00;0.00;0;0;0
0;11;0.00;0.00;0;0;0
0;5;0.00;0.00;0;0;0
0;9;0.00;0.00;0;0;0
0;8;0.00;0.00;0;0;0
0;14;0.00;0.00;0;0;0
0;7;0.00;0.00;0;0;0
0;11;0.00;0.00;0;0;0
0;5;0.00;0.00;0;0;0
0;8;0.00;0.00;0;0;0
0;8;0.00;0.00;0;0;0
0;8;0.00;0.00;0;0;0
0;8;0.00;0.00;0;0;0
0;9;0.00;0.00;0;0;0
0;10;0.00;0.00;0;0;0
0;6;0.00;0.00;0;0;0
0;8;0.00;0.00;0;0;0
0;8;0.00;0.00;0;0;0
0;9;0.00;0.00;0;0;0
0;8;0.00;0.00;0;0;0
0;8;0.00;0.00;0;0;0
0;10;0.00;0.00;0;0;0
0;9;0.00;0.00;0;0;0
0;6;0.00;0.00;0;0;0
0;8;0.00;0.00;0;0;0
0;8;0.00;0.00;0;0;0
0;10;0.00;0.00;0;0;0
0;6;0.00;0.00;0;0;0
0;9;0.00;0.00;0;0;0
0;8;0.00;0.00;0;0;0
0;9;0.00;0.00;0;0;0
0;7;0.00;0.00;0;0;0
0;8;0.00;0.00;0;0;0
0;7;0.00;0.00;0;0;0
0;12;0.00;0.00;0;0;0
0;6;0.00;0.00;0;0;0
0;9;0.00;0.00;0;0;0
0;7;0.00;0.00;0;0;0
0;8;0.00;0.00;0;0;0
0;9;0.00;0.00;0;0;0
0;8;0.00;0.00;0;0;0
0;8;0.00;0.00;0;0;0
0;10;0.00;0.00;0;0;0
0;6;0.00;0.00;0;0;0
0;9;0.00;0.00;0;0;0
0;8;0.00;0.00;0;0;0
0;8;0.00;0.00;0;0;0
0;8;0.00;0.00;0;0;0
0;8;0.00;0.00;0;0;0
0;9;0.00;0.00;0;0;0
0;12;0.00;0.00;0;0;0
0;8;0.00;0.00;0;0;0
0;7;0.00;0.00;0;0;0
0;9;0.00;0.00;0;0;0
0;9;0.00;0.00;0;0;0
0;8;0.00;0.00;0;0;0
0;8;0.00;0.00;0;0;0
0;8;0.00;0.00;0;0;0
0;8;0.00;0.00;0;0;0
0;9;0.00;0.00;0;0;0
0;13;0.00;0.00;0;0;0
0;7;0.00;0.00;0;0;0
0;11;0.00;0.00;0;0;0
0;5;0.00;0.00;0;0;0
0;13;0.00;0.00;0;0;0
0;8;0.00;0.00;0;0;0
0;8;0.00;0.00;0;0;0
0;8;0.00;0.00;0;0;0
0;8;0.00;0.00;0;0;0
0;12;0.00;0.00;0;0;0
0;5;0.00;0.00;0;0;0
0;8;0.00;0.00;0;0;0
0;8;0.00;0.00;0;0;0
0;10;0.00;0.00;0;0;0
0;7;0.00;0.00;0;0;0
0;8;0.00;0.00;0;0;0
0;8;0.00;0.00;0;0;0
0;10;0.00;0.00;0;0;0
0;6;0.00;0.00;0;0;0
0;10;0.00;0.00;0;0;0
0;7;0.00;0.00;0;0;0
0;7;0.00;0.00;0;0;0
0;9;0.00;0.00;0;0;0
0;7;0.00;0.00;0;0;0
0;10;0.00;0.00;0;0;0
0;10;0.00;0.00;0;0;0
0;7;0.00;0.00;0;0;0
0;7;0.00;0.00;0;0;0
0;8;0.00;0.00;0;0;0
0;9;0.00;0.00;0;0;0
0;8;0.00;0.00;0;0;0
0;8;0.00;0.00;0;0;0
0;7;0.00;0.00;0;0;0
0;10;0.00;0.00;0;0;0
0;7;0.00;0.00;0;0;0
0;9;0.00;0.00;0;0;0
0;7;0.00;0.00;0;0;0
0;9;0.00;0.00;0;0;0
0;8;0.00;0.00;0;0;0
0;10;0.00;0.00;0;0;0
0;7;0.00;0.00;0;0;0
0;10;0.00;0.00;0;0;0
0;6;0.00;0.00;0;0;0
0;8;0.00;0.00;0;0;0
0;8;0.00;0.00;0;0;0
0;8;0.00;0.00;0;0;0
0;9;0.00;0.00;0;0;0
0;8;0.00;0.00;0;0;0
0;8;0.00;0.00;0;0;0
0;8;0.00;0.00;0;0;0
0;9;0.00;0.00;0;0;0
0;8;0.00;0.00;0;0;0
0;8;0.00;0.00;0;0;0
0;8;0.00;0.00;0;0;0
0;8;0.00;0.00;0;0;0
0;9;0.00;0.00;0;0;0
0;8;0.00;0.00;0;0;0
0;7;0.00;0.00;0;0;0
0;11;0.00;0.00;0;0;0
0;6;0.00;0.00;0;0;0
0;8;0.00;0.00;0;0;0
0;9;0.00;0.00;0;0;0
0;11;0.00;0.00;0;0;0
0;5;0.00;0.00;0;0;0
0;11;0.00;0.00;0;0;0
0;5;0.00;0.00;0;0;0
0;14;0.00;0.00;0;0;0
0;9;0.00;0.00;0;0;0
0;6;0.00;0.00;0;0;0
0;11;0.00;0.00;0;0;0
0;5;0.00;0.00;0;0;0
0;9;0.00;0.00;0;0;0
0;7;0.00;0.00;0;0;0
0;8;0.00;0.00;0;0;0
0;8;0.00;0.00;0;0;0
0;8;0.00;0.00;0;0;0
0;10;0.00;0.00;0;0;0
0;11;0.00;0.00;0;0;0
0;5;0.00;0.00;0;0;0
0;11;0.00;0.00;0;0;0
0;5;0.00;0.00;0;0;0
0;9;0.00;0.00;0;0;0
0;8;0.00;0.00;0;0;0
0;7;0.00;0.00;0;0;0
0;9;0.00;0.00;0;0;0
0;8;0.00;0.00;0;0;0
0;9;0.00;0.00;0;0;0
0;8;0.00;0.00;0;0;0
0;8;0.00;0.00;0;0;0
0;9;0.00;0.00;0;0;0
0;7;0.00;0.00;0;0;0
0;7;0.00;0.00;0;0;0
0;13;0.00;0.00;0;0;0
0;7;0.00;0.00;0;0;0
0;6;0.00;0.00;0;0;0
0;8;0.00;0.00;0;0;0
0;8;0.00;0.00;0;0;0
0;9;0.00;0.00;0;0;0
0;7;0.00;0.00;0;0;0
0;10;0.00;0.00;0;0;0
0;7;0.00;0.00;0;0;0
0;8;0.00;0.00;0;0;0
0;9;0.00;0.00;0;0;0
0;9;0.00;0.00;0;0;0
0;7;0.00;0.00;0;0;0
0;9;0.00;0.00;0;0;0
0;7;0.00;0.00;0;0;0
0;9;0.00;0.00;0;0;0
0;8;0.00;0.00;0;0;0
0;7;0.00;0.00;0;0;0
0;9;0.00;0.00;0;0;0
0;9;0.00;0.00;0;0;0
0;8;0.00;0.00;0;0;0
0;7;0.00;0.00;0;0;0
0;8;0.00;0.00;0;0;0
0;8;0.00;0.00;0;0;0
0;8;0.00;0.00;0;0;0
0;8;0.00;0.00;0;0;0
0;10;0.00;0.00;0;0;0
0;8;0.00;0.00;0;0;0
0;8;0.00;0.00;0;0;0
0;8;0.00;0.00;0;0;0
0;12;0.00;0.00;0;0;0
0;5;0.00;0.00;0;0;0
0;8;0.00;0.00;0;0;0
0;10;0.00;0.00;0;0;0
0;7;0.00;0.00;0;0;0
0;7;0.00;0.00;0;0;0
0;8;0.00;0.00;0;0;0
0;8;0.00;0.00;0;0;0
0;10;0.00;0.00;0;0;0
0;7;0.00;0.00;0;0;0
0;8;0.00;0.00;0;0;0
0;9;0.00;0.00;0;0;0
0;10;0.00;0.00;0;0;0
0;6;0.00;0.00;0;0;0
0;7;0.00;0.00;0;0;0
0;8;0.00;0.00;0;0;0
0;11;0.00;0.00;0;0;0
0;7;0.00;0.00;0;0;0
0;7;0.00;0.00;0;0;0
0;8;0.00;0.00;0;0;0
0;9;0.00;0.00;0;0;0
0;8;0.00;0.00;0;0;0
0;9;0.00;0.00;0;0;0
0;7;0.00;0.00;0;0;0
0;9;0.00;0.00;0;0;0
0;7;0.00;0.00;0;0;0
0;10;0.00;0.00;0;0;0
0;8;0.00;0.00;0;0;0
0;7;0.00;0.00;0;0;0
0;8;0.00;0.00;0;0;0
0;10;0.00;0.00;0;0;0
0;7;0.00;0.00;0;0;0
0;9;0.00;0.00;0;0;0
0;8;0.00;0.00;0;0;0
0;10;0.00;0.00;0;0;0
0;6;0.00;0.00;0;0;0
0;7;0.00;0.00;0;0;0
0;14;0.00;0.00;0;0;0
0;8;0.00;0.00;0;0;0
0;7;0.00;0.00;0;0;0
0;9;0.00;0.00;0;0;0
0;10;0.00;0.00;0;0;0
0;7;0.00;0.00;0;0;0
0;8;0.00;0.00;0;0;0
0;7;0.00;0.00;0;0;0
0;9;0.00;0.00;0;0;0
0;7;0.00;0.00;0;0;0
0;9;0.00;0.00;0;0;0
0;8;0.00;0.00;0;0;0
0;8;0.00;0.00;0;0;0
0;9;0.00;0.00;0;0;0
0;8;0.00;0.00;0;0;0
0;9;0.00;0.00;0;0;0
0;8;0.00;0.00;0;0;0
0;8;0.00;0.00;0;0;0
0;8;0.00;0.00;0;0;0
0;11;0.00;0.00;0;0;0
0;6;0.00;0.00;0;0;0
0;8;0.00;0.00;0;0;0
0;8;0.00;0.00;0;0;0
0;11;0.00;0.00;0;0;0
0;5;0.00;0.00;0;0;0
0;8;0.00;0.00;0;0;0
0;11;0.00;0.00;0;0;0
0;6;0.00;0.00;0;0;0
0;8;0.00;0.00;0;0;0
0;8;0.00;0.00;0;0;0
0;7;0.00;0.00;0;0;0
0;12;0.00;0.00;0;0;0
0;10;0.00;0.00;0;0;0
0;8;0.00;0.00;0;0;0
0;7;0.00;0.00;0;0;0
0;8;0.00;0.00;0;0;0
0;10;0.00;0.00;0;0;0
0;7;0.00;0.00;0;0;0
0;8;0.00;0.00;0;0;0
0;8;0.00;0.00;0;0;0
0;8;0.00;0.00;0;0;0
0;9;0.00;0.00;0;0;0
0;8;0.00;0.00;0;0;0
0;8;0.00;0.00;0;0;0
0;12;0.00;0.00;0;0;0
0;5;0.00;0.00;0;0;0
0;8;0.00;0.00;0;0;0
0;8;0.00;0.00;0;0;0
0;8;0.00;0.00;0;0;0
0;9;0.00;0.00;0;0;0
0;7;0.00;0.00;0;0;0
0;9;0.00;0.00;0;0;0
0;15;0.00;0.00;0;0;0
0;6;0.00;0.00;0;0;0
0;8;0.00;0.00;0;0;0
0;10;0.00;0.00;0;0;0
0;7;0.00;0.00;0;0;0
0;7;0.00;0.00;0;0;0
0;9;0.00;0.00;0;0;0
0;11;0.00;0.00;0;0;0
0;5;0.00;0.00;0;0;0
0;9;0.00;0.00;0;0;0
0;7;0.00;0.00;0;0;0
0;13;0.00;0.00;0;0;0
0;8;0.00;0.00;0;0;0
0;8;0.00;0.00;0;0;0
0;10;0.00;0.00;0;0;0
0;7;0.00;0.00;0;0;0
0;8;0.00;0.00;0;0;0
0;7;0.00;0.00;0;0;0
0;9;0.00;0.00;0;0;0
0;9;0.00;0.00;0;0;0
0;7;0.00;0.00;0;0;0
0;9;0.00;0.00;0;0;0
0;10;0.00;0.00;0;0;0
0;6;0.00;0.00;0;0;0
0;9;0.00;0.00;0;0;0
0;8;0.00;0.00;0;0;0
0;12;0.00;0.00;0;0;0
0;8;0.00;0.00;0;0;0
0;7;0.00;0.00;0;0;0
0;9;0.00;0.00;0;0;0
0;8;0.00;0.00;0;0;0
0;8;0.00;0.00;0;0;0
0;10;0.00;0.00;0;0;0
0;7;0.00;0.00;0;0;0
0;8;0.00;0.00;0;0;0
0;8;0.00;0.00;0;0;0
0;11;0.00;0.00;0;0;0
0;6;0.00;0.00;0;0;0
0;7;0.00;0.00;0;0;0
0;10;0.00;0.00;0;0;0
0;8;0.00;0.00;0;0;0
0;7;0.00;0.00;0;0;0
0;9;0.00;0.00;0;0;0
0;10;0.00;0.00;0;0;0
0;11;0.00;0.00;0;0;0
0;7;0.00;0.00;0;0;0
0;9;0.00;0.00;0;0;0
0;11;0.00;0.00;0;0;0
0;5;0.00;0.00;0;0;0
0;9;0.00;0.00;0;0;0
0;8;0.00;0.00;0;0;0
0;14;0.00;0.00;0;0;0
0;6;0.00;0.00;0;0;0
0;8;0.00;0.00;0;0;0
0;13;0.00;0.00;0;0;0
0;8;0.00;0.00;0;0;0
0;8;0.00;0.00;0;0;0
0;7;0.00;0.00;0;0;0
0;12;0.00;0.00;0;0;0
0;6;0.00;0.00;0;0;0
0;9;0.00;0.00;0;0;0
0;10;0.00;0.00;0;0;0
0;5;0.00;0.00;0;0;0
0;8;0.00;0.00;0;0;0
0;11;0.00;0.00;0;0;0
0;9;0.00;0.00;0;0;0
0;5;0.00;0.00;0;0;0
0;7;0.00;0.00;0;0;0
0;9;0.00;0.00;0;0;0
0;10;0.00;0.00;0;0;0
0;7;0.00;0.00;0;0;0
0;7;0.00;0.00;0;0;0
0;8;0.00;0.00;0;0;0
0;12;0.00;0.00;0;0;0
0;6;0.00;0.00;0;0;0
0;7;0.00;0.00;0;0;0
0;8;0.00;0.00;0;0;0
0;11;0.00;0.00;0;0;0
0;8;0.00;0.00;0;0;0
0;10;0.00;0.00;0;0;0
0;5;0.00;0.00;0;0;0
0;7;0.00;0.00;0;0;0
0;8;0.00;0.00;0;0;0
0;10;0.00;0.00;0;0;0
0;7;0.00;0.00;0;0;0
0;9;0.00;0.00;0;0;0
0;7;0.00;0.00;0;0;0
0;10;0.00;0.00;0;0;0
0;7;0.00;0.00;0;0;0
0;7;0.00;0.00;0;0;0
0;11;0.00;0.00;0;0;0
0;7;0.00;0.00;0;0;0
0;7;0.00;0.00;0;0;0
0;8;0.00;0.00;0;0;0
0;8;0.00;0.00;0;0;0
0;11;0.00;0.00;0;0;0
0;7;0.00;0.00;0;0;0
0;7;0.00;0.00;0;0;0
0;8;0.00;0.00;0;0;0
0;8;0.00;0.00;0;0;0
0;8;0.00;0.00;0;0;0
0;11;0.00;0.00;0;0;0
0;7;0.00;0.00;0;0;0
0;7;0.00;0.00;0;0;0
0;10;0.00;0.00;0;0;0
0;7;0.00;0.00;0;0;0
0;9;0.00;0.00;0;0;0
0;7;0.00;0.00;0;0;0
0;8;0.00;0.00;0;0;0
0;8;0.00;0.00;0;0;0
0;11;0.00;0.00;0;0;0
0;7;0.00;0.00;0;0;0
0;7;0.00;0.00;0;0;0
0;8;0.00;0.00;0;0;0
0;8;0.00;0.00;0;0;0
0;8;0.00;0.00;0;0;0
0;9;0.00;0.00;0;0;0
0;8;0.00;0.00;0;0;0
0;8;0.00;0.00;0;0;0
0;8;0.00;0.00;0;0;0
0;9;0.00;0.00;0;0;0
0;8;0.00;0.00;0;0;0
0;11;0.00;0.00;0;0;0
0;6;0.00;0.00;0;0;0
0;8;0.00;0.00;0;0;0
0;7;0.00;0.00;0;0;0
0;8;0.00;0.00;0;0;0
0;9;0.00;0.00;0;0;0
0;9;0.00;0.00;0;0;0
0;8;0.00;0.00;0;0;0
0;8;0.00;0.00;0;0;0
0;7;0.00;0.00;0;0;0
0;12;0.00;0.00;0;0;0
0;6;0.00;0.00;0;0;0
0;7;0.00;0.00;0;0;0
0;8;0.00;0.00;0;0;0
0;9;0.00;0.00;0;0;0
0;8;0.00;0.00;0;0;0
0;8;0.00;0.00;0;0;0
0;8;0.00;0.00;0;0;0
0;8;0.00;0.00;0;0;0
0;8;0.00;0.00;0;0;0
0;9;0.00;0.00;0;0;0
0;8;0.00;0.00;0;0;0
0;15;0.00;0.00;0;0;0
0;6;0.00;0.00;0;0;0
0;7;0.00;0.00;0;0;0
0;12;0.00;0.00;0;0;0
0;6;0.00;0.00;0;0;0
0;8;0.00;0.00;0;0;0
0;8;0.00;0.00;0;0;0
0;7;0.00;0.00;0;0;0
0;9;0.00;0.00;0;0;0
0;8;0.00;0.00;0;0;0
0;10;0.00;0.00;0;0;0
0;8;0.00;0.00;0;0;0
0;7;0.00;0.00;0;0;0
0;9;0.00;0.00;0;0;0
0;7;0.00;0.00;0;0;0
0;10;0.00;0.00;0;0;0
0;7;0.00;0.00;0;0;0
0;7;0.00;0.00;0;0;0
0;8;0.00;0.00;0;0;0
0;9;0.00;0.00;0;0;0
0;8;0.00;0.00;0;0;0
0;8;0.00;0.00;0;0;0
0;15;0.00;0.00;0;0;0
0;7;0.00;0.00;0;0;0
0;7;0.00;0.00;0;0;0
0;12;0.00;0.00;0;0;0
0;8;0.00;0.00;0;0;0
0;8;0.00;0.00;0;0;0
0;9;0.00;0.00;0;0;0
0;8;0.00;0.00;0;0;0
0;8;0.00;0.00;0;0;0
0;12;0.00;0.00;0;0;0
0;5;0.00;0.00;0;0;0
0;8;0.00;0.00;0;0;0
0;8;0.00;0.00;0;0;0
0;9;0.00;0.00;0;0;0
0;7;0.00;0.00;0;0;0
0;8;0.00;0.00;0;0;0
0;9;0.00;0.00;0;0;0
0;12;0.00;0.00;0;0;0
0;5;0.00;0.00;0;0;0
0;7;0.00;0.00;0;0;0
0;8;0.00;0.00;0;0;0
0;8;0.00;0.00;0;0;0
0;9;0.00;0.00;0;0;0
0;10;0.00;0.00;0;0;0
0;7;0.00;0.00;0;0;0
0;9;0.00;0.00;0;0;0
0;7;0.00;0.00;0;0;0
0;8;0.00;0.00;0;0;0
0;10;0.00;0.00;0;0;0
0;10;0.00;0.00;0;0;0
0;9;0.00;0.00;0;0;0
0;8;0.00;0.00;0;0;0
0;14;0.00;0.00;0;0;0
0;7;0.00;0.00;0;0;0
0;8;0.00;0.00;0;0;0
0;8;0.00;0.00;0;0;0
0;9;0.00;0.00;0;0;0
0;8;0.00;0.00;0;0;0
0;7;0.00;0.00;0;0;0
0;8;0.00;0.00;0;0;0
0;8;0.00;0.00;0;0;0
0;9;0.00;0.00;0;0;0
0;11;0.00;0.00;0;0;0
0;6;0.00;0.00;0;0;0
0;8;0.00;0.00;0;0;0
0;7;0.00;0.00;0;0;0
0;8;0.00;0.00;0;0;0
0;10;0.00;0.00;0;0;0
0;10;0.00;0.00;0;0;0
0;6;0.00;0.00;0;0;0
0;7;0.00;0.00;0;0;0
0;12;0.00;0.00;0;0;0
0;7;0.00;0.00;0;0;0
0;6;0.00;0.00;0;0;0
0;8;0.00;0.00;0;0;0
0;11;0.00;0.00;0;0;0
0;6;0.00;0.00;0;0;0
0;8;0.00;0.00;0;0;0
0;8;0.00;0.00;0;0;0
0;8;0.00;0.00;0;0;0
0;8;0.00;0.00;0;0;0
0;11;0.00;0.00;0;0;0
0;7;0.00;0.00;0;0;0
0;7;0.00;0.00;0;0;0
0;8;0.00;0.00;0;0;0
0;10;0.00;0.00;0;0;0
0;7;0.00;0.00;0;0;0
0;8;0.00;0.00;0;0;0
0;8;0.00;0.00;0;0;0
0;13;0.00;0.00;0;0;0
0;7;0.00;0.00;0;0;0
0;8;0.00;0.00;0;0;0
0;11;0.00;0.00;0;0;0
0;7;0.00;0.00;0;0;0
0;7;0.00;0.00;0;0;0
0;8;0.00;0.00;0;0;0
0;11;0.00;0.00;0;0;0
0;7;0.00;0.00;0;0;0
0;8;0.00;0.00;0;0;0
0;7;0.00;0.00;0;0;0
0;11;0.00;0.00;0;0;0
0;10;0.00;0.00;0;0;0
0;8;0.00;0.00;0;0;0
0;8;0.00;0.00;0;0;0
0;8;0.00;0.00;0;0;0
0;9;0.00;0.00;0;0;0
0;7;0.00;0.00;0;0;0
0;15;0.00;0.00;0;0;0
0;6;0.00;0.00;0;0;0
0;8;0.00;0.00;0;0;0
0;8;0.00;0.00;0;0;0
0;9;0.00;0.00;0;0;0
0;8;0.00;0.00;0;0;0
0;12;0.00;0.00;0;0;0
0;5;0.00;0.00;0;0;0
0;7;0.00;0.00;0;0;0
0;8;0.00;0.00;0;0;0
0;9;0.00;0.00;0;0;0
0;8;0.00;0.00;0;0;0
0;8;0.00;0.00;0;0;0
0;8;0.00;0.00;0;0;0
0;8;0.00;0.00;0;0;0
0;9;0.00;0.00;0;0;0
0;8;0.00;0.00;0;0;0
0;11;0.00;0.00;0;0;0
0;6;0.00;0.00;0;0;0
0;7;0.00;0.00;0;0;0
0;12;0.00;0.00;0;0;0
0;8;0.00;0.00;0;0;0
0;6;0.00;0.00;0;0;0
0;7;0.00;0.00;0;0;0
0;8;0.00;0.00;0;0;0
0;13;0.00;0.00;0;0;0
0;5;0.00;0.00;0;0;0
0;7;0.00;0.00;0;0;0
0;8;0.00;0.00;0;0;0
0;11;0.00;0.00;0;0;0
0;6;0.00;0.00;0;0;0
0;8;0.00;0.00;0;0;0
0;8;0.00;0.00;0;0;0
0;12;0.00;0.00;0;0;0
0;8;0.00;0.00;0;0;0
0;8;0.00;0.00;0;0;0
0;9;0.00;0.00;0;0;0
0;8;0.00;0.00;0;0;0
0;8;0.00;0.00;0;0;0
0;8;0.00;0.00;0;0;0
0;13;0.00;0.00;0;0;0
0;5;0.00;0.00;0;0;0
0;7;0.00;0.00;0;0;0
0;8;0.00;0.00;0;0;0
0;13;0.00;0.00;0;0;0
0;7;0.00;0.00;0;0;0
0;10;0.00;0.00;0;0;0
0;7;0.00;0.00;0;0;0
0;8;0.00;0.00;0;0;0
0;8;0.00;0.00;0;0;0
0;8;0.00;0.00;0;0;0
0;13;0.00;0.00;0;0;0
0;4;0.00;0.00;0;0;0
0;8;0.00;0.00;0;0;0
0;8;0.00;0.00;0;0;0
0;11;0.00;0.00;0;0;0
0;8;0.00;0.00;0;0;0
0;6;0.00;0.00;0;0;0
0;9;0.00;0.00;0;0;0
0;16;0.00;0.00;0;0;0
0;8;0.00;0.00;0;0;0
0;8;0.00;0.00;0;0;0
0;8;0.00;0.00;0;0;0
0;9;0.00;0.00;0;0;0
0;7;0.00;0.00;0;0;0
0;9;0.00;0.00;0;0;0
0;8;0.00;0.00;0;0;0
0;8;0.00;0.00;0;0;0
0;21;0.00;0.00;0;0;0
0;8;0.00;0.00;0;0;0
0;8;0.00;0.00;0;0;0
0;8;0.00;0.00;0;0;0
0;9;0.00;0.00;0;0;0
0;9;0.00;0.00;0;0;0
0;11;0.00;0.00;0;0;0
0;5;0.00;0.00;0;0;0
0;7;0.00;0.00;0;0;0
0;8;0.00;0.00;0;0;0
0;11;0.00;0.00;0;0;0
0;9;0.00;0.00;0;0;0
0;6;0.00;0.00;0;0;0
0;7;0.00;0.00;0;0;0
0;14;0.00;0.00;0;0;0
0;7;0.00;0.00;0;0;0
0;8;0.00;0.00;0;0;0
0;8;0.00;0.00;0;0;0
0;8;0.00;0.00;0;0;0
0;8;0.00;0.00;0;0;0
0;8;0.00;0.00;0;0;0
0;8;0.00;0.00;0;0;0
0;10;0.00;0.00;0;0;0
0;7;0.00;0.00;0;0;0
0;8;0.00;0.00;0;0;0
0;14;0.00;0.00;0;0;0
0;7;0.00;0.00;0;0;0
0;8;0.00;0.00;0;0;0
0;8;0.00;0.00;0;0;0
0;9;0.00;0.00;0;0;0
0;7;0.00;0.00;0;0;0
0;9;0.00;0.00;0;0;0
0;8;0.00;0.00;0;0;0
0;10;0.00;0.00;0;0;0
0;6;0.00;0.00;0;0;0
0;8;0.00;0.00;0;0;0
0;8;0.00;0.00;0;0;0
0;9;0.00;0.00;0;0;0
0;8;0.00;0.00;0;0;0
0;8;0.00;0.00;0;0;0
0;8;0.00;0.00;0;0;0
0;8;0.00;0.00;0;0;0
0;9;0.00;0.00;0;0;0
0;8;0.00;0.00;0;0;0
0;8;0.00;0.00;0;0;0
0;8;0.00;0.00;0;0;0
0;11;0.00;0.00;0;0;0
0;7;0.00;0.00;0;0;0
0;7;0.00;0.00;0;0;0
0;8;0.00;0.00;0;0;0
0;8;0.00;0.00;0;0;0
0;8;0.00;0.00;0;0;0
0;9;0.00;0.00;0;0;0
0;8;0.00;0.00;0;0;0
0;15;0.00;0.00;0;0;0
0;5;0.00;0.00;0;0;0
0;8;0.00;0.00;0;0;0
0;9;0.00;0.00;0;0;0
0;10;0.00;0.00;0;0;0
0;7;0.00;0.00;0;0;0
0;7;0.00;0.00;0;0;0
0;8;0.00;0.00;0;0;0
0;9;0.00;0.00;0;0;0
0;8;0.00;0.00;0;0;0
0;8;0.00;0.00;0;0;0
0;8;0.00;0.00;0;0;0
0;8;0.00;0.00;0;0;0
0;9;0.00;0.00;0;0;0
0;8;0.00;0.00;0;0;0
0;12;0.00;0.00;0;0;0
0;8;0.00;0.00;0;0;0
0;8;0.00;0.00;0;0;0
0;9;0.00;0.00;0;0;0
0;8;0.00;0.00;0;0;0
0;8;0.00;0.00;0;0;0
0;8;0.00;0.00;0;0;0
0;8;0.00;0.00;0;0;0
0;10;0.00;0.00;0;0;0
0;7;0.00;0.00;0;0;0
0;8;0.00;0.00;0;0;0
0;8;0.00;0.00;0;0;0
0;10;0.00;0.00;0;0;0
0;6;0.00;0.00;0;0;0
0;9;0.00;0.00;0;0;0
0;8;0.00;0.00;0;0;0
0;8;0.00;0.00;0;0;0
0;8;0.00;0.00;0;0;0
0;8;0.00;0.00;0;0;0
0;9;0.00;0.00;0;0;0
0;8;0.00;0.00;0;0;0
0;12;0.00;0.00;0;0;0
0;8;0.00;0.00;0;0;0
0;9;0.00;0.00;0;0;0
0;10;0.00;0.00;0;0;0
0;11;0.00;0.00;0;0;0
0;7;0.00;0.00;0;0;0
0;8;0.00;0.00;0;0;0
0;12;0.00;0.00;0;0;0
0;5;0.00;0.00;0;0;0
0;8;0.00;0.00;0;0;0
0;8;0.00;0.00;0;0;0
0;8;0.00;0.00;0;0;0
0;9;0.00;0.00;0;0;0
0;8;0.00;0.00;0;0;0
0;8;0.00;0.00;0;0;0
0;9;0.00;0.00;0;0;0
0;8;0.00;0.00;0;0;0
0;7;0.00;0.00;0;0;0
0;9;0.00;0.00;0;0;0
0;8;0.00;0.00;0;0;0
0;8;0.00;0.00;0;0;0
0;8;0.00;0.00;0;0;0
0;8;0.00;0.00;0;0;0
0;9;0.00;0.00;0;0;0
0;8;0.00;0.00;0;0;0
0;8;0.00;0.00;0;0;0
0;8;0.00;0.00;0;0;0
0;10;0.00;0.00;0;0;0
0;7;0.00;0.00;0;0;0
0;9;0.00;0.00;0;0;0
0;7;0.00;0.00;0;0;0
0;8;0.00;0.00;0;0;0
0;8;0.00;0.00;0;0;0
0;9;0.00;0.00;0;0;0
0;11;0.00;0.00;0;0;0
0;6;0.00;0.00;0;0;0
0;7;0.00;0.00;0;0;0
0;8;0.00;0.00;0;0;0
0;12;0.00;0.00;0;0;0
0;6;0.00;0.00;0;0;0
0;7;0.00;0.00;0;0;0
0;8;0.00;0.00;0;0;0
0;12;0.00;0.00;0;0;0
0;9;0.00;0.00;0;0;0
0;8;0.00;0.00;0;0;0
0;8;0.00;0.00;0;0;0
0;8;0.00;0.00;0;0;0
0;8;0.00;0.00;0;0;0
0;11;0.00;0.00;0;0;0
0;7;0.00;0.00;0;0;0
0;7;0.00;0.00;0;0;0
0;8;0.00;0.00;0;0;0
0;10;0.00;0.00;0;0;0
0;8;0.00;0.00;0;0;0
0;7;0.00;0.00;0;0;0
0;8;0.00;0.00;0;0;0
0;8;0.00;0.00;0;0;0
0;8;0.00;0.00;0;0;0
0;8;0.00;0.00;0;0;0
0;9;0.00;0.00;0;0;0
0;8;0.00;0.00;0;0;0
0;8;0.00;0.00;0;0;0
0;8;0.00;0.00;0;0;0
0;14;0.00;0.00;0;0;0
0;7;0.00;0.00;0;0;0
0;8;0.00;0.00;0;0;0
0;8;0.00;0.00;0;0;0
0;8;0.00;0.00;0;0;0
0;12;0.00;0.00;0;0;0
0;5;0.00;0.00;0;0;0
0;8;0.00;0.00;0;0;0
0;8;0.00;0.00;0;0;0
0;8;0.00;0.00;0;0;0
0;8;0.00;0.00;0;0;0
0;9;0.00;0.00;0;0;0
0;10;0.00;0.00;0;0;0
0;6;0.00;0.00;0;0;0
0;8;0.00;0.00;0;0;0
0;11;0.00;0.00;0;0;0
0;7;0.00;0.00;0;0;0
0;7;0.00;0.00;0;0;0
0;11;0.00;0.00;0;0;0
0;9;0.00;0.00;0;0;0
0;5;0.00;0.00;0;0;0
0;8;0.00;0.00;0;0;0
0;8;0.00;0.00;0;0;0
0;8;0.00;0.00;0;0;0
0;8;0.00;0.00;0;0;0
0;8;0.00;0.00;0;0;0
0;9;0.00;0.00;0;0;0
0;8;0.00;0.00;0;0;0
0;8;0.00;0.00;0;0;0
0;8;0.00;0.00;0;0;0
0;8;0.00;0.00;0;0;0
0;15;0.00;0.00;0;0;0
0;6;0.00;0.00;0;0;0
0;8;0.00;0.00;0;0;0
0;8;0.00;0.00;0;0;0
0;8;0.00;0.00;0;0;0
0;12;0.00;0.00;0;0;0
0;7;0.00;0.00;0;0;0
0;6;0.00;0.00;0;0;0
0;8;0.00;0.00;0;0;0
0;11;0.00;0.00;0;0;0
0;7;0.00;0.00;0;0;0
0;7;0.00;0.00;0;0;0
0;8;0.00;0.00;0;0;0
0;15;0.00;0.00;0;0;0
0;5;0.00;0.00;0;0;0
0;8;0.00;0.00;0;0;0
0;8;0.00;0.00;0;0;0
0;12;0.00;0.00;0;0;0
0;10;0.00;0.00;0;0;0
0;6;0.00;0.00;0;0;0
0;13;0.00;0.00;0;0;0
0;4;0.00;0.00;0;0;0
0;8;0.00;0.00;0;0;0
0;8;0.00;0.00;0;0;0
0;10;0.00;0.00;0;0;0
0;8;0.00;0.00;0;0;0
0;7;0.00;0.00;0;0;0
0;8;0.00;0.00;0;0;0
0;9;0.00;0.00;0;0;0
0;8;0.00;0.00;0;0;0
0;8;0.00;0.00;0;0;0
0;8;0.00;0.00;0;0;0
0;9;0.00;0.00;0;0;0
0;7;0.00;0.00;0;0;0
0;8;0.00;0.00;0;0;0
0;8;0.00;0.00;0;0;0
0;9;0.00;0.00;0;0;0
0;8;0.00;0.00;0;0;0
0;8;0.00;0.00;0;0;0
0;8;0.00;0.00;0;0;0
0;9;0.00;0.00;0;0;0
0;8;0.00;0.00;0;0;0
0;8;0.00;0.00;0;0;0
0;8;0.00;0.00;0;0;0
0;8;0.00;0.00;0;0;0
0;8;0.00;0.00;0;0;0
0;9;0.00;0.00;0;0;0
0;11;0.00;0.00;0;0;0
0;5;0.00;0.00;0;0;0
0;8;0.00;0.00;0;0;0
0;8;0.00;0.00;0;0;0
0;9;0.00;0.00;0;0;0
0;8;0.00;0.00;0;0;0
0;8;0.00;0.00;0;0;0
0;9;0.00;0.00;0;0;0
0;7;0.00;0.00;0;0;0
0;9;0.00;0.00;0;0;0
0;8;0.00;0.00;0;0;0
0;8;0.00;0.00;0;0;0
0;8;0.00;0.00;0;0;0
0;8;0.00;0.00;0;0;0
0;12;0.00;0.00;0;0;0
0;5;0.00;0.00;0;0;0
0;8;0.00;0.00;0;0;0
0;8;0.00;0.00;0;0;0
0;15;0.00;0.00;0;0;0
0;7;0.00;0.00;0;0;0
0;7;0.00;0.00;0;0;0
0;8;0.00;0.00;0;0;0
0;8;0.00;0.00;0;0;0
0;8;0.00;0.00;0;0;0
0;8;0.00;0.00;0;0;0
0;9;0.00;0.00;0;0;0
0;8;0.00;0.00;0;0;0
0;8;0.00;0.00;0;0;0
0;8;0.00;0.00;0;0;0
0;10;0.00;0.00;0;0;0
0;7;0.00;0.00;0;0;0
0;11;0.00;0.00;0;0;0
0;5;0.00;0.00;0;0;0
0;11;0.00;0.00;0;0;0
0;5;0.00;0.00;0;0;0
0;9;0.00;0.00;0;0;0
0;8;0.00;0.00;0;0;0
0;8;0.00;0.00;0;0;0
0;8;0.00;0.00;0;0;0
0;8;0.00;0.00;0;0;0
0;9;0.00;0.00;0;0;0
0;8;0.00;0.00;0;0;0
0;8;0.00;0.00;0;0;0
0;8;0.00;0.00;0;0;0
0;8;0.00;0.00;0;0;0
0;16;0.00;0.00;0;0;0
0;5;0.00;0.00;0;0;0
0;8;0.00;0.00;0;0;0
0;8;0.00;0.00;0;0;0
0;8;0.00;0.00;0;0;0
0;9;0.00;0.00;0;0;0
0;8;0.00;0.00;0;0;0
0;8;0.00;0.00;0;0;0
0;8;0.00;0.00;0;0;0
0;10;0.00;0.00;0;0;0
0;7;0.00;0.00;0;0;0
0;8;0.00;0.00;0;0;0
0;11;0.00;0.00;0;0;0
0;6;0.00;0.00;0;0;0
0;7;0.00;0.00;0;0;0
0;8;0.00;0.00;0;0;0
0;9;0.00;0.00;0;0;0
0;11;0.00;0.00;0;0;0
0;5;0.00;0.00;0;0;0
0;8;0.00;0.00;0;0;0
0;8;0.00;0.00;0;0;0
0;10;0.00;0.00;0;0;0
0;7;0.00;0.00;0;0;0
0;8;0.00;0.00;0;0;0
0;8;0.00;0.00;0;0;0
0;8;0.00;0.00;0;0;0
0;11;0.00;0.00;0;0;0
0;6;0.00;0.00;0;0;0
0;8;0.00;0.00;0;0;0
0;8;0.00;0.00;0;0;0
0;8;0.00;0.00;0;0;0
0;9;0.00;0.00;0;0;0
0;8;0.00;0.00;0;0;0
0;8;0.00;0.00;0;0;0
0;8;0.00;0.00;0;0;0
0;8;0.00;0.00;0;0;0
0;11;0.00;0.00;0;0;0
0;7;0.00;0.00;0;0;0
0;7;0.00;0.00;0;0;0
0;10;0.00;0.00;0;0;0
0;9;0.00;0.00;0;0;0
0;5;0.00;0.00;0;0;0
0;10;0.00;0.00;0;0;0
0;7;0.00;0.00;0;0;0
0;8;0.00;0.00;0;0;0
0;8;0.00;0.00;0;0;0
0;8;0.00;0.00;0;0;0
0;9;0.00;0.00;0;0;0
0;8;0.00;0.00;0;0;0
0;8;0.00;0.00;0;0;0
0;8;0.00;0.00;0;0;0
0;8;0.00;0.00;0;0;0
0;9;0.00;0.00;0;0;0
0;9;0.00;0.00;0;0;0
0;7;0.00;0.00;0;0;0
0;8;0.00;0.00;0;0;0
0;8;0.00;0.00;0;0;0
0;9;0.00;0.00;0;0;0
0;10;0.00;0.00;0;0;0
0;7;0.00;0.00;0;0;0
0;7;0.00;0.00;0;0;0
0;8;0.00;0.00;0;0;0
0;11;0.00;0.00;0;0;0
0;6;0.00;0.00;0;0;0
0;8;0.00;0.00;0;0;0
0;8;0.00;0.00;0;0;0
0;14;0.00;0.00;0;0;0
0;8;0.00;0.00;0;0;0
0;7;0.00;0.00;0;0;0
0;10;0.00;0.00;0;0;0
0;6;0.00;0.00;0;0;0
0;8;0.00;0.00;0;0;0
0;10;0.00;0.00;0;0;0
0;7;0.00;0.00;0;0;0
0;8;0.00;0.00;0;0;0
0;8;0.00;0.00;0;0;0
0;8;0.00;0.00;0;0;0
0;11;0.00;0.00;0;0;0
0;6;0.00;0.00;0;0;0
0;8;0.00;0.00;0;0;0
0;8;0.00;0.00;0;0;0
0;9;0.00;0.00;0;0;0
0;7;0.00;0.00;0;0;0
0;9;0.00;0.00;0;0;0
0;9;0.00;0.00;0;0;0
0;9;0.00;0.00;0;0;0
0;6;0.00;0.00;0;0;0
0;8;0.00;0.00;0;0;0
0;9;0.00;0.00;0;0;0
0;8;0.00;0.00;0;0;0
0;8;0.00;0.00;0;0;0
0;8;0.00;0.00;0;0;0
0;13;0.00;0.00;0;0;0
0;8;0.00;0.00;0;0;0
0;8;0.00;0.00;0;0;0
0;8;0.00;0.00;0;0;0
0;10;0.00;0.00;0;0;0
0;8;0.00;0.00;0;0;0
0;7;0.00;0.00;0;0;0
0;8;0.00;0.00;0;0;0
0;11;0.00;0.00;0;0;0
0;8;0.00;0.00;0;0;0
0;7;0.00;0.00;0;0;0
0;7;0.00;0.00;0;0;0
0;8;0.00;0.00;0;0;0
0;8;0.00;0.00;0;0;0
0;12;0.00;0.00;0;0;0
0;8;0.00;0.00;0;0;0
0;9;0.00;0.00;0;0;0
0;11;0.00;0.00;0;0;0
0;5;0.00;0.00;0;0;0
0;8;0.00;0.00;0;0;0
0;8;0.00;0.00;0;0;0
0;9;0.00;0.00;0;0;0
0;8;0.00;0.00;0;0;0
0;8;0.00;0.00;0;0;0
0;8;0.00;0.00;0;0;0
0;19;0.00;0.00;0;0;0
0;6;0.00;0.00;0;0;0
0;8;0.00;0.00;0;0;0
0;11;0.00;0.00;0;0;0
0;5;0.00;0.00;0;0;0
0;9;0.00;0.00;0;0;0
0;8;0.00;0.00;0;0;0
0;8;0.00;0.00;0;0;0
0;8;0.00;0.00;0;0;0
0;8;0.00;0.00;0;0;0
0;8;0.00;0.00;0;0;0
0;9;0.00;0.00;0;0;0
0;8;0.00;0.00;0;0;0
0;8;0.00;0.00;0;0;0
0;11;0.00;0.00;0;0;0
0;6;0.00;0.00;0;0;0
0;8;0.00;0.00;0;0;0
0;8;0.00;0.00;0;0;0
0;8;0.00;0.00;0;0;0
0;8;0.00;0.00;0;0;0
0;8;0.00;0.00;0;0;0
0;9;0.00;0.00;0;0;0
0;11;0.00;0.00;0;0;0
0;5;0.00;0.00;0;0;0
0;8;0.00;0.00;0;0;0
0;8;0.00;0.00;0;0;0
0;16;0.00;0.00;0;0;0
0;5;0.00;0.00;0;0;0
0;8;0.00;0.00;0;0;0
0;8;0.00;0.00;0;0;0
0;8;0.00;0.00;0;0;0
0;9;0.00;0.00;0;0;0
0;8;0.00;0.00;0;0;0
0;8;0.00;0.00;0;0;0
0;8;0.00;0.00;0;0;0
0;8;0.00;0.00;0;0;0
0;9;0.00;0.00;0;0;0
0;8;0.00;0.00;0;0;0
0;8;0.00;0.00;0;0;0
0;8;0.00;0.00;0;0;0
0;10;0.00;0.00;0;0;0
0;7;0.00;0.00;0;0;0
0;8;0.00;0.00;0;0;0
0;11;0.00;0.00;0;0;0
0;7;0.00;0.00;0;0;0
0;6;0.00;0.00;0;0;0
0;8;0.00;0.00;0;0;0
0;13;0.00;0.00;0;0;0
0;4;0.00;0.00;0;0;0
0;8;0.00;0.00;0;0;0
0;8;0.00;0.00;0;0;0
0;10;0.00;0.00;0;0;0
0;11;0.00;0.00;0;0;0
0;8;0.00;0.00;0;0;0
0;8;0.00;0.00;0;0;0
0;11;0.00;0.00;0;0;0
0;5;0.00;0.00;0;0;0
0;9;0.00;0.00;0;0;0
0;8;0.00;0.00;0;0;0
0;9;0.00;0.00;0;0;0
0;7;0.00;0.00;0;0;0
0;8;0.00;0.00;0;0;0
0;9;0.00;0.00;0;0;0
0;8;0.00;0.00;0;0;0
0;8;0.00;0.00;0;0;0
0;11;0.00;0.00;0;0;0
0;8;0.00;0.00;0;0;0
0;6;0.00;0.00;0;0;0
0;8;0.00;0.00;0;0;0
0;9;0.00;0.00;0;0;0
0;7;0.00;0.00;0;0;0
0;8;0.00;0.00;0;0;0
0;9;0.00;0.00;0;0;0
0;8;0.00;0.00;0;0;0
0;12;0.00;0.00;0;0;0
0;8;0.00;0.00;0;0;0
0;8;0.00;0.00;0;0;0
0;9;0.00;0.00;0;0;0
0;11;0.00;0.00;0;0;0
0;5;0.00;0.00;0;0;0
0;8;0.00;0.00;0;0;0
0;8;0.00;0.00;0;0;0
0;9;0.00;0.00;0;0;0
0;8;0.00;0.00;0;0;0
0;8;0.00;0.00;0;0;0
0;8;0.00;0.00;0;0;0
0;8;0.00;0.00;0;0;0
0;12;0.00;0.00;0;0;0
0;5;0.00;0.00;0;0;0
0;8;0.00;0.00;0;0;0
0;8;0.00;0.00;0;0;0
0;10;0.00;0.00;0;0;0
0;10;0.00;0.00;0;0;0
0;5;0.00;0.00;0;0;0
0;9;0.00;0.00;0;0;0
0;8;0.00;0.00;0;0;0
0;7;0.00;0.00;0;0;0
0;8;0.00;0.00;0;0;0
0;9;0.00;0.00;0;0;0
0;12;0.00;0.00;0;0;0
0;8;0.00;0.00;0;0;0
0;8;0.00;0.00;0;0;0
0;9;0.00;0.00;0;0;0
0;8;0.00;0.00;0;0;0
0;8;0.00;0.00;0;0;0
0;8;0.00;0.00;0;0;0
0;12;0.00;0.00;0;0;0
0;9;0.00;0.00;0;0;0
0;8;0.00;0.00;0;0;0
0;9;0.00;0.00;0;0;0
0;7;0.00;0.00;0;0;0
0;8;0.00;0.00;0;0;0
0;9;0.00;0.00;0;0;0
0;8;0.00;0.00;0;0;0
0;13;0.00;0.00;0;0;0
0;7;0.00;0.00;0;0;0
0;8;0.00;0.00;0;0;0
0;13;0.00;0.00;0;0;0
0;4;0.00;0.00;0;0;0
0;8;0.00;0.00;0;0;0
0;8;0.00;0.00;0;0;0
0;8;0.00;0.00;0;0;0
0;9;0.00;0.00;0;0;0
0;8;0.00;0.00;0;0;0
0;8;0.00;0.00;0;0;0
0;13;0.00;0.00;0;0;0
0;7;0.00;0.00;0;0;0
0;9;0.00;0.00;0;0;0
0;8;0.00;0.00;0;0;0
0;8;0.00;0.00;0;0;0
0;9;0.00;0.00;0;0;0
0;7;0.00;0.00;0;0;0
0;9;0.00;0.00;0;0;0
0;8;0.00;0.00;0;0;0
0;8;0.00;0.00;0;0;0
0;8;0.00;0.00;0;0;0
0;8;0.00;0.00;0;0;0
0;9;0.00;0.00;0;0;0
0;11;0.00;0.00;0;0;0
0;5;0.00;0.00;0;0;0
0;8;0.00;0.00;0;0;0
0;8;0.00;0.00;0;0;0
0;8;0.00;0.00;0;0;0
0;9;0.00;0.00;0;0;0
0;8;0.00;0.00;0;0;0
0;8;0.00;0.00;0;0;0
0;11;0.00;0.00;0;0;0
0;5;0.00;0.00;0;0;0
0;9;0.00;0.00;0;0;0
0;8;0.00;0.00;0;0;0
0;11;0.00;0.00;0;0;0
0;5;0.00;0.00;0;0;0
0;8;0.00;0.00;0;0;0
0;12;0.00;0.00;0;0;0
0;6;0.00;0.00;0;0;0
0;7;0.00;0.00;0;0;0
0;8;0.00;0.00;0;0;0
0;8;0.00;0.00;0;0;0
0;12;0.00;0.00;0;0;0
0;5;0.00;0.00;0;0;0
0;8;0.00;0.00;0;0;0
0;8;0.00;0.00;0;0;0
0;8;0.00;0.00;0;0;0
0;9;0.00;0.00;0;0;0
0;8;0.00;0.00;0;0;0
0;11;0.00;0.00;0;0;0
0;5;0.00;0.00;0;0;0
0;8;0.00;0.00;0;0;0
0;8;0.00;0.00;0;0;0
0;9;0.00;0.00;0;0;0
0;8;0.00;0.00;0;0;0
0;8;0.00;0.00;0;0;0
0;8;0.00;0.00;0;0;0
0;13;0.00;0.00;0;0;0
0;8;0.00;0.00;0;0;0
0;8;0.00;0.00;0;0;0
0;8;0.00;0.00;0;0;0
0;8;0.00;0.00;0;0;0
0;8;0.00;0.00;0;0;0
0;9;0.00;0.00;0;0;0
0;8;0.00;0.00;0;0;0
0;8;0.00;0.00;0;0;0
0;8;0.00;0.00;0;0;0
0;11;0.00;0.00;0;0;0
0;6;0.00;0.00;0;0;0
0;8;0.00;0.00;0;0;0
0;11;0.00;0.00;0;0;0
0;5;0.00;0.00;0;0;0
0;8;0.00;0.00;0;0;0
0;9;0.00;0.00;0;0;0
0;11;0.00;0.00;0;0;0
0;5;0.00;0.00;0;0;0
0;8;0.00;0.00;0;0;0
0;8;0.00;0.00;0;0;0
0;9;0.00;0.00;0;0;0
0;8;0.00;0.00;0;0;0
0;9;0.00;0.00;0;0;0
0;7;0.00;0.00;0;0;0
0;8;0.00;0.00;0;0;0
0;9;0.00;0.00;0;0;0
0;8;0.00;0.00;0;0;0
0;8;0.00;0.00;0;0;0
0;8;0.00;0.00;0;0;0
0;8;0.00;0.00;0;0;0
0;8;0.00;0.00;0;0;0
0;9;0.00;0.00;0;0;0
0;8;0.00;0.00;0;0;0
0;8;0.00;0.00;0;0;0
0;8;0.00;0.00;0;0;0
0;9;0.00;0.00;0;0;0
0;13;0.00;0.00;0;0;0
0;7;0.00;0.00;0;0;0
0;8;0.00;0.00;0;0;0
0;9;0.00;0.00;0;0;0
0;8;0.00;0.00;0;0;0
0;8;0.00;0.00;0;0;0
0;8;0.00;0.00;0;0;0
0;8;0.00;0.00;0;0;0
0;12;0.00;0.00;0;0;0
0;9;0.00;0.00;0;0;0
0;8;0.00;0.00;0;0;0
0;8;0.00;0.00;0;0;0
0;8;0.00;0.00;0;0;0
0;8;0.00;0.00;0;0;0
0;9;0.00;0.00;0;0;0
0;8;0.00;0.00;0;0;0
0;11;0.00;0.00;0;0;0
0;5;0.00;0.00;0;0;0
0;8;0.00;0.00;0;0;0
0;8;0.00;0.00;0;0;0
0;9;0.00;0.00;0;0;0
0;8;0.00;0.00;0;0;0
0;8;0.00;0.00;0;0;0
0;8;0.00;0.00;0;0;0
0;12;0.00;0.00;0;0;0
0;5;0.00;0.00;0;0;0
0;8;0.00;0.00;0;0;0
0;8;0.00;0.00;0;0;0
0;9;0.00;0.00;0;0;0
0;7;0.00;0.00;0;0;0
0;9;0.00;0.00;0;0;0
0;8;0.00;0.00;0;0;0
0;8;0.00;0.00;0;0;0
0;10;0.00;0.00;0;0;0
0;6;0.00;0.00;0;0;0
0;9;0.00;0.00;0;0;0
0;9;0.00;0.00;0;0;0
0;7;0.00;0.00;0;0;0
0;10;0.00;0.00;0;0;0
0;7;0.00;0.00;0;0;0
0;9;0.00;0.00;0;0;0
0;7;0.00;0.00;0;0;0
0;8;0.00;0.00;0;0;0
0;8;0.00;0.00;0;0;0
0;8;0.00;0.00;0;0;0
0;8;0.00;0.00;0;0;0
0;9;0.00;0.00;0;0;0
0;8;0.00;0.00;0;0;0
0;8;0.00;0.00;0;0;0
0;8;0.00;0.00;0;0;0
0;8;0.00;0.00;0;0;0
0;9;0.00;0.00;0;0;0
0;11;0.00;0.00;0;0;0
0;5;0.00;0.00;0;0;0
0;8;0.00;0.00;0;0;0
0;8;0.00;0.00;0;0;0
0;9;0.00;0.00;0;0;0
0;8;0.00;0.00;0;0;0
0;8;0.00;0.00;0;0;0
0;12;0.00;0.00;0;0;0
0;8;0.00;0.00;0;0;0
0;9;0.00;0.00;0;0;0
0;8;0.00;0.00;0;0;0
0;11;0.00;0.00;0;0;0
0;7;0.00;0.00;0;0;0
0;7;0.00;0.00;0;0;0
0;8;0.00;0.00;0;0;0
0;8;0.00;0.00;0;0;0
0;8;0.00;0.00;0;0;0
0;13;0.00;0.00;0;0;0
0;7;0.00;0.00;0;0;0
0;9;0.00;0.00;0;0;0
0;9;0.00;0.00;0;0;0
0;7;0.00;0.00;0;0;0
0;8;0.00;0.00;0;0;0
0;8;0.00;0.00;0;0;0
0;9;0.00;0.00;0;0;0
0;11;0.00;0.00;0;0;0
0;6;0.00;0.00;0;0;0
0;7;0.00;0.00;0;0;0
0;8;0.00;0.00;0;0;0
0;9;0.00;0.00;0;0;0
0;8;0.00;0.00;0;0;0
0;8;0.00;0.00;0;0;0
0;8;0.00;0.00;0;0;0
0;8;0.00;0.00;0;0;0
0;9;0.00;0.00;0;0;0
0;8;0.00;0.00;0;0;0
0;10;0.00;0.00;0;0;0
0;6;0.00;0.00;0;0;0
0;11;0.00;0.00;0;0;0
0;5;0.00;0.00;0;0;0
0;9;0.00;0.00;0;0;0
0;8;0.00;0.00;0;0;0
0;8;0.00;0.00;0;0;0
0;8;0.00;0.00;0;0;0
0;11;0.00;0.00;0;0;0
0;7;0.00;0.00;0;0;0
0;9;0.00;0.00;0;0;0
0;11;0.00;0.00;0;0;0
0;7;0.00;0.00;0;0;0
0;9;0.00;0.00;0;0;0
0;8;0.00;0.00;0;0;0
0;8;0.00;0.00;0;0;0
0;8;0.00;0.00;0;0;0
0;8;0.00;0.00;0;0;0
0;8;0.00;0.00;0;0;0
0;9;0.00;0.00;0;0;0
0;9;0.00;0.00;0;0;0
0;7;0.00;0.00;0;0;0
0;8;0.00;0.00;0;0;0
0;8;0.00;0.00;0;0;0
0;9;0.00;0.00;0;0;0
0;10;0.00;0.00;0;0;0
0;6;0.00;0.00;0;0;0
0;8;0.00;0.00;0;0;0
0;15;0.00;0.00;0;0;0
0;6;0.00;0.00;0;0;0
0;8;0.00;0.00;0;0;0
0;8;0.00;0.00;0;0;0
0;8;0.00;0.00;0;0;0
0;8;0.00;0.00;0;0;0
0;9;0.00;0.00;0;0;0
0;8;0.00;0.00;0;0;0
0;8;0.00;0.00;0;0;0
0;9;0.00;0.00;0;0;0
0;7;0.00;0.00;0;0;0
0;9;0.00;0.00;0;0;0
0;13;0.00;0.00;0;0;0
0;7;0.00;0.00;0;0;0
0;8;0.00;0.00;0;0;0
0;13;0.00;0.00;0;0;0
0;8;0.00;0.00;0;0;0
0;8;0.00;0.00;0;0;0
0;8;0.00;0.00;0;0;0
0;8;0.00;0.00;0;0;0
0;9;0.00;0.00;0;0;0
0;12;0.00;0.00;0;0;0
0;10;0.00;0.00;0;0;0
0;6;0.00;0.00;0;0;0
0;8;0.00;0.00;0;0;0
0;16;0.00;0.00;0;0;0
0;8;0.00;0.00;0;0;0
0;9;0.00;0.00;0;0;0
0;8;0.00;0.00;0;0;0
0;11;0.00;0.00;0;0;0
0;6;0.00;0.00;0;0;0
0;8;0.00;0.00;0;0;0
0;8;0.00;0.00;0;0;0
0;7;0.00;0.00;0;0;0
0;9;0.00;0.00;0;0;0
0;9;0.00;0.00;0;0;0
0;8;0.00;0.00;0;0;0
0;15;0.00;0.00;0;0;0
0;5;0.00;0.00;0;0;0
0;9;0.00;0.00;0;0;0
0;8;0.00;0.00;0;0;0
0;8;0.00;0.00;0;0;0
0;10;0.00;0.00;0;0;0
0;6;0.00;0.00;0;0;0
0;9;0.00;0.00;0;0;0
0;8;0.00;0.00;0;0;0
0;9;0.00;0.00;0;0;0
0;7;0.00;0.00;0;0;0
0;9;0.00;0.00;0;0;0
0;7;0.00;0.00;0;0;0
0;10;0.00;0.00;0;0;0
0;7;0.00;0.00;0;0;0
0;8;0.00;0.00;0;0;0
0;8;0.00;0.00;0;0;0
0;8;0.00;0.00;0;0;0
0;9;0.00;0.00;0;0;0
0;8;0.00;0.00;0;0;0
0;8;0.00;0.00;0;0;0
0;7;0.00;0.00;0;0;0
0;9;0.00;0.00;0;0;0
0;9;0.00;0.00;0;0;0
0;11;0.00;0.00;0;0;0
0;5;0.00;0.00;0;0;0
0;8;0.00;0.00;0;0;0
0;8;0.00;0.00;0;0;0
0;9;0.00;0.00;0;0;0
0;8;0.00;0.00;0;0;0
0;8;0.00;0.00;0;0;0
0;8;0.00;0.00;0;0;0
0;8;0.00;0.00;0;0;0
0;9;0.00;0.00;0;0;0
0;8;0.00;0.00;0;0;0
0;8;0.00;0.00;0;0;0
0;11;0.00;0.00;0;0;0
0;5;0.00;0.00;0;0;0
0;8;0.00;0.00;0;0;0
0;9;0.00;0.00;0;0;0
0;12;0.00;0.00;0;0;0
0;8;0.00;0.00;0;0;0
0;7;0.00;0.00;0;0;0
0;8;0.00;0.00;0;0;0
0;11;0.00;0.00;0;0;0
0;7;0.00;0.00;0;0;0
0;8;0.00;0.00;0;0;0
0;15;0.00;0.00;0;0;0
0;7;0.00;0.00;0;0;0
0;7;0.00;0.00;0;0;0
0;8;0.00;0.00;0;0;0
0;8;0.00;0.00;0;0;0
0;14;0.00;0.00;0;0;0
0;7;0.00;0.00;0;0;0
0;8;0.00;0.00;0;0;0
0;8;0.00;0.00;0;0;0
0;10;0.00;0.00;0;0;0
0;7;0.00;0.00;0;0;0
0;8;0.00;0.00;0;0;0
0;8;0.00;0.00;0;0;0
0;10;0.00;0.00;0;0;0
0;6;0.00;0.00;0;0;0
0;8;0.00;0.00;0;0;0
0;9;0.00;0.00;0;0;0
0;10;0.00;0.00;0;0;0
0;9;0.00;0.00;0;0;0
0;8;0.00;0.00;0;0;0
0;9;0.00;0.00;0;0;0
0;9;0.00;0.00;0;0;0
0;8;0.00;0.00;0;0;0
0;8;0.00;0.00;0;0;0
0;10;0.00;0.00;0;0;0
0;6;0.00;0.00;0;0;0
0;9;0.00;0.00;0;0;0
0;8;0.00;0.00;0;0;0
0;11;0.00;0.00;0;0;0
0;5;0.00;0.00;0;0;0
0;8;0.00;0.00;0;0;0
0;9;0.00;0.00;0;0;0
0;9;0.00;0.00;0;0;0
0;7;0.00;0.00;0;0;0
0;8;0.00;0.00;0;0;0
0;8;0.00;0.00;0;0;0
0;11;0.00;0.00;0;0;0
0;6;0.00;0.00;0;0;0
0;8;0.00;0.00;0;0;0
0;8;0.00;0.00;0;0;0
0;11;0.00;0.00;0;0;0
0;5;0.00;0.00;0;0;0
0;9;0.00;0.00;0;0;0
0;8;0.00;0.00;0;0;0
0;12;0.00;0.00;0;0;0
0;8;0.00;0.00;0;0;0
0;9;0.00;0.00;0;0;0
0;11;0.00;0.00;0;0;0
0;5;0.00;0.00;0;0;0
0;8;0.00;0.00;0;0;0
0;8;0.00;0.00;0;0;0
0;8;0.00;0.00;0;0;0
0;9;0.00;0.00;0;0;0
0;7;0.00;0.00;0;0;0
0;9;0.00;0.00;0;0;0
0;8;0.00;0.00;0;0;0
0;8;0.00;0.00;0;0;0
0;14;0.00;0.00;0;0;0
0;7;0.00;0.00;0;0;0
0;8;0.00;0.00;0;0;0
0;8;0.00;0.00;0;0;0
0;8;0.00;0.00;0;0;0
0;9;0.00;0.00;0;0;0
0;8;0.00;0.00;0;0;0
0;13;0.00;0.00;0;0;0
0;7;0.00;0.00;0;0;0
0;9;0.00;0.00;0;0;0
0;7;0.00;0.00;0;0;0
0;9;0.00;0.00;0;0;0
0;10;0.00;0.00;0;0;0
0;6;0.00;0.00;0;0;0
0;8;0.00;0.00;0;0;0
0;9;0.00;0.00;0;0;0
0;8;0.00;0.00;0;0;0
0;8;0.00;0.00;0;0;0
0;8;0.00;0.00;0;0;0
0;8;0.00;0.00;0;0;0
0;9;0.00;0.00;0;0;0
0;8;0.00;0.00;0;0;0
0;9;0.00;0.00;0;0;0
0;7;0.00;0.00;0;0;0
0;8;0.00;0.00;0;0;0
0;8;0.00;0.00;0;0;0
0;11;0.00;0.00;0;0;0
0;8;0.00;0.00;0;0;0
0;6;0.00;0.00;0;0;0
0;8;0.00;0.00;0;0;0
0;12;0.00;0.00;0;0;0
0;5;0.00;0.00;0;0;0
0;11;0.00;0.00;0;0;0
0;5;0.00;0.00;0;0;0
0;9;0.00;0.00;0;0;0
0;8;0.00;0.00;0;0;0
0;8;0.00;0.00;0;0;0
0;8;0.00;0.00;0;0;0
0;8;0.00;0.00;0;0;0
0;8;0.00;0.00;0;0;0
0;8;0.00;0.00;0;0;0
0;9;0.00;0.00;0;0;0
0;12;0.00;0.00;0;0;0
0;14;0.00;0.00;0;0;0
0;6;0.00;0.00;0;0;0
0;9;0.00;0.00;0;0;0
0;7;0.00;0.00;0;0;0
0;13;0.00;0.00;0;0;0
0;8;0.00;0.00;0;0;0
0;7;0.00;0.00;0;0;0
0;9;0.00;0.00;0;0;0
0;12;0.00;0.00;0;0;0
0;5;0.00;0.00;0;0;0
0;8;0.00;0.00;0;0;0
0;12;0.00;0.00;0;0;0
0;5;0.00;0.00;0;0;0
0;8;0.00;0.00;0;0;0
0;8;0.00;0.00;0;0;0
0;7;0.00;0.00;0;0;0
0;9;0.00;0.00;0;0;0
0;8;0.00;0.00;0;0;0
0;8;0.00;0.00;0;0;0
0;10;0.00;0.00;0;0;0
0;7;0.00;0.00;0;0;0
0;8;0.00;0.00;0;0;0
0;9;0.00;0.00;0;0;0
0;10;0.00;0.00;0;0;0
0;6;0.00;0.00;0;0;0
0;10;0.00;0.00;0;0;0
0;8;0.00;0.00;0;0;0
0;8;0.00;0.00;0;0;0
0;7;0.00;0.00;0;0;0
0;8;0.00;0.00;0;0;0
0;8;0.00;0.00;0;0;0
0;8;0.00;0.00;0;0;0
0;7;0.00;0.00;0;0;0
0;9;0.00;0.00;0;0;0
0;8;0.00;0.00;0;0;0
0;10;0.00;0.00;0;0;0
0;9;0.00;0.00;0;0;0
0;6;0.00;0.00;0;0;0
0;13;0.00;0.00;0;0;0
0;8;0.00;0.00;0;0;0
0;8;0.00;0.00;0;0;0
0;8;0.00;0.00;0;0;0
0;11;0.00;0.00;0;0;0
0;6;0.00;0.00;0;0;0
0;8;0.00;0.00;0;0;0
0;8;0.00;0.00;0;0;0
0;8;0.00;0.00;0;0;0
0;7;0.00;0.00;0;0;0
0;10;0.00;0.00;0;0;0
0;8;0.00;0.00;0;0;0
0;8;0.00;0.00;0;0;0
0;8;0.00;0.00;0;0;0
0;9;0.00;0.00;0;0;0
0;8;0.00;0.00;0;0;0
0;8;0.00;0.00;0;0;0
0;8;0.00;0.00;0;0;0
0;7;0.00;0.00;0;0;0
0;8;0.00;0.00;0;0;0
0;9;0.00;0.00;0;0;0
0;11;0.00;0.00;0;0;0
0;7;0.00;0.00;0;0;0
0;7;0.00;0.00;0;0;0
0;7;0.00;0.00;0;0;0
0;9;0.00;0.00;0;0;0
0;8;0.00;0.00;0;0;0
0;9;0.00;0.00;0;0;0
0;8;0.00;0.00;0;0;0
0;10;0.00;0.00;0;0;0
0;7;0.00;0.00;0;0;0
0;8;0.00;0.00;0;0;0
0;7;0.00;0.00;0;0;0
0;8;0.00;0.00;0;0;0
0;8;0.00;0.00;0;0;0
0;8;0.00;0.00;0;0;0
0;17;0.00;0.00;0;0;0
0;8;0.00;0.00;0;0;0
0;8;0.00;0.00;0;0;0
0;9;0.00;0.00;0;0;0
0;12;0.00;0.00;0;0;0
0;5;0.00;0.00;0;0;0
0;8;0.00;0.00;0;0;0
0;7;0.00;0.00;0;0;0
0;9;0.00;0.00;0;0;0
0;9;0.00;0.00;0;0;0
0;7;0.00;0.00;0;0;0
0;8;0.00;0.00;0;0;0
0;9;0.00;0.00;0;0;0
0;8;0.00;0.00;0;0;0
0;9;0.00;0.00;0;0;0
0;8;0.00;0.00;0;0;0
0;7;0.00;0.00;0;0;0
0;8;0.00;0.00;0;0;0
0;8;0.00;0.00;0;0;0
0;9;0.00;0.00;0;0;0
0;9;0.00;0.00;0;0;0
0;7;0.00;0.00;0;0;0
0;9;0.00;0.00;0;0;0
0;7;0.00;0.00;0;0;0
0;9;0.00;0.00;0;0;0
0;8;0.00;0.00;0;0;0
0;16;0.00;0.00;0;0;0
0;6;0.00;0.00;0;0;0
0;7;0.00;0.00;0;0;0
0;11;0.00;0.00;0;0;0
0;6;0.00;0.00;0;0;0
0;9;0.00;0.00;0;0;0
0;7;0.00;0.00;0;0;0
0;8;0.00;0.00;0;0;0
0;8;0.00;0.00;0;0;0
0;8;0.00;0.00;0;0;0
0;9;0.00;0.00;0;0;0
0;12;0.00;0.00;0;0;0
0;11;0.00;0.00;0;0;0
0;7;0.00;0.00;0;0;0
0;10;0.00;0.00;0;0;0
0;5;0.00;0.00;0;0;0
0;8;0.00;0.00;0;0;0
0;11;0.00;0.00;0;0;0
0;5;0.00;0.00;0;0;0
0;9;0.00;0.00;0;0;0
0;7;0.00;0.00;0;0;0
0;9;0.00;0.00;0;0;0
0;8;0.00;0.00;0;0;0
0;8;0.00;0.00;0;0;0
0;8;0.00;0.00;0;0;0
0;8;0.00;0.00;0;0;0
0;9;0.00;0.00;0;0;0
0;8;0.00;0.00;0;0;0
0;7;0.00;0.00;0;0;0
0;9;0.00;0.00;0;0;0
0;8;0.00;0.00;0;0;0
0;8;0.00;0.00;0;0;0
0;9;0.00;0.00;0;0;0
0;8;0.00;0.00;0;0;0
0;8;0.00;0.00;0;0;0
0;9;0.00;0.00;0;0;0
0;7;0.00;0.00;0;0;0
0;8;0.00;0.00;0;0;0
0;8;0.00;0.00;0;0;0
0;8;0.00;0.00;0;0;0
0;10;0.00;0.00;0;0;0
0;8;0.00;0.00;0;0;0
0;8;0.00;0.00;0;0;0
0;10;0.00;0.00;0;0;0
0;6;0.00;0.00;0;0;0
0;9;0.00;0.00;0;0;0
0;8;0.00;0.00;0;0;0
0;11;0.00;0.00;0;0;0
0;6;0.00;0.00;0;0;0
0;7;0.00;0.00;0;0;0
0;9;0.00;0.00;0;0;0
0;11;0.00;0.00;0;0;0
0;5;0.00;0.00;0;0;0
0;8;0.00;0.00;0;0;0
0;8;0.00;0.00;0;0;0
0;8;0.00;0.00;0;0;0
0;8;0.00;0.00;0;0;0
0;8;0.00;0.00;0;0;0
0;11;0.00;0.00;0;0;0
0;10;0.00;0.00;0;0;0
0;9;0.00;0.00;0;0;0
0;7;0.00;0.00;0;0;0
0;12;0.00;0.00;0;0;0
0;5;0.00;0.00;0;0;0
0;7;0.00;0.00;0;0;0
0;11;0.00;0.00;0;0;0
0;10;0.00;0.00;0;0;0
0;8;0.00;0.00;0;0;0
0;8;0.00;0.00;0;0;0
0;9;0.00;0.00;0;0;0
0;10;0.00;0.00;0;0;0
0;7;0.00;0.00;0;0;0
0;7;0.00;0.00;0;0;0
0;8;0.00;0.00;0;0;0
0;8;0.00;0.00;0;0;0
0;9;0.00;0.00;0;0;0
0;8;0.00;0.00;0;0;0
0;8;0.00;0.00;0;0;0
0;13;0.00;0.00;0;0;0
0;8;0.00;0.00;0;0;0
0;8;0.00;0.00;0;0;0
0;10;0.00;0.00;0;0;0
0;7;0.00;0.00;0;0;0
0;7;0.00;0.00;0;0;0
0;8;0.00;0.00;0;0;0
0;9;0.00;0.00;0;0;0
0;8;0.00;0.00;0;0;0
0;8;0.00;0.00;0;0;0
0;9;0.00;0.00;0;0;0
0;8;0.00;0.00;0;0;0
0;8;0.00;0.00;0;0;0
0;14;0.00;0.00;0;0;0
0;7;0.00;0.00;0;0;0
0;7;0.00;0.00;0;0;0
0;13;0.00;0.00;0;0;0
0;5;0.00;0.00;0;0;0
0;7;0.00;0.00;0;0;0
0;8;0.00;0.00;0;0;0
0;8;0.00;0.00;0;0;0
0;8;0.00;0.00;0;0;0
0;10;0.00;0.00;0;0;0
0;7;0.00;0.00;0;0;0
0;9;0.00;0.00;0;0;0
0;8;0.00;0.00;0;0;0
0;8;0.00;0.00;0;0;0
0;9;0.00;0.00;0;0;0
0;11;0.00;0.00;0;0;0
0;5;0.00;0.00;0;0;0
0;8;0.00;0.00;0;0;0
0;8;0.00;0.00;0;0;0
0;10;0.00;0.00;0;0;0
0;7;0.00;0.00;0;0;0
0;9;0.00;0.00;0;0;0
0;7;0.00;0.00;0;0;0
0;8;0.00;0.00;0;0;0
0;8;0.00;0.00;0;0;0
0;9;0.00;0.00;0;0;0
0;10;0.00;0.00;0;0;0
0;8;0.00;0.00;0;0;0
0;6;0.00;0.00;0;0;0
0;8;0.00;0.00;0;0;0
0;11;0.00;0.00;0;0;0
0;6;0.00;0.00;0;0;0
0;8;0.00;0.00;0;0;0
0;7;0.00;0.00;0;0;0
0;9;0.00;0.00;0;0;0
0;8;0.00;0.00;0;0;0
0;8;0.00;0.00;0;0;0
0;8;0.00;0.00;0;0;0
0;12;0.00;0.00;0;0;0
0;8;0.00;0.00;0;0;0
0;9;0.00;0.00;0;0;0
0;8;0.00;0.00;0;0;0
0;11;0.00;0.00;0;0;0
0;6;0.00;0.00;0;0;0
0;7;0.00;0.00;0;0;0
0;9;0.00;0.00;0;0;0
0;13;0.00;0.00;0;0;0
0;11;0.00;0.00;0;0;0
0;5;0.00;0.00;0;0;0
0;7;0.00;0.00;0;0;0
0;9;0.00;0.00;0;0;0
0;9;0.00;0.00;0;0;0
0;12;0.00;0.00;0;0;0
0;8;0.00;0.00;0;0;0
0;8;0.00;0.00;0;0;0
0;11;0.00;0.00;0;0;0
0;6;0.00;0.00;0;0;0
0;8;0.00;0.00;0;0;0
0;10;0.00;0.00;0;0;0
0;7;0.00;0.00;0;0;0
0;8;0.00;0.00;0;0;0
0;7;0.00;0.00;0;0;0
0;11;0.00;0.00;0;0;0
0;6;0.00;0.00;0;0;0
0;8;0.00;0.00;0;0;0
0;8;0.00;0.00;0;0;0
0;12;0.00;0.00;0;0;0
0;6;0.00;0.00;0;0;0
0;7;0.00;0.00;0;0;0
0;7;0.00;0.00;0;0;0
0;9;0.00;0.00;0;0;0
0;8;0.00;0.00;0;0;0
0;8;0.00;0.00;0;0;0
0;8;0.00;0.00;0;0;0
0;10;0.00;0.00;0;0;0
0;8;0.00;0.00;0;0;0
0;7;0.00;0.00;0;0;0
0;8;0.00;0.00;0;0;0
0;13;0.00;0.00;0;0;0
0;8;0.00;0.00;0;0;0
0;10;0.00;0.00;0;0;0
0;12;0.00;0.00;0;0;0
0;7;0.00;0.00;0;0;0
0;7;0.00;0.00;0;0;0
0;8;0.00;0.00;0;0;0
0;10;0.00;0.00;0;0;0
0;8;0.00;0.00;0;0;0
0;7;0.00;0.00;0;0;0
0;8;0.00;0.00;0;0;0
0;8;0.00;0.00;0;0;0
0;11;0.00;0.00;0;0;0
0;7;0.00;0.00;0;0;0
0;8;0.00;0.00;0;0;0
0;8;0.00;0.00;0;0;0
0;11;0.00;0.00;0;0;0
0;6;0.00;0.00;0;0;0
0;8;0.00;0.00;0;0;0
0;8;0.00;0.00;0;0;0
0;8;0.00;0.00;0;0;0
0;7;0.00;0.00;0;0;0
0;9;0.00;0.00;0;0;0
0;8;0.00;0.00;0;0;0
0;10;0.00;0.00;0;0;0
0;8;0.00;0.00;0;0;0
0;7;0.00;0.00;0;0;0
0;13;0.00;0.00;0;0;0
0;12;0.00;0.00;0;0;0
0;8;0.00;0.00;0;0;0
0;7;0.00;0.00;0;0;0
0;13;0.00;0.00;0;0;0
0;5;0.00;0.00;0;0;0
0;7;0.00;0.00;0;0;0
0;8;0.00;0.00;0;0;0
0;9;0.00;0.00;0;0;0
0;12;0.00;0.00;0;0;0
0;5;0.00;0.00;0;0;0
0;7;0.00;0.00;0;0;0
0;11;0.00;0.00;0;0;0
0;6;0.00;0.00;0;0;0
0;10;0.00;0.00;0;0;0
0;8;0.00;0.00;0;0;0
0;7;0.00;0.00;0;0;0
0;8;0.00;0.00;0;0;0
0;7;0.00;0.00;0;0;0
0;8;0.00;0.00;0;0;0
0;9;0.00;0.00;0;0;0
0;8;0.00;0.00;0;0;0
0;8;0.00;0.00;0;0;0
0;8;0.00;0.00;0;0;0
0;16;0.00;0.00;0;0;0
0;6;0.00;0.00;0;0;0
0;7;0.00;0.00;0;0;0
0;12;0.00;0.00;0;0;0
0;5;0.00;0.00;0;0;0
0;9;0.00;0.00;0;0;0
0;7;0.00;0.00;0;0;0
0;10;0.00;0.00;0;0;0
0;5;0.00;0.00;0;0;0
0;8;0.00;0.00;0;0;0
0;10;0.00;0.00;0;0;0
0;7;0.00;0.00;0;0;0
0;7;0.00;0.00;0;0;0
0;14;0.00;0.00;0;0;0
0;7;0.00;0.00;0;0;0
0;7;0.00;0.00;0;0;0
0;9;0.00;0.00;0;0;0
0;8;0.00;0.00;0;0;0
0;8;0.00;0.00;0;0;0
0;8;0.00;0.00;0;0;0
0;8;0.00;0.00;0;0;0
0;9;0.00;0.00;0;0;0
0;8;0.00;0.00;0;0;0
0;8;0.00;0.00;0;0;0
0;9;0.00;0.00;0;0;0
0;8;0.00;0.00;0;0;0
0;9;0.00;0.00;0;0;0
0;7;0.00;0.00;0;0;0
0;10;0.00;0.00;0;0;0
0;7;0.00;0.00;0;0;0
0;12;0.00;0.00;0;0;0
0;11;0.00;0.00;0;0;0
0;6;0.00;0.00;0;0;0
0;7;0.00;0.00;0;0;0
0;8;0.00;0.00;0;0;0
0;14;0.00;0.00;0;0;0
0;8;0.00;0.00;0;0;0
0;7;0.00;0.00;0;0;0
0;11;0.00;0.00;0;0;0
0;9;0.00;0.00;0;0;0
0;5;0.00;0.00;0;0;0
0;8;0.00;0.00;0;0;0
0;8;0.00;0.00;0;0;0
0;8;0.00;0.00;0;0;0
0;8;0.00;0.00;0;0;0
0;8;0.00;0.00;0;0;0
0;13;0.00;0.00;0;0;0
0;5;0.00;0.00;0;0;0
0;7;0.00;0.00;0;0;0
0;8;0.00;0.00;0;0;0
0;12;0.00;0.00;0;0;0
0;8;0.00;0.00;0;0;0
0;6;0.00;0.00;0;0;0
0;7;0.00;0.00;0;0;0
0;13;0.00;0.00;0;0;0
0;7;0.00;0.00;0;0;0
0;9;0.00;0.00;0;0;0
0;8;0.00;0.00;0;0;0
0;8;0.00;0.00;0;0;0
0;11;0.00;0.00;0;0;0
0;6;0.00;0.00;0;0;0
0;9;0.00;0.00;0;0;0
0;7;0.00;0.00;0;0;0
0;12;0.00;0.00;0;0;0
0;10;0.00;0.00;0;0;0
0;7;0.00;0.00;0;0;0
0;8;0.00;0.00;0;0;0
0;10;0.00;0.00;0;0;0
0;6;0.00;0.00;0;0;0
0;8;0.00;0.00;0;0;0
0;8;0.00;0.00;0;0;0
0;9;0.00;0.00;0;0;0
0;8;0.00;0.00;0;0;0
0;8;0.00;0.00;0;0;0
0;8;0.00;0.00;0;0;0
0;10;0.00;0.00;0;0;0
0;7;0.00;0.00;0;0;0
0;8;0.00;0.00;0;0;0
0;8;0.00;0.00;0;0;0
0;8;0.00;0.00;0;0;0
0;8;0.00;0.00;0;0;0
0;8;0.00;0.00;0;0;0
0;9;0.00;0.00;0;0;0
0;8;0.00;0.00;0;0;0
0;8;0.00;0.00;0;0;0
0;8;0.00;0.00;0;0;0
0;8;0.00;0.00;0;0;0
0;9;0.00;0.00;0;0;0
0;8;0.00;0.00;0;0;0
0;12;0.00;0.00;0;0;0
0;14;0.00;0.00;0;0;0
0;7;0.00;0.00;0;0;0
0;7;0.00;0.00;0;0;0
0;12;0.00;0.00;0;0;0
0;5;0.00;0.00;0;0;0
0;7;0.00;0.00;0;0;0
0;9;0.00;0.00;0;0;0
0;11;0.00;0.00;0;0;0
0;8;0.00;0.00;0;0;0
0;6;0.00;0.00;0;0;0
0;7;0.00;0.00;0;0;0
0;8;0.00;0.00;0;0;0
0;12;0.00;0.00;0;0;0
0;6;0.00;0.00;0;0;0
0;8;0.00;0.00;0;0;0
0;8;0.00;0.00;0;0;0
0;8;0.00;0.00;0;0;0
0;9;0.00;0.00;0;0;0
0;11;0.00;0.00;0;0;0
0;5;0.00;0.00;0;0;0
0;8;0.00;0.00;0;0;0
0;7;0.00;0.00;0;0;0
0;9;0.00;0.00;0;0;0
0;8;0.00;0.00;0;0;0
0;8;0.00;0.00;0;0;0
0;9;0.00;0.00;0;0;0
0;8;0.00;0.00;0;0;0
0;9;0.00;0.00;0;0;0
0;7;0.00;0.00;0;0;0
0;11;0.00;0.00;0;0;0
0;6;0.00;0.00;0;0;0
0;7;0.00;0.00;0;0;0
0;8;0.00;0.00;0;0;0
0;9;0.00;0.00;0;0;0
0;9;0.00;0.00;0;0;0
0;7;0.00;0.00;0;0;0
0;11;0.00;0.00;0;0;0
0;6;0.00;0.00;0;0;0
0;9;0.00;0.00;0;0;0
0;8;0.00;0.00;0;0;0
0;11;0.00;0.00;0;0;0
0;5;0.00;0.00;0;0;0
0;7;0.00;0.00;0;0;0
0;9;0.00;0.00;0;0;0
0;12;0.00;0.00;0;0;0
0;5;0.00;0.00;0;0;0
0;7;0.00;0.00;0;0;0
0;8;0.00;0.00;0;0;0
0;9;0.00;0.00;0;0;0
0;12;0.00;0.00;0;0;0
0;5;0.00;0.00;0;0;0
0;7;0.00;0.00;0;0;0
0;9;0.00;0.00;0;0;0
0;9;0.00;0.00;0;0;0
0;8;0.00;0.00;0;0;0
0;7;0.00;0.00;0;0;0
0;11;0.00;0.00;0;0;0
0;5;0.00;0.00;0;0;0
0;8;0.00;0.00;0;0;0
0;11;0.00;0.00;0;0;0
0;8;0.00;0.00;0;0;0
0;7;0.00;0.00;0;0;0
0;7;0.00;0.00;0;0;0
0;8;0.00;0.00;0;0;0
0;11;0.00;0.00;0;0;0
0;7;0.00;0.00;0;0;0
0;8;0.00;0.00;0;0;0
0;7;0.00;0.00;0;0;0
0;8;0.00;0.00;0;0;0
0;9;0.00;0.00;0;0;0
0;8;0.00;0.00;0;0;0
0;8;0.00;0.00;0;0;0
0;8;0.00;0.00;0;0;0
0;8;0.00;0.00;0;0;0
0;9;0.00;0.00;0;0;0
0;8;0.00;0.00;0;0;0
0;8;0.00;0.00;0;0;0
0;8;0.00;0.00;0;0;0
0;8;0.00;0.00;0;0;0
0;9;0.00;0.00;0;0;0
0;8;0.00;0.00;0;0;0
0;11;0.00;0.00;0;0;0
0;6;0.00;0.00;0;0;0
0;7;0.00;0.00;0;0;0
0;8;0.00;0.00;0;0;0
0;14;0.00;0.00;0;0;0
0;7;0.00;0.00;0;0;0
0;8;0.00;0.00;0;0;0
0;8;0.00;0.00;0;0;0
0;9;0.00;0.00;0;0;0
0;8;0.00;0.00;0;0;0
0;8;0.00;0.00;0;0;0
0;8;0.00;0.00;0;0;0
0;8;0.00;0.00;0;0;0
0;10;0.00;0.00;0;0;0
0;8;0.00;0.00;0;0;0
0;10;0.00;0.00;0;0;0
0;6;0.00;0.00;0;0;0
0;7;0.00;0.00;0;0;0
0;8;0.00;0.00;0;0;0
0;13;0.00;0.00;0;0;0
0;5;0.00;0.00;0;0;0
0;7;0.00;0.00;0;0;0
0;8;0.00;0.00;0;0;0
0;15;0.00;0.00;0;0;0
0;11;0.00;0.00;0;0;0
0;7;0.00;0.00;0;0;0
0;8;0.00;0.00;0;0;0
0;10;0.00;0.00;0;0;0
0;8;0.00;0.00;0;0;0
0;7;0.00;0.00;0;0;0
0;8;0.00;0.00;0;0;0
0;8;0.00;0.00;0;0;0
0;9;0.00;0.00;0;0;0
0;8;0.00;0.00;0;0;0
0;8;0.00;0.00;0;0;0
0;8;0.00;0.00;0;0;0
0;12;0.00;0.00;0;0;0
0;8;0.00;0.00;0;0;0
0;9;0.00;0.00;0;0;0
0;11;0.00;0.00;0;0;0
0;6;0.00;0.00;0;0;0
0;7;0.00;0.00;0;0;0
0;10;0.00;0.00;0;0;0
0;10;0.00;0.00;0;0;0
0;6;0.00;0.00;0;0;0
0;7;0.00;0.00;0;0;0
0;8;0.00;0.00;0;0;0
0;12;0.00;0.00;0;0;0
0;7;0.00;0.00;0;0;0
0;6;0.00;0.00;0;0;0
0;8;0.00;0.00;0;0;0
0;12;0.00;0.00;0;0;0
0;5;0.00;0.00;0;0;0
0;7;0.00;0.00;0;0;0
0;9;0.00;0.00;0;0;0
0;12;0.00;0.00;0;0;0
0;8;0.00;0.00;0;0;0
0;8;0.00;0.00;0;0;0
0;12;0.00;0.00;0;0;0
0;6;0.00;0.00;0;0;0
0;7;0.00;0.00;0;0;0
0;8;0.00;0.00;0;0;0
0;15;0.00;0.00;0;0;0
0;7;0.00;0.00;0;0;0
0;7;0.00;0.00;0;0;0
0;8;0.00;0.00;0;0;0
0;8;0.00;0.00;0;0;0
0;8;0.00;0.00;0;0;0
0;9;0.00;0.00;0;0;0
0;8;0.00;0.00;0;0;0
0;8;0.00;0.00;0;0;0
0;8;0.00;0.00;0;0;0
0;8;0.00;0.00;0;0;0
0;8;0.00;0.00;0;0;0
0;9;0.00;0.00;0;0;0
0;8;0.00;0.00;0;0;0
0;8;0.00;0.00;0;0;0
0;8;0.00;0.00;0;0;0
0;8;0.00;0.00;0;0;0
0;13;0.00;0.00;0;0;0
0;5;0.00;0.00;0;0;0
0;7;0.00;0.00;0;0;0
0;8;0.00;0.00;0;0;0
0;11;0.00;0.00;0;0;0
0;7;0.00;0.00;0;0;0
0;7;0.00;0.00;0;0;0
0;8;0.00;0.00;0;0;0
0;9;0.00;0.00;0;0;0
0;7;0.00;0.00;0;0;0
0;10;0.00;0.00;0;0;0
0;7;0.00;0.00;0;0;0
0;12;0.00;0.00;0;0;0
0;5;0.00;0.00;0;0;0
0;7;0.00;0.00;0;0;0
0;9;0.00;0.00;0;0;0
0;11;0.00;0.00;0;0;0
0;5;0.00;0.00;0;0;0
0;9;0.00;0.00;0;0;0
0;7;0.00;0.00;0;0;0
0;11;0.00;0.00;0;0;0
0;7;0.00;0.00;0;0;0
0;7;0.00;0.00;0;0;0
0;13;0.00;0.00;0;0;0
0;7;0.00;0.00;0;0;0
0;9;0.00;0.00;0;0;0
0;8;0.00;0.00;0;0;0
0;11;0.00;0.00;0;0;0
0;6;0.00;0.00;0;0;0
0;7;0.00;0.00;0;0;0
0;9;0.00;0.00;0;0;0
0;8;0.00;0.00;0;0;0
0;8;0.00;0.00;0;0;0
0;8;0.00;0.00;0;0;0
0;8;0.00;0.00;0;0;0
0;8;0.00;0.00;0;0;0
0;9;0.00;0.00;0;0;0
0;8;0.00;0.00;0;0;0
0;8;0.00;0.00;0;0;0
0;12;0.00;0.00;0;0;0
0;9;0.00;0.00;0;0;0
0;8;0.00;0.00;0;0;0
0;8;0.00;0.00;0;0;0
0;8;0.00;0.00;0;0;0
0;8;0.00;0.00;0;0;0
0;8;0.00;0.00;0;0;0
0;9;0.00;0.00;0;0;0
0;8;0.00;0.00;0;0;0
0;19;0.00;0.00;0;0;0
0;6;0.00;0.00;0;0;0
0;8;0.00;0.00;0;0;0
0;11;0.00;0.00;0;0;0
0;6;0.00;0.00;0;0;0
0;7;0.00;0.00;0;0;0
0;8;0.00;0.00;0;0;0
0;11;0.00;0.00;0;0;0
0;6;0.00;0.00;0;0;0
0;8;0.00;0.00;0;0;0
0;8;0.00;0.00;0;0;0
0;9;0.00;0.00;0;0;0
0;8;0.00;0.00;0;0;0
0;9;0.00;0.00;0;0;0
0;8;0.00;0.00;0;0;0
0;10;0.00;0.00;0;0;0
0;5;0.00;0.00;0;0;0
0;9;0.00;0.00;0;0;0
0;8;0.00;0.00;0;0;0
0;10;0.00;0.00;0;0;0
0;7;0.00;0.00;0;0;0
0;8;0.00;0.00;0;0;0
0;7;0.00;0.00;0;0;0
0;10;0.00;0.00;0;0;0
0;8;0.00;0.00;0;0;0
0;8;0.00;0.00;0;0;0
0;7;0.00;0.00;0;0;0
0;8;0.00;0.00;0;0;0
0;9;0.00;0.00;0;0;0
0;9;0.00;0.00;0;0;0
0;10;0.00;0.00;0;0;0
0;6;0.00;0.00;0;0;0
0;7;0.00;0.00;0;0;0
0;9;0.00;0.00;0;0;0
0;13;0.00;0.00;0;0;0
0;7;0.00;0.00;0;0;0
0;8;0.00;0.00;0;0;0
0;8;0.00;0.00;0;0;0
0;9;0.00;0.00;0;0;0
0;10;0.00;0.00;0;0;0
0;6;0.00;0.00;0;0;0
0;8;0.00;0.00;0;0;0
0;8;0.00;0.00;0;0;0
0;9;0.00;0.00;0;0;0
0;8;0.00;0.00;0;0;0
0;8;0.00;0.00;0;0;0
0;8;0.00;0.00;0;0;0
0;8;0.00;0.00;0;0;0
0;9;0.00;0.00;0;0;0
0;9;0.00;0.00;0;0;0
0;7;0.00;0.00;0;0;0
0;12;0.00;0.00;0;0;0
0;7;0.00;0.00;0;0;0
0;6;0.00;0.00;0;0;0
0;9;0.00;0.00;0;0;0
0;10;0.00;0.00;0;0;0
0;6;0.00;0.00;0;0;0
0;7;0.00;0.00;0;0;0
0;8;0.00;0.00;0;0;0
0;11;0.00;0.00;0;0;0
0;6;0.00;0.00;0;0;0
0;8;0.00;0.00;0;0;0
0;8;0.00;0.00;0;0;0
0;10;0.00;0.00;0;0;0
0;10;0.00;0.00;0;0;0
0;5;0.00;0.00;0;0;0
0;8;0.00;0.00;0;0;0
0;9;0.00;0.00;0;0;0
0;7;0.00;0.00;0;0;0
0;9;0.00;0.00;0;0;0
0;8;0.00;0.00;0;0;0
0;10;0.00;0.00;0;0;0
0;6;0.00;0.00;0;0;0
0;8;0.00;0.00;0;0;0
0;9;0.00;0.00;0;0;0
0;10;0.00;0.00;0;0;0
0;6;0.00;0.00;0;0;0
0;8;0.00;0.00;0;0;0
0;8;0.00;0.00;0;0;0
0;12;0.00;0.00;0;0;0
0;5;0.00;0.00;0;0;0
0;8;0.00;0.00;0;0;0
0;8;0.00;0.00;0;0;0
0;9;0.00;0.00;0;0;0
0;7;0.00;0.00;0;0;0
0;9;0.00;0.00;0;0;0
0;8;0.00;0.00;0;0;0
0;9;0.00;0.00;0;0;0
0;7;0.00;0.00;0;0;0
0;8;0.00;0.00;0;0;0
0;9;0.00;0.00;0;0;0
0;8;0.00;0.00;0;0;0
0;8;0.00;0.00;0;0;0
0;8;0.00;0.00;0;0;0
0;8;0.00;0.00;0;0;0
0;9;0.00;0.00;0;0;0
0;8;0.00;0.00;0;0;0
0;8;0.00;0.00;0;0;0
0;8;0.00;0.00;0;0;0
0;8;0.00;0.00;0;0;0
0;12;0.00;0.00;0;0;0
0;5;0.00;0.00;0;0;0
0;8;0.00;0.00;0;0;0
0;8;0.00;0.00;0;0;0
0;11;0.00;0.00;0;0;0
0;8;0.00;0.00;0;0;0
0;6;0.00;0.00;0;0;0
0;8;0.00;0.00;0;0;0
0;12;0.00;0.00;0;0;0
0;5;0.00;0.00;0;0;0
0;7;0.00;0.00;0;0;0
0;9;0.00;0.00;0;0;0
0;11;0.00;0.00;0;0;0
0;5;0.00;0.00;0;0;0
0;8;0.00;0.00;0;0;0
0;9;0.00;0.00;0;0;0
0;10;0.00;0.00;0;0;0
0;7;0.00;0.00;0;0;0
0;7;0.00;0.00;0;0;0
0;8;0.00;0.00;0;0;0
0;11;0.00;0.00;0;0;0
0;7;0.00;0.00;0;0;0
0;7;0.00;0.00;0;0;0
0;8;0.00;0.00;0;0;0
0;8;0.00;0.00;0;0;0
0;10;0.00;0.00;0;0;0
0;7;0.00;0.00;0;0;0
0;8;0.00;0.00;0;0;0
0;8;0.00;0.00;0;0;0
0;8;0.00;0.00;0;0;0
0;8;0.00;0.00;0;0;0
0;8;0.00;0.00;0;0;0
0;13;0.00;0.00;0;0;0
0;8;0.00;0.00;0;0;0
0;8;0.00;0.00;0;0;0
0;15;0.00;0.00;0;0;0
0;6;0.00;0.00;0;0;0
0;8;0.00;0.00;0;0;0
0;8;0.00;0.00;0;0;0
0;8;0.00;0.00;0;0;0
0;8;0.00;0.00;0;0;0
0;9;0.00;0.00;0;0;0
0;8;0.00;0.00;0;0;0
0;8;0.00;0.00;0;0;0
0;10;0.00;0.00;0;0;0
0;7;0.00;0.00;0;0;0
0;8;0.00;0.00;0;0;0
0;8;0.00;0.00;0;0;0
0;11;0.00;0.00;0;0;0
0;5;0.00;0.00;0;0;0
0;8;0.00;0.00;0;0;0
0;9;0.00;0.00;0;0;0
0;8;0.00;0.00;0;0;0
0;8;0.00;0.00;0;0;0
0;8;0.00;0.00;0;0;0
0;8;0.00;0.00;0;0;0
0;8;0.00;0.00;0;0;0
0;9;0.00;0.00;0;0;0
0;8;0.00;0.00;0;0;0
0;8;0.00;0.00;0;0;0
0;10;0.00;0.00;0;0;0
0;6;0.00;0.00;0;0;0
0;9;0.00;0.00;0;0;0
0;8;0.00;0.00;0;0;0
0;8;0.00;0.00;0;0;0
0;8;0.00;0.00;0;0;0
0;8;0.00;0.00;0;0;0
0;9;0.00;0.00;0;0;0
0;10;0.00;0.00;0;0;0
0;6;0.00;0.00;0;0;0
0;8;0.00;0.00;0;0;0
0;8;0.00;0.00;0;0;0
0;13;0.00;0.00;0;0;0
0;8;0.00;0.00;0;0;0
0;8;0.00;0.00;0;0;0
0;8;0.00;0.00;0;0;0
0;8;0.00;0.00;0;0;0
0;9;0.00;0.00;0;0;0
0;8;0.00;0.00;0;0;0
0;9;0.00;0.00;0;0;0
0;7;0.00;0.00;0;0;0
0;8;0.00;0.00;0;0;0
0;9;0.00;0.00;0;0;0
0;9;0.00;0.00;0;0;0
0;10;0.00;0.00;0;0;0
0;5;0.00;0.00;0;0;0
0;8;0.00;0.00;0;0;0
0;10;0.00;0.00;0;0;0
0;7;0.00;0.00;0;0;0
0;8;0.00;0.00;0;0;0
0;8;0.00;0.00;0;0;0
0;8;0.00;0.00;0;0;0
0;8;0.00;0.00;0;0;0
0;10;0.00;0.00;0;0;0
0;8;0.00;0.00;0;0;0
0;7;0.00;0.00;0;0;0
0;12;0.00;0.00;0;0;0
0;9;0.00;0.00;0;0;0
0;8;0.00;0.00;0;0;0
0;8;0.00;0.00;0;0;0
0;10;0.00;0.00;0;0;0
0;6;0.00;0.00;0;0;0
0;9;0.00;0.00;0;0;0
0;8;0.00;0.00;0;0;0
0;10;0.00;0.00;0;0;0
0;6;0.00;0.00;0;0;0
0;8;0.00;0.00;0;0;0
0;8;0.00;0.00;0;0;0
0;10;0.00;0.00;0;0;0
0;7;0.00;0.00;0;0;0
0;12;0.00;0.00;0;0;0
0;11;0.00;0.00;0;0;0
0;6;0.00;0.00;0;0;0
0;8;0.00;0.00;0;0;0
0;11;0.00;0.00;0;0;0
0;10;0.00;0.00;0;0;0
0;7;0.00;0.00;0;0;0
0;9;0.00;0.00;0;0;0
0;8;0.00;0.00;0;0;0
0;8;0.00;0.00;0;0;0
0;8;0.00;0.00;0;0;0
0;8;0.00;0.00;0;0;0
0;13;0.00;0.00;0;0;0
0;8;0.00;0.00;0;0;0
0;8;0.00;0.00;0;0;0
0;8;0.00;0.00;0;0;0
0;10;0.00;0.00;0;0;0
0;7;0.00;0.00;0;0;0
0;8;0.00;0.00;0;0;0
0;8;0.00;0.00;0;0;0
0;8;0.00;0.00;0;0;0
0;8;0.00;0.00;0;0;0
0;9;0.00;0.00;0;0;0
0;8;0.00;0.00;0;0;0
0;8;0.00;0.00;0;0;0
0;8;0.00;0.00;0;0;0
0;8;0.00;0.00;0;0;0
0;9;0.00;0.00;0;0;0
0;9;0.00;0.00;0;0;0
0;8;0.00;0.00;0;0;0
0;8;0.00;0.00;0;0;0
0;7;0.00;0.00;0;0;0
0;8;0.00;0.00;0;0;0
0;9;0.00;0.00;0;0;0
0;8;0.00;0.00;0;0;0
0;8;0.00;0.00;0;0;0
0;8;0.00;0.00;0;0;0
0;12;0.00;0.00;0;0;0
0;5;0.00;0.00;0;0;0
0;11;0.00;0.00;0;0;0
0;5;0.00;0.00;0;0;0
0;8;0.00;0.00;0;0;0
0;8;0.00;0.00;0;0;0
0;9;0.00;0.00;0;0;0
0;11;0.00;0.00;0;0;0
0;8;0.00;0.00;0;0;0
0;5;0.00;0.00;0;0;0
0;8;0.00;0.00;0;0;0
0;9;0.00;0.00;0;0;0
0;13;0.00;0.00;0;0;0
0;7;0.00;0.00;0;0;0
0;8;0.00;0.00;0;0;0
0;9;0.00;0.00;0;0;0
0;8;0.00;0.00;0;0;0
0;8;0.00;0.00;0;0;0
0;8;0.00;0.00;0;0;0
0;8;0.00;0.00;0;0;0
0;8;0.00;0.00;0;0;0
0;9;0.00;0.00;0;0;0
0;8;0.00;0.00;0;0;0
0;8;0.00;0.00;0;0;0
0;8;0.00;0.00;0;0;0
0;8;0.00;0.00;0;0;0
0;9;0.00;0.00;0;0;0
0;12;0.00;0.00;0;0;0
0;6;0.00;0.00;0;0;0
0;6;0.00;0.00;0;0;0
0;8;0.00;0.00;0;0;0
0;8;0.00;0.00;0;0;0
0;9;0.00;0.00;0;0;0
0;8;0.00;0.00;0;0;0
0;8;0.00;0.00;0;0;0
0;8;0.00;0.00;0;0;0
0;8;0.00;0.00;0;0;0
0;9;0.00;0.00;0;0;0
0;8;0.00;0.00;0;0;0
0;8;0.00;0.00;0;0;0
0;8;0.00;0.00;0;0;0
0;13;0.00;0.00;0;0;0
0;8;0.00;0.00;0;0;0
0;8;0.00;0.00;0;0;0
0;8;0.00;0.00;0;0;0
0;8;0.00;0.00;0;0;0
0;8;0.00;0.00;0;0;0
0;9;0.00;0.00;0;0;0
0;8;0.00;0.00;0;0;0
0;8;0.00;0.00;0;0;0
0;8;0.00;0.00;0;0;0
0;8;0.00;0.00;0;0;0
0;15;0.00;0.00;0;0;0
0;6;0.00;0.00;0;0;0
0;11;0.00;0.00;0;0;0
0;5;0.00;0.00;0;0;0
0;8;0.00;0.00;0;0;0
0;9;0.00;0.00;0;0;0
0;8;0.00;0.00;0;0;0
0;10;0.00;0.00;0;0;0
0;6;0.00;0.00;0;0;0
0;8;0.00;0.00;0;0;0
0;9;0.00;0.00;0;0;0
0;11;0.00;0.00;0;0;0
0;5;0.00;0.00;0;0;0
0;8;0.00;0.00;0;0;0
0;8;0.00;0.00;0;0;0
0;14;0.00;0.00;0;0;0
0;7;0.00;0.00;0;0;0
0;9;0.00;0.00;0;0;0
0;10;0.00;0.00;0;0;0
0;8;0.00;0.00;0;0;0
0;6;0.00;0.00;0;0;0
0;8;0.00;0.00;0;0;0
0;8;0.00;0.00;0;0;0
0;8;0.00;0.00;0;0;0
0;8;0.00;0.00;0;0;0
0;9;0.00;0.00;0;0;0
0;12;0.00;0.00;0;0;0
0;4;0.00;0.00;0;0;0
0;8;0.00;0.00;0;0;0
0;8;0.00;0.00;0;0;0
0;9;0.00;0.00;0;0;0
0;8;0.00;0.00;0;0;0
0;8;0.00;0.00;0;0;0
0;8;0.00;0.00;0;0;0
0;11;0.00;0.00;0;0;0
0;6;0.00;0.00;0;0;0
0;12;0.00;0.00;0;0;0
0;8;0.00;0.00;0;0;0
0;8;0.00;0.00;0;0;0
0;11;0.00;0.00;0;0;0
0;7;0.00;0.00;0;0;0
0;8;0.00;0.00;0;0;0
0;7;0.00;0.00;0;0;0
0;11;0.00;0.00;0;0;0
0;8;0.00;0.00;0;0;0
0;6;0.00;0.00;0;0;0
0;8;0.00;0.00;0;0;0
0;10;0.00;0.00;0;0;0
0;6;0.00;0.00;0;0;0
0;8;0.00;0.00;0;0;0
0;9;0.00;0.00;0;0;0
0;8;0.00;0.00;0;0;0
0;8;0.00;0.00;0;0;0
0;8;0.00;0.00;0;0;0
0;11;0.00;0.00;0;0;0
0;5;0.00;0.00;0;0;0
0;9;0.00;0.00;0;0;0
0;8;0.00;0.00;0;0;0
0;8;0.00;0.00;0;0;0
0;9;0.00;0.00;0;0;0
0;7;0.00;0.00;0;0;0
0;9;0.00;0.00;0;0;0
0;8;0.00;0.00;0;0;0
0;9;0.00;0.00;0;0;0
0;7;0.00;0.00;0;0;0
0;8;0.00;0.00;0;0;0
0;9;0.00;0.00;0;0;0
0;12;0.00;0.00;0;0;0
0;8;0.00;0.00;0;0;0
0;8;0.00;0.00;0;0;0
0;14;0.00;0.00;0;0;0
0;7;0.00;0.00;0;0;0
0;8;0.00;0.00;0;0;0
0;8;0.00;0.00;0;0;0
0;10;0.00;0.00;0;0;0
0;6;0.00;0.00;0;0;0
0;9;0.00;0.00;0;0;0
0;8;0.00;0.00;0;0;0
0;8;0.00;0.00;0;0;0
0;8;0.00;0.00;0;0;0
0;8;0.00;0.00;0;0;0
0;9;0.00;0.00;0;0;0
0;8;0.00;0.00;0;0;0
0;13;0.00;0.00;0;0;0
0;7;0.00;0.00;0;0;0
0;9;0.00;0.00;0;0;0
0;8;0.00;0.00;0;0;0
0;8;0.00;0.00;0;0;0
0;8;0.00;0.00;0;0;0
0;8;0.00;0.00;0;0;0
0;8;0.00;0.00;0;0;0
0;10;0.00;0.00;0;0;0
0;7;0.00;0.00;0;0;0
0;8;0.00;0.00;0;0;0
0;8;0.00;0.00;0;0;0
0;8;0.00;0.00;0;0;0
0;9;0.00;0.00;0;0;0
0;8;0.00;0.00;0;0;0
0;10;0.00;0.00;0;0;0
0;6;0.00;0.00;0;0;0
0;8;0.00;0.00;0;0;0
0;9;0.00;0.00;0;0;0
0;8;0.00;0.00;0;0;0
0;8;0.00;0.00;0;0;0
0;8;0.00;0.00;0;0;0
0;8;0.00;0.00;0;0;0
0;9;0.00;0.00;0;0;0
0;8;0.00;0.00;0;0;0
0;8;0.00;0.00;0;0;0
0;8;0.00;0.00;0;0;0
0;9;0.00;0.00;0;0;0
0;8;0.00;0.00;0;0;0
0;8;0.00;0.00;0;0;0
0;8;0.00;0.00;0;0;0
0;11;0.00;0.00;0;0;0
0;5;0.00;0.00;0;0;0
0;8;0.00;0.00;0;0;0
0;9;0.00;0.00;0;0;0
0;11;0.00;0.00;0;0;0
0;9;0.00;0.00;0;0;0
0;8;0.00;0.00;0;0;0
0;13;0.00;0.00;0;0;0
0;8;0.00;0.00;0;0;0
0;8;0.00;0.00;0;0;0
0;8;0.00;0.00;0;0;0
0;11;0.00;0.00;0;0;0
0;6;0.00;0.00;0;0;0
0;8;0.00;0.00;0;0;0
0;18;0.00;0.00;0;0;0
0;8;0.00;0.00;0;0;0
0;19;0.00;0.00;0;0;0
0;8;0.00;0.00;0;0;0
0;8;0.00;0.00;0;0;0
0;8;0.00;0.00;0;0;0
0;9;0.00;0.00;0;0;0
0;8;0.00;0.00;0;0;0
0;9;0.00;0.00;0;0;0
0;7;0.00;0.00;0;0;0
0;8;0.00;0.00;0;0;0
0;9;0.00;0.00;0;0;0
0;10;0.00;0.00;0;0;0
0;7;0.00;0.00;0;0;0
0;7;0.00;0.00;0;0;0
0;8;0.00;0.00;0;0;0
0;9;0.00;0.00;0;0;0
0;8;0.00;0.00;0;0;0
0;8;0.00;0.00;0;0;0
0;8;0.00;0.00;0;0;0
0;8;0.00;0.00;0;0;0
0;8;0.00;0.00;0;0;0
0;9;0.00;0.00;0;0;0
0;8;0.00;0.00;0;0;0
0;8;0.00;0.00;0;0;0
0;8;0.00;0.00;0;0;0
0;8;0.00;0.00;0;0;0
0;9;0.00;0.00;0;0;0
0;8;0.00;0.00;0;0;0
0;8;0.00;0.00;0;0;0
0;8;0.00;0.00;0;0;0
0;8;0.00;0.00;0;0;0
0;9;0.00;0.00;0;0;0
0;8;0.00;0.00;0;0;0
0;8;0.00;0.00;0;0;0
0;8;0.00;0.00;0;0;0
0;8;0.00;0.00;0;0;0
0;9;0.00;0.00;0;0;0
0;8;0.00;0.00;0;0;0
0;8;0.00;0.00;0;0;0
0;8;0.00;0.00;0;0;0
0;8;0.00;0.00;0;0;0
0;9;0.00;0.00;0;0;0
0;8;0.00;0.00;0;0;0
0;8;0.00;0.00;0;0;0
0;8;0.00;0.00;0;0;0
0;8;0.00;0.00;0;0;0
0;8;0.00;0.00;0;0;0
0;9;0.00;0.00;0;0;0
0;8;0.00;0.00;0;0;0
0;8;0.00;0.00;0;0;0
0;8;0.00;0.00;0;0;0
0;8;0.00;0.00;0;0;0
0;11;0.00;0.00;0;0;0
0;6;0.00;0.00;0;0;0
0;8;0.00;0.00;0;0;0
0;8;0.00;0.00;0;0;0
0;8;0.00;0.00;0;0;0
0;9;0.00;0.00;0;0;0
0;8;0.00;0.00;0;0;0
0;8;0.00;0.00;0;0;0
0;9;0.00;0.00;0;0;0
0;7;0.00;0.00;0;0;0
0;9;0.00;0.00;0;0;0
0;8;0.00;0.00;0;0;0
0;8;0.00;0.00;0;0;0
0;8;0.00;0.00;0;0;0
0;8;0.00;0.00;0;0;0
0;8;0.00;0.00;0;0;0
0;11;0.00;0.00;0;0;0
0;6;0.00;0.00;0;0;0
0;8;0.00;0.00;0;0;0
0;9;0.00;0.00;0;0;0
0;7;0.00;0.00;0;0;0
0;9;0.00;0.00;0;0;0
0;8;0.00;0.00;0;0;0
0;11;0.00;0.00;0;0;0
0;6;0.00;0.00;0;0;0
0;7;0.00;0.00;0;0;0
0;9;0.00;0.00;0;0;0
0;10;0.00;0.00;0;0;0
0;8;0.00;0.00;0;0;0
0;6;0.00;0.00;0;0;0
0;8;0.00;0.00;0;0;0
0;10;0.00;0.00;0;0;0
0;7;0.00;0.00;0;0;0
0;8;0.00;0.00;0;0;0
0;8;0.00;0.00;0;0;0
0;8;0.00;0.00;0;0;0
0;9;0.00;0.00;0;0;0
0;8;0.00;0.00;0;0;0
0;8;0.00;0.00;0;0;0
0;8;0.00;0.00;0;0;0
0;8;0.00;0.00;0;0;0
0;11;0.00;0.00;0;0;0
0;6;0.00;0.00;0;0;0
0;8;0.00;0.00;0;0;0
0;8;0.00;0.00;0;0;0
0;8;0.00;0.00;0;0;0
0;8;0.00;0.00;0;0;0
0;9;0.00;0.00;0;0;0
0;8;0.00;0.00;0;0;0
0;8;0.00;0.00;0;0;0
0;8;0.00;0.00;0;0;0
0;8;0.00;0.00;0;0;0
0;9;0.00;0.00;0;0;0
0;8;0.00;0.00;0;0;0
0;8;0.00;0.00;0;0;0
0;8;0.00;0.00;0;0;0
0;8;0.00;0.00;0;0;0
0;9;0.00;0.00;0;0;0
0;8;0.00;0.00;0;0;0
0;8;0.00;0.00;0;0;0
0;8;0.00;0.00;0;0;0
0;8;0.00;0.00;0;0;0
0;9;0.00;0.00;0;0;0
0;8;0.00;0.00;0;0;0
0;11;0.00;0.00;0;0;0
0;5;0.00;0.00;0;0;0
0;8;0.00;0.00;0;0;0
0;8;0.00;0.00;0;0;0
0;13;0.00;0.00;0;0;0
0;8;0.00;0.00;0;0;0
0;8;0.00;0.00;0;0;0
0;17;0.00;0.00;0;0;0
0;9;0.00;0.00;0;0;0
0;7;0.00;0.00;0;0;0
0;10;0.00;0.00;0;0;0
0;6;0.00;0.00;0;0;0
0;8;0.00;0.00;0;0;0
0;9;0.00;0.00;0;0;0
0;12;0.00;0.00;0;0;0
0;8;0.00;0.00;0;0;0
0;11;0.00;0.00;0;0;0
0;13;0.00;0.00;0;0;0
0;5;0.00;0.00;0;0;0
0;8;0.00;0.00;0;0;0
0;8;0.00;0.00;0;0;0
0;13;0.00;0.00;0;0;0
0;8;0.00;0.00;0;0;0
0;8;0.00;0.00;0;0;0
0;8;0.00;0.00;0;0;0
0;9;0.00;0.00;0;0;0
0;7;0.00;0.00;0;0;0
0;17;0.00;0.00;0;0;0
0;7;0.00;0.00;0;0;0
0;9;0.00;0.00;0;0;0
0;8;0.00;0.00;0;0;0
0;9;0.00;0.00;0;0;0
0;8;0.00;0.00;0;0;0
0;8;0.00;0.00;0;0;0
0;8;0.00;0.00;0;0;0
0;8;0.00;0.00;0;0;0
0;9;0.00;0.00;0;0;0
0;8;0.00;0.00;0;0;0
0;8;0.00;0.00;0;0;0
0;7;0.00;0.00;0;0;0
0;9;0.00;0.00;0;0;0
0;12;0.00;0.00;0;0;0
0;5;0.00;0.00;0;0;0
0;8;0.00;0.00;0;0;0
0;8;0.00;0.00;0;0;0
0;8;0.00;0.00;0;0;0
0;9;0.00;0.00;0;0;0
0;8;0.00;0.00;0;0;0
0;8;0.00;0.00;0;0;0
0;9;0.00;0.00;0;0;0
0;7;0.00;0.00;0;0;0
0;8;0.00;0.00;0;0;0
0;9;0.00;0.00;0;0;0
0;11;0.00;0.00;0;0;0
0;5;0.00;0.00;0;0;0
0;8;0.00;0.00;0;0;0
0;8;0.00;0.00;0;0;0
0;10;0.00;0.00;0;0;0
0;7;0.00;0.00;0;0;0
0;8;0.00;0.00;0;0;0
0;8;0.00;0.00;0;0;0
0;11;0.00;0.00;0;0;0
0;6;0.00;0.00;0;0;0
0;8;0.00;0.00;0;0;0
0;8;0.00;0.00;0;0;0
0;11;0.00;0.00;0;0;0
0;13;0.00;0.00;0;0;0
0;5;0.00;0.00;0;0;0
0;8;0.00;0.00;0;0;0
0;8;0.00;0.00;0;0;0
0;8;0.00;0.00;0;0;0
0;8;0.00;0.00;0;0;0
0;9;0.00;0.00;0;0;0
0;8;0.00;0.00;0;0;0
0;9;0.00;0.00;0;0;0
0;7;0.00;0.00;0;0;0
0;8;0.00;0.00;0;0;0
0;9;0.00;0.00;0;0;0
0;8;0.00;0.00;0;0;0
0;13;0.00;0.00;0;0;0
0;7;0.00;0.00;0;0;0
0;11;0.00;0.00;0;0;0
0;6;0.00;0.00;0;0;0
0;8;0.00;0.00;0;0;0
0;8;0.00;0.00;0;0;0
0;10;0.00;0.00;0;0;0
0;6;0.00;0.00;0;0;0
0;9;0.00;0.00;0;0;0
0;8;0.00;0.00;0;0;0
0;8;0.00;0.00;0;0;0
0;8;0.00;0.00;0;0;0
0;8;0.00;0.00;0;0;0
0;9;0.00;0.00;0;0;0
0;11;0.00;0.00;0;0;0
0;7;0.00;0.00;0;0;0
0;6;0.00;0.00;0;0;0
0;8;0.00;0.00;0;0;0
0;10;0.00;0.00;0;0;0
0;8;0.00;0.00;0;0;0
0;7;0.00;0.00;0;0;0
0;8;0.00;0.00;0;0;0
0;9;0.00;0.00;0;0;0
0;7;0.00;0.00;0;0;0
0;9;0.00;0.00;0;0;0
0;8;0.00;0.00;0;0;0
0;8;0.00;0.00;0;0;0
0;8;0.00;0.00;0;0;0
0;8;0.00;0.00;0;0;0
0;9;0.00;0.00;0;0;0
0;12;0.00;0.00;0;0;0
0;8;0.00;0.00;0;0;0
0;8;0.00;0.00;0;0;0
0;8;0.00;0.00;0;0;0
0;9;0.00;0.00;0;0;0
0;8;0.00;0.00;0;0;0
0;8;0.00;0.00;0;0;0
0;10;0.00;0.00;0;0;0
0;6;0.00;0.00;0;0;0
0;10;0.00;0.00;0;0;0
0;7;0.00;0.00;0;0;0
0;8;0.00;0.00;0;0;0
0;8;0.00;0.00;0;0;0
0;10;0.00;0.00;0;0;0
0;7;0.00;0.00;0;0;0
0;8;0.00;0.00;0;0;0
0;7;0.00;0.00;0;0;0
0;9;0.00;0.00;0;0;0
0;8;0.00;0.00;0;0;0
0;9;0.00;0.00;0;0;0
0;8;0.00;0.00;0;0;0
0;8;0.00;0.00;0;0;0
0;8;0.00;0.00;0;0;0
0;8;0.00;0.00;0;0;0
0;8;0.00;0.00;0;0;0
0;9;0.00;0.00;0;0;0
0;8;0.00;0.00;0;0;0
0;8;0.00;0.00;0;0;0
0;8;0.00;0.00;0;0;0
0;8;0.00;0.00;0;0;0
0;9;0.00;0.00;0;0;0
0;8;0.00;0.00;0;0;0
0;8;0.00;0.00;0;0;0
0;8;0.00;0.00;0;0;0
0;8;0.00;0.00;0;0;0
0;9;0.00;0.00;0;0;0
0;9;0.00;0.00;0;0;0
0;8;0.00;0.00;0;0;0
0;7;0.00;0.00;0;0;0
0;8;0.00;0.00;0;0;0
0;12;0.00;0.00;0;0;0
0;5;0.00;0.00;0;0;0
0;8;0.00;0.00;0;0;0
0;8;0.00;0.00;0;0;0
0;8;0.00;0.00;0;0;0
0;9;0.00;0.00;0;0;0
0;8;0.00;0.00;0;0;0
0;8;0.00;0.00;0;0;0
0;11;0.00;0.00;0;0;0
0;9;0.00;0.00;0;0;0
0;9;0.00;0.00;0;0;0
0;11;0.00;0.00;0;0;0
0;5;0.00;0.00;0;0;0
0;8;0.00;0.00;0;0;0
0;8;0.00;0.00;0;0;0
0;9;0.00;0.00;0;0;0
0;8;0.00;0.00;0;0;0
0;8;0.00;0.00;0;0;0
0;8;0.00;0.00;0;0;0
0;8;0.00;0.00;0;0;0
0;9;0.00;0.00;0;0;0
0;8;0.00;0.00;0;0;0
0;8;0.00;0.00;0;0;0
0;7;0.00;0.00;0;0;0
0;9;0.00;0.00;0;0;0
0;11;0.00;0.00;0;0;0
0;6;0.00;0.00;0;0;0
0;8;0.00;0.00;0;0;0
0;8;0.00;0.00;0;0;0
0;8;0.00;0.00;0;0;0
0;8;0.00;0.00;0;0;0
0;9;0.00;0.00;0;0;0
0;7;0.00;0.00;0;0;0
0;10;0.00;0.00;0;0;0
0;7;0.00;0.00;0;0;0
0;8;0.00;0.00;0;0;0
0;12;0.00;0.00;0;0;0
0;6;0.00;0.00;0;0;0
0;7;0.00;0.00;0;0;0
0;8;0.00;0.00;0;0;0
0;8;0.00;0.00;0;0;0
0;10;0.00;0.00;0;0;0
0;7;0.00;0.00;0;0;0
0;8;0.00;0.00;0;0;0
0;8;0.00;0.00;0;0;0
0;8;0.00;0.00;0;0;0
0;10;0.00;0.00;0;0;0
0;7;0.00;0.00;0;0;0
0;11;0.00;0.00;0;0;0
0;8;0.00;0.00;0;0;0
0;8;0.00;0.00;0;0;0
0;10;0.00;0.00;0;0;0
0;10;0.00;0.00;0;0;0
0;6;0.00;0.00;0;0;0
0;8;0.00;0.00;0;0;0
0;8;0.00;0.00;0;0;0
0;12;0.00;0.00;0;0;0
0;5;0.00;0.00;0;0;0
0;8;0.00;0.00;0;0;0
0;8;0.00;0.00;0;0;0
0;9;0.00;0.00;0;0;0
0;7;0.00;0.00;0;0;0
0;10;0.00;0.00;0;0;0
0;7;0.00;0.00;0;0;0
0;10;0.00;0.00;0;0;0
0;6;0.00;0.00;0;0;0
0;8;0.00;0.00;0;0;0
0;9;0.00;0.00;0;0;0
0;8;0.00;0.00;0;0;0
0;10;0.00;0.00;0;0;0
0;6;0.00;0.00;0;0;0
0;9;0.00;0.00;0;0;0
0;8;0.00;0.00;0;0;0
0;12;0.00;0.00;0;0;0
0;7;0.00;0.00;0;0;0
0;9;0.00;0.00;0;0;0
0;7;0.00;0.00;0;0;0
0;10;0.00;0.00;0;0;0
0;8;0.00;0.00;0;0;0
0;8;0.00;0.00;0;0;0
0;8;0.00;0.00;0;0;0
0;13;0.00;0.00;0;0;0
0;8;0.00;0.00;0;0;0
0;7;0.00;0.00;0;0;0
0;12;0.00;0.00;0;0;0
0;6;0.00;0.00;0;0;0
0;7;0.00;0.00;0;0;0
0;9;0.00;0.00;0;0;0
0;8;0.00;0.00;0;0;0
0;9;0.00;0.00;0;0;0
0;7;0.00;0.00;0;0;0
0;9;0.00;0.00;0;0;0
0;11;0.00;0.00;0;0;0
0;5;0.00;0.00;0;0;0
0;8;0.00;0.00;0;0;0
0;8;0.00;0.00;0;0;0
0;12;0.00;0.00;0;0;0
0;9;0.00;0.00;0;0;0
0;8;0.00;0.00;0;0;0
0;10;0.00;0.00;0;0;0
0;8;0.00;0.00;0;0;0
0;6;0.00;0.00;0;0;0
0;9;0.00;0.00;0;0;0
0;8;0.00;0.00;0;0;0
0;8;0.00;0.00;0;0;0
0;8;0.00;0.00;0;0;0
0;8;0.00;0.00;0;0;0
0;9;0.00;0.00;0;0;0
0;8;0.00;0.00;0;0;0
0;8;0.00;0.00;0;0;0
0;9;0.00;0.00;0;0;0
0;11;0.00;0.00;0;0;0
0;9;0.00;0.00;0;0;0
0;7;0.00;0.00;0;0;0
0;9;0.00;0.00;0;0;0
0;8;0.00;0.00;0;0;0
0;11;0.00;0.00;0;0;0
0;6;0.00;0.00;0;0;0
0;8;0.00;0.00;0;0;0
0;8;0.00;0.00;0;0;0
0;11;0.00;0.00;0;0;0
0;8;0.00;0.00;0;0;0
0;10;0.00;0.00;0;0;0
0;8;0.00;0.00;0;0;0
0;8;0.00;0.00;0;0;0
0;8;0.00;0.00;0;0;0
0;9;0.00;0.00;0;0;0
0;8;0.00;0.00;0;0;0
0;8;0.00;0.00;0;0;0
0;8;0.00;0.00;0;0;0
0;7;0.00;0.00;0;0;0
0;11;0.00;0.00;0;0;0
0;7;0.00;0.00;0;0;0
0;8;0.00;0.00;0;0;0
0;8;0.00;0.00;0;0;0
0;11;0.00;0.00;0;0;0
0;9;0.00;0.00;0;0;0
0;9;0.00;0.00;0;0;0
0;7;0.00;0.00;0;0;0
0;15;0.00;0.00;0;0;0
0;6;0.00;0.00;0;0;0
0;9;0.00;0.00;0;0;0
0;11;0.00;0.00;0;0;0
0;5;0.00;0.00;0;0;0
0;8;0.00;0.00;0;0;0
0;7;0.00;0.00;0;0;0
0;10;0.00;0.00;0;0;0
0;8;0.00;0.00;0;0;0
0;7;0.00;0.00;0;0;0
0;9;0.00;0.00;0;0;0
0;8;0.00;0.00;0;0;0
0;7;0.00;0.00;0;0;0
0;10;0.00;0.00;0;0;0
0;7;0.00;0.00;0;0;0
0;13;0.00;0.00;0;0;0
0;8;0.00;0.00;0;0;0
0;7;0.00;0.00;0;0;0
0;12;0.00;0.00;0;0;0
0;6;0.00;0.00;0;0;0
0;8;0.00;0.00;0;0;0
0;8;0.00;0.00;0;0;0
0;7;0.00;0.00;0;0;0
0;10;0.00;0.00;0;0;0
0;7;0.00;0.00;0;0;0
0;10;0.00;0.00;0;0;0
0;7;0.00;0.00;0;0;0
0;8;0.00;0.00;0;0;0
0;9;0.00;0.00;0;0;0
0;8;0.00;0.00;0;0;0
0;7;0.00;0.00;0;0;0
0;9;0.00;0.00;0;0;0
0;8;0.00;0.00;0;0;0
0;8;0.00;0.00;0;0;0
0;8;0.00;0.00;0;0;0
0;9;0.00;0.00;0;0;0
0;9;0.00;0.00;0;0;0
0;7;0.00;0.00;0;0;0
0;7;0.00;0.00;0;0;0
0;9;0.00;0.00;0;0;0
0;12;0.00;0.00;0;0;0
0;5;0.00;0.00;0;0;0
0;8;0.00;0.00;0;0;0
0;7;0.00;0.00;0;0;0
0;10;0.00;0.00;0;0;0
0;8;0.00;0.00;0;0;0
0;8;0.00;0.00;0;0;0
0;8;0.00;0.00;0;0;0
0;7;0.00;0.00;0;0;0
0;10;0.00;0.00;0;0;0
0;10;0.00;0.00;0;0;0
0;6;0.00;0.00;0;0;0
0;10;0.00;0.00;0;0;0
0;6;0.00;0.00;0;0;0
0;9;0.00;0.00;0;0;0
0;7;0.00;0.00;0;0;0
0;12;0.00;0.00;0;0;0
0;8;0.00;0.00;0;0;0
0;8;0.00;0.00;0;0;0
0;10;0.00;0.00;0;0;0
0;8;0.00;0.00;0;0;0
0;7;0.00;0.00;0;0;0
0;8;0.00;0.00;0;0;0
0;9;0.00;0.00;0;0;0
0;9;0.00;0.00;0;0;0
0;8;0.00;0.00;0;0;0
0;8;0.00;0.00;0;0;0
0;10;0.00;0.00;0;0;0
0;6;0.00;0.00;0;0;0
0;9;0.00;0.00;0;0;0
0;8;0.00;0.00;0;0;0
0;8;0.00;0.00;0;0;0
0;7;0.00;0.00;0;0;0
0;9;0.00;0.00;0;0;0
0;7;0.00;0.00;0;0;0
0;10;0.00;0.00;0;0;0
0;11;0.00;0.00;0;0;0
0;5;0.00;0.00;0;0;0
0;11;0.00;0.00;0;0;0
0;5;0.00;0.00;0;0;0
0;14;0.00;0.00;0;0;0
0;7;0.00;0.00;0;0;0
0;8;0.00;0.00;0;0;0
0;7;0.00;0.00;0;0;0
0;10;0.00;0.00;0;0;0
0;8;0.00;0.00;0;0;0
0;7;0.00;0.00;0;0;0
0;8;0.00;0.00;0;0;0
0;9;0.00;0.00;0;0;0
0;8;0.00;0.00;0;0;0
0;8;0.00;0.00;0;0;0
0;12;0.00;0.00;0;0;0
0;8;0.00;0.00;0;0;0
0;9;0.00;0.00;0;0;0
0;12;0.00;0.00;0;0;0
0;8;0.00;0.00;0;0;0
0;9;0.00;0.00;0;0;0
0;8;0.00;0.00;0;0;0
0;10;0.00;0.00;0;0;0
0;7;0.00;0.00;0;0;0
0;8;0.00;0.00;0;0;0
0;7;0.00;0.00;0;0;0
0;8;0.00;0.00;0;0;0
0;8;0.00;0.00;0;0;0
0;10;0.00;0.00;0;0;0
0;8;0.00;0.00;0;0;0
0;8;0.00;0.00;0;0;0
0;7;0.00;0.00;0;0;0
0;8;0.00;0.00;0;0;0
0;9;0.00;0.00;0;0;0
0;11;0.00;0.00;0;0;0
0;6;0.00;0.00;0;0;0
0;7;0.00;0.00;0;0;0
0;8;0.00;0.00;0;0;0
0;11;0.00;0.00;0;0;0
0;7;0.00;0.00;0;0;0
0;8;0.00;0.00;0;0;0
0;7;0.00;0.00;0;0;0
0;8;0.00;0.00;0;0;0
0;8;0.00;0.00;0;0;0
0;10;0.00;0.00;0;0;0
0;8;0.00;0.00;0;0;0
0;7;0.00;0.00;0;0;0
0;8;0.00;0.00;0;0;0
0;8;0.00;0.00;0;0;0
0;9;0.00;0.00;0;0;0
0;8;0.00;0.00;0;0;0
0;8;0.00;0.00;0;0;0
0;8;0.00;0.00;0;0;0
0;8;0.00;0.00;0;0;0
0;12;0.00;0.00;0;0;0
0;6;0.00;0.00;0;0;0
0;7;0.00;0.00;0;0;0
0;8;0.00;0.00;0;0;0
0;8;0.00;0.00;0;0;0
0;10;0.00;0.00;0;0;0
0;8;0.00;0.00;0;0;0
0;7;0.00;0.00;0;0;0
0;9;0.00;0.00;0;0;0
0;10;0.00;0.00;0;0;0
0;6;0.00;0.00;0;0;0
0;9;0.00;0.00;0;0;0
0;7;0.00;0.00;0;0;0
0;11;0.00;0.00;0;0;0
0;6;0.00;0.00;0;0;0
0;7;0.00;0.00;0;0;0
0;9;0.00;0.00;0;0;0
0;11;0.00;0.00;0;0;0
0;6;0.00;0.00;0;0;0
0;8;0.00;0.00;0;0;0
0;7;0.00;0.00;0;0;0
0;12;0.00;0.00;0;0;0
0;6;0.00;0.00;0;0;0
0;7;0.00;0.00;0;0;0
0;8;0.00;0.00;0;0;0
0;11;0.00;0.00;0;0;0
0;7;0.00;0.00;0;0;0
0;8;0.00;0.00;0;0;0
0;7;0.00;0.00;0;0;0
0;8;0.00;0.00;0;0;0
0;8;0.00;0.00;0;0;0
0;8;0.00;0.00;0;0;0
0;9;0.00;0.00;0;0;0
0;8;0.00;0.00;0;0;0
0;8;0.00;0.00;0;0;0
0;13;0.00;0.00;0;0;0
0;8;0.00;0.00;0;0;0
0;8;0.00;0.00;0;0;0
0;10;0.00;0.00;0;0;0
0;7;0.00;0.00;0;0;0
0;8;0.00;0.00;0;0;0
0;9;0.00;0.00;0;0;0
0;8;0.00;0.00;0;0;0
0;8;0.00;0.00;0;0;0
0;7;0.00;0.00;0;0;0
0;8;0.00;0.00;0;0;0
0;11;0.00;0.00;0;0;0
0;7;0.00;0.00;0;0;0
0;8;0.00;0.00;0;0;0
0;7;0.00;0.00;0;0;0
0;11;0.00;0.00;0;0;0
0;6;0.00;0.00;0;0;0
0;9;0.00;0.00;0;0;0
0;8;0.00;0.00;0;0;0
0;10;0.00;0.00;0;0;0
0;6;0.00;0.00;0;0;0
0;7;0.00;0.00;0;0;0
0;9;0.00;0.00;0;0;0
0;9;0.00;0.00;0;0;0
0;7;0.00;0.00;0;0;0
0;9;0.00;0.00;0;0;0
0;8;0.00;0.00;0;0;0
0;9;0.00;0.00;0;0;0
0;8;0.00;0.00;0;0;0
0;7;0.00;0.00;0;0;0
0;9;0.00;0.00;0;0;0
0;11;0.00;0.00;0;0;0
0;9;0.00;0.00;0;0;0
0;8;0.00;0.00;0;0;0
0;10;0.00;0.00;0;0;0
0;7;0.00;0.00;0;0;0
0;8;0.00;0.00;0;0;0
0;8;0.00;0.00;0;0;0
0;10;0.00;0.00;0;0;0
0;7;0.00;0.00;0;0;0
0;8;0.00;0.00;0;0;0
0;7;0.00;0.00;0;0;0
0;9;0.00;0.00;0;0;0
0;8;0.00;0.00;0;0;0
0;8;0.00;0.00;0;0;0
0;8;0.00;0.00;0;0;0
0;9;0.00;0.00;0;0;0
0;7;0.00;0.00;0;0;0
0;9;0.00;0.00;0;0;0
0;8;0.00;0.00;0;0;0
0;8;0.00;0.00;0;0;0
0;8;0.00;0.00;0;0;0
0;9;0.00;0.00;0;0;0
0;8;0.00;0.00;0;0;0
0;8;0.00;0.00;0;0;0
0;15;0.00;0.00;0;0;0
0;6;0.00;0.00;0;0;0
0;7;0.00;0.00;0;0;0
0;10;0.00;0.00;0;0;0
0;8;0.00;0.00;0;0;0
0;8;0.00;0.00;0;0;0
0;7;0.00;0.00;0;0;0
0;8;0.00;0.00;0;0;0
0;9;0.00;0.00;0;0;0
0;8;0.00;0.00;0;0;0
0;8;0.00;0.00;0;0;0
0;8;0.00;0.00;0;0;0
0;8;0.00;0.00;0;0;0
0;9;0.00;0.00;0;0;0
0;8;0.00;0.00;0;0;0
0;12;0.00;0.00;0;0;0
0;8;0.00;0.00;0;0;0
0;8;0.00;0.00;0;0;0
0;9;0.00;0.00;0;0;0
0;14;0.00;0.00;0;0;0
0;7;0.00;0.00;0;0;0
0;7;0.00;0.00;0;0;0
0;12;0.00;0.00;0;0;0
0;6;0.00;0.00;0;0;0
0;8;0.00;0.00;0;0;0
0;7;0.00;0.00;0;0;0
0;9;0.00;0.00;0;0;0
0;9;0.00;0.00;0;0;0
0;8;0.00;0.00;0;0;0
0;8;0.00;0.00;0;0;0
0;11;0.00;0.00;0;0;0
0;5;0.00;0.00;0;0;0
0;7;0.00;0.00;0;0;0
0;9;0.00;0.00;0;0;0
0;12;0.00;0.00;0;0;0
0;5;0.00;0.00;0;0;0
0;7;0.00;0.00;0;0;0
0;8;0.00;0.00;0;0;0
0;9;0.00;0.00;0;0;0
0;8;0.00;0.00;0;0;0
0;8;0.00;0.00;0;0;0
0;8;0.00;0.00;0;0;0
0;8;0.00;0.00;0;0;0
0;9;0.00;0.00;0;0;0
0;12;0.00;0.00;0;0;0
0;5;0.00;0.00;0;0;0
0;8;0.00;0.00;0;0;0
0;7;0.00;0.00;0;0;0
0;10;0.00;0.00;0;0;0
0;8;0.00;0.00;0;0;0
0;8;0.00;0.00;0;0;0
0;7;0.00;0.00;0;0;0
0;8;0.00;0.00;0;0;0
0;8;0.00;0.00;0;0;0
0;12;0.00;0.00;0;0;0
0;10;0.00;0.00;0;0;0
0;8;0.00;0.00;0;0;0
0;7;0.00;0.00;0;0;0
0;9;0.00;0.00;0;0;0
0;13;0.00;0.00;0;0;0
0;8;0.00;0.00;0;0;0
0;8;0.00;0.00;0;0;0
0;8;0.00;0.00;0;0;0
0;8;0.00;0.00;0;0;0
0;8;0.00;0.00;0;0;0
0;8;0.00;0.00;0;0;0
0;10;0.00;0.00;0;0;0
0;7;0.00;0.00;0;0;0
0;8;0.00;0.00;0;0;0
0;8;0.00;0.00;0;0;0
0;11;0.00;0.00;0;0;0
0;6;0.00;0.00;0;0;0
0;7;0.00;0.00;0;0;0
0;9;0.00;0.00;0;0;0
0;10;0.00;0.00;0;0;0
0;7;0.00;0.00;0;0;0
0;7;0.00;0.00;0;0;0
0;8;0.00;0.00;0;0;0
0;8;0.00;0.00;0;0;0
0;9;0.00;0.00;0;0;0
0;8;0.00;0.00;0;0;0
0;8;0.00;0.00;0;0;0
0;9;0.00;0.00;0;0;0
0;7;0.00;0.00;0;0;0
0;10;0.00;0.00;0;0;0
0;7;0.00;0.00;0;0;0
0;10;0.00;0.00;0;0;0
0;7;0.00;0.00;0;0;0
0;7;0.00;0.00;0;0;0
0;10;0.00;0.00;0;0;0
0;8;0.00;0.00;0;0;0
0;7;0.00;0.00;0;0;0
0;8;0.00;0.00;0;0;0
0;9;0.00;0.00;0;0;0
0;9;0.00;0.00;0;0;0
0;7;0.00;0.00;0;0;0
0;8;0.00;0.00;0;0;0
0;8;0.00;0.00;0;0;0
0;8;0.00;0.00;0;0;0
0;12;0.00;0.00;0;0;0
0;6;0.00;0.00;0;0;0
0;7;0.00;0.00;0;0;0
0;8;0.00;0.00;0;0;0
0;11;0.00;0.00;0;0;0
0;8;0.00;0.00;0;0;0
0;6;0.00;0.00;0;0;0
0;8;0.00;0.00;0;0;0
0;12;0.00;0.00;0;0;0
0;5;0.00;0.00;0;0;0
0;7;0.00;0.00;0;0;0
0;11;0.00;0.00;0;0;0
0;7;0.00;0.00;0;0;0
0;8;0.00;0.00;0;0;0
0;7;0.00;0.00;0;0;0
0;11;0.00;0.00;0;0;0
0;9;0.00;0.00;0;0;0
0;6;0.00;0.00;0;0;0
0;7;0.00;0.00;0;0;0
0;8;0.00;0.00;0;0;0
0;8;0.00;0.00;0;0;0
0;12;0.00;0.00;0;0;0
0;6;0.00;0.00;0;0;0
0;7;0.00;0.00;0;0;0
0;9;0.00;0.00;0;0;0
0;7;0.00;0.00;0;0;0
0;8;0.00;0.00;0;0;0
0;9;0.00;0.00;0;0;0
0;10;0.00;0.00;0;0;0
0;7;0.00;0.00;0;0;0
0;7;0.00;0.00;0;0;0
0;8;0.00;0.00;0;0;0
0;9;0.00;0.00;0;0;0
0;8;0.00;0.00;0;0;0
0;9;0.00;0.00;0;0;0
0;7;0.00;0.00;0;0;0
0;9;0.00;0.00;0;0;0
0;8;0.00;0.00;0;0;0
0;8;0.00;0.00;0;0;0
0;8;0.00;0.00;0;0;0
0;8;0.00;0.00;0;0;0
0;12;0.00;0.00;0;0;0
0;6;0.00;0.00;0;0;0
0;7;0.00;0.00;0;0;0
0;8;0.00;0.00;0;0;0
0;12;0.00;0.00;0;0;0
0;5;0.00;0.00;0;0;0
0;11;0.00;0.00;0;0;0
0;6;0.00;0.00;0;0;0
0;7;0.00;0.00;0;0;0
0;8;0.00;0.00;0;0;0
0;9;0.00;0.00;0;0;0
0;9;0.00;0.00;0;0;0
0;8;0.00;0.00;0;0;0
0;7;0.00;0.00;0;0;0
0;8;0.00;0.00;0;0;0
0;8;0.00;0.00;0;0;0
0;12;0.00;0.00;0;0;0
0;6;0.00;0.00;0;0;0
0;7;0.00;0.00;0;0;0
0;8;0.00;0.00;0;0;0
0;10;0.00;0.00;0;0;0
0;7;0.00;0.00;0;0;0
0;8;0.00;0.00;0;0;0
0;9;0.00;0.00;0;0;0
0;9;0.00;0.00;0;0;0
0;6;0.00;0.00;0;0;0
0;8;0.00;0.00;0;0;0
0;9;0.00;0.00;0;0;0
0;9;0.00;0.00;0;0;0
0;7;0.00;0.00;0;0;0
0;8;0.00;0.00;0;0;0
0;9;0.00;0.00;0;0;0
0;13;0.00;0.00;0;0;0
0;7;0.00;0.00;0;0;0
0;9;0.00;0.00;0;0;0
0;10;0.00;0.00;0;0;0
0;6;0.00;0.00;0;0;0
0;8;0.00;0.00;0;0;0
0;8;0.00;0.00;0;0;0
0;11;0.00;0.00;0;0;0
0;7;0.00;0.00;0;0;0
0;7;0.00;0.00;0;0;0
0;8;0.00;0.00;0;0;0
0;10;0.00;0.00;0;0;0
0;7;0.00;0.00;0;0;0
0;9;0.00;0.00;0;0;0
0;7;0.00;0.00;0;0;0
0;9;0.00;0.00;0;0;0
0;7;0.00;0.00;0;0;0
0;9;0.00;0.00;0;0;0
0;7;0.00;0.00;0;0;0
0;9;0.00;0.00;0;0;0
0;7;0.00;0.00;0;0;0
0;9;0.00;0.00;0;0;0
0;8;0.00;0.00;0;0;0
0;8;0.00;0.00;0;0;0
0;8;0.00;0.00;0;0;0
0;10;0.00;0.00;0;0;0
0;8;0.00;0.00;0;0;0
0;7;0.00;0.00;0;0;0
0;8;0.00;0.00;0;0;0
0;8;0.00;0.00;0;0;0
0;8;0.00;0.00;0;0;0
0;9;0.00;0.00;0;0;0
0;11;0.00;0.00;0;0;0
0;6;0.00;0.00;0;0;0
0;7;0.00;0.00;0;0;0
0;8;0.00;0.00;0;0;0
0;12;0.00;0.00;0;0;0
0;6;0.00;0.00;0;0;0
0;7;0.00;0.00;0;0;0
0;8;0.00;0.00;0;0;0
0;9;0.00;0.00;0;0;0
0;7;0.00;0.00;0;0;0
0;9;0.00;0.00;0;0;0
0;8;0.00;0.00;0;0;0
0;11;0.00;0.00;0;0;0
0;6;0.00;0.00;0;0;0
0;7;0.00;0.00;0;0;0
0;9;0.00;0.00;0;0;0
0;9;0.00;0.00;0;0;0
0;7;0.00;0.00;0;0;0
0;8;0.00;0.00;0;0;0
0;8;0.00;0.00;0;0;0
0;9;0.00;0.00;0;0;0
0;8;0.00;0.00;0;0;0
0;8;0.00;0.00;0;0;0
0;8;0.00;0.00;0;0;0
0;10;0.00;0.00;0;0;0
0;8;0.00;0.00;0;0;0
0;7;0.00;0.00;0;0;0
0;16;0.00;0.00;0;0;0
0;8;0.00;0.00;0;0;0
0;9;0.00;0.00;0;0;0
0;8;0.00;0.00;0;0;0
0;10;0.00;0.00;0;0;0
0;6;0.00;0.00;0;0;0
0;9;0.00;0.00;0;0;0
0;11;0.00;0.00;0;0;0
0;6;0.00;0.00;0;0;0
0;11;0.00;0.00;0;0;0
0;5;0.00;0.00;0;0;0
0;7;0.00;0.00;0;0;0
0;8;0.00;0.00;0;0;0
0;9;0.00;0.00;0;0;0
0;10;0.00;0.00;0;0;0
0;7;0.00;0.00;0;0;0
0;7;0.00;0.00;0;0;0
0;12;0.00;0.00;0;0;0
0;6;0.00;0.00;0;0;0
0;7;0.00;0.00;0;0;0
0;9;0.00;0.00;0;0;0
0;11;0.00;0.00;0;0;0
0;5;0.00;0.00;0;0;0
0;8;0.00;0.00;0;0;0
0;8;0.00;0.00;0;0;0
0;8;0.00;0.00;0;0;0
0;8;0.00;0.00;0;0;0
0;8;0.00;0.00;0;0;0
0;9;0.00;0.00;0;0;0
0;8;0.00;0.00;0;0;0
0;8;0.00;0.00;0;0;0
0;8;0.00;0.00;0;0;0
0;8;0.00;0.00;0;0;0
0;9;0.00;0.00;0;0;0
0;8;0.00;0.00;0;0;0
0;8;0.00;0.00;0;0;0
0;8;0.00;0.00;0;0;0
0;8;0.00;0.00;0;0;0
0;8;0.00;0.00;0;0;0
0;9;0.00;0.00;0;0;0
0;8;0.00;0.00;0;0;0
0;9;0.00;0.00;0;0;0
0;7;0.00;0.00;0;0;0
0;8;0.00;0.00;0;0;0
0;9;0.00;0.00;0;0;0
0;12;0.00;0.00;0;0;0
0;9;0.00;0.00;0;0;0
0;7;0.00;0.00;0;0;0
0;9;0.00;0.00;0;0;0
0;8;0.00;0.00;0;0;0
0;9;0.00;0.00;0;0;0
0;7;0.00;0.00;0;0;0
0;8;0.00;0.00;0;0;0
0;8;0.00;0.00;0;0;0
0;9;0.00;0.00;0;0;0
0;8;0.00;0.00;0;0;0
0;8;0.00;0.00;0;0;0
0;8;0.00;0.00;0;0;0
0;9;0.00;0.00;0;0;0
0;8;0.00;0.00;0;0;0
0;8;0.00;0.00;0;0;0
0;8;0.00;0.00;0;0;0
0;8;0.00;0.00;0;0;0
0;8;0.00;0.00;0;0;0
0;9;0.00;0.00;0;0;0
0;12;0.00;0.00;0;0;0
0;5;0.00;0.00;0;0;0
0;7;0.00;0.00;0;0;0
0;8;0.00;0.00;0;0;0
0;8;0.00;0.00;0;0;0
0;10;0.00;0.00;0;0;0
0;7;0.00;0.00;0;0;0
0;9;0.00;0.00;0;0;0
0;14;0.00;0.00;0;0;0
0;6;0.00;0.00;0;0;0
0;8;0.00;0.00;0;0;0
0;8;0.00;0.00;0;0;0
0;10;0.00;0.00;0;0;0
0;6;0.00;0.00;0;0;0
0;8;0.00;0.00;0;0;0
0;9;0.00;0.00;0;0;0
0;9;0.00;0.00;0;0;0
0;7;0.00;0.00;0;0;0
0;8;0.00;0.00;0;0;0
0;8;0.00;0.00;0;0;0
0;12;0.00;0.00;0;0;0
0;8;0.00;0.00;0;0;0
0;6;0.00;0.00;0;0;0
0;7;0.00;0.00;0;0;0
0;8;0.00;0.00;0;0;0
0;9;0.00;0.00;0;0;0
0;8;0.00;0.00;0;0;0
0;8;0.00;0.00;0;0;0
0;8;0.00;0.00;0;0;0
0;8;0.00;0.00;0;0;0
0;9;0.00;0.00;0;0;0
0;12;0.00;0.00;0;0;0
0;8;0.00;0.00;0;0;0
0;8;0.00;0.00;0;0;0
0;8;0.00;0.00;0;0;0
0;9;0.00;0.00;0;0;0
0;8;0.00;0.00;0;0;0
0;9;0.00;0.00;0;0;0
0;7;0.00;0.00;0;0;0
0;8;0.00;0.00;0;0;0
0;9;0.00;0.00;0;0;0
0;8;0.00;0.00;0;0;0
0;8;0.00;0.00;0;0;0
0;8;0.00;0.00;0;0;0
0;8;0.00;0.00;0;0;0
0;10;0.00;0.00;0;0;0
0;7;0.00;0.00;0;0;0
0;11;0.00;0.00;0;0;0
0;6;0.00;0.00;0;0;0
0;7;0.00;0.00;0;0;0
0;10;0.00;0.00;0;0;0
0;7;0.00;0.00;0;0;0
0;11;0.00;0.00;0;0;0
0;6;0.00;0.00;0;0;0
0;7;0.00;0.00;0;0;0
0;9;0.00;0.00;0;0;0
0;9;0.00;0.00;0;0;0
0;7;0.00;0.00;0;0;0
0;8;0.00;0.00;0;0;0
0;8;0.00;0.00;0;0;0
0;11;0.00;0.00;0;0;0
0;7;0.00;0.00;0;0;0
0;7;0.00;0.00;0;0;0
0;8;0.00;0.00;0;0;0
0;11;0.00;0.00;0;0;0
0;5;0.00;0.00;0;0;0
0;9;0.00;0.00;0;0;0
0;8;0.00;0.00;0;0;0
0;8;0.00;0.00;0;0;0
0;8;0.00;0.00;0;0;0
0;8;0.00;0.00;0;0;0
0;9;0.00;0.00;0;0;0
0;11;0.00;0.00;0;0;0
0;5;0.00;0.00;0;0;0
0;8;0.00;0.00;0;0;0
0;7;0.00;0.00;0;0;0
0;12;0.00;0.00;0;0;0
0;6;0.00;0.00;0;0;0
0;7;0.00;0.00;0;0;0
0;8;0.00;0.00;0;0;0
0;15;0.00;0.00;0;0;0
0;7;0.00;0.00;0;0;0
0;7;0.00;0.00;0;0;0
0;8;0.00;0.00;0;0;0
0;8;0.00;0.00;0;0;0
0;12;0.00;0.00;0;0;0
0;9;0.00;0.00;0;0;0
0;8;0.00;0.00;0;0;0
0;8;0.00;0.00;0;0;0
0;11;0.00;0.00;0;0;0
0;6;0.00;0.00;0;0;0
0;9;0.00;0.00;0;0;0
0;11;0.00;0.00;0;0;0
0;5;0.00;0.00;0;0;0
0;7;0.00;0.00;0;0;0
0;9;0.00;0.00;0;0;0
0;12;0.00;0.00;0;0;0
0;5;0.00;0.00;0;0;0
0;7;0.00;0.00;0;0;0
0;8;0.00;0.00;0;0;0
0;12;0.00;0.00;0;0;0
0;6;0.00;0.00;0;0;0
0;7;0.00;0.00;0;0;0
0;8;0.00;0.00;0;0;0
0;12;0.00;0.00;0;0;0
0;8;0.00;0.00;0;0;0
0;9;0.00;0.00;0;0;0
0;8;0.00;0.00;0;0;0
0;8;0.00;0.00;0;0;0
0;8;0.00;0.00;0;0;0
0;8;0.00;0.00;0;0;0
0;10;0.00;0.00;0;0;0
0;8;0.00;0.00;0;0;0
0;7;0.00;0.00;0;0;0
0;8;0.00;0.00;0;0;0
0;9;0.00;0.00;0;0;0
0;7;0.00;0.00;0;0;0
0;9;0.00;0.00;0;0;0
0;8;0.00;0.00;0;0;0
0;9;0.00;0.00;0;0;0
0;7;0.00;0.00;0;0;0
0;9;0.00;0.00;0;0;0
0;8;0.00;0.00;0;0;0
0;14;0.00;0.00;0;0;0
0;6;0.00;0.00;0;0;0
0;9;0.00;0.00;0;0;0
0;7;0.00;0.00;0;0;0
0;9;0.00;0.00;0;0;0
0;8;0.00;0.00;0;0;0
0;8;0.00;0.00;0;0;0
0;8;0.00;0.00;0;0;0
0;8;0.00;0.00;0;0;0
0;12;0.00;0.00;0;0;0
0;6;0.00;0.00;0;0;0
0;8;0.00;0.00;0;0;0
0;7;0.00;0.00;0;0;0
0;9;0.00;0.00;0;0;0
0;8;0.00;0.00;0;0;0
0;8;0.00;0.00;0;0;0
0;9;0.00;0.00;0;0;0
0;10;0.00;0.00;0;0;0
0;5;0.00;0.00;0;0;0
0;9;0.00;0.00;0;0;0
0;8;0.00;0.00;0;0;0
0;12;0.00;0.00;0;0;0
0;8;0.00;0.00;0;0;0
0;8;0.00;0.00;0;0;0
0;9;0.00;0.00;0;0;0
0;8;0.00;0.00;0;0;0
0;8;0.00;0.00;0;0;0
0;8;0.00;0.00;0;0;0
0;12;0.00;0.00;0;0;0
0;9;0.00;0.00;0;0;0
0;8;0.00;0.00;0;0;0
0;8;0.00;0.00;0;0;0
0;9;0.00;0.00;0;0;0
0;7;0.00;0.00;0;0;0
0;9;0.00;0.00;0;0;0
0;8;0.00;0.00;0;0;0
0;8;0.00;0.00;0;0;0
0;8;0.00;0.00;0;0;0
0;8;0.00;0.00;0;0;0
0;9;0.00;0.00;0;0;0
0;8;0.00;0.00;0;0;0
0;8;0.00;0.00;0;0;0
0;8;0.00;0.00;0;0;0
0;8;0.00;0.00;0;0;0
0;9;0.00;0.00;0;0;0
0;8;0.00;0.00;0;0;0
0;8;0.00;0.00;0;0;0
0;8;0.00;0.00;0;0;0
0;8;0.00;0.00;0;0;0
0;8;0.00;0.00;0;0;0
0;9;0.00;0.00;0;0;0
0;11;0.00;0.00;0;0;0
0;5;0.00;0.00;0;0;0
0;8;0.00;0.00;0;0;0
0;8;0.00;0.00;0;0;0
0;9;0.00;0.00;0;0;0
0;9;0.00;0.00;0;0;0
0;7;0.00;0.00;0;0;0
0;8;0.00;0.00;0;0;0
0;8;0.00;0.00;0;0;0
0;9;0.00;0.00;0;0;0
0;13;0.00;0.00;0;0;0
0;7;0.00;0.00;0;0;0
0;8;0.00;0.00;0;0;0
0;8;0.00;0.00;0;0;0
0;9;0.00;0.00;0;0;0
0;8;0.00;0.00;0;0;0
0;8;0.00;0.00;0;0;0
0;9;0.00;0.00;0;0;0
0;7;0.00;0.00;0;0;0
0;9;0.00;0.00;0;0;0
0;8;0.00;0.00;0;0;0
0;11;0.00;0.00;0;0;0
0;5;0.00;0.00;0;0;0
0;8;0.00;0.00;0;0;0
0;9;0.00;0.00;0;0;0
0;11;0.00;0.00;0;0;0
0;5;0.00;0.00;0;0;0
0;8;0.00;0.00;0;0;0
0;8;0.00;0.00;0;0;0
0;12;0.00;0.00;0;0;0
0;6;0.00;0.00;0;0;0
0;7;0.00;0.00;0;0;0
0;8;0.00;0.00;0;0;0
0;10;0.00;0.00;0;0;0
0;7;0.00;0.00;0;0;0
0;8;0.00;0.00;0;0;0
0;8;0.00;0.00;0;0;0
0;8;0.00;0.00;0;0;0
0;8;0.00;0.00;0;0;0
0;8;0.00;0.00;0;0;0
0;9;0.00;0.00;0;0;0
0;11;0.00;0.00;0;0;0
0;5;0.00;0.00;0;0;0
0;8;0.00;0.00;0;0;0
0;8;0.00;0.00;0;0;0
0;12;0.00;0.00;0;0;0
0;6;0.00;0.00;0;0;0
0;7;0.00;0.00;0;0;0
0;8;0.00;0.00;0;0;0
0;9;0.00;0.00;0;0;0
0;9;0.00;0.00;0;0;0
0;8;0.00;0.00;0;0;0
0;7;0.00;0.00;0;0;0
0;8;0.00;0.00;0;0;0
0;8;0.00;0.00;0;0;0
0;9;0.00;0.00;0;0;0
0;10;0.00;0.00;0;0;0
0;6;0.00;0.00;0;0;0
0;8;0.00;0.00;0;0;0
0;8;0.00;0.00;0;0;0
0;10;0.00;0.00;0;0;0
0;8;0.00;0.00;0;0;0
0;10;0.00;0.00;0;0;0
0;5;0.00;0.00;0;0;0
0;8;0.00;0.00;0;0;0
0;9;0.00;0.00;0;0;0
0;8;0.00;0.00;0;0;0
0;8;0.00;0.00;0;0;0
0;8;0.00;0.00;0;0;0
0;8;0.00;0.00;0;0;0
0;14;0.00;0.00;0;0;0
0;7;0.00;0.00;0;0;0
0;8;0.00;0.00;0;0;0
0;8;0.00;0.00;0;0;0
0;8;0.00;0.00;0;0;0
0;8;0.00;0.00;0;0;0
0;9;0.00;0.00;0;0;0
0;8;0.00;0.00;0;0;0
0;8;0.00;0.00;0;0;0
0;8;0.00;0.00;0;0;0
0;8;0.00;0.00;0;0;0
0;9;0.00;0.00;0;0;0
0;8;0.00;0.00;0;0;0
0;9;0.00;0.00;0;0;0
0;7;0.00;0.00;0;0;0
0;11;0.00;0.00;0;0;0
0;6;0.00;0.00;0;0;0
0;8;0.00;0.00;0;0;0
0;8;0.00;0.00;0;0;0
0;8;0.00;0.00;0;0;0
0;10;0.00;0.00;0;0;0
0;8;0.00;0.00;0;0;0
0;7;0.00;0.00;0;0;0
0;8;0.00;0.00;0;0;0
0;8;0.00;0.00;0;0;0
0;9;0.00;0.00;0;0;0
0;9;0.00;0.00;0;0;0
0;10;0.00;0.00;0;0;0
0;5;0.00;0.00;0;0;0
0;8;0.00;0.00;0;0;0
0;8;0.00;0.00;0;0;0
0;8;0.00;0.00;0;0;0
0;9;0.00;0.00;0;0;0
0;8;0.00;0.00;0;0;0
0;8;0.00;0.00;0;0;0
0;8;0.00;0.00;0;0;0
0;8;0.00;0.00;0;0;0
0;12;0.00;0.00;0;0;0
0;5;0.00;0.00;0;0;0
0;8;0.00;0.00;0;0;0
0;8;0.00;0.00;0;0;0
0;8;0.00;0.00;0;0;0
0;9;0.00;0.00;0;0;0
0;8;0.00;0.00;0;0;0
0;8;0.00;0.00;0;0;0
0;8;0.00;0.00;0;0;0
0;8;0.00;0.00;0;0;0
0;9;0.00;0.00;0;0;0
0;8;0.00;0.00;0;0;0
0;8;0.00;0.00;0;0;0
0;8;0.00;0.00;0;0;0
0;8;0.00;0.00;0;0;0
0;8;0.00;0.00;0;0;0
0;12;0.00;0.00;0;0;0
0;5;0.00;0.00;0;0;0
0;8;0.00;0.00;0;0;0
0;8;0.00;0.00;0;0;0
0;8;0.00;0.00;0;0;0
0;9;0.00;0.00;0;0;0
0;8;0.00;0.00;0;0;0
0;10;0.00;0.00;0;0;0
0;7;0.00;0.00;0;0;0
0;7;0.00;0.00;0;0;0
0;9;0.00;0.00;0;0;0
0;8;0.00;0.00;0;0;0
0;8;0.00;0.00;0;0;0
0;8;0.00;0.00;0;0;0
0;9;0.00;0.00;0;0;0
0;9;0.00;0.00;0;0;0
0;7;0.00;0.00;0;0;0
0;8;0.00;0.00;0;0;0
0;8;0.00;0.00;0;0;0
0;8;0.00;0.00;0;0;0
0;9;0.00;0.00;0;0;0
0;8;0.00;0.00;0;0;0
0;8;0.00;0.00;0;0;0
0;9;0.00;0.00;0;0;0
0;7;0.00;0.00;0;0;0
0;8;0.00;0.00;0;0;0
0;9;0.00;0.00;0;0;0
0;10;0.00;0.00;0;0;0
0;6;0.00;0.00;0;0;0
0;9;0.00;0.00;0;0;0
0;7;0.00;0.00;0;0;0
0;9;0.00;0.00;0;0;0
0;8;0.00;0.00;0;0;0
0;12;0.00;0.00;0;0;0
0;8;0.00;0.00;0;0;0
0;9;0.00;0.00;0;0;0
0;9;0.00;0.00;0;0;0
0;7;0.00;0.00;0;0;0
0;8;0.00;0.00;0;0;0
0;9;0.00;0.00;0;0;0
0;8;0.00;0.00;0;0;0
0;8;0.00;0.00;0;0;0
0;8;0.00;0.00;0;0;0
0;8;0.00;0.00;0;0;0
0;8;0.00;0.00;0;0;0
0;8;0.00;0.00;0;0;0
0;9;0.00;0.00;0;0;0
0;8;0.00;0.00;0;0;0
0;8;0.00;0.00;0;0;0
0;8;0.00;0.00;0;0;0
0;8;0.00;0.00;0;0;0
0;9;0.00;0.00;0;0;0
0;8;0.00;0.00;0;0;0
0;8;0.00;0.00;0;0;0
0;9;0.00;0.00;0;0;0
0;7;0.00;0.00;0;0;0
0;10;0.00;0.00;0;0;0
0;7;0.00;0.00;0;0;0
0;8;0.00;0.00;0;0;0
0;9;0.00;0.00;0;0;0
0;7;0.00;0.00;0;0;0
0;8;0.00;0.00;0;0;0
0;9;0.00;0.00;0;0;0
0;14;0.00;0.00;0;0;0
0;6;0.00;0.00;0;0;0
0;10;0.00;0.00;0;0;0
0;7;0.00;0.00;0;0;0
0;8;0.00;0.00;0;0;0
0;8;0.00;0.00;0;0;0
0;8;0.00;0.00;0;0;0
0;8;0.00;0.00;0;0;0
0;9;0.00;0.00;0;0;0
0;8;0.00;0.00;0;0;0
0;10;0.00;0.00;0;0;0
0;7;0.00;0.00;0;0;0
0;8;0.00;0.00;0;0;0
0;7;0.00;0.00;0;0;0
0;9;0.00;0.00;0;0;0
0;8;0.00;0.00;0;0;0
0;10;0.00;0.00;0;0;0
0;9;0.00;0.00;0;0;0
0;5;0.00;0.00;0;0;0
0;9;0.00;0.00;0;0;0
0;9;0.00;0.00;0;0;0
0;10;0.00;0.00;0;0;0
0;6;0.00;0.00;0;0;0
0;7;0.00;0.00;0;0;0
0;9;0.00;0.00;0;0;0
0;13;0.00;0.00;0;0;0
0;7;0.00;0.00;0;0;0
0;8;0.00;0.00;0;0;0
0;8;0.00;0.00;0;0;0
0;17;0.00;0.00;0;0;0
0;8;0.00;0.00;0;0;0
0;8;0.00;0.00;0;0;0
0;8;0.00;0.00;0;0;0
0;9;0.00;0.00;0;0;0
0;8;0.00;0.00;0;0;0
0;8;0.00;0.00;0;0;0
0;8;0.00;0.00;0;0;0
0;8;0.00;0.00;0;0;0
0;9;0.00;0.00;0;0;0
0;11;0.00;0.00;0;0;0
0;6;0.00;0.00;0;0;0
0;7;0.00;0.00;0;0;0
0;8;0.00;0.00;0;0;0
0;12;0.00;0.00;0;0;0
0;5;0.00;0.00;0;0;0
0;8;0.00;0.00;0;0;0
0;8;0.00;0.00;0;0;0
0;10;0.00;0.00;0;0;0
0;6;0.00;0.00;0;0;0
0;10;0.00;0.00;0;0;0
0;7;0.00;0.00;0;0;0
0;10;0.00;0.00;0;0;0
0;6;0.00;0.00;0;0;0
0;8;0.00;0.00;0;0;0
0;9;0.00;0.00;0;0;0
0;8;0.00;0.00;0;0;0
0;8;0.00;0.00;0;0;0
0;8;0.00;0.00;0;0;0
0;8;0.00;0.00;0;0;0
0;12;0.00;0.00;0;0;0
0;5;0.00;0.00;0;0;0
0;8;0.00;0.00;0;0;0
0;8;0.00;0.00;0;0;0
0;8;0.00;0.00;0;0;0
0;9;0.00;0.00;0;0;0
0;12;0.00;0.00;0;0;0
0;8;0.00;0.00;0;0;0
0;8;0.00;0.00;0;0;0
0;8;0.00;0.00;0;0;0
0;9;0.00;0.00;0;0;0
0;8;0.00;0.00;0;0;0
0;8;0.00;0.00;0;0;0
0;8;0.00;0.00;0;0;0
0;8;0.00;0.00;0;0;0
0;11;0.00;0.00;0;0;0
0;6;0.00;0.00;0;0;0
0;10;0.00;0.00;0;0;0
0;6;0.00;0.00;0;0;0
0;8;0.00;0.00;0;0;0
0;10;0.00;0.00;0;0;0
0;9;0.00;0.00;0;0;0
0;6;0.00;0.00;0;0;0
0;8;0.00;0.00;0;0;0
0;8;0.00;0.00;0;0;0
0;8;0.00;0.00;0;0;0
0;9;0.00;0.00;0;0;0
0;8;0.00;0.00;0;0;0
0;8;0.00;0.00;0;0;0
0;11;0.00;0.00;0;0;0
0;5;0.00;0.00;0;0;0
0;9;0.00;0.00;0;0;0
0;8;0.00;0.00;0;0;0
0;8;0.00;0.00;0;0;0
0;8;0.00;0.00;0;0;0
0;8;0.00;0.00;0;0;0
0;9;0.00;0.00;0;0;0
0;8;0.00;0.00;0;0;0
0;8;0.00;0.00;0;0;0
0;8;0.00;0.00;0;0;0
0;8;0.00;0.00;0;0;0
0;9;0.00;0.00;0;0;0
0;8;0.00;0.00;0;0;0
0;8;0.00;0.00;0;0;0
0;14;0.00;0.00;0;0;0
0;6;0.00;0.00;0;0;0
0;9;0.00;0.00;0;0;0
0;8;0.00;0.00;0;0;0
0;8;0.00;0.00;0;0;0
0;8;0.00;0.00;0;0;0
0;8;0.00;0.00;0;0;0
0;9;0.00;0.00;0;0;0
0;9;0.00;0.00;0;0;0
0;7;0.00;0.00;0;0;0
0;10;0.00;0.00;0;0;0
0;6;0.00;0.00;0;0;0
0;9;0.00;0.00;0;0;0
0;8;0.00;0.00;0;0;0
0;8;0.00;0.00;0;0;0
0;8;0.00;0.00;0;0;0
0;8;0.00;0.00;0;0;0
0;8;0.00;0.00;0;0;0
0;9;0.00;0.00;0;0;0
0;8;0.00;0.00;0;0;0
0;8;0.00;0.00;0;0;0
0;8;0.00;0.00;0;0;0
0;8;0.00;0.00;0;0;0
0;9;0.00;0.00;0;0;0
0;8;0.00;0.00;0;0;0
0;8;0.00;0.00;0;0;0
0;8;0.00;0.00;0;0;0
0;8;0.00;0.00;0;0;0
0;9;0.00;0.00;0;0;0
0;9;0.00;0.00;0;0;0
0;8;0.00;0.00;0;0;0
0;7;0.00;0.00;0;0;0
0;8;0.00;0.00;0;0;0
0;10;0.00;0.00;0;0;0
0;7;0.00;0.00;0;0;0
0;8;0.00;0.00;0;0;0
0;8;0.00;0.00;0;0;0
0;13;0.00;0.00;0;0;0
0;8;0.00;0.00;0;0;0
0;8;0.00;0.00;0;0;0
0;8;0.00;0.00;0;0;0
0;8;0.00;0.00;0;0;0
0;8;0.00;0.00;0;0;0
0;9;0.00;0.00;0;0;0
0;9;0.00;0.00;0;0;0
0;7;0.00;0.00;0;0;0
0;8;0.00;0.00;0;0;0
0;8;0.00;0.00;0;0;0
0;11;0.00;0.00;0;0;0
0;6;0.00;0.00;0;0;0
0;8;0.00;0.00;0;0;0
0;8;0.00;0.00;0;0;0
0;8;0.00;0.00;0;0;0
0;9;0.00;0.00;0;0;0
0;8;0.00;0.00;0;0;0
0;8;0.00;0.00;0;0;0
0;8;0.00;0.00;0;0;0
0;8;0.00;0.00;0;0;0
0;9;0.00;0.00;0;0;0
0;8;0.00;0.00;0;0;0
0;8;0.00;0.00;0;0;0
0;8;0.00;0.00;0;0;0
0;9;0.00;0.00;0;0;0
0;7;0.00;0.00;0;0;0
0;9;0.00;0.00;0;0;0
0;8;0.00;0.00;0;0;0
0;8;0.00;0.00;0;0;0
0;8;0.00;0.00;0;0;0
0;8;0.00;0.00;0;0;0
0;9;0.00;0.00;0;0;0
0;8;0.00;0.00;0;0;0
0;8;0.00;0.00;0;0;0
0;8;0.00;0.00;0;0;0
0;8;0.00;0.00;0;0;0
0;9;0.00;0.00;0;0;0
0;8;0.00;0.00;0;0;0
0;8;0.00;0.00;0;0;0
0;8;0.00;0.00;0;0;0
0;8;0.00;0.00;0;0;0
0;8;0.00;0.00;0;0;0
0;9;0.00;0.00;0;0;0
0;11;0.00;0.00;0;0;0
0;7;0.00;0.00;0;0;0
0;10;0.00;0.00;0;0;0
0;9;0.00;0.00;0;0;0
0;9;0.00;0.00;0;0;0
0;7;0.00;0.00;0;0;0
0;8;0.00;0.00;0;0;0
0;8;0.00;0.00;0;0;0
0;9;0.00;0.00;0;0;0
0;8;0.00;0.00;0;0;0
0;8;0.00;0.00;0;0;0
0;8;0.00;0.00;0;0;0
0;10;0.00;0.00;0;0;0
0;6;0.00;0.00;0;0;0
0;9;0.00;0.00;0;0;0
0;8;0.00;0.00;0;0;0
0;9;0.00;0.00;0;0;0
0;7;0.00;0.00;0;0;0
0;8;0.00;0.00;0;0;0
0;11;0.00;0.00;0;0;0
0;7;0.00;0.00;0;0;0
0;7;0.00;0.00;0;0;0
0;8;0.00;0.00;0;0;0
0;8;0.00;0.00;0;0;0
0;9;0.00;0.00;0;0;0
0;8;0.00;0.00;0;0;0
0;8;0.00;0.00;0;0;0
0;8;0.00;0.00;0;0;0
0;8;0.00;0.00;0;0;0
0;12;0.00;0.00;0;0;0
0;5;0.00;0.00;0;0;0
0;9;0.00;0.00;0;0;0
0;7;0.00;0.00;0;0;0
0;10;0.00;0.00;0;0;0
0;7;0.00;0.00;0;0;0
0;8;0.00;0.00;0;0;0
0;9;0.00;0.00;0;0;0
0;9;0.00;0.00;0;0;0
0;6;0.00;0.00;0;0;0
0;8;0.00;0.00;0;0;0
0;9;0.00;0.00;0;0;0
0;9;0.00;0.00;0;0;0
0;7;0.00;0.00;0;0;0
0;8;0.00;0.00;0;0;0
0;8;0.00;0.00;0;0;0
0;11;0.00;0.00;0;0;0
0;6;0.00;0.00;0;0;0
0;8;0.00;0.00;0;0;0
0;8;0.00;0.00;0;0;0
0;8;0.00;0.00;0;0;0
0;9;0.00;0.00;0;0;0
0;8;0.00;0.00;0;0;0
0;8;0.00;0.00;0;0;0
0;8;0.00;0.00;0;0;0
0;8;0.00;0.00;0;0;0
0;9;0.00;0.00;0;0;0
0;8;0.00;0.00;0;0;0
0;8;0.00;0.00;0;0;0
0;8;0.00;0.00;0;0;0
0;8;0.00;0.00;0;0;0
0;8;0.00;0.00;0;0;0
0;9;0.00;0.00;0;0;0
0;8;0.00;0.00;0;0;0
0;8;0.00;0.00;0;0;0
0;11;0.00;0.00;0;0;0
0;5;0.00;0.00;0;0;0
0;9;0.00;0.00;0;0;0
0;8;0.00;0.00;0;0;0
0;12;0.00;0.00;0;0;0
0;9;0.00;0.00;0;0;0
0;8;0.00;0.00;0;0;0
0;8;0.00;0.00;0;0;0
0;8;0.00;0.00;0;0;0
0;8;0.00;0.00;0;0;0
0;8;0.00;0.00;0;0;0
0;8;0.00;0.00;0;0;0
0;9;0.00;0.00;0;0;0
0;8;0.00;0.00;0;0;0
0;8;0.00;0.00;0;0;0
0;8;0.00;0.00;0;0;0
0;8;0.00;0.00;0;0;0
0;10;0.00;0.00;0;0;0
0;8;0.00;0.00;0;0;0
0;7;0.00;0.00;0;0;0
0;8;0.00;0.00;0;0;0
0;11;0.00;0.00;0;0;0
0;6;0.00;0.00;0;0;0
0;8;0.00;0.00;0;0;0
0;8;0.00;0.00;0;0;0
0;11;0.00;0.00;0;0;0
0;5;0.00;0.00;0;0;0
0;9;0.00;0.00;0;0;0
0;8;0.00;0.00;0;0;0
0;8;0.00;0.00;0;0;0
0;10;0.00;0.00;0;0;0
0;6;0.00;0.00;0;0;0
0;9;0.00;0.00;0;0;0
0;11;0.00;0.00;0;0;0
0;5;0.00;0.00;0;0;0
0;8;0.00;0.00;0;0;0
0;8;0.00;0.00;0;0;0
0;8;0.00;0.00;0;0;0
0;9;0.00;0.00;0;0;0
0;8;0.00;0.00;0;0;0
0;8;0.00;0.00;0;0;0
0;8;0.00;0.00;0;0;0
0;7;0.00;0.00;0;0;0
0;9;0.00;0.00;0;0;0
0;9;0.00;0.00;0;0;0
0;8;0.00;0.00;0;0;0
0;7;0.00;0.00;0;0;0
0;8;0.00;0.00;0;0;0
0;9;0.00;0.00;0;0;0
0;8;0.00;0.00;0;0;0
0;8;0.00;0.00;0;0;0
0;8;0.00;0.00;0;0;0
0;8;0.00;0.00;0;0;0
0;12;0.00;0.00;0;0;0
0;5;0.00;0.00;0;0;0
0;8;0.00;0.00;0;0;0
0;8;0.00;0.00;0;0;0
0;9;0.00;0.00;0;0;0
0;11;0.00;0.00;0;0;0
0;6;0.00;0.00;0;0;0
0;7;0.00;0.00;0;0;0
0;8;0.00;0.00;0;0;0
0;11;0.00;0.00;0;0;0
0;6;0.00;0.00;0;0;0
0;8;0.00;0.00;0;0;0
0;8;0.00;0.00;0;0;0
0;12;0.00;0.00;0;0;0
0;8;0.00;0.00;0;0;0
0;9;0.00;0.00;0;0;0
0;8;0.00;0.00;0;0;0
0;12;0.00;0.00;0;0;0
0;8;0.00;0.00;0;0;0
0;8;0.00;0.00;0;0;0
0;11;0.00;0.00;0;0;0
0;6;0.00;0.00;0;0;0
0;8;0.00;0.00;0;0;0
0;8;0.00;0.00;0;0;0
0;10;0.00;0.00;0;0;0
0;7;0.00;0.00;0;0;0
0;8;0.00;0.00;0;0;0
0;8;0.00;0.00;0;0;0
0;8;0.00;0.00;0;0;0
0;8;0.00;0.00;0;0;0
0;8;0.00;0.00;0;0;0
0;9;0.00;0.00;0;0;0
0;9;0.00;0.00;0;0;0
0;7;0.00;0.00;0;0;0
0;8;0.00;0.00;0;0;0
0;8;0.00;0.00;0;0;0
0;12;0.00;0.00;0;0;0
0;5;0.00;0.00;0;0;0
0;8;0.00;0.00;0;0;0
0;8;0.00;0.00;0;0;0
0;13;0.00;0.00;0;0;0
0;8;0.00;0.00;0;0;0
0;7;0.00;0.00;0;0;0
0;11;0.00;0.00;0;0;0
0;7;0.00;0.00;0;0;0
0;8;0.00;0.00;0;0;0
0;8;0.00;0.00;0;0;0
0;10;0.00;0.00;0;0;0
0;6;0.00;0.00;0;0;0
0;8;0.00;0.00;0;0;0
0;8;0.00;0.00;0;0;0
0;9;0.00;0.00;0;0;0
0;8;0.00;0.00;0;0;0
0;8;0.00;0.00;0;0;0
0;8;0.00;0.00;0;0;0
0;8;0.00;0.00;0;0;0
0;9;0.00;0.00;0;0;0
0;8;0.00;0.00;0;0;0
0;8;0.00;0.00;0;0;0
0;8;0.00;0.00;0;0;0
0;8;0.00;0.00;0;0;0
0;9;0.00;0.00;0;0;0
0;8;0.00;0.00;0;0;0
0;11;0.00;0.00;0;0;0
0;5;0.00;0.00;0;0;0
0;11;0.00;0.00;0;0;0
0;5;0.00;0.00;0;0;0
0;9;0.00;0.00;0;0;0
0;8;0.00;0.00;0;0;0
0;10;0.00;0.00;0;0;0
0;6;0.00;0.00;0;0;0
0;8;0.00;0.00;0;0;0
0;9;0.00;0.00;0;0;0
0;8;0.00;0.00;0;0;0
0;8;0.00;0.00;0;0;0
0;8;0.00;0.00;0;0;0
0;8;0.00;0.00;0;0;0
0;9;0.00;0.00;0;0;0
0;8;0.00;0.00;0;0;0
0;8;0.00;0.00;0;0;0
0;11;0.00;0.00;0;0;0
0;5;0.00;0.00;0;0;0
0;9;0.00;0.00;0;0;0
0;8;0.00;0.00;0;0;0
0;9;0.00;0.00;0;0;0
0;7;0.00;0.00;0;0;0
0;8;0.00;0.00;0;0;0
0;9;0.00;0.00;0;0;0
0;9;0.00;0.00;0;0;0
0;7;0.00;0.00;0;0;0
0;8;0.00;0.00;0;0;0
0;8;0.00;0.00;0;0;0
0;8;0.00;0.00;0;0;0
0;9;0.00;0.00;0;0;0
0;8;0.00;0.00;0;0;0
0;8;0.00;0.00;0;0;0
0;10;0.00;0.00;0;0;0
0;6;0.00;0.00;0;0;0
0;9;0.00;0.00;0;0;0
0;8;0.00;0.00;0;0;0
0;8;0.00;0.00;0;0;0
0;8;0.00;0.00;0;0;0
0;11;0.00;0.00;0;0;0
0;6;0.00;0.00;0;0;0
0;8;0.00;0.00;0;0;0
0;11;0.00;0.00;0;0;0
0;7;0.00;0.00;0;0;0
0;6;0.00;0.00;0;0;0
0;9;0.00;0.00;0;0;0
0;14;0.00;0.00;0;0;0
0;6;0.00;0.00;0;0;0
0;8;0.00;0.00;0;0;0
0;8;0.00;0.00;0;0;0
0;9;0.00;0.00;0;0;0
0;8;0.00;0.00;0;0;0
0;9;0.00;0.00;0;0;0
0;7;0.00;0.00;0;0;0
0;9;0.00;0.00;0;0;0
0;8;0.00;0.00;0;0;0
0;8;0.00;0.00;0;0;0
0;9;0.00;0.00;0;0;0
0;7;0.00;0.00;0;0;0
0;11;0.00;0.00;0;0;0
0;6;0.00;0.00;0;0;0
0;8;0.00;0.00;0;0;0
0;10;0.00;0.00;0;0;0
0;7;0.00;0.00;0;0;0
0;7;0.00;0.00;0;0;0
0;8;0.00;0.00;0;0;0
0;9;0.00;0.00;0;0;0
0;11;0.00;0.00;0;0;0
0;5;0.00;0.00;0;0;0
0;8;0.00;0.00;0;0;0
0;8;0.00;0.00;0;0;0
0;9;0.00;0.00;0;0;0
0;8;0.00;0.00;0;0;0
0;8;0.00;0.00;0;0;0
0;7;0.00;0.00;0;0;0
0;8;0.00;0.00;0;0;0
0;9;0.00;0.00;0;0;0
0;9;0.00;0.00;0;0;0
0;7;0.00;0.00;0;0;0
0;8;0.00;0.00;0;0;0
0;9;0.00;0.00;0;0;0
0;9;0.00;0.00;0;0;0
0;8;0.00;0.00;0;0;0
0;7;0.00;0.00;0;0;0
0;8;0.00;0.00;0;0;0
0;8;0.00;0.00;0;0;0
0;10;0.00;0.00;0;0;0
0;13;0.00;0.00;0;0;0
0;7;0.00;0.00;0;0;0
0;8;0.00;0.00;0;0;0
0;11;0.00;0.00;0;0;0
0;6;0.00;0.00;0;0;0
0;11;0.00;0.00;0;0;0
0;6;0.00;0.00;0;0;0
0;10;0.00;0.00;0;0;0
0;5;0.00;0.00;0;0;0
0;9;0.00;0.00;0;0;0
0;12;0.00;0.00;0;0;0
0;10;0.00;0.00;0;0;0
0;6;0.00;0.00;0;0;0
0;8;0.00;0.00;0;0;0
0;9;0.00;0.00;0;0;0
0;8;0.00;0.00;0;0;0
0;8;0.00;0.00;0;0;0
0;8;0.00;0.00;0;0;0
0;7;0.00;0.00;0;0;0
0;9;0.00;0.00;0;0;0
0;9;0.00;0.00;0;0;0
0;7;0.00;0.00;0;0;0
0;12;0.00;0.00;0;0;0
0;5;0.00;0.00;0;0;0
0;9;0.00;0.00;0;0;0
0;10;0.00;0.00;0;0;0
0;9;0.00;0.00;0;0;0
0;5;0.00;0.00;0;0;0
0;8;0.00;0.00;0;0;0
0;7;0.00;0.00;0;0;0
0;14;0.00;0.00;0;0;0
0;8;0.00;0.00;0;0;0
0;8;0.00;0.00;0;0;0
0;8;0.00;0.00;0;0;0
0;9;0.00;0.00;0;0;0
0;8;0.00;0.00;0;0;0
0;8;0.00;0.00;0;0;0
0;12;0.00;0.00;0;0;0
0;8;0.00;0.00;0;0;0
0;9;0.00;0.00;0;0;0
0;8;0.00;0.00;0;0;0
0;8;0.00;0.00;0;0;0
0;7;0.00;0.00;0;0;0
0;9;0.00;0.00;0;0;0
0;8;0.00;0.00;0;0;0
0;8;0.00;0.00;0;0;0
0;8;0.00;0.00;0;0;0
0;9;0.00;0.00;0;0;0
0;8;0.00;0.00;0;0;0
0;9;0.00;0.00;0;0;0
0;10;0.00;0.00;0;0;0
0;6;0.00;0.00;0;0;0
0;8;0.00;0.00;0;0;0
0;7;0.00;0.00;0;0;0
0;7;0.00;0.00;0;0;0
0;10;0.00;0.00;0;0;0
0;8;0.00;0.00;0;0;0
0;7;0.00;0.00;0;0;0
0;8;0.00;0.00;0;0;0
0;9;0.00;0.00;0;0;0
0;9;0.00;0.00;0;0;0
0;8;0.00;0.00;0;0;0
0;11;0.00;0.00;0;0;0
0;6;0.00;0.00;0;0;0
0;7;0.00;0.00;0;0;0
0;9;0.00;0.00;0;0;0
0;9;0.00;0.00;0;0;0
0;7;0.00;0.00;0;0;0
0;8;0.00;0.00;0;0;0
0;7;0.00;0.00;0;0;0
0;12;0.00;0.00;0;0;0
0;6;0.00;0.00;0;0;0
0;8;0.00;0.00;0;0;0
0;7;0.00;0.00;0;0;0
0;10;0.00;0.00;0;0;0
0;8;0.00;0.00;0;0;0
0;8;0.00;0.00;0;0;0
0;7;0.00;0.00;0;0;0
0;9;0.00;0.00;0;0;0
0;8;0.00;0.00;0;0;0
0;8;0.00;0.00;0;0;0
0;9;0.00;0.00;0;0;0
0;9;0.00;0.00;0;0;0
0;7;0.00;0.00;0;0;0
0;8;0.00;0.00;0;0;0
0;8;0.00;0.00;0;0;0
0;9;0.00;0.00;0;0;0
0;8;0.00;0.00;0;0;0
0;8;0.00;0.00;0;0;0
0;7;0.00;0.00;0;0;0
0;17;0.00;0.00;0;0;0
0;5;0.00;0.00;0;0;0
0;8;0.00;0.00;0;0;0
0;7;0.00;0.00;0;0;0
0;8;0.00;0.00;0;0;0
0;11;0.00;0.00;0;0;0
0;7;0.00;0.00;0;0;0
0;8;0.00;0.00;0;0;0
0;8;0.00;0.00;0;0;0
0;8;0.00;0.00;0;0;0
0;8;0.00;0.00;0;0;0
0;8;0.00;0.00;0;0;0
0;8;0.00;0.00;0;0;0
0;14;0.00;0.00;0;0;0
0;7;0.00;0.00;0;0;0
0;8;0.00;0.00;0;0;0
0;12;0.00;0.00;0;0;0
0;5;0.00;0.00;0;0;0
0;8;0.00;0.00;0;0;0
0;8;0.00;0.00;0;0;0
0;11;0.00;0.00;0;0;0
0;6;0.00;0.00;0;0;0
0;8;0.00;0.00;0;0;0
0;8;0.00;0.00;0;0;0
0;8;0.00;0.00;0;0;0
0;7;0.00;0.00;0;0;0
0;9;0.00;0.00;0;0;0
0;8;0.00;0.00;0;0;0
0;10;0.00;0.00;0;0;0
0;7;0.00;0.00;0;0;0
0;8;0.00;0.00;0;0;0
0;8;0.00;0.00;0;0;0
0;11;0.00;0.00;0;0;0
0;6;0.00;0.00;0;0;0
0;7;0.00;0.00;0;0;0
0;9;0.00;0.00;0;0;0
0;8;0.00;0.00;0;0;0
0;9;0.00;0.00;0;0;0
0;8;0.00;0.00;0;0;0
0;11;0.00;0.00;0;0;0
0;5;0.00;0.00;0;0;0
0;8;0.00;0.00;0;0;0
0;8;0.00;0.00;0;0;0
0;8;0.00;0.00;0;0;0
0;8;0.00;0.00;0;0;0
0;8;0.00;0.00;0;0;0
0;8;0.00;0.00;0;0;0
0;10;0.00;0.00;0;0;0
0;8;0.00;0.00;0;0;0
0;7;0.00;0.00;0;0;0
0;11;0.00;0.00;0;0;0
0;6;0.00;0.00;0;0;0
0;12;0.00;0.00;0;0;0
0;11;0.00;0.00;0;0;0
0;6;0.00;0.00;0;0;0
0;8;0.00;0.00;0;0;0
0;7;0.00;0.00;0;0;0
0;14;0.00;0.00;0;0;0
0;8;0.00;0.00;0;0;0
0;11;0.00;0.00;0;0;0
0;8;0.00;0.00;0;0;0
0;5;0.00;0.00;0;0;0
0;9;0.00;0.00;0;0;0
0;8;0.00;0.00;0;0;0
0;14;0.00;0.00;0;0;0
0;6;0.00;0.00;0;0;0
0;9;0.00;0.00;0;0;0
0;8;0.00;0.00;0;0;0
0;7;0.00;0.00;0;0;0
0;9;0.00;0.00;0;0;0
0;7;0.00;0.00;0;0;0
0;8;0.00;0.00;0;0;0
0;9;0.00;0.00;0;0;0
0;8;0.00;0.00;0;0;0
0;9;0.00;0.00;0;0;0
0;10;0.00;0.00;0;0;0
0;6;0.00;0.00;0;0;0
0;9;0.00;0.00;0;0;0
0;8;0.00;0.00;0;0;0
0;12;0.00;0.00;0;0;0
0;8;0.00;0.00;0;0;0
0;9;0.00;0.00;0;0;0
0;8;0.00;0.00;0;0;0
0;9;0.00;0.00;0;0;0
0;7;0.00;0.00;0;0;0
0;8;0.00;0.00;0;0;0
0;7;0.00;0.00;0;0;0
0;10;0.00;0.00;0;0;0
0;7;0.00;0.00;0;0;0
0;7;0.00;0.00;0;0;0
0;12;0.00;0.00;0;0;0
0;7;0.00;0.00;0;0;0
0;7;0.00;0.00;0;0;0
0;8;0.00;0.00;0;0;0
0;11;0.00;0.00;0;0;0
0;5;0.00;0.00;0;0;0
0;8;0.00;0.00;0;0;0
0;8;0.00;0.00;0;0;0
0;8;0.00;0.00;0;0;0
0;8;0.00;0.00;0;0;0
0;11;0.00;0.00;0;0;0
0;6;0.00;0.00;0;0;0
0;8;0.00;0.00;0;0;0
0;12;0.00;0.00;0;0;0
0;7;0.00;0.00;0;0;0
0;6;0.00;0.00;0;0;0
0;8;0.00;0.00;0;0;0
0;7;0.00;0.00;0;0;0
0;9;0.00;0.00;0;0;0
0;10;0.00;0.00;0;0;0
0;7;0.00;0.00;0;0;0
0;7;0.00;0.00;0;0;0
0;14;0.00;0.00;0;0;0
0;8;0.00;0.00;0;0;0
0;8;0.00;0.00;0;0;0
0;10;0.00;0.00;0;0;0
0;6;0.00;0.00;0;0;0
0;9;0.00;0.00;0;0;0
0;8;0.00;0.00;0;0;0
0;8;0.00;0.00;0;0;0
0;8;0.00;0.00;0;0;0
0;7;0.00;0.00;0;0;0
0;7;0.00;0.00;0;0;0
0;12;0.00;0.00;0;0;0
0;6;0.00;0.00;0;0;0
0;8;0.00;0.00;0;0;0
0;7;0.00;0.00;0;0;0
0;11;0.00;0.00;0;0;0
0;7;0.00;0.00;0;0;0
0;8;0.00;0.00;0;0;0
0;8;0.00;0.00;0;0;0
0;9;0.00;0.00;0;0;0
0;7;0.00;0.00;0;0;0
0;8;0.00;0.00;0;0;0
0;9;0.00;0.00;0;0;0
0;8;0.00;0.00;0;0;0
0;8;0.00;0.00;0;0;0
0;7;0.00;0.00;0;0;0
0;9;0.00;0.00;0;0;0
0;10;0.00;0.00;0;0;0
0;7;0.00;0.00;0;0;0
0;8;0.00;0.00;0;0;0
0;7;0.00;0.00;0;0;0
0;10;0.00;0.00;0;0;0
0;8;0.00;0.00;0;0;0
0;7;0.00;0.00;0;0;0
0;8;0.00;0.00;0;0;0
0;8;0.00;0.00;0;0;0
0;8;0.00;0.00;0;0;0
0;9;0.00;0.00;0;0;0
0;8;0.00;0.00;0;0;0
0;9;0.00;0.00;0;0;0
0;7;0.00;0.00;0;0;0
0;8;0.00;0.00;0;0;0
0;9;0.00;0.00;0;0;0
0;8;0.00;0.00;0;0;0
0;13;0.00;0.00;0;0;0
0;7;0.00;0.00;0;0;0
0;9;0.00;0.00;0;0;0
0;8;0.00;0.00;0;0;0
0;10;0.00;0.00;0;0;0
0;7;0.00;0.00;0;0;0
0;7;0.00;0.00;0;0;0
0;8;0.00;0.00;0;0;0
0;13;0.00;0.00;0;0;0
0;8;0.00;0.00;0;0;0
0;9;0.00;0.00;0;0;0
0;8;0.00;0.00;0;0;0
0;9;0.00;0.00;0;0;0
0;9;0.00;0.00;0;0;0
0;7;0.00;0.00;0;0;0
0;10;0.00;0.00;0;0;0
0;6;0.00;0.00;0;0;0
0;8;0.00;0.00;0;0;0
0;9;0.00;0.00;0;0;0
0;9;0.00;0.00;0;0;0
0;7;0.00;0.00;0;0;0
0;8;0.00;0.00;0;0;0
0;7;0.00;0.00;0;0;0
0;13;0.00;0.00;0;0;0
0;8;0.00;0.00;0;0;0
0;8;0.00;0.00;0;0;0
0;11;0.00;0.00;0;0;0
0;6;0.00;0.00;0;0;0
0;8;0.00;0.00;0;0;0
0;8;0.00;0.00;0;0;0
0;8;0.00;0.00;0;0;0
0;8;0.00;0.00;0;0;0
0;8;0.00;0.00;0;0;0
0;10;0.00;0.00;0;0;0
0;11;0.00;0.00;0;0;0
0;5;0.00;0.00;0;0;0
0;8;0.00;0.00;0;0;0
0;7;0.00;0.00;0;0;0
0;9;0.00;0.00;0;0;0
0;8;0.00;0.00;0;0;0
0;12;0.00;0.00;0;0;0
0;8;0.00;0.00;0;0;0
0;12;0.00;0.00;0;0;0
0;9;0.00;0.00;0;0;0
0;5;0.00;0.00;0;0;0
0;8;0.00;0.00;0;0;0
0;7;0.00;0.00;0;0;0
0;14;0.00;0.00;0;0;0
0;8;0.00;0.00;0;0;0
0;7;0.00;0.00;0;0;0
0;8;0.00;0.00;0;0;0
0;16;0.00;0.00;0;0;0
0;6;0.00;0.00;0;0;0
0;8;0.00;0.00;0;0;0
0;9;0.00;0.00;0;0;0
0;7;0.00;0.00;0;0;0
0;7;0.00;0.00;0;0;0
0;9;0.00;0.00;0;0;0
0;8;0.00;0.00;0;0;0
0;8;0.00;0.00;0;0;0
0;8;0.00;0.00;0;0;0
0;8;0.00;0.00;0;0;0
0;12;0.00;0.00;0;0;0
0;6;0.00;0.00;0;0;0
0;7;0.00;0.00;0;0;0
0;8;0.00;0.00;0;0;0
0;9;0.00;0.00;0;0;0
0;13;0.00;0.00;0;0;0
0;8;0.00;0.00;0;0;0
0;11;0.00;0.00;0;0;0
0;5;0.00;0.00;0;0;0
0;7;0.00;0.00;0;0;0
0;10;0.00;0.00;0;0;0
0;12;0.00;0.00;0;0;0
0;7;0.00;0.00;0;0;0
0;8;0.00;0.00;0;0;0
0;8;0.00;0.00;0;0;0
0;9;0.00;0.00;0;0;0
0;8;0.00;0.00;0;0;0
0;8;0.00;0.00;0;0;0
0;8;0.00;0.00;0;0;0
0;11;0.00;0.00;0;0;0
0;7;0.00;0.00;0;0;0
0;7;0.00;0.00;0;0;0
0;8;0.00;0.00;0;0;0
0;8;0.00;0.00;0;0;0
0;11;0.00;0.00;0;0;0
0;6;0.00;0.00;0;0;0
0;8;0.00;0.00;0;0;0
0;8;0.00;0.00;0;0;0
0;8;0.00;0.00;0;0;0
0;9;0.00;0.00;0;0;0
0;8;0.00;0.00;0;0;0
0;8;0.00;0.00;0;0;0
0;8;0.00;0.00;0;0;0
0;8;0.00;0.00;0;0;0
0;8;0.00;0.00;0;0;0
0;8;0.00;0.00;0;0;0
0;9;0.00;0.00;0;0;0
0;8;0.00;0.00;0;0;0
0;8;0.00;0.00;0;0;0
0;9;0.00;0.00;0;0;0
0;8;0.00;0.00;0;0;0
0;13;0.00;0.00;0;0;0
0;7;0.00;0.00;0;0;0
0;11;0.00;0.00;0;0;0
0;6;0.00;0.00;0;0;0
0;7;0.00;0.00;0;0;0
0;9;0.00;0.00;0;0;0
0;10;0.00;0.00;0;0;0
0;7;0.00;0.00;0;0;0
0;7;0.00;0.00;0;0;0
0;8;0.00;0.00;0;0;0
0;9;0.00;0.00;0;0;0
0;8;0.00;0.00;0;0;0
0;8;0.00;0.00;0;0;0
0;9;0.00;0.00;0;0;0
0;8;0.00;0.00;0;0;0
0;9;0.00;0.00;0;0;0
0;7;0.00;0.00;0;0;0
0;8;0.00;0.00;0;0;0
0;12;0.00;0.00;0;0;0
0;5;0.00;0.00;0;0;0
0;8;0.00;0.00;0;0;0
0;8;0.00;0.00;0;0;0
0;8;0.00;0.00;0;0;0
0;8;0.00;0.00;0;0;0
0;8;0.00;0.00;0;0;0
0;8;0.00;0.00;0;0;0
0;12;0.00;0.00;0;0;0
0;6;0.00;0.00;0;0;0
0;7;0.00;0.00;0;0;0
0;9;0.00;0.00;0;0;0
0;7;0.00;0.00;0;0;0
0;9;0.00;0.00;0;0;0
0;8;0.00;0.00;0;0;0
0;9;0.00;0.00;0;0;0
0;8;0.00;0.00;0;0;0
0;8;0.00;0.00;0;0;0
0;8;0.00;0.00;0;0;0
0;8;0.00;0.00;0;0;0
0;8;0.00;0.00;0;0;0
0;8;0.00;0.00;0;0;0
0;8;0.00;0.00;0;0;0
0;8;0.00;0.00;0;0;0
0;9;0.00;0.00;0;0;0
0;11;0.00;0.00;0;0;0
0;6;0.00;0.00;0;0;0
0;7;0.00;0.00;0;0;0
0;8;0.00;0.00;0;0;0
0;13;0.00;0.00;0;0;0
0;5;0.00;0.00;0;0;0
0;7;0.00;0.00;0;0;0
0;8;0.00;0.00;0;0;0
0;13;0.00;0.00;0;0;0
0;10;0.00;0.00;0;0;0
0;7;0.00;0.00;0;0;0
0;7;0.00;0.00;0;0;0
0;8;0.00;0.00;0;0;0
0;8;0.00;0.00;0;0;0
0;9;0.00;0.00;0;0;0
0;11;0.00;0.00;0;0;0
0;6;0.00;0.00;0;0;0
0;9;0.00;0.00;0;0;0
0;6;0.00;0.00;0;0;0
0;12;0.00;0.00;0;0;0
0;6;0.00;0.00;0;0;0
0;8;0.00;0.00;0;0;0
0;7;0.00;0.00;0;0;0
0;15;0.00;0.00;0;0;0
0;6;0.00;0.00;0;0;0
0;9;0.00;0.00;0;0;0
0;7;0.00;0.00;0;0;0
0;10;0.00;0.00;0;0;0
0;6;0.00;0.00;0;0;0
0;9;0.00;0.00;0;0;0
0;8;0.00;0.00;0;0;0
0;8;0.00;0.00;0;0;0
0;8;0.00;0.00;0;0;0
0;8;0.00;0.00;0;0;0
0;9;0.00;0.00;0;0;0
0;8;0.00;0.00;0;0;0
0;12;0.00;0.00;0;0;0
0;5;0.00;0.00;0;0;0
0;7;0.00;0.00;0;0;0
0;9;0.00;0.00;0;0;0
0;8;0.00;0.00;0;0;0
0;9;0.00;0.00;0;0;0
0;7;0.00;0.00;0;0;0
0;8;0.00;0.00;0;0;0
0;12;0.00;0.00;0;0;0
0;6;0.00;0.00;0;0;0
0;7;0.00;0.00;0;0;0
0;9;0.00;0.00;0;0;0
0;7;0.00;0.00;0;0;0
0;8;0.00;0.00;0;0;0
0;9;0.00;0.00;0;0;0
0;9;0.00;0.00;0;0;0
0;13;0.00;0.00;0;0;0
0;7;0.00;0.00;0;0;0
0;8;0.00;0.00;0;0;0
0;13;0.00;0.00;0;0;0
0;8;0.00;0.00;0;0;0
0;8;0.00;0.00;0;0;0
0;7;0.00;0.00;0;0;0
0;9;0.00;0.00;0;0;0
0;8;0.00;0.00;0;0;0
0;11;0.00;0.00;0;0;0
0;6;0.00;0.00;0;0;0
0;9;0.00;0.00;0;0;0
0;7;0.00;0.00;0;0;0
0;8;0.00;0.00;0;0;0
0;8;0.00;0.00;0;0;0
0;8;0.00;0.00;0;0;0
0;8;0.00;0.00;0;0;0
0;9;0.00;0.00;0;0;0
0;8;0.00;0.00;0;0;0
0;9;0.00;0.00;0;0;0
0;7;0.00;0.00;0;0;0
0;8;0.00;0.00;0;0;0
0;14;0.00;0.00;0;0;0
0;8;0.00;0.00;0;0;0
0;9;0.00;0.00;0;0;0
0;7;0.00;0.00;0;0;0
0;9;0.00;0.00;0;0;0
0;8;0.00;0.00;0;0;0
0;7;0.00;0.00;0;0;0
0;8;0.00;0.00;0;0;0
0;8;0.00;0.00;0;0;0
0;8;0.00;0.00;0;0;0
0;8;0.00;0.00;0;0;0
0;9;0.00;0.00;0;0;0
0;8;0.00;0.00;0;0;0
0;8;0.00;0.00;0;0;0
0;11;0.00;0.00;0;0;0
0;6;0.00;0.00;0;0;0
0;8;0.00;0.00;0;0;0
0;8;0.00;0.00;0;0;0
0;8;0.00;0.00;0;0;0
0;8;0.00;0.00;0;0;0
0;8;0.00;0.00;0;0;0
0;9;0.00;0.00;0;0;0
0;8;0.00;0.00;0;0;0
0;8;0.00;0.00;0;0;0
0;8;0.00;0.00;0;0;0
0;8;0.00;0.00;0;0;0
0;9;0.00;0.00;0;0;0
0;8;0.00;0.00;0;0;0
0;8;0.00;0.00;0;0;0
0;8;0.00;0.00;0;0;0
0;8;0.00;0.00;0;0;0
0;9;0.00;0.00;0;0;0
0;8;0.00;0.00;0;0;0
0;8;0.00;0.00;0;0;0
0;8;0.00;0.00;0;0;0
0;8;0.00;0.00;0;0;0
0;8;0.00;0.00;0;0;0
0;13;0.00;0.00;0;0;0
0;5;0.00;0.00;0;0;0
0;7;0.00;0.00;0;0;0
0;11;0.00;0.00;0;0;0
0;9;0.00;0.00;0;0;0
0;6;0.00;0.00;0;0;0
0;7;0.00;0.00;0;0;0
0;8;0.00;0.00;0;0;0
0;10;0.00;0.00;0;0;0
0;6;0.00;0.00;0;0;0
0;9;0.00;0.00;0;0;0
0;8;0.00;0.00;0;0;0
0;12;0.00;0.00;0;0;0
0;8;0.00;0.00;0;0;0
0;8;0.00;0.00;0;0;0
0;14;0.00;0.00;0;0;0
0;7;0.00;0.00;0;0;0
0;8;0.00;0.00;0;0;0
0;8;0.00;0.00;0;0;0
0;9;0.00;0.00;0;0;0
0;8;0.00;0.00;0;0;0
0;8;0.00;0.00;0;0;0
0;8;0.00;0.00;0;0;0
0;8;0.00;0.00;0;0;0
0;8;0.00;0.00;0;0;0
0;9;0.00;0.00;0;0;0
0;8;0.00;0.00;0;0;0
0;8;0.00;0.00;0;0;0
0;11;0.00;0.00;0;0;0
0;6;0.00;0.00;0;0;0
0;8;0.00;0.00;0;0;0
0;8;0.00;0.00;0;0;0
0;11;0.00;0.00;0;0;0
0;6;0.00;0.00;0;0;0
0;8;0.00;0.00;0;0;0
0;8;0.00;0.00;0;0;0
0;11;0.00;0.00;0;0;0
0;6;0.00;0.00;0;0;0
0;7;0.00;0.00;0;0;0
0;8;0.00;0.00;0;0;0
0;12;0.00;0.00;0;0;0
0;6;0.00;0.00;0;0;0
0;8;0.00;0.00;0;0;0
0;7;0.00;0.00;0;0;0
0;11;0.00;0.00;0;0;0
0;7;0.00;0.00;0;0;0
0;7;0.00;0.00;0;0;0
0;8;0.00;0.00;0;0;0
0;8;0.00;0.00;0;0;0
0;8;0.00;0.00;0;0;0
0;8;0.00;0.00;0;0;0
0;9;0.00;0.00;0;0;0
0;10;0.00;0.00;0;0;0
0;7;0.00;0.00;0;0;0
0;10;0.00;0.00;0;0;0
0;7;0.00;0.00;0;0;0
0;8;0.00;0.00;0;0;0
0;7;0.00;0.00;0;0;0
0;8;0.00;0.00;0;0;0
0;8;0.00;0.00;0;0;0
0;14;0.00;0.00;0;0;0
0;7;0.00;0.00;0;0;0
0;8;0.00;0.00;0;0;0
0;14;0.00;0.00;0;0;0
0;6;0.00;0.00;0;0;0
0;9;0.00;0.00;0;0;0
0;8;0.00;0.00;0;0;0
0;8;0.00;0.00;0;0;0
0;14;0.00;0.00;0;0;0
0;6;0.00;0.00;0;0;0
0;9;0.00;0.00;0;0;0
0;8;0.00;0.00;0;0;0
0;10;0.00;0.00;0;0;0
0;7;0.00;0.00;0;0;0
0;7;0.00;0.00;0;0;0
0;9;0.00;0.00;0;0;0
0;9;0.00;0.00;0;0;0
0;7;0.00;0.00;0;0;0
0;8;0.00;0.00;0;0;0
0;8;0.00;0.00;0;0;0
0;14;0.00;0.00;0;0;0
0;7;0.00;0.00;0;0;0
0;8;0.00;0.00;0;0;0
0;8;0.00;0.00;0;0;0
0;8;0.00;0.00;0;0;0
0;9;0.00;0.00;0;0;0
0;8;0.00;0.00;0;0;0
0;10;0.00;0.00;0;0;0
0;7;0.00;0.00;0;0;0
0;7;0.00;0.00;0;0;0
0;9;0.00;0.00;0;0;0
0;9;0.00;0.00;0;0;0
0;7;0.00;0.00;0;0;0
0;8;0.00;0.00;0;0;0
0;8;0.00;0.00;0;0;0
0;10;0.00;0.00;0;0;0
0;7;0.00;0.00;0;0;0
0;8;0.00;0.00;0;0;0
0;8;0.00;0.00;0;0;0
0;9;0.00;0.00;0;0;0
0;7;0.00;0.00;0;0;0
0;9;0.00;0.00;0;0;0
0;8;0.00;0.00;0;0;0
0;8;0.00;0.00;0;0;0
0;8;0.00;0.00;0;0;0
0;8;0.00;0.00;0;0;0
0;9;0.00;0.00;0;0;0
0;10;0.00;0.00;0;0;0
0;7;0.00;0.00;0;0;0
0;7;0.00;0.00;0;0;0
0;11;0.00;0.00;0;0;0
0;7;0.00;0.00;0;0;0
0;7;0.00;0.00;0;0;0
0;8;0.00;0.00;0;0;0
0;8;0.00;0.00;0;0;0
0;9;0.00;0.00;0;0;0
0;11;0.00;0.00;0;0;0
0;5;0.00;0.00;0;0;0
0;8;0.00;0.00;0;0;0
0;8;0.00;0.00;0;0;0
0;9;0.00;0.00;0;0;0
0;7;0.00;0.00;0;0;0
0;10;0.00;0.00;0;0;0
0;8;0.00;0.00;0;0;0
0;10;0.00;0.00;0;0;0
0;6;0.00;0.00;0;0;0
0;12;0.00;0.00;0;0;0
0;11;0.00;0.00;0;0;0
0;5;0.00;0.00;0;0;0
0;8;0.00;0.00;0;0;0
0;8;0.00;0.00;0;0;0
0;12;0.00;0.00;0;0;0
0;6;0.00;0.00;0;0;0
0;9;0.00;0.00;0;0;0
0;6;0.00;0.00;0;0;0
0;12;0.00;0.00;0;0;0
0;4;0.00;0.00;0;0;0
0;9;0.00;0.00;0;0;0
0;8;0.00;0.00;0;0;0
0;10;0.00;0.00;0;0;0
0;7;0.00;0.00;0;0;0
0;7;0.00;0.00;0;0;0
0;9;0.00;0.00;0;0;0
0;8;0.00;0.00;0;0;0
0;8;0.00;0.00;0;0;0
0;8;0.00;0.00;0;0;0
0;9;0.00;0.00;0;0;0
0;11;0.00;0.00;0;0;0
0;5;0.00;0.00;0;0;0
0;8;0.00;0.00;0;0;0
0;8;0.00;0.00;0;0;0
0;10;0.00;0.00;0;0;0
0;8;0.00;0.00;0;0;0
0;7;0.00;0.00;0;0;0
0;8;0.00;0.00;0;0;0
0;9;0.00;0.00;0;0;0
0;7;0.00;0.00;0;0;0
0;8;0.00;0.00;0;0;0
0;10;0.00;0.00;0;0;0
0;8;0.00;0.00;0;0;0
0;8;0.00;0.00;0;0;0
0;7;0.00;0.00;0;0;0
0;8;0.00;0.00;0;0;0
0;10;0.00;0.00;0;0;0
0;7;0.00;0.00;0;0;0
0;8;0.00;0.00;0;0;0
0;8;0.00;0.00;0;0;0
0;8;0.00;0.00;0;0;0
0;9;0.00;0.00;0;0;0
0;11;0.00;0.00;0;0;0
0;5;0.00;0.00;0;0;0
0;8;0.00;0.00;0;0;0
0;11;0.00;0.00;0;0;0
0;7;0.00;0.00;0;0;0
0;8;0.00;0.00;0;0;0
0;7;0.00;0.00;0;0;0
0;11;0.00;0.00;0;0;0
0;5;0.00;0.00;0;0;0
0;9;0.00;0.00;0;0;0
0;8;0.00;0.00;0;0;0
0;11;0.00;0.00;0;0;0
0;6;0.00;0.00;0;0;0
0;7;0.00;0.00;0;0;0
0;10;0.00;0.00;0;0;0
0;8;0.00;0.00;0;0;0
0;7;0.00;0.00;0;0;0
0;9;0.00;0.00;0;0;0
0;7;0.00;0.00;0;0;0
0;12;0.00;0.00;0;0;0
0;5;0.00;0.00;0;0;0
0;8;0.00;0.00;0;0;0
0;8;0.00;0.00;0;0;0
0;8;0.00;0.00;0;0;0
0;8;0.00;0.00;0;0;0
0;9;0.00;0.00;0;0;0
0;8;0.00;0.00;0;0;0
0;8;0.00;0.00;0;0;0
0;8;0.00;0.00;0;0;0
0;8;0.00;0.00;0;0;0
0;9;0.00;0.00;0;0;0
0;12;0.00;0.00;0;0;0
0;8;0.00;0.00;0;0;0
0;8;0.00;0.00;0;0;0
0;8;0.00;0.00;0;0;0
0;9;0.00;0.00;0;0;0
0;8;0.00;0.00;0;0;0
0;8;0.00;0.00;0;0;0
0;11;0.00;0.00;0;0;0
0;5;0.00;0.00;0;0;0
0;9;0.00;0.00;0;0;0
0;8;0.00;0.00;0;0;0
0;8;0.00;0.00;0;0;0
0;9;0.00;0.00;0;0;0
0;12;0.00;0.00;0;0;0
0;8;0.00;0.00;0;0;0
0;9;0.00;0.00;0;0;0
0;10;0.00;0.00;0;0;0
0;5;0.00;0.00;0;0;0
0;9;0.00;0.00;0;0;0
0;9;0.00;0.00;0;0;0
0;8;0.00;0.00;0;0;0
0;7;0.00;0.00;0;0;0
0;8;0.00;0.00;0;0;0
0;10;0.00;0.00;0;0;0
0;11;0.00;0.00;0;0;0
0;9;0.00;0.00;0;0;0
0;7;0.00;0.00;0;0;0
0;8;0.00;0.00;0;0;0
0;16;0.00;0.00;0;0;0
0;5;0.00;0.00;0;0;0
0;8;0.00;0.00;0;0;0
0;11;0.00;0.00;0;0;0
0;6;0.00;0.00;0;0;0
0;7;0.00;0.00;0;0;0
0;9;0.00;0.00;0;0;0
0;10;0.00;0.00;0;0;0
0;6;0.00;0.00;0;0;0
0;8;0.00;0.00;0;0;0
0;8;0.00;0.00;0;0;0
0;11;0.00;0.00;0;0;0
0;6;0.00;0.00;0;0;0
0;8;0.00;0.00;0;0;0
0;8;0.00;0.00;0;0;0
0;10;0.00;0.00;0;0;0
0;7;0.00;0.00;0;0;0
0;8;0.00;0.00;0;0;0
0;8;0.00;0.00;0;0;0
0;8;0.00;0.00;0;0;0
0;8;0.00;0.00;0;0;0
0;9;0.00;0.00;0;0;0
0;8;0.00;0.00;0;0;0
0;8;0.00;0.00;0;0;0
0;8;0.00;0.00;0;0;0
0;8;0.00;0.00;0;0;0
0;8;0.00;0.00;0;0;0
0;9;0.00;0.00;0;0;0
0;8;0.00;0.00;0;0;0
0;8;0.00;0.00;0;0;0
0;8;0.00;0.00;0;0;0
0;8;0.00;0.00;0;0;0
0;12;0.00;0.00;0;0;0
0;5;0.00;0.00;0;0;0
0;8;0.00;0.00;0;0;0
0;8;0.00;0.00;0;0;0
0;11;0.00;0.00;0;0;0
0;6;0.00;0.00;0;0;0
0;8;0.00;0.00;0;0;0
0;8;0.00;0.00;0;0;0
0;10;0.00;0.00;0;0;0
0;6;0.00;0.00;0;0;0
0;9;0.00;0.00;0;0;0
0;8;0.00;0.00;0;0;0
0;11;0.00;0.00;0;0;0
0;6;0.00;0.00;0;0;0
0;7;0.00;0.00;0;0;0
0;9;0.00;0.00;0;0;0
0;8;0.00;0.00;0;0;0
0;8;0.00;0.00;0;0;0
0;8;0.00;0.00;0;0;0
0;8;0.00;0.00;0;0;0
0;10;0.00;0.00;0;0;0
0;7;0.00;0.00;0;0;0
0;8;0.00;0.00;0;0;0
0;8;0.00;0.00;0;0;0
0;8;0.00;0.00;0;0;0
0;8;0.00;0.00;0;0;0
0;9;0.00;0.00;0;0;0
0;8;0.00;0.00;0;0;0
0;8;0.00;0.00;0;0;0
0;8;0.00;0.00;0;0;0
0;8;0.00;0.00;0;0;0
0;9;0.00;0.00;0;0;0
0;8;0.00;0.00;0;0;0
0;8;0.00;0.00;0;0;0
0;8;0.00;0.00;0;0;0
0;11;0.00;0.00;0;0;0
0;6;0.00;0.00;0;0;0
0;8;0.00;0.00;0;0;0
0;8;0.00;0.00;0;0;0
0;8;0.00;0.00;0;0;0
0;8;0.00;0.00;0;0;0
0;9;0.00;0.00;0;0;0
0;8;0.00;0.00;0;0;0
0;13;0.00;0.00;0;0;0
0;7;0.00;0.00;0;0;0
0;8;0.00;0.00;0;0;0
0;9;0.00;0.00;0;0;0
0;8;0.00;0.00;0;0;0
0;8;0.00;0.00;0;0;0
0;9;0.00;0.00;0;0;0
0;7;0.00;0.00;0;0;0
0;9;0.00;0.00;0;0;0
0;8;0.00;0.00;0;0;0
0;10;0.00;0.00;0;0;0
0;7;0.00;0.00;0;0;0
0;7;0.00;0.00;0;0;0
0;23;0.00;0.00;0;0;0
0;6;0.00;0.00;0;0;0
0;8;0.00;0.00;0;0;0
0;10;0.00;0.00;0;0;0
0;7;0.00;0.00;0;0;0
0;8;0.00;0.00;0;0;0
0;8;0.00;0.00;0;0;0
0;9;0.00;0.00;0;0;0
0;7;0.00;0.00;0;0;0
0;9;0.00;0.00;0;0;0
0;8;0.00;0.00;0;0;0
0;11;0.00;0.00;0;0;0
0;5;0.00;0.00;0;0;0
0;9;0.00;0.00;0;0;0
0;7;0.00;0.00;0;0;0
0;9;0.00;0.00;0;0;0
0;8;0.00;0.00;0;0;0
0;8;0.00;0.00;0;0;0
0;12;0.00;0.00;0;0;0
0;9;0.00;0.00;0;0;0
0;8;0.00;0.00;0;0;0
0;8;0.00;0.00;0;0;0
0;9;0.00;0.00;0;0;0
0;7;0.00;0.00;0;0;0
0;8;0.00;0.00;0;0;0
0;9;0.00;0.00;0;0;0
0;13;0.00;0.00;0;0;0
0;7;0.00;0.00;0;0;0
0;8;0.00;0.00;0;0;0
0;12;0.00;0.00;0;0;0
0;5;0.00;0.00;0;0;0
0;8;0.00;0.00;0;0;0
0;8;0.00;0.00;0;0;0
0;13;0.00;0.00;0;0;0
0;8;0.00;0.00;0;0;0
0;8;0.00;0.00;0;0;0
0;8;0.00;0.00;0;0;0
0;8;0.00;0.00;0;0;0
0;10;0.00;0.00;0;0;0
0;8;0.00;0.00;0;0;0
0;8;0.00;0.00;0;0;0
0;7;0.00;0.00;0;0;0
0;11;0.00;0.00;0;0;0
0;5;0.00;0.00;0;0;0
0;9;0.00;0.00;0;0;0
0;10;0.00;0.00;0;0;0
0;8;0.00;0.00;0;0;0
0;6;0.00;0.00;0;0;0
0;8;0.00;0.00;0;0;0
0;8;0.00;0.00;0;0;0
0;11;0.00;0.00;0;0;0
0;8;0.00;0.00;0;0;0
0;6;0.00;0.00;0;0;0
0;8;0.00;0.00;0;0;0
0;9;0.00;0.00;0;0;0
0;8;0.00;0.00;0;0;0
0;8;0.00;0.00;0;0;0
0;8;0.00;0.00;0;0;0
0;8;0.00;0.00;0;0;0
0;8;0.00;0.00;0;0;0
0;9;0.00;0.00;0;0;0
0;8;0.00;0.00;0;0;0
0;10;0.00;0.00;0;0;0
0;6;0.00;0.00;0;0;0
0;8;0.00;0.00;0;0;0
0;9;0.00;0.00;0;0;0
0;17;0.00;0.00;0;0;0
0;10;0.00;0.00;0;0;0
0;6;0.00;0.00;0;0;0
0;8;0.00;0.00;0;0;0
0;8;0.00;0.00;0;0;0
0;8;0.00;0.00;0;0;0
0;8;0.00;0.00;0;0;0
0;8;0.00;0.00;0;0;0
0;8;0.00;0.00;0;0;0
0;9;0.00;0.00;0;0;0
0;8;0.00;0.00;0;0;0
0;11;0.00;0.00;0;0;0
0;5;0.00;0.00;0;0;0
0;8;0.00;0.00;0;0;0
0;12;0.00;0.00;0;0;0
0;6;0.00;0.00;0;0;0
0;7;0.00;0.00;0;0;0
0;8;0.00;0.00;0;0;0
0;8;0.00;0.00;0;0;0
0;9;0.00;0.00;0;0;0
0;11;0.00;0.00;0;0;0
0;6;0.00;0.00;0;0;0
0;7;0.00;0.00;0;0;0
0;8;0.00;0.00;0;0;0
0;11;0.00;0.00;0;0;0
0;6;0.00;0.00;0;0;0
0;8;0.00;0.00;0;0;0
0;8;0.00;0.00;0;0;0
0;9;0.00;0.00;0;0;0
0;8;0.00;0.00;0;0;0
0;8;0.00;0.00;0;0;0
0;8;0.00;0.00;0;0;0
0;8;0.00;0.00;0;0;0
0;8;0.00;0.00;0;0;0
0;8;0.00;0.00;0;0;0
0;9;0.00;0.00;0;0;0
0;8;0.00;0.00;0;0;0
0;8;0.00;0.00;0;0;0
0;9;0.00;0.00;0;0;0
0;8;0.00;0.00;0;0;0
0;9;0.00;0.00;0;0;0
0;8;0.00;0.00;0;0;0
0;7;0.00;0.00;0;0;0
0;8;0.00;0.00;0;0;0
0;10;0.00;0.00;0;0;0
0;8;0.00;0.00;0;0;0
0;7;0.00;0.00;0;0;0
0;8;0.00;0.00;0;0;0
0;8;0.00;0.00;0;0;0
0;8;0.00;0.00;0;0;0
0;9;0.00;0.00;0;0;0
0;9;0.00;0.00;0;0;0
0;7;0.00;0.00;0;0;0
0;8;0.00;0.00;0;0;0
0;8;0.00;0.00;0;0;0
0;8;0.00;0.00;0;0;0
0;9;0.00;0.00;0;0;0
0;8;0.00;0.00;0;0;0
0;8;0.00;0.00;0;0;0
0;14;0.00;0.00;0;0;0
0;7;0.00;0.00;0;0;0
0;8;0.00;0.00;0;0;0
0;8;0.00;0.00;0;0;0
0;8;0.00;0.00;0;0;0
0;8;0.00;0.00;0;0;0
0;9;0.00;0.00;0;0;0
0;8;0.00;0.00;0;0;0
0;8;0.00;0.00;0;0;0
0;8;0.00;0.00;0;0;0
0;9;0.00;0.00;0;0;0
0;7;0.00;0.00;0;0;0
0;10;0.00;0.00;0;0;0
0;7;0.00;0.00;0;0;0
0;8;0.00;0.00;0;0;0
0;8;0.00;0.00;0;0;0
0;9;0.00;0.00;0;0;0
0;11;0.00;0.00;0;0;0
0;8;0.00;0.00;0;0;0
0;5;0.00;0.00;0;0;0
0;8;0.00;0.00;0;0;0
0;11;0.00;0.00;0;0;0
0;6;0.00;0.00;0;0;0
0;8;0.00;0.00;0;0;0
0;8;0.00;0.00;0;0;0
0;8;0.00;0.00;0;0;0
0;8;0.00;0.00;0;0;0
0;9;0.00;0.00;0;0;0
0;8;0.00;0.00;0;0;0
0;10;0.00;0.00;0;0;0
0;6;0.00;0.00;0;0;0
0;8;0.00;0.00;0;0;0
0;9;0.00;0.00;0;0;0
0;12;0.00;0.00;0;0;0
0;8;0.00;0.00;0;0;0
0;11;0.00;0.00;0;0;0
0;9;0.00;0.00;0;0;0
0;9;0.00;0.00;0;0;0
0;8;0.00;0.00;0;0;0
0;8;0.00;0.00;0;0;0
0;12;0.00;0.00;0;0;0
0;9;0.00;0.00;0;0;0
0;8;0.00;0.00;0;0;0
0;11;0.00;0.00;0;0;0
0;5;0.00;0.00;0;0;0
0;9;0.00;0.00;0;0;0
0;7;0.00;0.00;0;0;0
0;9;0.00;0.00;0;0;0
0;8;-0.01;0.02;0;0;1
0;8;0.00;0.00;0;0;0
0;8;0.00;0.00;0;0;0
0;12;0.00;0.00;0;0;0
0;6;-0.01;0.02;0;0;1
0;7;0.00;0.00;0;0;0
0;8;0.00;0.00;0;0;0
0;8;0.00;0.00;0;0;0
0;8;0.00;0.00;0;0;0
0;15;0.00;0.00;0;0;0
0;6;0.00;0.00;0;0;0
0;8;-0.01;0.02;0;0;1
0;8;0.00;0.00;0;0;0
0;8;0.00;0.00;0;0;0
0;9;0.00;0.00;0;0;0
0;8;0.00;0.00;0;0;0
0;9;0.00;0.00;0;0;0
0;8;0.00;0.00;0;0;0
0;7;-0.01;0.02;0;0;1
0;9;0.00;0.00;0;0;0
0;8;0.00;0.00;0;0;0
0;8;0.00;0.00;0;0;0
0;8;-0.02;0.00;-1;0;0
0;8;0.00;0.00;0;0;0
0;9;0.00;0.00;0;0;0
0;8;-0.01;0.02;0;0;1
0;8;0.00;0.00;0;0;0
0;8;0.00;0.00;0;0;0
0;8;0.00;0.00;0;0;0
0;9;0.00;0.00;0;0;0
0;8;0.00;0.00;0;0;0
0;8;0.00;0.00;0;0;0
0;10;-0.01;0.02;0;0;1
0;6;0.00;0.00;0;0;0
0;8;0.00;0.00;0;0;0
0;9;0.00;0.00;0;0;0
0;8;0.00;0.00;0;0;0
0;8;0.00;0.00;0;0;0
0;8;0.00;0.00;0;0;0
0;8;-0.01;0.02;0;0;1
0;9;0.00;0.00;0;0;0
0;8;0.00;0.00;0;0;0
0;8;0.00;0.00;0;0;0
0;8;0.00;0.00;0;0;0
0;8;0.00;0.00;0;0;0
0;9;0.00;0.00;0;0;0
0;8;-0.01;0.02;0;0;1
0;8;0.00;0.00;0;0;0
0;8;0.00;0.00;0;0;0
0;8;0.00;0.00;0;0;0
0;9;0.00;0.00;0;0;0
0;9;0.00;0.00;0;0;0
0;9;0.00;0.00;0;0;0
0;6;-0.01;0.02;0;0;1
0;8;0.00;0.00;0;0;0
0;9;0.00;0.00;0;0;0
0;8;0.00;0.00;0;0;0
0;10;0.00;0.00;0;0;0
0;7;0.00;0.00;0;0;0
0;7;0.00;0.00;0;0;0
0;8;-0.01;0.02;0;0;1
0;15;0.00;0.00;0;0;0
0;6;0.00;0.00;0;0;0
0;8;0.00;0.00;0;0;0
0;8;0.00;0.00;0;0;0
0;9;0.00;0.00;0;0;0
0;8;-0.01;0.02;0;0;1
0;8;0.00;0.00;0;0;0
0;10;0.00;0.00;0;0;0
0;6;0.00;0.00;0;0;0
0;8;0.00;0.00;0;0;0
0;9;0.00;0.00;0;0;0
0;8;-0.01;0.02;0;0;1
0;8;0.00;0.00;0;0;0
0;9;0.00;0.00;0;0;0
0;7;0.00;0.00;0;0;0
0;11;0.00;0.00;0;0;0
0;7;0.00;0.00;0;0;0
0;7;0.00;0.00;0;0;0
0;8;-0.01;0.02;0;0;1
0;9;0.00;0.00;0;0;0
0;8;0.00;0.00;0;0;0
0;8;0.00;0.00;0;0;0
0;8;0.00;0.00;0;0;0
0;8;0.00;0.00;0;0;0
0;8;-0.01;0.02;0;0;1
0;9;0.00;0.00;0;0;0
0;8;0.00;0.00;0;0;0
0;10;0.00;0.00;0;0;0
0;6;0.00;0.00;0;0;0
0;8;0.00;0.00;0;0;0
0;9;0.00;0.00;0;0;0
0;9;0.00;0.00;0;0;0
0;7;-0.01;0.02;0;0;1
0;8;0.00;0.00;0;0;0
0;8;0.00;0.00;0;0;0
0;12;0.00;0.00;0;0;0
0;5;0.00;0.00;0;0;0
0;8;0.00;0.00;0;0;0
0;8;0.00;0.00;0;0;0
0;8;0.00;0.00;0;0;0
0;8;0.00;0.00;0;0;0
0;9;0.00;0.00;0;0;0
0;9;0.00;0.00;0;0;0
0;7;0.00;0.00;0;0;0
0;8;0.00;0.00;0;0;0
0;8;0.00;0.00;0;0;0
0;9;0.00;0.00;0;0;0
0;9;0.00;0.00;0;0;0
0;8;0.00;0.00;0;0;0
0;7;0.00;0.00;0;0;0
0;8;0.00;0.00;0;0;0
0;9;0.00;0.00;0;0;0
0;11;0.00;0.00;0;0;0
0;9;0.00;0.00;0;0;0
0;8;0.00;0.00;0;0;0
0;8;0.00;0.00;0;0;0
0;13;0.00;0.00;0;0;0
0;8;0.00;0.00;0;0;0
0;8;0.00;0.00;0;0;0
0;11;0.00;0.00;0;0;0
0;5;0.00;0.00;0;0;0
0;9;0.00;0.00;0;0;0
0;8;0.00;0.00;0;0;0
0;8;0.00;0.00;0;0;0
0;8;0.00;0.00;0;0;0
0;8;0.00;0.00;0;0;0
0;9;0.00;0.00;0;0;0
0;8;0.00;0.00;0;0;0
0;8;0.00;0.00;0;0;0
0;8;0.00;0.00;0;0;0
0;8;0.00;0.00;0;0;0
0;9;0.00;0.00;0;0;0
0;8;0.00;0.00;0;0;0
0;8;0.00;0.00;0;0;0
0;8;0.00;0.00;0;0;0
0;8;0.00;0.00;0;0;0
0;9;0.00;0.00;0;0;0
0;8;0.00;0.00;0;0;0
0;8;0.00;0.00;0;0;0
0;9;-0.01;0.02;0;0;1
0;7;0.00;0.00;0;0;0
0;10;0.00;0.00;0;0;0
0;11;0.00;0.00;0;0;0
0;8;0.00;0.00;0;0;0
0;8;0.00;0.00;0;0;0
0;8;0.00;0.00;0;0;0
0;9;-0.01;0.02;0;0;1
0;8;0.00;0.00;0;0;0
0;8;0.00;0.00;0;0;0
0;8;0.00;0.00;0;0;0
0;8;0.00;0.00;0;0;0
0;9;0.00;0.00;0;0;0
0;14;-0.01;0.02;0;0;1
0;6;0.00;0.00;0;0;0
0;8;0.00;0.00;0;0;0
0;8;0.00;0.00;0;0;0
0;9;0.00;0.00;0;0;0
0;8;0.00;0.00;0;0;0
0;8;-0.01;0.02;0;0;1
0;10;0.00;0.00;0;0;0
0;7;0.00;0.00;0;0;0
0;8;0.00;0.00;0;0;0
0;8;0.00;0.00;0;0;0
0;9;0.00;0.00;0;0;0
0;7;0.00;0.00;0;0;0
0;8;-0.01;0.02;0;0;1
0;9;0.00;0.00;0;0;0
0;11;0.00;0.00;0;0;0
0;5;0.00;0.00;0;0;0
0;8;0.00;0.00;0;0;0
0;10;0.00;0.00;0;0;0
0;7;0.00;0.00;0;0;0
0;8;-0.01;0.02;0;0;1
0;8;0.00;0.00;0;0;0
0;8;0.00;0.00;0;0;0
0;8;0.00;0.00;0;0;0
0;8;0.00;0.00;0;0;0
0;9;0.00;0.00;0;0;0
0;8;-0.01;0.02;0;0;1
0;8;0.00;0.00;0;0;0
0;8;0.00;0.00;0;0;0
0;8;0.00;0.00;0;0;0
0;9;0.00;0.00;0;0;0
0;8;0.00;0.00;0;0;0
0;8;0.00;0.00;0;0;0
0;8;0.00;0.00;0;0;0
0;8;-0.01;0.02;0;0;1
0;9;0.00;0.00;0;0;0
0;8;0.00;0.00;0;0;0
0;8;0.00;0.00;0;0;0
0;8;0.00;0.00;0;0;0
0;11;-0.01;0.02;0;0;1
0;7;0.00;0.00;0;0;0
0;7;0.00;0.00;0;0;0
0;11;0.00;0.00;0;0;0
0;5;0.00;0.00;0;0;0
0;8;0.00;0.00;0;0;0
0;8;0.00;0.00;0;0;0
0;9;0.00;0.00;0;0;0
0;8;0.00;0.00;0;0;0
0;11;0.00;0.00;0;0;0
0;5;0.00;0.00;0;0;0
0;8;0.00;0.00;0;0;0
0;9;0.00;0.00;0;0;0
0;11;-0.01;0.02;0;0;1
0;5;0.00;0.00;0;0;0
0;8;0.00;0.00;0;0;0
0;8;0.00;0.00;0;0;0
0;10;0.00;0.00;0;0;0
0;7;0.00;0.00;0;0;0
0;8;0.00;0.00;0;0;0
0;8;-0.01;0.02;0;0;1
0;10;0.00;0.00;0;0;0
0;7;0.00;0.00;0;0;0
0;8;0.00;0.00;0;0;0
0;8;0.00;0.00;0;0;0
0;8;0.00;0.00;0;0;0
0;9;0.00;0.00;0;0;0
0;7;-0.01;0.02;0;0;1
0;9;0.00;0.00;0;0;0
0;10;0.00;0.00;0;0;0
0;7;0.00;0.00;0;0;0
0;7;0.01;0.02;0;-1;0
0;8;0.00;0.00;0;0;0
0;9;0.00;0.00;0;0;0
0;8;-0.01;0.02;0;0;1
0;8;0.00;0.00;0;0;0
0;8;0.00;0.00;0;0;0
0;8;0.00;0.00;0;0;0
0;9;0.01;0.02;0;-1;0
0;8;0.00;0.00;0;0;0
0;8;0.00;0.00;0;0;0
0;13;-0.01;0.02;0;0;1
0;7;0.00;0.00;0;0;0
0;9;0.00;0.00;0;0;0
0;8;0.00;0.00;0;0;0
0;9;0.00;0.00;0;0;0
0;7;0.00;0.00;0;0;0
0;8;-0.01;0.02;0;0;1
0;10;0.00;0.00;0;0;0
0;7;0.00;0.00;0;0;0
0;8;0.00;0.00;0;0;0
0;8;0.00;0.00;0;0;0
0;8;0.00;0.00;0;0;0
0;9;-0.01;0.02;0;0;1
0;8;0.00;0.00;0;0;0
0;8;0.00;0.00;0;0;0
0;8;0.00;0.00;0;0;0
0;8;0.00;0.00;0;0;0
0;9;0.00;0.00;0;0;0
0;8;0.00;0.00;0;0;0
0;11;-0.01;0.02;0;0;1
0;8;0.00;0.00;0;0;0
0;9;0.00;0.00;0;0;0
0;9;0.00;0.00;0;0;0
0;8;0.00;0.00;0;0;0
0;11;0.00;0.00;0;0;0
0;9;0.00;0.00;0;0;0
0;8;-0.01;0.02;0;0;1
0;9;0.00;0.00;0;0;0
0;8;0.00;0.00;0;0;0
0;8;0.00;0.00;0;0;0
0;8;0.00;0.00;0;0;0
0;8;0.00;0.00;0;0;0
0;9;-0.01;0.02;0;0;1
0;8;0.00;0.00;0;0;0
0;8;0.01;0.02;0;-1;0
0;9;0.00;0.00;0;0;0
0;7;0.00;0.00;0;0;0
0;9;0.00;0.00;0;0;0
0;9;0.00;0.00;0;0;0
0;10;-0.01;0.02;0;0;1
0;5;0.00;0.00;0;0;0
0;8;0.00;0.00;0;0;0
0;9;0.00;0.00;0;0;0
0;10;0.00;0.00;0;0;0
0;6;0.00;0.00;0;0;0
0;8;0.00;0.00;0;0;0
0;8;0.00;0.00;0;0;0
0;8;-0.01;0.02;0;0;1
0;9;0.00;0.00;0;0;0
0;8;0.00;0.00;0;0;0
0;7;0.00;0.00;0;0;0
0;12;0.00;0.00;0;0;0
0;5;0.00;0.00;0;0;0
0;9;0.00;0.00;0;0;0
0;11;-0.01;0.02;0;0;1
0;8;0.00;0.00;0;0;0
0;5;0.00;0.00;0;0;0
0;8;0.00;0.00;0;0;0
0;9;0.01;0.02;0;-1;0
0;8;0.00;0.00;0;0;0
0;8;0.00;0.00;0;0;0
0;8;-0.01;0.02;0;0;1
0;8;0.00;0.00;0;0;0
0;9;0.00;0.00;0;0;0
0;16;0.01;0.02;0;-1;0
0;8;0.00;0.00;0;0;0
0;7;0.00;0.00;0;0;0
0;10;0.00;0.00;0;0;0
0;8;-0.01;0.02;0;0;1
0;8;0.00;0.00;0;0;0
0;8;0.01;0.02;0;-1;0
0;11;0.00;0.00;0;0;0
0;5;0.00;0.00;0;0;0
0;9;0.00;0.00;0;0;0
0;9;-0.01;0.02;0;0;1
0;10;0.00;0.00;0;0;0
0;9;0.00;0.00;0;0;0
0;9;0.01;0.02;0;-1;0
0;11;0.00;0.00;0;0;0
0;5;0.00;0.00;0;0;0
0;8;-0.01;0.02;0;0;1
0;8;0.00;0.00;0;0;0
0;13;0.00;0.00;0;0;0
0;8;0.01;0.02;0;-1;0
0;8;0.00;0.00;0;0;0
0;8;0.00;0.00;0;0;0
0;8;0.00;0.00;0;0;0
0;9;-0.01;0.02;0;0;1
0;8;0.00;0.00;0;0;0
0;8;0.00;0.00;0;0;0
0;9;0.00;0.00;0;0;0
0;7;0.00;0.00;0;0;0
0;9;0.00;0.00;0;0;0
0;7;0.00;0.00;0;0;0
0;10;-0.01;0.02;0;0;1
0;7;0.00;0.00;0;0;0
0;8;0.00;0.00;0;0;0
0;8;0.00;0.00;0;0;0
0;10;0.00;0.00;0;0;0
0;7;0.00;0.00;0;0;0
0;8;0.00;0.00;0;0;0
0;12;-0.01;0.02;0;0;1
0;12;0.00;0.00;0;0;0
0;6;0.00;0.00;0;0;0
0;7;0.00;0.00;0;0;0
0;10;0.00;0.00;0;0;0
0;6;0.00;0.00;0;0;0
0;8;0.00;0.00;0;0;0
0;9;0.00;0.00;0;0;0
0;8;-0.01;0.02;0;0;1
0;8;0.01;0.02;0;-1;0
0;8;0.00;0.00;0;0;0
0;8;0.00;0.00;0;0;0
0;9;0.00;0.00;0;0;0
0;8;0.00;0.00;0;0;0
0;9;0.00;0.00;0;0;0
0;7;0.01;0.02;0;-1;0
0;8;-0.01;0.02;0;0;1
0;9;0.00;0.00;0;0;0
0;8;0.00;0.00;0;0;0
0;8;0.00;0.00;0;0;0
0;7;0.00;0.00;0;0;0
0;9;0.00;0.00;0;0;0
0;9;0.00;0.04;0;-1;1
0;8;0.00;0.00;0;0;0
0;8;0.00;0.00;0;0;0
0;11;0.00;0.00;0;0;0
0;5;0.00;0.00;0;0;0
0;9;0.00;0.00;0;0;0
0;8;0.00;0.00;0;0;0
0;11;0.00;0.04;0;-1;1
0;5;0.00;0.00;0;0;0
0;8;0.00;0.00;0;0;0
0;8;0.00;0.00;0;0;0
0;10;0.00;0.00;0;0;0
0;7;0.00;0.00;0;0;0
0;8;0.00;0.00;0;0;0
0;8;0.00;0.00;0;0;0
0;9;-0.01;0.02;0;0;1
0;8;0.00;0.00;0;0;0
0;8;0.00;0.00;0;0;0
0;8;0.00;0.00;0;0;0
0;7;0.00;0.00;0;0;0
0;9;0.00;0.00;0;0;0
0;9;-0.01;0.02;0;0;1
0;8;0.00;0.00;0;0;0
0;9;0.00;0.00;0;0;0
0;7;0.00;0.00;0;0;0
0;8;0.00;0.00;0;0;0
0;9;0.00;0.00;0;0;0
0;9;0.00;0.00;0;0;0
0;7;-0.01;0.02;0;0;1
0;8;0.00;0.00;0;0;0
0;8;0.00;0.00;0;0;0
0;9;0.00;0.00;0;0;0
0;8;0.00;0.00;0;0;0
0;8;0.00;0.00;0;0;0
0;8;0.00;0.00;0;0;0
0;11;-0.01;0.02;0;0;1
0;5;0.00;0.00;0;0;0
0;9;0.00;0.00;0;0;0
0;8;0.00;0.00;0;0;0
0;8;0.00;0.00;0;0;0
0;12;0.00;0.00;0;0;0
0;9;-0.01;0.02;0;0;1
0;8;0.00;0.00;0;0;0
0;8;0.00;0.00;0;0;0
0;8;0.00;0.00;0;0;0
0;10;0.00;0.00;0;0;0
0;6;0.00;0.00;0;0;0
0;9;-0.01;0.02;0;0;1
0;9;0.00;0.00;0;0;0
0;7;0.00;0.00;0;0;0
0;8;0.00;0.00;0;0;0
0;7;0.00;0.00;0;0;0
0;11;0.00;0.00;0;0;0
0;7;0.00;0.00;0;0;0
0;8;-0.01;0.02;0;0;1
0;11;0.00;0.00;0;0;0
0;5;0.00;0.00;0;0;0
0;9;0.00;0.00;0;0;0
0;8;0.00;0.00;0;0;0
0;8;0.00;0.00;0;0;0
0;13;-0.01;0.02;0;0;1
0;7;0.00;0.00;0;0;0
0;9;0.00;0.00;0;0;0
0;8;0.00;0.00;0;0;0
0;8;0.01;0.02;0;-1;0
0;7;0.00;0.00;0;0;0
0;8;0.00;0.00;0;0;0
0;11;-0.01;0.02;0;0;1
0;7;0.00;0.00;0;0;0
0;8;0.00;0.00;0;0;0
0;7;0.00;0.00;0;0;0
0;15;0.01;0.02;0;-1;0
0;7;0.00;0.00;0;0;0
0;7;0.00;0.00;0;0;0
0;8;-0.01;0.02;0;0;1
0;9;0.00;0.00;0;0;0
0;8;0.00;0.00;0;0;0
0;9;0.01;0.02;0;-1;0
0;11;0.00;0.00;0;0;0
0;5;-0.01;0.02;0;0;1
0;7;0.00;0.00;0;0;0
0;8;0.00;0.00;0;0;0
0;10;0.00;0.00;0;0;0
0;7;0.00;0.00;0;0;0
0;10;0.00;0.00;0;0;0
0;7;0.00;0.04;0;-1;1
0;7;0.00;0.00;0;0;0
0;9;0.00;0.00;0;0;0
0;9;0.00;0.00;0;0;0
0;8;0.00;0.00;0;0;0
0;8;0.00;0.00;0;0;0
0;7;-0.01;0.02;0;0;1
0;11;0.01;0.02;0;-1;0
0;7;0.00;0.00;0;0;0
0;8;0.00;0.00;0;0;0
0;7;0.00;0.00;0;0;0
0;10;0.00;0.00;0;0;0
0;7;0.00;0.00;0;0;0
0;9;-0.01;0.02;0;0;1
0;8;0.00;0.00;0;0;0
0;8;0.00;0.00;0;0;0
0;8;0.00;0.00;0;0;0
0;8;0.00;0.00;0;0;0
0;12;-0.01;0.02;0;0;1
0;5;0.00;0.00;0;0;0
0;8;0.00;0.00;0;0;0
0;8;0.00;0.00;0;0;0
0;10;0.00;0.00;0;0;0
0;7;0.00;0.00;0;0;0
0;8;-0.01;0.02;0;0;1
0;8;0.00;0.00;0;0;0
0;8;0.00;0.00;0;0;0
0;8;0.00;0.00;0;0;0
0;9;0.00;0.00;0;0;0
0;8;0.00;0.00;0;0;0
0;12;-0.01;0.02;0;0;1
0;8;0.00;0.00;0;0;0
0;7;0.00;0.00;0;0;0
0;9;0.00;0.00;0;0;0
0;8;0.00;0.00;0;0;0
0;8;0.00;0.00;0;0;0
0;9;-0.01;0.02;0;0;1
0;8;0.00;0.00;0;0;0
0;9;0.00;0.00;0;0;0
0;7;0.00;0.00;0;0;0
0;8;0.00;0.00;0;0;0
0;8;0.00;0.00;0;0;0
0;9;-0.01;0.02;0;0;1
0;7;0.00;0.00;0;0;0
0;9;0.00;0.00;0;0;0
0;10;0.00;0.00;0;0;0
0;7;0.00;0.00;0;0;0
0;8;0.00;0.00;0;0;0
0;7;-0.01;0.02;0;0;1
0;10;0.00;0.00;0;0;0
0;9;0.00;0.00;0;0;0
0;8;0.00;0.00;0;0;0
0;8;0.00;0.00;0;0;0
0;7;0.00;0.00;0;0;0
0;9;-0.01;0.02;0;0;1
0;11;0.00;0.00;0;0;0
0;5;0.00;0.00;0;0;0
0;8;0.00;0.00;0;0;0
0;7;0.00;0.00;0;0;0
0;10;0.01;0.02;0;-1;0
0;8;-0.01;0.02;0;0;1
0;8;0.00;0.00;0;0;0
0;8;0.00;0.00;0;0;0
0;9;0.00;0.00;0;0;0
0;8;0.00;0.00;0;0;0
0;11;0.01;0.02;0;-1;0
0;10;-0.01;0.02;0;0;1
0;7;0.00;0.00;0;0;0
0;8;0.00;0.00;0;0;0
0;9;0.00;0.00;0;0;0
0;9;0.00;0.00;0;0;0
0;7;0.00;0.00;0;0;0
0;8;0.00;0.04;0;-1;1
0;8;0.00;0.00;0;0;0
0;9;0.00;0.00;0;0;0
0;8;0.00;0.00;0;0;0
0;8;0.00;0.00;0;0;0
0;7;0.00;0.00;0;0;0
0;13;0.00;0.04;0;-1;1
0;9;0.00;0.00;0;0;0
0;8;0.00;0.00;0;0;0
0;11;0.00;0.00;0;0;0
0;5;0.00;0.00;0;0;0
0;7;0.00;0.00;0;0;0
0;9;0.00;0.00;0;0;0
0;12;0.00;0.04;0;-1;1
0;5;0.00;0.00;0;0;0
0;8;0.00;0.00;0;0;0
0;7;0.00;0.00;0;0;0
0;9;0.00;0.00;0;0;0
0;8;0.00;0.00;0;0;0
0;9;-0.01;0.02;0;0;1
0;7;0.00;0.00;0;0;0
0;8;0.00;0.00;0;0;0
0;8;0.00;0.00;0;0;0
0;9;0.00;0.00;0;0;0
0;8;0.00;0.00;0;0;0
0;8;-0.01;0.02;0;0;1
0;8;0.00;0.00;0;0;0
0;8;0.00;0.00;0;0;0
0;9;0.00;0.00;0;0;0
0;8;0.00;0.00;0;0;0
0;8;0.00;0.00;0;0;0
0;10;-0.01;0.02;0;0;1
0;7;0.00;0.00;0;0;0
0;9;0.00;0.00;0;0;0
0;7;0.00;0.00;0;0;0
0;10;0.00;0.00;0;0;0
0;7;0.00;0.00;0;0;0
0;7;-0.01;0.02;0;0;1
0;14;0.00;0.00;0;0;0
0;8;0.00;0.00;0;0;0
0;8;0.00;0.00;0;0;0
0;7;0.00;0.00;0;0;0
0;11;0.00;0.00;0;0;0
0;7;-0.01;0.02;0;0;1
0;7;0.00;0.00;0;0;0
0;8;0.00;0.00;0;0;0
0;9;0.00;0.00;0;0;0
0;7;0.00;0.00;0;0;0
0;9;0.00;0.00;0;0;0
0;8;0.00;0.00;0;0;0
0;9;-0.01;0.02;0;0;1
0;8;0.00;0.00;0;0;0
0;7;0.00;0.00;0;0;0
0;9;0.00;0.00;0;0;0
0;10;0.00;0.00;0;0;0
0;7;0.00;0.00;0;0;0
0;8;-0.01;0.02;0;0;1
0;7;0.00;0.00;0;0;0
0;12;0.00;0.00;0;0;0
0;6;0.00;0.00;0;0;0
0;8;0.00;0.00;0;0;0
0;7;0.00;0.00;0;0;0
0;10;-0.01;0.02;0;0;1
0;7;0.00;0.00;0;0;0
0;9;0.00;0.00;0;0;0
0;8;0.00;0.00;0;0;0
0;7;0.00;0.00;0;0;0
0;9;0.00;0.00;0;0;0
0;8;0.00;0.04;0;-1;1
0;8;0.00;0.00;0;0;0
0;8;0.00;0.00;0;0;0
0;8;0.00;0.00;0;0;0
0;11;0.00;0.00;0;0;0
0;6;0.00;0.00;0;0;0
0;9;0.00;0.00;0;0;0
0;11;0.00;0.04;0;-1;1
0;5;0.00;0.00;0;0;0
0;8;0.00;0.00;0;0;0
0;8;0.00;0.00;0;0;0
0;11;0.00;0.00;0;0;0
0;6;0.00;0.00;0;0;0
0;7;0.01;0.02;0;-1;0
0;9;-0.01;0.02;0;0;1
0;12;0.00;0.00;0;0;0
0;8;0.00;0.00;0;0;0
0;8;0.00;0.00;0;0;0
0;8;0.00;0.00;0;0;0
0;9;-0.01;0.02;0;0;1
0;8;0.00;0.00;0;0;0
0;8;0.00;0.00;0;0;0
0;12;0.00;0.00;0;0;0
0;5;0.00;0.00;0;0;0
0;8;0.00;0.00;0;0;0
0;7;0.00;0.00;0;0;0
0;8;0.00;0.00;0;0;0
0;10;-0.01;0.02;0;0;1
0;7;0.01;0.02;0;-1;0
0;8;0.00;0.00;0;0;0
0;11;0.00;0.00;0;0;0
0;6;0.00;0.00;0;0;0
0;9;0.00;0.00;0;0;0
0;8;-0.01;0.02;0;0;1
0;11;0.01;0.02;0;-1;0
0;9;0.00;0.00;0;0;0
0;9;0.00;0.00;0;0;0
0;7;0.00;0.00;0;0;0
0;8;0.00;0.00;0;0;0
0;8;-0.01;0.02;0;0;1
0;8;0.00;0.00;0;0;0
0;13;0.01;0.02;0;-1;0
0;5;0.00;0.00;0;0;0
0;8;0.00;0.00;0;0;0
0;7;0.00;0.00;0;0;0
0;8;0.00;0.00;0;0;0
0;9;-0.01;0.02;0;0;1
0;8;0.00;0.00;0;0;0
0;8;0.01;0.02;0;-1;0
0;8;0.00;0.00;0;0;0
0;8;0.00;0.00;0;0;0
0;11;0.00;0.00;0;0;0
0;7;0.00;0.00;0;0;0
0;7;-0.01;0.02;0;0;1
0;8;0.00;0.00;0;0;0
0;12;0.01;0.02;0;-1;0
0;5;0.00;0.00;0;0;0
0;9;0.00;0.00;0;0;0
0;7;0.00;0.00;0;0;0
0;8;0.00;0.00;0;0;0
0;9;-0.01;0.02;0;0;1
0;8;0.00;0.00;0;0;0
0;8;0.00;0.00;0;0;0
0;10;0.01;0.02;0;-1;0
0;7;0.00;0.00;0;0;0
0;8;0.00;0.00;0;0;0
0;8;0.00;0.00;0;0;0
0;8;-0.01;0.02;0;0;1
0;9;0.00;0.00;0;0;0
0;8;0.00;0.00;0;0;0
0;11;0.01;0.02;0;-1;0
0;9;0.00;0.00;0;0;0
0;8;0.00;0.00;0;0;0
0;9;-0.01;0.02;0;0;1
0;11;0.00;0.00;0;0;0
0;5;0.00;0.00;0;0;0
0;7;0.00;0.00;0;0;0
0;8;0.01;0.02;0;-1;0
0;11;0.00;0.00;0;0;0
0;7;-0.01;0.02;0;0;1
0;8;0.00;0.00;0;0;0
0;8;0.00;0.00;0;0;0
0;11;0.00;0.00;0;0;0
0;6;0.00;0.00;0;0;0
0;7;0.00;0.00;0;0;0
0;8;0.01;0.02;0;-1;0
0;11;0.00;0.00;0;0;0
0;6;-0.01;0.02;0;0;1
0;8;0.00;0.00;0;0;0
0;8;0.00;0.00;0;0;0
0;14;0.00;0.00;0;0;0
0;7;0.01;0.02;0;-1;0
0;7;0.00;0.00;0;0;0
0;10;-0.01;0.02;0;0;1
0;8;0.00;0.00;0;0;0
0;9;0.00;0.00;0;0;0
0;7;0.00;0.00;0;0;0
0;7;0.00;0.00;0;0;0
0;9;0.00;0.00;0;0;0
0;11;0.00;0.04;0;-1;1
0;6;0.00;0.00;0;0;0
0;7;0.00;0.00;0;0;0
0;8;0.00;0.00;0;0;0
0;9;0.00;0.00;0;0;0
0;8;0.00;0.00;0;0;0
0;9;0.00;0.00;0;0;0
0;8;0.00;0.04;0;-1;1
0;10;0.00;0.00;0;0;0
0;8;0.00;0.00;0;0;0
0;7;0.00;0.00;0;0;0
0;7;0.00;0.00;0;0;0
0;11;0.00;0.00;0;0;0
0;6;0.00;0.00;0;0;0
0;9;0.00;0.04;0;-1;1
0;7;0.00;0.00;0;0;0
0;10;0.00;0.00;0;0;0
0;7;0.00;0.00;0;0;0
0;7;0.00;0.00;0;0;0
0;8;0.00;0.00;0;0;0
0;10;-0.01;0.02;0;0;1
0;8;0.01;0.02;0;-1;0
0;8;0.00;0.00;0;0;0
0;11;0.00;0.00;0;0;0
0;5;0.00;0.00;0;0;0
0;9;0.00;0.00;0;0;0
0;8;0.00;0.00;0;0;0
0;11;-0.01;0.02;0;0;1
0;8;0.00;0.00;0;0;0
0;8;0.01;0.02;0;-1;0
0;9;0.00;0.00;0;0;0
0;13;0.00;0.00;0;0;0
0;8;0.00;0.00;0;0;0
0;8;-0.01;0.02;0;0;1
0;9;0.00;0.00;0;0;0
0;10;0.01;0.02;0;-1;0
0;6;0.00;0.00;0;0;0
0;7;0.00;0.00;0;0;0
0;13;0.00;0.00;0;0;0
0;8;0.00;0.00;0;0;0
0;8;-0.01;0.02;0;0;1
0;11;0.00;0.00;0;0;0
0;6;0.00;0.00;0;0;0
0;8;0.01;0.02;0;-1;0
0;8;0.00;0.00;0;0;0
0;8;0.00;0.00;0;0;0
0;8;-0.01;0.02;0;0;1
0;12;0.00;0.00;0;0;0
0;8;0.00;0.00;0;0;0
0;9;0.00;0.00;0;0;0
0;8;0.00;0.00;0;0;0
0;10;0.00;0.00;0;0;0
0;7;-0.01;0.02;0;0;1
0;7;0.00;0.00;0;0;0
0;9;0.00;0.00;0;0;0
0;8;0.00;0.00;0;0;0
0;8;0.00;0.00;0;0;0
0;8;0.00;0.00;0;0;0
0;8;0.00;0.00;0;0;0
0;9;-0.01;0.02;0;0;1
0;8;0.00;0.00;0;0;0
0;8;0.00;0.00;0;0;0
0;8;0.00;0.00;0;0;0
0;9;0.00;0.00;0;0;0
0;7;0.00;0.00;0;0;0
0;10;0.00;0.00;0;0;0
0;10;-0.01;0.02;0;0;1
0;6;0.00;0.00;0;0;0
0;7;0.00;0.00;0;0;0
0;8;0.00;0.00;0;0;0
0;17;0.00;0.00;0;0;0
0;8;0.00;0.00;0;0;0
0;8;-0.01;0.02;0;0;1
0;10;0.00;0.00;0;0;0
0;8;0.00;0.00;0;0;0
0;7;0.00;0.00;0;0;0
0;8;0.00;0.00;0;0;0
0;8;0.00;0.00;0;0;0
0;8;0.00;0.00;0;0;0
0;10;-0.01;0.02;0;0;1
0;7;0.00;0.00;0;0;0
0;11;0.00;0.00;0;0;0
0;6;0.00;0.00;0;0;0
0;7;0.01;0.02;0;-1;0
0;10;0.00;0.00;0;0;0
0;10;0.00;0.00;0;0;0
0;6;0.00;0.00;0;0;0
0;8;-0.01;0.02;0;0;1
0;8;0.00;0.00;0;0;0
0;12;0.01;0.02;0;-1;0
0;9;0.00;0.00;0;0;0
0;7;0.00;0.00;0;0;0
0;8;0.00;0.00;0;0;0
0;8;0.00;0.00;0;0;0
0;12;-0.01;0.02;0;0;1
0;6;0.00;0.00;0;0;0
0;7;0.00;0.00;0;0;0
0;8;0.01;0.02;0;-1;0
0;9;0.00;0.00;0;0;0
0;9;0.00;0.00;0;0;0
0;7;0.00;0.00;0;0;0
0;8;-0.01;0.02;0;0;1
0;11;0.00;0.00;0;0;0
0;6;0.00;0.00;0;0;0
0;7;0.00;0.00;0;0;0
0;9;0.01;0.02;0;-1;0
0;11;0.00;0.00;0;0;0
0;6;0.00;0.00;0;0;0
0;7;-0.01;0.02;0;0;1
0;8;0.00;0.00;0;0;0
0;10;0.00;0.00;0;0;0
0;7;0.00;0.00;0;0;0
0;12;0.01;0.02;0;-1;0
0;5;0.00;0.00;0;0;0
0;9;-0.01;0.02;0;0;1
0;8;0.00;0.00;0;0;0
0;8;0.00;0.00;0;0;0
0;7;0.00;0.00;0;0;0
0;9;0.01;0.02;0;-1;0
0;9;0.00;0.00;0;0;0
0;8;0.00;0.00;0;0;0
0;7;0.00;0.00;0;0;0
0;8;-0.01;0.02;0;0;1
0;8;0.00;0.00;0;0;0
0;9;0.00;0.00;0;0;0
0;10;0.00;0.00;0;0;0
0;7;0.00;0.00;0;0;0
0;7;0.00;0.00;0;0;0
0;8;0.00;0.00;0;0;0
0;13;-0.01;0.02;0;0;1
0;9;0.00;0.00;0;0;0
0;7;0.00;0.00;0;0;0
0;8;0.00;0.00;0;0;0
0;10;0.00;0.00;0;0;0
0;10;0.00;0.00;0;0;0
0;9;-0.01;0.02;0;0;1
0;10;0.00;0.00;0;0;0
0;7;0.00;0.00;0;0;0
0;8;0.00;0.00;0;0;0
0;8;0.00;0.00;0;0;0
0;8;0.00;0.00;0;0;0
0;8;0.00;0.00;0;0;0
0;9;0.00;0.00;0;0;0
0;7;-0.01;0.02;0;0;1
0;8;0.00;0.00;0;0;0
0;9;0.00;0.00;0;0;0
0;10;0.00;0.00;0;0;0
0;6;0.00;0.00;0;0;0
0;8;0.00;0.00;0;0;0
0;9;0.00;0.00;0;0;0
0;8;-0.01;0.02;0;0;1
0;8;0.00;0.00;0;0;0
0;8;0.00;0.00;0;0;0
0;8;0.00;0.00;0;0;0
0;12;0.00;0.00;0;0;0
0;9;0.00;0.00;0;0;0
0;8;0.00;0.00;0;0;0
0;9;-0.01;0.02;0;0;1
0;7;0.00;0.00;0;0;0
0;8;0.00;0.00;0;0;0
0;8;0.00;0.00;0;0;0
0;12;0.00;0.00;0;0;0
0;5;0.00;0.00;0;0;0
0;8;0.00;0.00;0;0;0
0;9;-0.01;0.02;0;0;1
0;8;0.00;0.00;0;0;0
0;9;0.00;0.00;0;0;0
0;7;0.00;0.00;0;0;0
0;8;0.00;0.00;0;0;0
0;8;0.00;0.00;0;0;0
0;8;0.00;0.00;0;0;0
0;9;-0.01;0.02;0;0;1
0;8;0.00;0.00;0;0;0
0;9;0.00;0.00;0;0;0
0;7;0.00;0.00;0;0;0
0;8;0.00;0.00;0;0;0
0;9;0.00;0.00;0;0;0
0;9;0.00;0.00;0;0;0
0;10;-0.01;0.02;0;0;1
0;6;0.00;0.00;0;0;0
0;7;0.00;0.00;0;0;0
0;12;0.00;0.00;0;0;0
0;6;0.00;0.00;0;0;0
0;7;0.00;0.00;0;0;0
0;12;0.00;0.00;0;0;0
0;8;-0.01;0.02;0;0;1
0;9;0.00;0.00;0;0;0
0;8;0.00;0.00;0;0;0
0;8;0.00;0.00;0;0;0
0;8;0.00;0.00;0;0;0
0;16;-0.01;0.02;0;0;1
0;5;0.00;0.00;0;0;0
0;8;0.00;0.00;0;0;0
0;13;0.00;0.00;0;0;0
0;7;0.00;0.00;0;0;0
0;8;0.00;0.00;0;0;0
0;9;-0.01;0.02;0;0;1
0;9;0.00;0.00;0;0;0
0;7;0.00;0.00;0;0;0
0;8;0.00;0.00;0;0;0
0;8;0.00;0.00;0;0;0
0;9;0.00;0.00;0;0;0
0;9;0.00;0.00;0;0;0
0;9;-0.01;0.02;0;0;1
0;7;0.01;0.02;0;-1;0
0;7;0.00;0.00;0;0;0
0;9;0.00;0.00;0;0;0
0;8;0.00;0.00;0;0;0
0;9;0.00;0.00;0;0;0
0;7;0.00;0.00;0;0;0
0;8;-0.01;0.02;0;0;1
0;9;0.01;0.02;0;-1;0
0;8;0.00;0.00;0;0;0
0;8;0.00;0.00;0;0;0
0;8;0.00;0.00;0;0;0
0;8;0.00;0.00;0;0;0
0;12;0.00;0.00;0;0;0
0;6;-0.01;0.02;0;0;1
0;7;0.00;0.00;0;0;0
0;8;0.00;0.00;0;0;0
0;12;-0.02;0.00;-1;0;0
0;9;0.00;0.00;0;0;0
0;8;-0.01;0.02;0;0;1
0;8;0.00;0.00;0;0;0
0;9;0.00;0.00;0;0;0
0;7;0.00;0.00;0;0;0
0;9;0.00;0.00;0;0;0
0;16;-0.04;0.02;-1;0;1
0;8;0.00;0.00;0;0;0
0;8;0.00;0.00;0;0;0
0;8;0.00;0.00;0;0;0
0;9;0.00;0.00;0;0;0
0;8;0.00;0.00;0;0;0
0;8;-0.04;0.02;-1;0;1
0;8;0.00;0.00;0;0;0
0;8;0.00;0.00;0;0;0
0;11;0.00;0.00;0;0;0
0;7;0.00;0.00;0;0;0
0;8;0.00;0.00;0;0;0
0;7;0.00;0.00;0;0;0
0;10;-0.04;0.02;-1;0;1
0;8;0.00;0.00;0;0;0
0;8;0.00;0.00;0;0;0
0;7;0.00;0.00;0;0;0
0;9;0.00;0.00;0;0;0
0;7;0.00;0.00;0;0;0
0;9;-0.01;0.02;0;0;1
0;13;0.00;0.00;0;0;0
0;7;-0.02;0.00;-1;0;0
0;8;0.00;0.00;0;0;0
0;8;0.00;0.00;0;0;0
0;16;-0.01;0.02;0;0;1
0;6;0.00;0.00;0;0;0
0;7;0.00;0.00;0;0;0
0;8;0.00;0.00;0;0;0
0;10;0.01;0.02;0;-1;0
0;11;-0.02;0.00;-1;0;0
0;5;0.00;0.00;0;0;0
0;7;-0.01;0.02;0;0;1
0;8;0.00;0.00;0;0;0
0;8;0.00;0.00;0;0;0
0;11;0.00;0.00;0;0;0
0;6;0.00;0.00;0;0;0
0;13;-0.04;0.02;-1;0;1
0;11;0.00;0.00;0;0;0
0;17;0.00;0.00;0;0;0
0;5;0.00;0.00;0;0;0
0;7;0.00;0.00;0;0;0
0;8;-0.01;0.02;0;0;1
0;11;-0.02;0.00;-1;0;0
0;6;0.00;0.00;0;0;0
0;8;0.00;0.00;0;0;0
0;8;0.00;0.00;0;0;0
0;10;0.00;0.00;0;0;0
0;6;-0.01;0.02;0;0;1
0;10;0.00;0.00;0;0;0
0;7;0.00;0.00;0;0;0
0;8;-0.02;0.00;-1;0;0
0;8;0.00;0.00;0;0;0
0;8;0.00;0.00;0;0;0
0;9;-0.01;0.02;0;0;1
0;8;0.00;0.00;0;0;0
0;8;0.00;0.00;0;0;0
0;8;0.00;0.00;0;0;0
0;8;0.00;0.00;0;0;0
0;11;-0.02;0.00;-1;0;0
0;9;-0.01;0.02;0;0;1
0;6;0.00;0.00;0;0;0
0;7;0.00;0.00;0;0;0
0;8;0.00;0.00;0;0;0
0;8;0.00;0.00;0;0;0
0;9;0.00;0.00;0;0;0
0;8;-0.01;0.02;0;0;1
0;8;0.00;0.00;0;0;0
0;11;-0.02;0.00;-1;0;0
0;5;0.00;0.00;0;0;0
0;9;0.00;0.00;0;0;0
0;8;0.00;0.00;0;0;0
0;10;-0.01;0.02;0;0;1
0;6;0.00;0.00;0;0;0
0;8;0.00;0.00;0;0;0
0;9;0.00;0.00;0;0;0
0;10;-0.02;0.00;-1;0;0
0;7;0.00;0.00;0;0;0
0;7;-0.01;0.02;0;0;1
0;8;0.00;0.00;0;0;0
0;11;0.00;0.00;0;0;0
0;7;0.00;0.00;0;0;0
0;7;0.00;0.00;0;0;0
0;9;0.00;0.00;0;0;0
0;9;-0.01;0.02;0;0;1
0;7;0.00;0.00;0;0;0
0;8;0.00;0.00;0;0;0
0;8;0.00;0.00;0;0;0
0;10;0.00;0.00;0;0;0
0;6;0.00;0.00;0;0;0
0;14;0.00;0.00;0;0;0
0;8;-0.01;0.02;0;0;1
0;7;0.00;0.00;0;0;0
0;8;0.00;0.00;0;0;0
0;8;0.00;0.00;0;0;0
0;12;0.00;0.00;0;0;0
0;6;-0.01;0.02;0;0;1
0;7;0.00;0.00;0;0;0
0;8;0.00;0.00;0;0;0
0;14;0.00;0.00;0;0;0
0;8;0.00;0.00;0;0;0
0;7;0.00;0.00;0;0;0
0;8;-0.01;0.02;0;0;1
0;8;0.00;0.00;0;0;0
0;9;0.00;0.00;0;0;0
0;12;0.00;0.00;0;0;0
0;4;0.00;0.00;0;0;0
0;8;0.00;0.00;0;0;0
0;11;-0.01;0.02;0;0;1
0;6;0.00;0.00;0;0;0
0;8;0.00;0.00;0;0;0
0;8;0.00;0.00;0;0;0
0;11;0.00;0.00;0;0;0
0;5;0.00;0.00;0;0;0
0;8;0.00;0.00;0;0;0
0;8;-0.01;0.02;0;0;1
0;9;0.00;0.00;0;0;0
0;8;0.00;0.00;0;0;0
0;8;0.00;0.00;0;0;0
0;8;0.00;0.00;0;0;0
0;8;0.00;0.00;0;0;0
0;9;-0.01;0.02;0;0;1
0;8;0.00;0.00;0;0;0
0;8;0.00;0.00;0;0;0
0;10;0.00;0.00;0;0;0
0;6;0.00;0.00;0;0;0
0;9;0.00;0.00;0;0;0
0;8;-0.01;0.02;0;0;1
0;9;0.00;0.00;0;0;0
0;7;0.00;0.00;0;0;0
0;8;0.00;0.00;0;0;0
0;9;0.00;0.00;0;0;0
0;10;0.00;0.00;0;0;0
0;7;0.00;0.00;0;0;0
0;7;-0.01;0.02;0;0;1
0;8;0.00;0.00;0;0;0
0;9;0.00;0.00;0;0;0
0;8;0.00;0.00;0;0;0
0;8;0.00;0.00;0;0;0
0;8;0.00;0.00;0;0;0
0;8;-0.01;0.02;0;0;1
0;8;0.00;0.00;0;0;0
0;9;0.00;0.00;0;0;0
0;12;0.00;0.00;0;0;0
0;4;0.00;0.00;0;0;0
0;8;0.00;0.00;0;0;0
0;8;0.00;0.00;0;0;0
0;12;-0.01;0.02;0;0;1
0;5;0.00;0.00;0;0;0
0;8;0.00;0.00;0;0;0
0;8;0.00;0.00;0;0;0
0;8;0.00;0.00;0;0;0
0;9;0.00;0.00;0;0;0
0;11;-0.01;0.02;0;0;1
0;6;0.00;0.00;0;0;0
0;7;0.00;0.00;0;0;0
0;8;0.00;0.00;0;0;0
0;11;0.00;0.00;0;0;0
0;6;0.00;0.00;0;0;0
0;9;-0.01;0.02;0;0;1
0;7;0.00;0.00;0;0;0
0;8;0.00;0.00;0;0;0
0;9;0.00;0.00;0;0;0
0;8;0.00;0.00;0;0;0
0;8;0.00;0.00;0;0;0
0;13;-0.01;0.02;0;0;1
0;7;0.00;0.00;0;0;0
0;9;-0.02;0.00;-1;0;0
0;11;0.00;0.00;0;0;0
0;5;0.00;0.00;0;0;0
0;9;0.00;0.00;0;0;0
0;7;-0.01;0.02;0;0;1
0;10;0.00;0.00;0;0;0
0;8;0.00;0.00;0;0;0
0;7;0.00;0.00;0;0;0
0;8;0.00;0.00;0;0;0
0;11;0.00;0.00;0;0;0
0;5;0.00;0.00;0;0;0
0;9;-0.01;0.02;0;0;1
0;8;0.00;0.00;0;0;0
0;10;0.00;0.00;0;0;0
0;6;0.00;0.00;0;0;0
0;8;0.00;0.00;0;0;0
0;9;0.00;0.00;0;0;0
0;9;-0.01;0.02;0;0;1
0;9;0.00;0.00;0;0;0
0;6;0.00;0.00;0;0;0
0;8;0.00;0.00;0;0;0
0;11;0.00;0.00;0;0;0
0;6;0.00;0.00;0;0;0
0;7;0.00;0.00;0;0;0
0;8;-0.01;0.02;0;0;1
0;9;0.00;0.00;0;0;0
0;8;0.00;0.00;0;0;0
0;8;0.00;0.00;0;0;0
0;9;0.00;0.00;0;0;0
0;10;0.00;0.00;0;0;0
0;5;0.00;0.00;0;0;0
0;9;-0.01;0.02;0;0;1
0;8;0.00;0.00;0;0;0
0;9;0.00;0.00;0;0;0
0;10;0.00;0.00;0;0;0
0;5;0.00;0.00;0;0;0
0;8;0.00;0.00;0;0;0
0;9;0.00;0.00;0;0;0
0;14;-0.01;0.02;0;0;1
0;6;0.00;0.00;0;0;0
0;8;0.00;0.00;0;0;0
0;9;0.01;0.02;0;-1;0
0;9;0.00;0.00;0;0;0
0;7;0.00;0.00;0;0;0
0;10;0.00;0.00;0;0;0
0;6;-0.01;0.02;0;0;1
0;8;0.00;0.00;0;0;0
0;9;0.00;0.00;0;0;0
0;8;0.00;0.00;0;0;0
0;8;0.00;0.00;0;0;0
0;8;0.01;0.02;0;-1;0
0;8;0.00;0.00;0;0;0
0;9;-0.01;0.02;0;0;1
0;12;0.00;0.00;0;0;0
0;4;0.00;0.00;0;0;0
0;8;0.00;0.00;0;0;0
0;8;0.00;0.00;0;0;0
0;10;0.01;0.02;0;-1;0
0;8;0.00;0.00;0;0;0
0;7;-0.01;0.02;0;0;1
0;8;0.00;0.00;0;0;0
0;8;0.00;0.00;0;0;0
0;9;0.00;0.00;0;0;0
0;8;0.00;0.00;0;0;0
0;8;0.01;0.02;0;-1;0
0;8;0.00;0.00;0;0;0
0;8;-0.01;0.02;0;0;1
0;9;0.00;0.00;0;0;0
0;8;0.00;0.00;0;0;0
0;10;0.00;0.00;0;0;0
0;6;0.00;0.00;0;0;0
0;8;0.01;0.02;0;-1;0
0;8;0.00;0.00;0;0;0
0;14;-0.01;0.02;0;0;1
0;7;0.00;0.00;0;0;0
0;8;0.00;0.00;0;0;0
0;8;0.00;0.00;0;0;0
0;9;0.01;0.02;0;-1;0
0;8;0.00;0.00;0;0;0
0;8;-0.01;0.02;0;0;1
0;8;0.00;0.00;0;0;0
0;8;0.00;0.00;0;0;0
0;12;0.00;0.00;0;0;0
0;7;0.00;0.00;0;0;0
0;6;0.00;0.00;0;0;0
0;8;0.00;0.00;0;0;0
0;10;-0.01;0.02;0;0;1
0;6;0.00;0.00;0;0;0
0;10;0.00;0.00;0;0;0
0;7;0.00;0.00;0;0;0
0;11;0.00;0.00;0;0;0
0;5;0.00;0.00;0;0;0
0;8;-0.01;0.02;0;0;1
0;10;0.00;0.00;0;0;0
0;11;0.00;0.00;0;0;0
0;8;0.00;0.00;0;0;0
0;8;0.00;0.00;0;0;0
0;12;0.00;0.00;0;0;0
0;5;0.00;0.00;0;0;0
0;8;-0.01;0.02;0;0;1
0;8;0.01;0.02;0;-1;0
0;12;0.00;0.00;0;0;0
0;4;0.00;0.00;0;0;0
0;9;0.00;0.00;0;0;0
0;8;0.00;0.00;0;0;0
0;11;0.00;0.00;0;0;0
0;5;-0.01;0.02;0;0;1
0;8;0.01;0.02;0;-1;0
0;9;0.00;0.00;0;0;0
0;11;0.00;0.00;0;0;0
0;7;0.00;0.00;0;0;0
0;6;0.00;0.00;0;0;0
0;8;0.01;0.02;0;-1;0
0;14;-0.01;0.02;0;0;1
0;7;0.00;0.00;0;0;0
0;8;0.00;0.00;0;0;0
0;8;0.00;0.00;0;0;0
0;8;0.00;0.00;0;0;0
0;9;0.01;0.02;0;-1;0
0;8;-0.01;0.02;0;0;1
0;11;0.00;0.00;0;0;0
0;6;0.00;0.00;0;0;0
0;10;0.00;0.00;0;0;0
0;6;0.00;0.00;0;0;0
0;11;0.00;0.00;0;0;0
0;5;0.00;0.00;0;0;0
0;8;-0.01;0.02;0;0;1
0;8;0.00;0.00;0;0;0
0;9;0.00;0.00;0;0;0
0;8;0.01;0.02;0;-1;0
0;10;0.00;0.00;0;0;0
0;6;0.00;0.00;0;0;0
0;8;-0.01;0.02;0;0;1
0;8;0.00;0.00;0;0;0
0;9;0.00;0.00;0;0;0
0;8;0.00;0.00;0;0;0
0;8;0.00;0.00;0;0;0
0;8;0.00;0.00;0;0;0
0;13;0.00;0.00;0;0;0
0;8;-0.01;0.02;0;0;1
0;8;0.00;0.00;0;0;0
0;11;0.00;0.00;0;0;0
0;5;0.00;0.00;0;0;0
0;8;0.00;0.00;0;0;0
0;9;0.00;0.00;0;0;0
0;11;-0.01;0.02;0;0;1
0;5;0.00;0.00;0;0;0
0;8;0.00;0.00;0;0;0
0;11;0.00;0.00;0;0;0
0;10;0.00;0.00;0;0;0
0;8;0.00;0.00;0;0;0
0;8;0.00;0.00;0;0;0
0;12;-0.01;0.02;0;0;1
0;5;0.00;0.00;0;0;0
0;8;0.00;0.00;0;0;0
0;9;0.00;0.00;0;0;0
0;7;0.00;0.00;0;0;0
0;9;0.00;0.00;0;0;0
0;10;0.00;0.00;0;0;0
0;6;0.00;0.00;0;0;0
0;8;-0.01;0.02;0;0;1
0;8;0.00;0.00;0;0;0
0;8;0.00;0.00;0;0;0
0;9;0.00;0.00;0;0;0
0;11;0.00;0.00;0;0;0
0;5;0.00;0.00;0;0;0
0;8;0.00;0.00;0;0;0
0;8;0.00;0.04;0;-1;1
0;8;0.00;0.00;0;0;0
0;12;0.00;0.00;0;0;0
0;5;0.00;0.00;0;0;0
0;8;0.00;0.00;0;0;0
0;8;0.00;0.00;0;0;0
0;8;0.01;0.02;0;-1;0
0;9;0.00;0.00;0;0;0
0;8;-0.01;0.02;0;0;1
0;10;0.00;0.00;0;0;0
0;6;0.00;0.00;0;0;0
0;8;0.00;0.00;0;0;0
0;9;0.01;0.02;0;-1;0
0;8;0.00;0.00;0;0;0
0;8;-0.01;0.02;0;0;1
0;8;0.00;0.00;0;0;0
0;8;0.00;0.00;0;0;0
0;8;0.00;0.00;0;0;0
0;9;0.00;0.00;0;0;0
0;9;0.01;0.02;0;-1;0
0;7;-0.01;0.02;0;0;1
0;8;0.00;0.00;0;0;0
0;8;0.00;0.00;0;0;0
0;9;0.00;0.00;0;0;0
0;8;0.00;0.00;0;0;0
0;8;0.00;0.00;0;0;0
0;11;0.01;0.02;0;-1;0
0;7;-0.01;0.02;0;0;1
0;7;0.00;0.00;0;0;0
0;8;0.00;0.00;0;0;0
0;8;0.00;0.00;0;0;0
0;11;0.01;0.02;0;-1;0
0;5;0.00;0.00;0;0;0
0;9;0.00;0.00;0;0;0
0;11;0.00;0.00;0;0;0
0;5;-0.01;0.02;0;0;1
0;9;0.00;0.00;0;0;0
0;7;0.00;0.00;0;0;0
0;12;0.01;0.02;0;-1;0
0;5;0.00;0.00;0;0;0
0;8;0.00;0.00;0;0;0
0;8;0.00;0.00;0;0;0
0;9;-0.01;0.02;0;0;1
0;7;0.00;0.00;0;0;0
0;9;0.00;0.00;0;0;0
0;8;0.00;0.00;0;0;0
0;9;0.00;0.00;0;0;0
0;11;0.00;0.00;0;0;0
0;9;-0.01;0.02;0;0;1
0;8;0.00;0.00;0;0;0
0;8;0.00;0.00;0;0;0
0;8;0.00;0.00;0;0;0
0;8;-0.02;0.00;-1;0;0
0;12;0.00;0.00;0;0;0
0;5;0.00;0.00;0;0;0
0;8;-0.01;0.02;0;0;1
0;8;0.00;0.00;0;0;0
0;11;0.00;0.00;0;0;0
0;5;0.00;0.00;0;0;0
0;9;0.00;0.00;0;0;0
0;8;0.00;0.00;0;0;0
0;8;0.00;0.00;0;0;0
0;8;-0.02;0.00;-1;0;0
0;10;-0.01;0.02;0;0;1
0;7;0.00;0.00;0;0;0
0;8;0.00;0.00;0;0;0
0;8;0.00;0.00;0;0;0
0;12;0.00;0.00;0;0;0
0;8;0.01;0.02;0;-1;0
0;9;0.00;0.00;0;0;0
0;8;-0.04;0.02;-1;0;1
0;9;0.00;0.00;0;0;0
0;7;0.00;0.00;0;0;0
0;11;0.00;0.00;0;0;0
0;10;0.00;0.00;0;0;0
0;8;0.00;0.00;0;0;0
0;8;0.00;0.00;0;0;0
0;8;-0.01;0.02;0;0;1
0;9;0.00;0.00;0;0;0
0;8;0.00;0.00;0;0;0
0;8;0.00;0.00;0;0;0
0;8;0.00;0.00;0;0;0
0;9;-0.02;0.00;-1;0;0
0;7;-0.01;0.02;0;0;1
0;9;0.00;0.00;0;0;0
0;8;0.00;0.00;0;0;0
0;9;0.00;0.00;0;0;0
0;7;0.00;0.00;0;0;0
0;8;0.00;0.00;0;0;0
0;9;-0.01;0.02;0;0;1
0;9;0.00;0.00;0;0;0
0;7;0.00;0.00;0;0;0
0;8;0.00;0.00;0;0;0
0;8;0.00;0.00;0;0;0
0;9;0.00;0.00;0;0;0
0;8;-0.01;0.02;0;0;1
0;8;0.00;0.00;0;0;0
0;8;0.00;0.00;0;0;0
0;8;0.00;0.00;0;0;0
0;8;0.00;0.00;0;0;0
0;9;0.00;0.00;0;0;0
0;8;0.00;0.00;0;0;0
0;8;-0.01;0.02;0;0;1
0;8;0.00;0.00;0;0;0
0;8;0.00;0.00;0;0;0
0;12;0.00;0.00;0;0;0
0;5;0.00;0.00;0;0;0
0;8;0.00;0.00;0;0;0
0;8;-0.01;0.02;0;0;1
0;8;0.00;0.00;0;0;0
0;9;0.00;0.00;0;0;0
0;8;0.00;0.00;0;0;0
0;8;0.00;0.00;0;0;0
0;9;-0.02;0.00;-1;0;0
0;8;-0.01;0.02;0;0;1
0;8;0.00;0.00;0;0;0
0;8;0.00;0.00;0;0;0
0;8;-0.01;0.02;0;0;1
0;8;0.00;0.00;0;0;0
0;8;0.01;0.02;0;-1;0
0;9;-0.04;0.02;-1;0;1
0;8;0.00;0.00;0;0;0
0;8;-0.01;0.02;0;0;1
0;10;0.00;0.00;0;0;0
0;6;-0.01;0.02;0;0;1
0;8;0.00;0.00;0;0;0
0;12;0.00;0.04;0;-1;1
0;6;0.00;0.00;0;0;0
0;7;-0.04;0.02;-1;0;1
0;8;0.00;0.00;0;0;0
0;8;-0.01;0.02;0;0;1
0;9;0.00;0.00;0;0;0
0;9;-0.01;0.02;0;0;1
0;7;0.00;0.00;0;0;0
0;8;0.00;0.00;0;0;0
0;8;0.00;0.00;0;0;0
0;11;-0.04;0.02;-1;0;1
0;6;0.00;0.00;0;0;0
0;11;0.00;0.00;0;0;0
0;5;0.00;0.00;0;0;0
0;8;-0.01;0.02;0;0;1
0;9;0.00;0.00;0;0;0
0;8;0.00;0.00;0;0;0
0;8;0.00;0.00;0;0;0
0;8;0.00;0.00;0;0;0
0;8;0.00;0.00;0;0;0
0;9;0.00;0.00;0;0;0
0;8;0.00;0.00;0;0;0
0;8;-0.01;0.02;0;0;1
0;8;0.00;0.00;0;0;0
0;8;0.00;0.00;0;0;0
0;8;0.00;0.00;0;0;0
0;9;0.00;0.00;0;0;0
0;8;0.00;0.00;0;0;0
0;8;0.00;0.00;0;0;0
0;8;-0.01;0.02;0;0;1
0;8;0.00;0.00;0;0;0
0;9;0.00;0.00;0;0;0
0;8;0.00;0.00;0;0;0
0;8;0.00;0.00;0;0;0
0;9;0.00;0.00;0;0;0
0;7;0.00;0.00;0;0;0
0;9;-0.01;0.02;0;0;1
0;8;0.00;0.00;0;0;0
0;9;0.00;0.00;0;0;0
0;7;0.00;0.00;0;0;0
0;8;0.00;0.00;0;0;0
0;9;0.00;0.00;0;0;0
0;8;0.00;0.00;0;0;0
0;8;-0.01;0.02;0;0;1
0;8;0.00;0.00;0;0;0
0;8;0.00;0.00;0;0;0
0;10;0.00;0.00;0;0;0
0;7;0.00;0.00;0;0;0
0;8;0.00;0.00;0;0;0
0;8;-0.01;0.02;0;0;1
0;8;0.00;0.00;0;0;0
0;9;0.00;0.00;0;0;0
0;8;0.00;0.00;0;0;0
0;11;0.00;0.00;0;0;0
0;6;0.00;0.00;0;0;0
0;7;0.00;0.00;0;0;0
0;8;-0.01;0.02;0;0;1
0;9;0.00;0.00;0;0;0
0;8;0.00;0.00;0;0;0
0;8;0.00;0.00;0;0;0
0;8;0.00;0.00;0;0;0
0;8;0.00;0.00;0;0;0
0;9;-0.01;0.02;0;0;1
0;8;0.00;0.00;0;0;0
0;8;0.00;0.00;0;0;0
0;11;0.00;0.00;0;0;0
0;5;0.00;0.00;0;0;0
0;10;0.00;0.00;0;0;0
0;7;-0.01;0.02;0;0;1
0;9;0.00;0.00;0;0;0
0;7;0.00;0.00;0;0;0
0;8;0.00;0.00;0;0;0
0;9;0.00;0.00;0;0;0
0;8;0.00;0.00;0;0;0
0;8;0.00;0.00;0;0;0
0;8;-0.04;0.02;-1;0;1
0;8;0.00;0.00;0;0;0
0;9;0.00;0.00;0;0;0
0;8;0.00;0.00;0;0;0
0;8;0.00;0.00;0;0;0
0;9;0.00;0.00;0;0;0
0;7;-0.01;0.02;0;0;1
0;8;0.00;0.00;0;0;0
0;10;-0.02;0.00;-1;0;0
0;7;0.00;0.00;0;0;0
0;8;0.00;0.00;0;0;0
0;8;0.00;0.00;0;0;0
0;12;0.00;0.00;0;0;0
0;9;-0.01;0.02;0;0;1
0;8;-0.02;0.00;-1;0;0
0;11;0.00;0.00;0;0;0
0;7;0.00;0.00;0;0;0
0;6;0.00;0.00;0;0;0
0;11;0.01;0.02;0;-1;0
0;8;-0.01;0.02;0;0;1
0;7;0.00;0.00;0;0;0
0;7;-0.02;0.00;-1;0;0
0;8;0.00;0.00;0;0;0
0;9;0.00;0.00;0;0;0
0;8;0.00;0.00;0;0;0
0;8;0.00;0.00;0;0;0
0;8;-0.01;0.02;0;0;1
0;9;0.00;0.00;0;0;0
0;8;-0.02;0.00;-1;0;0
0;8;0.00;0.00;0;0;0
0;8;0.00;0.00;0;0;0
0;8;-0.01;0.02;0;0;1
0;8;0.00;0.00;0;0;0
0;9;0.00;0.00;0;0;0
0;8;0.00;0.00;0;0;0
0;8;0.00;0.00;0;0;0
0;8;0.00;0.00;0;0;0
0;8;0.00;0.00;0;0;0
0;8;-0.01;0.02;0;0;1
0;9;0.00;0.00;0;0;0
0;8;0.00;0.00;0;0;0
0;8;0.00;0.00;0;0;0
0;11;0.00;0.00;0;0;0
0;5;-0.01;0.02;0;0;1
0;9;0.00;0.00;0;0;0
0;8;0.00;0.00;0;0;0
0;14;0.00;0.00;0;0;0
0;6;0.00;0.00;0;0;0
0;8;-0.01;0.02;0;0;1
0;9;0.00;0.00;0;0;0
0;9;0.00;0.00;0;0;0
0;7;0.00;0.00;0;0;0
0;8;0.00;0.00;0;0;0
0;8;0.00;0.00;0;0;0
0;9;0.00;0.00;0;0;0
0;8;-0.01;0.02;0;0;1
0;8;0.00;0.00;0;0;0
0;8;0.00;0.00;0;0;0
0;8;0.00;0.00;0;0;0
0;9;0.00;0.00;0;0;0
0;8;0.00;0.00;0;0;0
0;8;-0.01;0.02;0;0;1
0;8;0.00;0.00;0;0;0
0;11;0.00;0.00;0;0;0
0;6;0.00;0.00;0;0;0
0;8;0.00;0.00;0;0;0
0;8;0.00;0.00;0;0;0
0;11;0.00;0.00;0;0;0
0;5;-0.01;0.02;0;0;1
0;9;0.00;0.00;0;0;0
0;8;0.00;0.00;0;0;0
0;14;0.00;0.00;0;0;0
0;6;0.00;0.00;0;0;0
0;8;0.00;0.00;0;0;0
0;9;-0.01;0.02;0;0;1
0;8;0.00;0.00;0;0;0
0;8;0.00;0.00;0;0;0
0;8;0.00;0.00;0;0;0
0;8;0.00;0.00;0;0;0
0;12;0.00;0.00;0;0;0
0;6;-0.01;0.02;0;0;1
0;7;0.00;0.00;0;0;0
0;11;0.00;0.00;0;0;0
0;5;0.00;0.00;0;0;0
0;8;0.00;0.00;0;0;0
0;9;0.00;0.00;0;0;0
0;14;-0.01;0.02;0;0;1
0;6;0.00;0.00;0;0;0
0;8;0.00;0.00;0;0;0
0;9;0.00;0.00;0;0;0
0;10;0.00;0.00;0;0;0
0;7;0.00;0.00;0;0;0
0;7;0.00;0.00;0;0;0
0;8;-0.01;0.02;0;0;1
0;9;0.00;0.00;0;0;0
0;8;0.00;0.00;0;0;0
0;8;0.00;0.00;0;0;0
0;8;0.00;0.00;0;0;0
0;8;0.00;0.00;0;0;0
0;8;0.00;0.00;0;0;0
0;9;-0.01;0.02;0;0;1
0;9;0.00;0.00;0;0;0
0;7;0.00;0.00;0;0;0
0;11;0.00;0.00;0;0;0
0;5;0.00;0.00;0;0;0
0;9;0.00;0.00;0;0;0
0;8;-0.01;0.02;0;0;1
0;11;0.00;0.00;0;0;0
0;5;0.00;0.00;0;0;0
0;8;0.00;0.00;0;0;0
0;9;0.00;0.00;0;0;0
0;8;0.00;0.00;0;0;0
0;8;0.00;0.00;0;0;0
0;8;-0.01;0.02;0;0;1
0;8;0.00;0.00;0;0;0
0;9;0.00;0.00;0;0;0
0;8;0.00;0.00;0;0;0
0;8;0.00;0.00;0;0;0
0;8;0.00;0.00;0;0;0
0;8;-0.01;0.02;0;0;1
0;9;0.00;0.00;0;0;0
0;8;0.00;0.00;0;0;0
0;8;0.00;0.00;0;0;0
0;11;0.00;0.00;0;0;0
0;5;0.00;0.00;0;0;0
0;8;0.00;0.00;0;0;0
0;9;0.00;0.00;0;0;0
0;11;-0.01;0.02;0;0;1
0;5;0.00;0.00;0;0;0
0;8;0.00;0.00;0;0;0
0;8;0.00;0.00;0;0;0
0;9;0.00;0.00;0;0;0
0;8;0.00;0.00;0;0;0
0;8;0.00;0.00;0;0;0
0;8;-0.01;0.02;0;0;1
0;8;0.00;0.00;0;0;0
0;9;0.00;0.00;0;0;0
0;9;0.00;0.00;0;0;0
0;7;0.00;0.00;0;0;0
0;9;0.00;0.00;0;0;0
0;7;-0.01;0.02;0;0;1
0;9;0.00;0.00;0;0;0
0;11;0.00;0.00;0;0;0
0;6;0.00;0.00;0;0;0
0;7;0.00;0.00;0;0;0
0;8;0.00;0.00;0;0;0
0;12;0.00;0.00;0;0;0
0;6;-0.01;0.02;0;0;1
0;7;-0.02;0.00;-1;0;0
0;8;0.00;0.00;0;0;0
0;8;0.00;0.00;0;0;0
0;8;0.00;0.00;0;0;0
0;9;0.00;0.00;0;0;0
0;8;0.00;0.00;0;0;0
0;8;0.00;0.00;0;0;0
0;8;-0.01;0.02;0;0;1
0;11;0.00;0.00;0;0;0
0;9;0.00;0.00;0;0;0
0;5;0.00;0.00;0;0;0
0;8;0.00;0.00;0;0;0
0;8;0.00;0.00;0;0;0
0;8;-0.01;0.02;0;0;1
0;12;0.00;0.00;0;0;0
0;6;0.00;0.00;0;0;0
0;8;0.00;0.00;0;0;0
0;7;0.00;0.00;0;0;0
0;8;0.00;0.00;0;0;0
0;12;0.00;0.00;0;0;0
0;7;-0.01;0.02;0;0;1
0;6;0.00;0.00;0;0;0
0;8;0.00;0.00;0;0;0
0;8;-0.02;0.00;-1;0;0
0;8;0.00;0.00;0;0;0
0;9;0.00;0.00;0;0;0
0;8;0.00;0.00;0;0;0
0;8;-0.01;0.02;0;0;1
0;11;0.00;0.00;0;0;0
0;5;0.00;0.00;0;0;0
0;9;-0.02;0.00;-1;0;0
0;8;0.00;0.00;0;0;0
0;8;0.00;0.00;0;0;0
0;8;0.00;0.00;0;0;0
0;8;0.00;0.00;0;0;0
0;9;-0.01;0.02;0;0;1
0;8;0.00;0.00;0;0;0
0;8;0.00;0.00;0;0;0
0;7;0.00;0.00;0;0;0
0;12;0.00;0.00;0;0;0
0;10;0.01;0.02;0;-1;0
0;8;-0.04;0.02;-1;0;1
0;8;0.00;0.00;0;0;0
0;8;0.00;0.00;0;0;0
0;10;-0.01;0.02;0;0;1
0;7;0.00;0.00;0;0;0
0;8;-0.01;0.02;0;0;1
0;9;0.01;0.02;0;-1;0
0;7;0.00;0.00;0;0;0
0;8;-0.01;0.02;0;0;1
0;9;0.00;0.00;0;0;0
0;8;0.00;0.00;0;0;0
0;8;0.00;0.00;0;0;0
0;8;-0.02;0.00;-1;0;0
0;8;0.00;0.00;0;0;0
0;9;0.00;0.00;0;0;0
0;11;-0.01;0.02;0;0;1
0;5;0.00;0.00;0;0;0
0;8;0.00;0.00;0;0;0
0;8;0.00;0.00;0;0;0
0;8;-0.02;0.00;-1;0;0
0;9;0.00;0.00;0;0;0
0;8;-0.01;0.02;0;0;1
0;8;0.00;0.00;0;0;0
0;11;0.00;0.00;0;0;0
0;10;-0.02;0.00;-1;0;0
0;8;0.00;0.00;0;0;0
0;7;0.00;0.00;0;0;0
0;9;0.00;0.00;0;0;0
0;8;0.00;0.00;0;0;0
0;9;-0.01;0.02;0;0;1
0;8;0.01;0.02;0;-1;0
0;8;0.00;0.00;0;0;0
0;8;0.00;0.00;0;0;0
0;10;0.00;0.00;0;0;0
0;10;0.00;0.00;0;0;0
0;6;0.00;0.00;0;0;0
0;7;-0.01;0.02;0;0;1
0;8;0.01;0.02;0;-1;0
0;14;0.00;0.00;0;0;0
0;9;0.00;0.00;0;0;0
0;6;0.00;0.00;0;0;0
0;8;0.00;0.00;0;0;0
0;9;0.00;0.00;0;0;0
0;7;0.00;0.04;0;-1;1
0;8;0.00;0.00;0;0;0
0;9;0.00;0.00;0;0;0
0;8;0.00;0.00;0;0;0
0;8;-0.02;0.00;-1;0;0
0;8;0.00;0.00;0;0;0
0;8;-0.01;0.02;0;0;1
0;9;0.00;0.00;0;0;0
0;8;0.00;0.00;0;0;0
0;8;-0.01;0.02;0;0;1
0;11;0.00;0.00;0;0;0
0;6;-0.04;0.02;-1;0;1
0;8;0.01;0.02;0;-1;0
0;8;0.00;0.00;0;0;0
0;8;-0.01;0.02;0;0;1
0;8;0.00;0.00;0;0;0
0;11;-0.01;0.02;0;0;1
0;6;-0.02;0.00;-1;0;0
0;8;-0.01;0.02;0;0;1
0;7;0.01;0.02;0;-1;0
0;13;0.00;0.00;0;0;0
0;8;-0.01;0.02;0;0;1
0;12;-0.02;0.00;-1;0;0
0;8;0.00;0.00;0;0;0
0;5;0.00;0.00;0;0;0
0;8;-0.01;0.02;0;0;1
0;8;0.00;0.00;0;0;0
0;8;0.00;0.00;0;0;0
0;10;0.00;0.00;0;0;0
0;7;-0.01;0.02;0;0;1
0;8;0.00;0.00;0;0;0
0;8;0.00;0.00;0;0;0
0;9;0.00;0.00;0;0;0
0;8;0.00;0.00;0;0;0
0;7;0.00;0.00;0;0;0
0;15;0.00;0.00;0;0;0
0;6;0.00;0.00;0;0;0
0;9;-0.01;0.02;0;0;1
0;8;0.00;0.00;0;0;0
0;11;0.00;0.00;0;0;0
0;5;0.00;0.00;0;0;0
0;8;0.00;0.00;0;0;0
0;8;0.00;0.00;0;0;0
0;9;0.00;0.00;0;0;0
0;7;0.00;0.00;0;0;0
0;9;0.00;0.00;0;0;0
0;7;-0.01;0.02;0;0;1
0;8;0.00;0.00;0;0;0
0;9;0.00;0.00;0;0;0
0;9;0.00;0.00;0;0;0
0;8;0.00;0.00;0;0;0
0;8;0.00;0.00;0;0;0
0;8;-0.01;0.02;0;0;1
0;9;0.00;0.00;0;0;0
0;14;0.00;0.00;0;0;0
0;6;0.00;0.00;0;0;0
0;8;0.00;0.00;0;0;0
0;9;0.00;0.00;0;0;0
0;8;-0.01;0.02;0;0;1
0;8;0.00;0.00;0;0;0
0;8;0.00;0.00;0;0;0
0;8;0.00;0.00;0;0;0
0;8;0.00;0.00;0;0;0
0;8;0.00;0.00;0;0;0
0;9;-0.01;0.02;0;0;1
0;8;0.00;0.00;0;0;0
0;8;0.00;0.00;0;0;0
0;7;0.00;0.00;0;0;0
0;10;0.00;0.00;0;0;0
0;7;0.00;0.00;0;0;0
0;9;0.00;0.00;0;0;0
0;8;-0.01;0.02;0;0;1
0;8;0.00;0.00;0;0;0
0;9;0.00;0.00;0;0;0
0;12;0.00;0.00;0;0;0
0;14;0.00;0.00;0;0;0
0;6;0.00;0.00;0;0;0
0;9;-0.01;0.02;0;0;1
0;8;0.00;0.00;0;0;0
0;8;0.00;0.00;0;0;0
0;8;0.00;0.00;0;0;0
0;8;0.00;0.00;0;0;0
0;12;0.00;0.00;0;0;0
0;5;-0.01;0.02;0;0;1
0;8;0.01;0.02;0;-1;0
0;8;0.00;0.00;0;0;0
0;13;0.00;0.00;0;0;0
0;8;0.00;0.00;0;0;0
0;8;0.00;0.00;0;0;0
0;7;0.00;0.00;0;0;0
0;9;0.00;0.04;0;-1;1
0;8;0.00;0.00;0;0;0
0;9;-0.02;0.00;-1;0;0
0;7;0.00;0.00;0;0;0
0;9;-0.01;0.02;0;0;1
0;7;0.00;0.00;0;0;0
0;9;0.00;0.00;0;0;0
0;12;0.00;0.04;0;-1;1
0;5;0.00;0.00;0;0;0
0;9;-0.01;0.02;0;0;1
0;7;0.00;0.00;0;0;0
0;8;-0.04;0.02;-1;0;1
0;8;0.00;0.00;0;0;0
0;9;0.00;0.00;0;0;0
0;7;-0.01;0.02;0;0;1
0;10;-0.01;0.02;0;0;1
0;7;0.00;0.00;0;0;0
0;8;-0.01;0.02;0;0;1
0;8;-0.02;0.00;-1;0;0
0;9;-0.01;0.02;0;0;1
0;8;0.00;0.00;0;0;0
0;8;0.01;0.02;0;-1;0
0;8;-0.01;0.02;0;0;1
0;9;-0.02;0.00;-1;0;0
0;8;0.00;0.00;0;0;0
0;11;-0.01;0.02;0;0;1
0;5;0.00;0.00;0;0;0
0;7;0.00;0.00;0;0;0
0;9;0.00;0.00;0;0;0
0;13;-0.04;0.02;-1;0;1
0;8;0.00;0.00;0;0;0
0;7;0.00;0.00;0;0;0
0;12;0.00;0.00;0;0;0
0;6;0.00;0.00;0;0;0
0;8;0.00;0.00;0;0;0
0;8;-0.01;0.02;0;0;1
0;12;0.00;0.00;0;0;0
0;7;0.00;0.00;0;0;0
0;10;0.00;0.00;0;0;0
0;8;0.00;0.00;0;0;0
0;8;0.00;0.00;0;0;0
0;8;-0.01;0.02;0;0;1
0;8;0.00;0.00;0;0;0
0;12;0.00;0.00;0;0;0
0;7;0.00;0.00;0;0;0
0;6;0.00;0.00;0;0;0
0;8;0.00;0.00;0;0;0
0;11;-0.01;0.02;0;0;1
0;6;0.00;0.00;0;0;0
0;8;0.00;0.00;0;0;0
0;8;0.00;0.00;0;0;0
0;11;0.00;0.00;0;0;0
0;5;0.00;0.00;0;0;0
0;9;0.00;0.00;0;0;0
0;8;-0.01;0.02;0;0;1
0;9;0.00;0.00;0;0;0
0;7;0.00;0.00;0;0;0
0;8;0.00;0.00;0;0;0
0;7;0.00;0.00;0;0;0
0;13;0.00;0.00;0;0;0
0;5;0.00;0.00;0;0;0
0;8;-0.01;0.02;0;0;1
0;10;0.00;0.00;0;0;0
0;6;0.00;0.00;0;0;0
0;13;0.00;0.00;0;0;0
0;7;0.00;0.00;0;0;0
0;7;-0.01;0.02;0;0;1
0;8;0.00;0.00;0;0;0
0;16;0.00;0.00;0;0;0
0;6;0.00;0.00;0;0;0
0;8;0.00;0.00;0;0;0
0;7;0.00;0.00;0;0;0
0;13;-0.01;0.02;0;0;1
0;9;0.00;0.00;0;0;0
0;7;0.00;0.00;0;0;0
0;8;0.00;0.00;0;0;0
0;8;0.00;0.00;0;0;0
0;9;0.00;0.00;0;0;0
0;8;-0.01;0.02;0;0;1
0;9;0.00;0.00;0;0;0
0;8;0.00;0.00;0;0;0
0;8;0.00;0.00;0;0;0
0;8;-0.02;0.00;-1;0;0
0;8;0.00;0.00;0;0;0
0;8;0.00;0.00;0;0;0
0;8;-0.01;0.02;0;0;1
0;8;0.00;0.00;0;0;0
0;10;0.00;0.00;0;0;0
0;8;0.00;0.00;0;0;0
0;8;-0.02;0.00;-1;0;0
0;8;0.00;0.00;0;0;0
0;8;-0.01;0.02;0;0;1
0;8;0.00;0.00;0;0;0
0;8;0.00;0.00;0;0;0
0;8;0.00;0.00;0;0;0
0;9;0.00;0.00;0;0;0
0;8;-0.02;0.00;-1;0;0
0;8;0.00;0.00;0;0;0
0;7;0.00;0.00;0;0;0
0;11;-0.01;0.02;0;0;1
0;10;0.00;0.00;0;0;0
0;8;0.00;0.00;0;0;0
0;8;0.00;0.00;0;0;0
0;10;-0.02;0.00;-1;0;0
0;7;0.00;0.00;0;0;0
0;8;-0.01;0.02;0;0;1
0;8;0.00;0.00;0;0;0
0;9;0.00;0.00;0;0;0
0;8;0.00;0.00;0;0;0
0;8;0.00;0.00;0;0;0
0;11;-0.02;0.00;-1;0;0
0;6;-0.01;0.02;0;0;1
0;8;0.00;0.00;0;0;0
0;7;0.00;0.00;0;0;0
0;10;0.00;0.00;0;0;0
0;7;0.00;0.00;0;0;0
0;9;-0.02;0.00;-1;0;0
0;8;-0.01;0.02;0;0;1
0;7;0.00;0.00;0;0;0
0;9;0.00;0.00;0;0;0
0;9;0.00;0.00;0;0;0
0;7;0.00;0.00;0;0;0
0;8;-0.02;0.00;-1;0;0
0;10;0.00;0.00;0;0;0
0;8;-0.01;0.02;0;0;1
0;8;0.00;0.00;0;0;0
0;8;0.00;0.00;0;0;0
0;11;-0.02;0.00;-1;0;0
0;5;0.00;0.00;0;0;0
0;8;0.00;0.00;0;0;0
0;9;-0.01;0.02;0;0;1
0;7;0.00;0.00;0;0;0
0;10;0.00;0.00;0;0;0
0;7;0.00;0.00;0;0;0
0;8;0.00;0.00;0;0;0
0;8;0.00;0.00;0;0;0
0;8;0.00;0.00;0;0;0
0;8;-0.01;0.02;0;0;1
0;9;0.00;0.00;0;0;0
0;10;0.00;0.00;0;0;0
0;7;0.00;0.00;0;0;0
0;8;0.00;0.00;0;0;0
0;7;-0.01;0.02;0;0;1
0;12;0.00;0.00;0;0;0
0;5;0.00;0.00;0;0;0
0;8;0.00;0.00;0;0;0
0;9;0.00;0.00;0;0;0
0;10;0.00;0.00;0;0;0
0;7;-0.01;0.02;0;0;1
0;7;0.00;0.00;0;0;0
0;8;0.00;0.00;0;0;0
0;9;0.00;0.00;0;0;0
0;7;0.00;0.00;0;0;0
0;11;0.00;0.00;0;0;0
0;5;0.00;0.00;0;0;0
0;10;-0.01;0.02;0;0;1
0;7;0.00;0.00;0;0;0
0;7;0.00;0.00;0;0;0
0;9;0.00;0.00;0;0;0
0;13;0.00;0.00;0;0;0
0;8;0.00;0.00;0;0;0
0;8;-0.01;0.02;0;0;1
0;8;0.00;0.00;0;0;0
0;8;0.00;0.00;0;0;0
0;8;0.00;0.00;0;0;0
0;9;0.00;0.00;0;0;0
0;7;0.00;0.00;0;0;0
0;8;0.00;0.00;0;0;0
0;13;-0.01;0.02;0;0;1
0;7;0.00;0.00;0;0;0
0;9;0.00;0.00;0;0;0
0;11;-0.02;0.00;-1;0;0
0;6;0.00;0.00;0;0;0
0;8;0.00;0.00;0;0;0
0;8;-0.01;0.02;0;0;1
0;12;0.00;0.00;0;0;0
0;5;0.00;0.00;0;0;0
0;7;0.00;0.00;0;0;0
0;11;0.00;0.00;0;0;0
0;11;0.00;0.00;0;0;0
0;8;-0.01;0.02;0;0;1
0;8;0.00;0.00;0;0;0
0;8;0.00;0.00;0;0;0
0;8;0.00;0.00;0;0;0
0;7;0.00;0.00;0;0;0
0;9;0.00;0.00;0;0;0
0;8;0.00;0.00;0;0;0
0;11;-0.01;0.02;0;0;1
0;6;0.00;0.00;0;0;0
0;8;0.00;0.00;0;0;0
0;12;0.00;0.00;0;0;0
0;5;0.00;0.00;0;0;0
0;8;0.00;0.00;0;0;0
0;7;-0.01;0.02;0;0;1
0;12;0.00;0.00;0;0;0
0;5;0.00;0.00;0;0;0
0;8;0.00;0.00;0;0;0
0;8;0.00;0.00;0;0;0
0;12;0.00;0.00;0;0;0
0;5;0.00;0.00;0;0;0
0;7;-0.01;0.02;0;0;1
0;9;0.00;0.00;0;0;0
0;9;0.00;0.00;0;0;0
0;8;0.00;0.00;0;0;0
0;7;0.00;0.00;0;0;0
0;8;0.00;0.00;0;0;0
0;9;0.00;0.00;0;0;0
0;8;-0.01;0.02;0;0;1
0;8;0.00;0.00;0;0;0
0;8;0.00;0.00;0;0;0
0;8;0.00;0.00;0;0;0
0;9;0.00;0.00;0;0;0
0;9;0.00;0.00;0;0;0
0;8;0.00;0.00;0;0;0
0;7;-0.01;0.02;0;0;1
0;8;0.00;0.00;0;0;0
0;8;0.00;0.00;0;0;0
0;9;0.00;0.00;0;0;0
0;9;0.00;0.00;0;0;0
0;7;0.00;0.00;0;0;0
0;9;0.00;0.00;0;0;0
0;8;-0.01;0.02;0;0;1
0;8;0.00;0.00;0;0;0
0;9;0.00;0.00;0;0;0
0;8;0.00;0.00;0;0;0
0;7;0.00;0.00;0;0;0
0;8;0.00;0.00;0;0;0
0;9;0.00;0.00;0;0;0
0;10;-0.01;0.02;0;0;1
0;7;0.00;0.00;0;0;0
0;8;0.00;0.00;0;0;0
0;10;0.00;0.00;0;0;0
0;10;0.00;0.00;0;0;0
0;6;0.00;0.00;0;0;0
0;7;0.00;0.00;0;0;0
0;7;-0.04;0.02;-1;0;1
0;8;0.00;0.00;0;0;0
0;8;0.00;0.00;0;0;0
0;9;0.00;0.00;0;0;0
0;10;0.00;0.00;0;0;0
0;7;0.00;0.00;0;0;0
0;7;0.00;0.00;0;0;0
0;8;-0.04;0.02;-1;0;1
0;13;0.00;0.00;0;0;0
0;8;0.00;0.00;0;0;0
0;8;0.00;0.00;0;0;0
0;8;0.00;0.00;0;0;0
0;10;0.00;0.00;0;0;0
0;7;-0.01;0.02;0;0;1
0;8;0.00;0.00;0;0;0
0;11;0.00;0.00;0;0;0
0;6;0.00;0.00;0;0;0
0;8;0.00;0.00;0;0;0
0;9;0.00;0.00;0;0;0
0;7;0.00;0.00;0;0;0
0;8;-0.01;0.02;0;0;1
0;8;0.00;0.00;0;0;0
0;8;0.00;0.00;0;0;0
0;11;0.00;0.00;0;0;0
0;7;0.00;0.00;0;0;0
0;10;0.00;0.00;0;0;0
0;6;0.00;0.00;0;0;0
0;7;-0.01;0.02;0;0;1
0;10;0.00;0.00;0;0;0
0;7;0.00;0.00;0;0;0
0;8;0.00;0.00;0;0;0
0;9;0.00;0.00;0;0;0
0;8;0.00;0.00;0;0;0
0;12;-0.01;0.02;0;0;1
0;9;0.00;0.00;0;0;0
0;7;0.00;0.00;0;0;0
0;12;0.00;0.00;0;0;0
0;5;0.00;0.00;0;0;0
0;9;0.00;0.00;0;0;0
0;8;0.00;0.00;0;0;0
0;11;-0.01;0.02;0;0;1
0;5;0.00;0.00;0;0;0
0;7;0.00;0.00;0;0;0
0;9;0.00;0.00;0;0;0
0;11;0.00;0.00;0;0;0
0;6;0.00;0.00;0;0;0
0;8;0.00;0.00;0;0;0
0;8;0.00;0.00;0;0;0
0;13;-0.04;0.02;-1;0;1
0;8;0.00;0.00;0;0;0
0;7;0.00;0.00;0;0;0
0;8;0.00;0.00;0;0;0
0;8;0.00;0.00;0;0;0
0;9;0.00;0.00;0;0;0
0;8;-0.01;0.02;0;0;1
0;12;-0.02;0.00;-1;0;0
0;5;0.00;0.00;0;0;0
0;7;0.00;0.00;0;0;0
0;9;0.00;0.00;0;0;0
0;14;0.00;0.00;0;0;0
0;7;0.00;0.00;0;0;0
0;7;-0.04;0.02;-1;0;1
0;10;0.00;0.00;0;0;0
0;10;0.00;0.00;0;0;0
0;6;0.00;0.00;0;0;0
0;7;0.00;0.00;0;0;0
0;8;0.00;0.00;0;0;0
0;10;-0.02;0.00;-1;0;0
0;8;-0.01;0.02;0;0;1
0;7;0.00;0.00;0;0;0
0;8;0.00;0.00;0;0;0
0;8;0.00;0.00;0;0;0
0;8;0.00;0.00;0;0;0
0;10;0.00;0.00;0;0;0
0;7;0.00;0.00;0;0;0
0;8;-0.04;0.02;-1;0;1
0;8;0.00;0.00;0;0;0
0;8;0.00;0.00;0;0;0
0;9;0.00;0.00;0;0;0
0;8;0.00;0.00;0;0;0
0;11;0.00;0.00;0;0;0
0;6;-0.02;0.00;-1;0;0
0;7;-0.01;0.02;0;0;1
0;8;0.00;0.00;0;0;0
0;13;0.00;0.00;0;0;0
0;5;0.00;0.00;0;0;0
0;7;0.00;0.00;0;0;0
0;9;0.00;0.00;0;0;0
0;7;-0.04;0.02;-1;0;1
0;9;0.00;0.00;0;0;0
0;8;0.00;0.00;0;0;0
0;8;0.00;0.00;0;0;0
0;8;0.00;0.00;0;0;0
0;8;0.00;0.00;0;0;0
0;9;0.00;0.00;0;0;0
0;8;-0.04;0.02;-1;0;1
0;9;0.00;0.00;0;0;0
0;7;0.00;0.00;0;0;0
0;8;0.00;0.00;0;0;0
0;9;0.00;0.00;0;0;0
0;10;0.00;0.00;0;0;0
0;6;-0.04;0.02;-1;0;1
0;8;0.00;0.00;0;0;0
0;8;0.00;0.00;0;0;0
0;8;0.00;0.00;0;0;0
0;9;0.00;0.00;0;0;0
0;8;0.00;0.00;0;0;0
0;8;0.00;0.00;0;0;0
0;15;-0.01;0.02;0;0;1
0;7;0.00;0.00;0;0;0
0;7;0.00;0.00;0;0;0
0;9;0.00;0.00;0;0;0
0;7;0.00;0.00;0;0;0
0;8;0.00;0.00;0;0;0
0;10;-0.01;0.02;0;0;1
0;7;0.00;0.00;0;0;0
0;8;0.00;0.00;0;0;0
0;8;0.00;0.00;0;0;0
0;8;0.00;0.00;0;0;0
0;8;0.00;0.00;0;0;0
0;9;0.00;0.00;0;0;0
0;11;-0.01;0.02;0;0;1
0;6;0.00;0.00;0;0;0
0;8;0.00;0.00;0;0;0
0;7;0.00;0.00;0;0;0
0;10;0.00;0.00;0;0;0
0;7;0.00;0.00;0;0;0
0;8;0.00;0.00;0;0;0
0;9;-0.01;0.02;0;0;1
0;7;0.00;0.00;0;0;0
0;9;0.00;0.00;0;0;0
0;8;0.00;0.00;0;0;0
0;8;0.00;0.00;0;0;0
0;9;0.00;0.00;0;0;0
0;7;0.00;0.00;0;0;0
0;9;0.00;0.00;0;0;0
0;8;-0.01;0.02;0;0;1
0;8;0.00;0.00;0;0;0
0;8;0.00;0.00;0;0;0
0;8;0.00;0.00;0;0;0
0;15;0.00;0.00;0;0;0
0;7;0.00;0.00;0;0;0
0;7;-0.01;0.02;0;0;1
0;8;0.00;0.00;0;0;0
0;11;0.00;0.00;0;0;0
0;7;0.00;0.00;0;0;0
0;7;0.00;0.00;0;0;0
0;8;0.00;0.00;0;0;0
0;10;-0.01;0.02;0;0;1
0;7;0.00;0.00;0;0;0
0;7;0.00;0.00;0;0;0
0;9;0.00;0.00;0;0;0
0;8;0.00;0.00;0;0;0
0;8;0.00;0.00;0;0;0
0;8;0.00;0.00;0;0;0
0;12;-0.01;0.02;0;0;1
0;6;0.00;0.00;0;0;0
0;7;0.00;0.00;0;0;0
0;9;0.00;0.00;0;0;0
0;11;0.00;0.00;0;0;0
0;5;0.00;0.00;0;0;0
0;8;0.00;0.00;0;0;0
0;8;-0.01;0.02;0;0;1
0;11;0.00;0.00;0;0;0
0;6;0.00;0.00;0;0;0
0;7;0.00;0.00;0;0;0
0;9;0.00;0.00;0;0;0
0;11;0.00;0.00;0;0;0
0;6;0.00;0.00;0;0;0
0;10;-0.01;0.02;0;0;1
0;6;0.00;0.00;0;0;0
0;8;0.00;0.00;0;0;0
0;8;0.00;0.00;0;0;0
0;10;0.00;0.00;0;0;0
0;7;0.00;0.00;0;0;0
0;8;-0.01;0.02;0;0;1
0;7;0.00;0.00;0;0;0
0;12;0.00;0.00;0;0;0
0;9;0.00;0.00;0;0;0
0;8;0.00;0.00;0;0;0
0;18;0.00;0.00;0;0;0
0;7;-0.01;0.02;0;0;1
0;8;0.00;0.00;0;0;0
0;9;0.00;0.00;0;0;0
0;7;0.00;0.00;0;0;0
0;8;0.00;0.00;0;0;0
0;9;0.00;0.00;0;0;0
0;12;-0.01;0.02;0;0;1
0;5;0.00;0.00;0;0;0
0;8;0.00;0.00;0;0;0
0;7;0.00;0.00;0;0;0
0;14;0.00;0.00;0;0;0
0;11;0.00;0.00;0;0;0
0;8;-0.01;0.02;0;0;1
0;8;0.00;0.00;0;0;0
0;9;0.00;0.00;0;0;0
0;8;0.00;0.00;0;0;0
0;8;0.00;0.00;0;0;0
0;8;0.00;0.00;0;0;0
0;9;-0.01;0.02;0;0;1
0;8;0.00;0.00;0;0;0
0;12;0.00;0.00;0;0;0
0;9;0.00;0.00;0;0;0
0;7;0.00;0.00;0;0;0
0;10;0.00;0.00;0;0;0
0;16;-0.01;0.02;0;0;1
0;8;0.00;0.00;0;0;0
0;7;0.00;0.00;0;0;0
0;12;0.00;0.00;0;0;0
0;6;0.00;0.00;0;0;0
0;7;-0.01;0.02;0;0;1
0;8;0.00;0.00;0;0;0
0;8;0.00;0.00;0;0;0
0;8;0.00;0.00;0;0;0
0;10;0.00;0.00;0;0;0
0;7;0.00;0.00;0;0;0
0;9;-0.01;0.02;0;0;1
0;8;0.00;0.00;0;0;0
0;10;0.00;0.00;0;0;0
0;7;0.00;0.00;0;0;0
0;7;0.00;0.00;0;0;0
0;8;0.00;0.00;0;0;0
0;8;-0.01;0.02;0;0;1
0;8;0.00;0.00;0;0;0
0;8;0.00;0.00;0;0;0
0;9;0.00;0.00;0;0;0
0;12;0.00;0.00;0;0;0
0;5;0.00;0.00;0;0;0
0;8;0.00;0.00;0;0;0
0;7;-0.01;0.02;0;0;1
0;10;0.00;0.00;0;0;0
0;7;0.00;0.00;0;0;0
0;8;0.00;0.00;0;0;0
0;8;0.00;0.00;0;0;0
0;8;0.00;0.00;0;0;0
0;13;-0.01;0.02;0;0;1
0;5;0.00;0.00;0;0;0
0;10;0.00;0.00;0;0;0
0;6;0.00;0.00;0;0;0
0;7;0.00;0.00;0;0;0
0;11;0.00;0.00;0;0;0
0;11;-0.01;0.02;0;0;1
0;8;0.00;0.00;0;0;0
0;7;0.00;0.00;0;0;0
0;8;0.00;0.00;0;0;0
0;14;0.00;0.00;0;0;0
0;7;-0.01;0.02;0;0;1
0;8;0.00;0.00;0;0;0
0;10;0.00;0.00;0;0;0
0;7;0.00;0.00;0;0;0
0;8;0.00;0.00;0;0;0
0;8;0.00;0.00;0;0;0
0;11;0.00;0.00;0;0;0
0;6;-0.01;0.02;0;0;1
0;7;0.00;0.00;0;0;0
0;9;0.00;0.00;0;0;0
0;9;0.00;0.00;0;0;0
0;7;0.00;0.00;0;0;0
0;8;0.00;0.00;0;0;0
0;8;-0.01;0.02;0;0;1
0;9;0.00;0.00;0;0;0
0;8;0.00;0.00;0;0;0
0;9;0.00;0.00;0;0;0
0;7;0.00;0.00;0;0;0
0;8;0.00;0.00;0;0;0
0;9;0.00;0.00;0;0;0
0;8;-0.01;0.02;0;0;1
0;8;0.00;0.00;0;0;0
0;8;0.00;0.00;0;0;0
0;8;0.00;0.00;0;0;0
0;10;0.00;0.00;0;0;0
0;7;0.00;0.00;0;0;0
0;8;-0.01;0.02;0;0;1
0;8;0.00;0.00;0;0;0
0;8;0.00;0.00;0;0;0
0;8;0.00;0.00;0;0;0
0;9;0.00;0.00;0;0;0
0;8;0.00;0.00;0;0;0
0;8;0.00;0.00;0;0;0
0;8;-0.01;0.02;0;0;1
0;8;0.00;0.00;0;0;0
0;12;0.00;0.00;0;0;0
0;6;0.00;0.00;0;0;0
0;7;0.00;0.00;0;0;0
0;8;-0.01;0.02;0;0;1
0;10;0.00;0.00;0;0;0
0;7;0.00;0.00;0;0;0
0;8;0.00;0.00;0;0;0
0;8;0.00;0.00;0;0;0
0;11;0.00;0.00;0;0;0
0;7;-0.01;0.02;0;0;1
0;8;0.00;0.00;0;0;0
0;7;0.00;0.00;0;0;0
0;9;0.00;0.00;0;0;0
0;8;0.00;0.00;0;0;0
0;13;-0.01;0.02;0;0;1
0;11;0.00;0.00;0;0;0
0;5;0.00;0.00;0;0;0
0;7;0.00;0.00;0;0;0
0;8;0.00;0.00;0;0;0
0;11;0.00;0.00;0;0;0
0;7;0.00;0.00;0;0;0
0;7;-0.01;0.02;0;0;1
0;8;0.00;0.00;0;0;0
0;10;0.00;0.00;0;0;0
0;7;0.00;0.00;0;0;0
0;7;0.00;0.00;0;0;0
0;9;0.00;0.00;0;0;0
0;8;0.00;0.00;0;0;0
0;8;-0.01;0.02;0;0;1
0;11;0.00;0.00;0;0;0
0;6;0.00;0.00;0;0;0
0;8;0.00;0.00;0;0;0
0;8;0.00;0.00;0;0;0
0;11;0.00;0.00;0;0;0
0;6;0.00;0.00;0;0;0
0;8;-0.01;0.02;0;0;1
0;8;0.00;0.00;0;0;0
0;10;0.00;0.00;0;0;0
0;6;0.00;0.00;0;0;0
0;9;0.00;0.00;0;0;0
0;8;0.00;0.00;0;0;0
0;10;-0.01;0.02;0;0;1
0;7;0.00;0.00;0;0;0
0;7;0.00;0.00;0;0;0
0;10;0.00;0.00;0;0;0
0;7;0.00;0.00;0;0;0
0;9;0.00;0.00;0;0;0
0;7;0.00;0.00;0;0;0
0;8;-0.01;0.02;0;0;1
0;8;-0.02;0.00;-1;0;0
0;8;0.00;0.00;0;0;0
0;8;0.00;0.00;0;0;0
0;9;0.00;0.00;0;0;0
0;12;0.00;0.00;0;0;0
0;9;-0.01;0.02;0;0;1
0;7;0.00;0.00;0;0;0
0;12;0.00;0.00;0;0;0
0;6;0.00;0.00;0;0;0
0;7;0.00;0.00;0;0;0
0;8;-0.02;0.00;-1;0;0
0;11;-0.01;0.02;0;0;1
0;6;0.00;0.00;0;0;0
0;8;0.00;0.00;0;0;0
0;8;0.00;0.00;0;0;0
0;14;0.00;0.00;0;0;0
0;7;0.00;0.00;0;0;0
0;10;-0.04;0.02;-1;0;1
0;10;0.00;0.00;0;0;0
0;4;0.00;0.00;0;0;0
0;8;0.00;0.00;0;0;0
0;8;0.00;0.00;0;0;0
0;12;0.00;0.00;0;0;0
0;5;-0.01;0.02;0;0;1
0;8;-0.02;0.00;-1;0;0
0;8;0.00;0.00;0;0;0
0;8;0.00;0.00;0;0;0
0;8;0.00;0.00;0;0;0
0;10;0.00;0.00;0;0;0
0;7;0.00;0.00;0;0;0
0;8;-0.04;0.02;-1;0;1
0;10;0.00;0.00;0;0;0
0;7;0.00;0.00;0;0;0
0;8;0.00;0.00;0;0;0
0;8;0.00;0.00;0;0;0
0;8;0.00;0.00;0;0;0
0;8;-0.01;0.02;0;0;1
0;8;-0.02;0.00;-1;0;0
0;9;0.00;0.00;0;0;0
0;8;0.00;0.00;0;0;0
0;13;0.00;0.00;0;0;0
0;7;0.00;0.00;0;0;0
0;8;0.00;0.00;0;0;0
0;15;-0.04;0.02;-1;0;1
0;7;0.00;0.00;0;0;0
0;8;0.00;0.00;0;0;0
0;7;0.00;0.00;0;0;0
0;10;0.00;0.00;0;0;0
0;8;0.00;0.00;0;0;0
0;9;-0.01;0.02;0;0;1
0;7;0.00;0.00;0;0;0
0;7;-0.02;0.00;-1;0;0
0;8;0.00;0.00;0;0;0
0;9;0.00;0.00;0;0;0
0;9;0.00;0.00;0;0;0
0;7;0.00;0.00;0;0;0
0;8;0.00;0.00;0;0;0
0;8;-0.01;0.02;0;0;1
0;9;-0.02;0.00;-1;0;0
0;8;0.00;0.00;0;0;0
0;8;0.00;0.00;0;0;0
0;8;0.00;0.00;0;0;0
0;10;0.00;0.00;0;0;0
0;8;-0.01;0.02;0;0;1
0;7;0.00;0.00;0;0;0
0;8;-0.02;0.00;-1;0;0
0;8;0.00;0.00;0;0;0
0;8;0.00;0.00;0;0;0
0;9;0.00;0.00;0;0;0
0;8;-0.01;0.02;0;0;1
0;12;0.00;0.00;0;0;0
0;8;0.00;0.00;0;0;0
0;8;-0.02;0.00;-1;0;0
0;9;0.00;0.00;0;0;0
0;8;0.00;0.00;0;0;0
0;11;-0.01;0.02;0;0;1
0;5;0.00;0.00;0;0;0
0;8;0.00;0.00;0;0;0
0;9;-0.02;0.00;-1;0;0
0;12;0.00;0.00;0;0;0
0;8;0.00;0.00;0;0;0
0;8;-0.01;0.02;0;0;1
0;8;0.00;0.00;0;0;0
0;12;0.00;0.00;0;0;0
0;6;0.00;0.00;0;0;0
0;7;-0.02;0.00;-1;0;0
0;8;0.00;0.00;0;0;0
0;8;0.00;0.00;0;0;0
0;9;-0.01;0.02;0;0;1
0;8;0.00;0.00;0;0;0
0;8;0.00;0.00;0;0;0
0;8;0.00;0.00;0;0;0
0;8;0.00;0.00;0;0;0
0;9;0.00;0.00;0;0;0
0;9;-0.02;0.00;-1;0;0
0;7;-0.01;0.02;0;0;1
0;8;0.00;0.00;0;0;0
0;8;0.00;0.00;0;0;0
0;12;0.00;0.00;0;0;0
0;5;0.00;0.00;0;0;0
0;8;0.00;0.00;0;0;0
0;8;-0.02;0.00;-1;0;0
0;8;-0.01;0.02;0;0;1
0;8;0.00;0.00;0;0;0
0;10;0.00;0.00;0;0;0
0;7;0.00;0.00;0;0;0
0;9;0.00;0.00;0;0;0
0;7;0.00;0.00;0;0;0
0;8;0.00;0.00;0;0;0
0;9;-0.04;0.02;-1;0;1
0;11;0.00;0.00;0;0;0
0;5;0.00;0.00;0;0;0
0;8;0.00;0.00;0;0;0
0;8;0.00;0.00;0;0;0
0;12;0.00;0.00;0;0;0
0;6;-0.02;0.00;-1;0;0
0;7;-0.01;0.02;0;0;1
0;8;0.00;0.00;0;0;0
0;8;0.00;0.00;0;0;0
0;9;0.00;0.00;0;0;0
0;8;0.00;0.00;0;0;0
0;8;0.00;0.00;0;0;0
0;9;0.00;0.00;0;0;0
0;8;-0.01;0.02;0;0;1
0;9;0.00;0.00;0;0;0
0;7;0.00;0.00;0;0;0
0;8;0.00;0.00;0;0;0
0;8;0.00;0.00;0;0;0
0;8;0.00;0.00;0;0;0
0;8;0.00;0.00;0;0;0
0;9;-0.01;0.02;0;0;1
0;11;0.00;0.00;0;0;0
0;6;0.00;0.00;0;0;0
0;7;0.00;0.00;0;0;0
0;8;0.00;0.00;0;0;0
0;16;0.00;0.00;0;0;0
0;6;-0.01;0.02;0;0;1
0;7;0.00;0.00;0;0;0
0;8;0.00;0.00;0;0;0
0;12;0.00;0.00;0;0;0
0;6;0.00;0.00;0;0;0
0;6;0.00;0.00;0;0;0
0;8;0.00;0.00;0;0;0
0;10;-0.01;0.02;0;0;1
0;9;0.00;0.00;0;0;0
0;6;0.00;0.00;0;0;0
0;8;0.00;0.00;0;0;0
0;8;0.00;0.00;0;0;0
0;11;0.00;0.00;0;0;0
0;5;0.00;0.00;0;0;0
0;9;-0.01;0.02;0;0;1
0;8;0.00;0.00;0;0;0
0;8;0.00;0.00;0;0;0
0;8;0.00;0.00;0;0;0
0;12;0.00;0.00;0;0;0
0;9;0.00;0.00;0;0;0
0;8;0.00;0.00;0;0;0
0;8;-0.01;0.02;0;0;1
0;9;0.00;0.00;0;0;0
0;7;0.00;0.00;0;0;0
0;9;0.00;0.00;0;0;0
0;8;0.00;0.00;0;0;0
0;9;0.00;0.00;0;0;0
0;7;0.00;0.00;0;0;0
0;9;-0.01;0.02;0;0;1
0;8;0.00;0.00;0;0;0
0;9;-0.02;0.00;-1;0;0
0;7;0.00;0.00;0;0;0
0;8;0.00;0.00;0;0;0
0;10;0.00;0.00;0;0;0
0;8;0.00;0.00;0;0;0
0;8;-0.01;0.02;0;0;1
0;7;0.00;0.00;0;0;0
0;8;0.00;0.00;0;0;0
0;11;-0.02;0.00;-1;0;0
0;9;0.00;0.00;0;0;0
0;6;0.00;0.00;0;0;0
0;7;0.00;0.00;0;0;0
0;8;0.00;0.00;0;0;0
0;12;-0.01;0.02;0;0;1
0;9;0.00;0.00;0;0;0
0;8;0.00;0.00;0;0;0
0;8;0.00;0.00;0;0;0
0;8;0.00;0.00;0;0;0
0;8;0.00;0.00;0;0;0
0;8;-0.01;0.02;0;0;1
0;9;0.00;0.00;0;0;0
0;13;0.00;0.00;0;0;0
0;7;0.00;0.00;0;0;0
0;8;0.00;0.00;0;0;0
0;9;0.00;0.00;0;0;0
0;8;0.00;0.00;0;0;0
0;8;-0.01;0.02;0;0;1
0;8;0.00;0.00;0;0;0
0;9;0.00;0.00;0;0;0
0;8;0.00;0.00;0;0;0
0;8;0.00;0.00;0;0;0
0;8;0.00;0.00;0;0;0
0;10;0.00;0.00;0;0;0
0;6;-0.01;0.02;0;0;1
0;8;0.00;0.00;0;0;0
0;9;0.00;0.00;0;0;0
0;9;0.00;0.00;0;0;0
0;7;0.00;0.00;0;0;0
0;8;0.00;0.00;0;0;0
0;8;-0.01;0.02;0;0;1
0;10;0.00;0.00;0;0;0
0;7;0.00;0.00;0;0;0
0;8;0.00;0.00;0;0;0
0;8;0.00;0.00;0;0;0
0;9;0.00;0.00;0;0;0
0;8;0.00;0.00;0;0;0
0;8;0.00;0.00;0;0;0
0;8;-0.01;0.02;0;0;1
0;8;0.00;0.00;0;0;0
0;8;0.00;0.00;0;0;0
0;9;0.00;0.00;0;0;0
0;8;0.00;0.00;0;0;0
0;8;0.00;0.00;0;0;0
0;13;0.00;0.00;0;0;0
0;7;-0.01;0.02;0;0;1
0;9;0.00;0.00;0;0;0
0;8;0.00;0.00;0;0;0
0;8;0.00;0.00;0;0;0
0;11;0.00;0.00;0;0;0
0;5;0.00;0.00;0;0;0
0;13;0.00;0.00;0;0;0
0;8;0.00;0.00;0;0;0
0;10;-0.01;0.02;0;0;1
0;6;0.00;0.00;0;0;0
0;11;0.00;0.00;0;0;0
0;6;0.00;0.00;0;0;0
0;8;0.00;0.00;0;0;0
0;11;0.00;0.00;0;0;0
0;7;-0.01;0.02;0;0;1
0;6;0.00;0.00;0;0;0
0;9;0.00;0.00;0;0;0
0;8;0.00;0.00;0;0;0
0;9;0.00;0.00;0;0;0
0;7;0.00;0.00;0;0;0
0;8;0.00;0.00;0;0;0
0;9;0.00;0.00;0;0;0
0;8;0.00;0.00;0;0;0
0;8;-0.01;0.02;0;0;1
0;8;0.00;0.00;0;0;0
0;8;0.00;0.00;0;0;0
0;10;0.00;0.00;0;0;0
0;7;0.00;0.00;0;0;0
0;8;0.00;0.00;0;0;0
0;8;0.00;0.00;0;0;0
0;9;0.00;0.00;0;0;0
0;7;-0.01;0.02;0;0;1
0;12;0.00;0.00;0;0;0
0;13;0.00;0.00;0;0;0
0;8;0.00;0.00;0;0;0
0;8;0.00;0.00;0;0;0
0;12;0.00;0.00;0;0;0
0;6;0.00;0.00;0;0;0
0;7;-0.01;0.02;0;0;1
0;8;0.00;0.00;0;0;0
0;13;0.00;0.00;0;0;0
0;8;0.00;0.00;0;0;0
0;8;0.00;0.00;0;0;0
0;8;0.00;0.00;0;0;0
0;8;0.00;0.00;0;0;0
0;8;-0.01;0.02;0;0;1
0;9;0.00;0.00;0;0;0
0;8;0.00;0.00;0;0;0
0;8;0.00;0.00;0;0;0
0;8;0.00;0.00;0;0;0
0;8;0.00;0.00;0;0;0
0;9;0.00;0.00;0;0;0
0;8;-0.01;0.02;0;0;1
0;8;0.00;0.00;0;0;0
0;8;0.00;0.00;0;0;0
0;8;0.00;0.00;0;0;0
0;10;0.00;0.00;0;0;0
0;13;0.00;0.00;0;0;0
0;7;-0.01;0.02;0;0;1
0;7;0.00;0.00;0;0;0
0;8;0.00;0.00;0;0;0
0;10;0.00;0.00;0;0;0
0;10;0.00;0.00;0;0;0
0;5;0.00;0.00;0;0;0
0;8;0.00;0.00;0;0;0
0;8;-0.01;0.02;0;0;1
0;9;0.00;0.00;0;0;0
0;8;0.00;0.00;0;0;0
0;8;0.00;0.00;0;0;0
0;8;0.00;0.00;0;0;0
0;8;0.00;0.00;0;0;0
0;9;0.00;0.00;0;0;0
0;8;-0.01;0.02;0;0;1
0;12;0.00;0.00;0;0;0
0;8;0.00;0.00;0;0;0
0;8;0.00;0.00;0;0;0
0;13;0.00;0.00;0;0;0
0;4;-0.01;0.02;0;0;1
0;8;0.00;0.00;0;0;0
0;8;0.00;0.00;0;0;0
0;8;0.00;0.00;0;0;0
0;9;0.00;0.00;0;0;0
0;11;0.00;0.00;0;0;0
0;6;0.00;0.00;0;0;0
0;9;-0.01;0.02;0;0;1
0;6;0.00;0.00;0;0;0
0;8;0.00;0.00;0;0;0
0;10;0.00;0.00;0;0;0
0;8;0.00;0.00;0;0;0
0;7;0.00;0.00;0;0;0
0;8;-0.01;0.02;0;0;1
0;8;0.00;0.00;0;0;0
0;11;0.00;0.00;0;0;0
0;9;0.00;0.00;0;0;0
0;5;0.00;0.00;0;0;0
0;8;0.00;0.00;0;0;0
0;8;-0.01;0.02;0;0;1
0;14;0.00;0.00;0;0;0
0;7;0.00;0.00;0;0;0
0;8;0.00;0.00;0;0;0
0;8;0.00;0.00;0;0;0
0;12;0.00;0.00;0;0;0
0;5;-0.01;0.02;0;0;1
0;8;0.00;0.00;0;0;0
0;8;0.00;0.00;0;0;0
0;8;0.00;0.00;0;0;0
0;8;0.00;0.00;0;0;0
0;9;0.00;0.00;0;0;0
0;8;0.00;0.00;0;0;0
0;10;-0.01;0.02;0;0;1
0;6;0.00;0.00;0;0;0
0;8;0.00;0.00;0;0;0
0;13;0.00;0.00;0;0;0
0;8;0.00;0.00;0;0;0
0;8;0.00;0.00;0;0;0
0;8;-0.01;0.02;0;0;1
0;9;0.00;0.00;0;0;0
0;8;0.00;0.00;0;0;0
0;8;0.00;0.00;0;0;0
0;8;0.00;0.00;0;0;0
0;9;0.00;0.00;0;0;0
0;7;-0.01;0.02;0;0;1
0;12;0.00;0.00;0;0;0
0;5;0.00;0.00;0;0;0
0;10;0.00;0.00;0;0;0
0;6;0.00;0.00;0;0;0
0;8;0.00;0.00;0;0;0
0;9;-0.01;0.02;0;0;1
0;9;0.00;0.00;0;0;0
0;7;0.00;0.00;0;0;0
0;8;0.00;0.00;0;0;0
0;8;0.00;0.00;0;0;0
0;12;0.00;0.00;0;0;0
0;5;0.00;0.00;0;0;0
0;8;-0.01;0.02;0;0;1
0;12;0.00;0.00;0;0;0
0;8;0.00;0.00;0;0;0
0;9;0.00;0.00;0;0;0
0;8;0.00;0.00;0;0;0
0;8;0.00;0.00;0;0;0
0;8;-0.01;0.02;0;0;1
0;9;0.00;0.00;0;0;0
0;8;0.00;0.00;0;0;0
0;8;0.00;0.00;0;0;0
0;8;0.00;0.00;0;0;0
0;9;0.00;0.00;0;0;0
0;7;-0.01;0.02;0;0;1
0;8;0.00;0.00;0;0;0
0;9;0.00;0.00;0;0;0
0;8;0.00;0.00;0;0;0
0;8;0.00;0.00;0;0;0
0;8;0.00;0.00;0;0;0
0;8;-0.01;0.02;0;0;1
0;9;0.00;0.00;0;0;0
0;8;0.00;0.00;0;0;0
0;8;0.00;0.00;0;0;0
0;12;0.00;0.00;0;0;0
0;9;0.00;0.00;0;0;0
0;8;-0.01;0.02;0;0;1
0;8;0.00;0.00;0;0;0
0;9;0.00;0.00;0;0;0
0;7;0.00;0.00;0;0;0
0;8;0.00;0.00;0;0;0
0;9;0.00;0.00;0;0;0
0;9;0.00;0.00;0;0;0
0;7;-0.01;0.02;0;0;1
0;8;0.00;0.00;0;0;0
0;8;0.00;0.00;0;0;0
0;10;0.00;0.00;0;0;0
0;7;0.00;0.00;0;0;0
0;8;0.00;0.00;0;0;0
0;8;-0.01;0.02;0;0;1
0;9;0.00;0.00;0;0;0
0;8;0.00;0.00;0;0;0
0;8;0.00;0.00;0;0;0
0;11;0.00;0.00;0;0;0
0;5;0.00;0.00;0;0;0
0;8;-0.01;0.02;0;0;1
0;9;0.00;0.00;0;0;0
0;11;0.00;0.00;0;0;0
0;5;0.00;0.00;0;0;0
0;8;0.00;0.00;0;0;0
0;8;0.00;0.00;0;0;0
0;12;-0.01;0.02;0;0;1
0;5;0.00;0.00;0;0;0
0;8;0.00;0.00;0;0;0
0;8;0.00;0.00;0;0;0
0;8;0.00;0.00;0;0;0
0;8;0.00;0.00;0;0;0
0;12;-0.01;0.02;0;0;1
0;5;0.00;0.00;0;0;0
0;8;0.00;0.00;0;0;0
0;8;0.00;0.00;0;0;0
0;11;0.00;0.00;0;0;0
0;6;0.00;0.00;0;0;0
0;8;-0.01;0.02;0;0;1
0;8;0.00;0.00;0;0;0
0;11;0.00;0.00;0;0;0
0;5;0.00;0.00;0;0;0
0;9;-0.02;0.00;-1;0;0
0;8;0.00;0.00;0;0;0
0;11;0.00;0.00;0;0;0
0;8;-0.01;0.02;0;0;1
0;5;0.00;0.00;0;0;0
0;9;0.00;0.00;0;0;0
0;12;0.00;0.00;0;0;0
0;8;-0.02;0.00;-1;0;0
0;8;0.00;0.00;0;0;0
0;12;-0.01;0.02;0;0;1
0;9;0.00;0.00;0;0;0
0;8;0.00;0.00;0;0;0
0;8;0.00;0.00;0;0;0
0;9;-0.02;0.00;-1;0;0
0;7;-0.01;0.02;0;0;1
0;9;0.00;0.00;0;0;0
0;8;0.00;0.00;0;0;0
0;8;0.00;0.00;0;0;0
0;8;0.00;0.00;0;0;0
0;8;0.00;0.00;0;0;0
0;12;-0.01;0.02;0;0;1
0;5;0.00;0.00;0;0;0
0;8;0.00;0.00;0;0;0
0;8;0.00;0.00;0;0;0
0;11;0.00;0.00;0;0;0
0;6;-0.01;0.02;0;0;1
0;8;0.00;0.00;0;0;0
0;8;0.00;0.00;0;0;0
0;10;0.00;0.00;0;0;0
0;6;0.00;0.00;0;0;0
0;9;0.00;0.00;0;0;0
0;8;-0.01;0.02;0;0;1
0;8;0.00;0.00;0;0;0
0;8;0.00;0.00;0;0;0
0;8;0.00;0.00;0;0;0
0;8;0.00;0.00;0;0;0
0;9;0.00;0.00;0;0;0
0;8;-0.01;0.02;0;0;1
0;8;0.00;0.00;0;0;0
0;8;0.00;0.00;0;0;0
0;8;0.00;0.00;0;0;0
0;11;0.00;0.00;0;0;0
0;7;0.00;0.00;0;0;0
0;7;-0.01;0.02;0;0;1
0;8;0.00;0.00;0;0;0
0;8;0.00;0.00;0;0;0
0;9;0.00;0.00;0;0;0
0;8;0.00;0.00;0;0;0
0;8;0.00;0.00;0;0;0
0;8;-0.01;0.02;0;0;1
0;8;0.00;0.00;0;0;0
0;9;0.00;0.00;0;0;0
0;8;0.00;0.00;0;0;0
0;8;0.00;0.00;0;0;0
0;11;0.00;0.00;0;0;0
0;5;-0.01;0.02;0;0;1
0;9;0.00;0.00;0;0;0
0;8;0.00;0.00;0;0;0
0;8;0.00;0.00;0;0;0
0;8;0.00;0.00;0;0;0
0;8;0.00;0.00;0;0;0
0;8;-0.01;0.02;0;0;1
0;9;0.00;0.00;0;0;0
0;8;0.00;0.00;0;0;0
0;8;0.00;0.00;0;0;0
0;8;0.00;0.00;0;0;0
0;8;0.00;0.00;0;0;0
0;9;-0.01;0.02;0;0;1
0;10;0.00;0.00;0;0;0
0;9;0.00;0.00;0;0;0
0;5;0.00;0.00;0;0;0
0;8;0.00;0.00;0;0;0
0;9;0.00;0.00;0;0;0
0;9;-0.01;0.02;0;0;1
0;7;0.00;0.00;0;0;0
0;8;0.00;0.00;0;0;0
0;8;0.00;0.00;0;0;0
0;13;0.00;0.00;0;0;0
0;8;0.00;0.00;0;0;0
0;8;-0.01;0.02;0;0;1
0;13;0.00;0.00;0;0;0
0;8;0.00;0.00;0;0;0
0;8;0.00;0.00;0;0;0
0;8;0.00;0.00;0;0;0
0;8;0.00;0.00;0;0;0
0;8;0.00;0.00;0;0;0
0;9;-0.01;0.02;0;0;1
0;8;0.00;0.00;0;0;0
0;8;0.00;0.00;0;0;0
0;8;0.00;0.00;0;0;0
0;9;0.00;0.00;0;0;0
0;7;0.00;0.00;0;0;0
0;9;-0.01;0.02;0;0;1
0;12;0.00;0.00;0;0;0
0;8;0.00;0.00;0;0;0
0;8;0.00;0.00;0;0;0
0;8;0.00;0.00;0;0;0
0;10;0.00;0.00;0;0;0
0;7;-0.01;0.02;0;0;1
0;8;0.00;0.00;0;0;0
0;8;0.00;0.00;0;0;0
0;8;0.00;0.00;0;0;0
0;9;0.00;0.00;0;0;0
0;8;0.00;0.00;0;0;0
0;8;0.00;0.00;0;0;0
0;8;-0.04;0.02;-1;0;1
0;12;0.00;0.00;0;0;0
0;9;0.00;0.00;0;0;0
0;8;0.00;0.00;0;0;0
0;8;0.00;0.00;0;0;0
0;8;0.00;0.00;0;0;0
0;8;0.00;0.00;0;0;0
0;10;-0.04;0.02;-1;0;1
0;7;0.00;0.00;0;0;0
0;8;0.00;0.00;0;0;0
0;8;0.00;0.00;0;0;0
0;10;0.00;0.00;0;0;0
0;9;0.00;0.00;0;0;0
0;6;-0.01;0.02;0;0;1
0;8;-0.02;0.00;-1;0;0
0;11;0.00;0.00;0;0;0
0;5;0.00;0.00;0;0;0
0;10;0.00;0.00;0;0;0
0;7;0.00;0.00;0;0;0
0;8;0.00;0.00;0;0;0
0;8;-0.01;0.02;0;0;1
0;8;-0.02;0.00;-1;0;0
0;9;0.00;0.00;0;0;0
0;9;0.00;0.00;0;0;0
0;7;0.00;0.00;0;0;0
0;8;0.00;0.00;0;0;0
0;8;-0.01;0.02;0;0;1
0;8;0.00;0.00;0;0;0
0;9;0.00;0.00;0;0;0
0;9;0.00;0.00;0;0;0
0;7;0.00;0.00;0;0;0
0;8;0.00;0.00;0;0;0
0;8;0.00;0.00;0;0;0
0;9;-0.01;0.02;0;0;1
0;8;0.00;0.00;0;0;0
0;8;0.00;0.00;0;0;0
0;8;0.00;0.00;0;0;0
0;8;0.00;0.00;0;0;0
0;9;0.00;0.00;0;0;0
0;8;-0.01;0.02;0;0;1
0;14;0.00;0.00;0;0;0
0;6;0.00;0.00;0;0;0
0;9;0.00;0.00;0;0;0
0;9;0.00;0.00;0;0;0
0;9;0.00;0.00;0;0;0
0;6;0.00;0.00;0;0;0
0;8;-0.01;0.02;0;0;1
0;8;0.00;0.00;0;0;0
0;9;0.00;0.00;0;0;0
0;8;0.00;0.00;0;0;0
0;8;0.00;0.00;0;0;0
0;8;0.00;0.00;0;0;0
0;8;0.00;0.00;0;0;0
0;9;0.00;0.00;0;0;0
0;8;-0.01;0.02;0;0;1
0;11;0.00;0.00;0;0;0
0;5;0.00;0.00;0;0;0
0;8;0.00;0.00;0;0;0
0;9;0.00;0.00;0;0;0
0;11;0.00;0.00;0;0;0
0;5;-0.01;0.02;0;0;1
0;8;0.00;0.00;0;0;0
0;8;0.00;0.00;0;0;0
0;13;-0.02;0.00;-1;0;0
0;8;0.00;0.00;0;0;0
0;8;0.00;0.00;0;0;0
0;8;0.00;0.00;0;0;0
0;13;-0.01;0.02;0;0;1
0;8;0.00;0.00;0;0;0
0;8;0.00;0.00;0;0;0
0;11;-0.02;0.00;-1;0;0
0;5;0.00;0.00;0;0;0
0;8;0.00;0.00;0;0;0
0;9;0.00;0.00;0;0;0
0;8;-0.01;0.02;0;0;1
0;8;0.00;0.00;0;0;0
0;8;0.00;0.00;0;0;0
0;8;0.00;0.00;0;0;0
0;9;-0.02;0.00;-1;0;0
0;8;0.00;0.00;0;0;0
0;12;-0.01;0.02;0;0;1
0;8;0.00;0.00;0;0;0
0;8;0.00;0.00;0;0;0
0;12;0.00;0.00;0;0;0
0;5;-0.02;0.00;-1;0;0
0;8;0.00;0.00;0;0;0
0;8;-0.01;0.02;0;0;1
0;12;0.00;0.00;0;0;0
0;9;0.00;0.00;0;0;0
0;8;0.00;0.00;0;0;0
0;8;0.00;0.00;0;0;0
0;9;0.00;0.00;0;0;0
0;7;0.00;0.00;0;0;0
0;9;-0.01;0.02;0;0;1
0;8;0.00;0.00;0;0;0
0;8;0.00;0.00;0;0;0
0;8;0.00;0.00;0;0;0
0;8;0.00;0.00;0;0;0
0;10;0.00;0.00;0;0;0
0;7;-0.01;0.02;0;0;1
0;8;0.00;0.00;0;0;0
0;9;0.00;0.00;0;0;0
0;8;0.00;0.00;0;0;0
0;8;0.00;0.00;0;0;0
0;8;0.00;0.00;0;0;0
0;8;0.00;0.00;0;0;0
0;13;-0.04;0.02;-1;0;1
0;7;0.00;0.00;0;0;0
0;9;0.00;0.00;0;0;0
0;8;0.00;0.00;0;0;0
0;8;0.00;0.00;0;0;0
0;8;0.00;0.00;0;0;0
0;8;-0.02;0.00;-1;0;0
0;9;-0.01;0.02;0;0;1
0;8;0.00;0.00;0;0;0
0;8;0.00;0.00;0;0;0
0;8;0.00;0.00;0;0;0
0;14;0.00;0.00;0;0;0
0;7;-0.02;0.00;-1;0;0
0;8;0.00;0.00;0;0;0
0;8;-0.01;0.02;0;0;1
0;8;0.00;0.00;0;0;0
0;8;0.00;0.00;0;0;0
0;12;0.00;0.00;0;0;0
0;5;-0.02;0.00;-1;0;0
0;8;0.00;0.00;0;0;0
0;8;-0.01;0.02;0;0;1
0;8;0.00;0.00;0;0;0
0;9;0.00;0.00;0;0;0
0;8;0.00;0.00;0;0;0
0;8;0.00;0.00;0;0;0
0;11;-0.02;0.00;-1;0;0
0;5;0.00;0.00;0;0;0
0;9;-0.01;0.02;0;0;1
0;8;0.00;0.00;0;0;0
0;8;0.00;0.00;0;0;0
0;8;0.00;0.00;0;0;0
0;8;0.00;0.00;0;0;0
0;12;0.00;0.00;0;0;0
0;5;0.00;0.00;0;0;0
0;8;-0.01;0.02;0;0;1
0;8;0.00;0.00;0;0;0
0;8;0.00;0.00;0;0;0
0;8;0.00;0.00;0;0;0
0;12;0.00;0.00;0;0;0
0;5;0.00;0.00;0;0;0
0;11;0.00;0.00;0;0;0
0;5;0.00;0.00;0;0;0
0;8;0.00;0.00;0;0;0
0;9;0.00;0.00;0;0;0
0;8;0.00;0.00;0;0;0
0;8;0.00;0.00;0;0;0
0;8;0.00;0.00;0;0;0
0;8;0.00;0.00;0;0;0
0;10;0.00;0.00;0;0;0
0;7;0.00;0.00;0;0;0
0;8;0.00;0.00;0;0;0
0;10;0.00;0.00;0;0;0
0;7;0.00;0.00;0;0;0
0;8;0.00;0.00;0;0;0
0;8;0.00;0.00;0;0;0
0;8;0.00;0.00;0;0;0
0;10;0.00;0.00;0;0;0
0;6;0.00;0.00;0;0;0
0;8;0.00;0.00;0;0;0
0;9;0.00;0.00;0;0;0
0;12;0.00;0.00;0;0;0
0;8;0.00;0.00;0;0;0
0;8;0.00;0.00;0;0;0
0;9;0.00;0.00;0;0;0
0;11;-0.02;0.00;-1;0;0
0;6;0.00;0.00;0;0;0
0;7;0.00;0.00;0;0;0
0;8;0.00;0.00;0;0;0
0;8;0.00;0.00;0;0;0
0;11;-0.01;0.02;0;0;1
0;7;0.00;0.00;0;0;0
0;7;0.00;0.00;0;0;0
0;8;-0.02;0.00;-1;0;0
0;8;0.00;0.00;0;0;0
0;9;0.00;0.00;0;0;0
0;10;0.00;0.00;0;0;0
0;6;0.00;0.00;0;0;0
0;13;-0.02;0.00;-1;0;0
0;7;0.00;0.00;0;0;0
0;9;0.00;0.00;0;0;0
0;12;0.00;0.00;0;0;0
0;8;0.00;0.00;0;0;0
0;8;0.00;0.00;0;0;0
0;9;-0.02;0.00;-1;0;0
0;8;0.00;0.00;0;0;0
0;8;0.00;0.00;0;0;0
0;8;0.00;0.00;0;0;0
0;8;0.00;0.00;0;0;0
0;9;0.00;0.00;0;0;0
0;8;0.00;0.00;0;0;0
0;10;-0.02;0.00;-1;0;0
0;6;0.00;0.00;0;0;0
0;8;0.00;0.00;0;0;0
0;8;0.00;0.00;0;0;0
0;9;0.00;0.00;0;0;0
0;11;0.00;0.00;0;0;0
0;5;0.00;0.00;0;0;0
0;8;0.00;0.00;0;0;0
0;7;0.00;0.00;0;0;0
0;10;0.00;0.00;0;0;0
0;8;0.00;0.00;0;0;0
0;8;0.00;0.00;0;0;0
0;8;0.00;0.00;0;0;0
0;12;0.00;0.00;0;0;0
0;10;0.00;0.00;0;0;0
0;7;0.00;0.00;0;0;0
0;8;0.00;0.00;0;0;0
0;9;0.00;0.00;0;0;0
0;7;0.00;0.00;0;0;0
0;10;0.00;0.00;0;0;0
0;7;0.00;0.00;0;0;0
0;8;0.00;0.00;0;0;0
0;8;0.00;0.00;0;0;0
0;8;0.00;0.00;0;0;0
0;9;0.00;0.00;0;0;0
0;7;0.00;0.00;0;0;0
0;9;0.00;0.00;0;0;0
0;8;0.00;0.00;0;0;0
0;8;0.00;0.00;0;0;0
0;9;0.00;0.00;0;0;0
0;14;0.00;0.00;0;0;0
0;6;0.00;0.00;0;0;0
0;8;0.00;0.00;0;0;0
0;8;0.00;0.00;0;0;0
0;16;0.00;0.00;0;0;0
0;9;0.00;0.00;0;0;0
0;7;0.00;0.00;0;0;0
0;8;0.00;0.00;0;0;0
0;11;0.00;0.00;0;0;0
0;8;0.00;0.00;0;0;0
0;9;0.00;0.00;0;0;0
0;6;-0.02;0.00;-1;0;0
0;8;0.00;0.00;0;0;0
0;11;0.00;0.00;0;0;0
0;14;0.00;0.00;0;0;0
0;8;0.00;0.00;0;0;0
0;8;0.00;0.00;0;0;0
0;14;-0.02;0.00;-1;0;0
0;7;0.00;0.00;0;0;0
0;8;0.00;0.00;0;0;0
0;8;0.00;0.00;0;0;0
0;8;0.00;0.00;0;0;0
0;9;0.00;0.00;0;0;0
0;8;-0.02;0.00;-1;0;0
0;8;0.00;0.00;0;0;0
0;8;0.00;0.00;0;0;0
0;8;0.00;0.00;0;0;0
0;9;0.00;0.00;0;0;0
0;8;0.00;0.00;0;0;0
0;8;0.00;0.00;0;0;0
0;8;0.00;0.00;0;0;0
0;8;0.00;0.00;0;0;0
0;14;0.00;0.00;0;0;0
0;7;0.00;0.00;0;0;0
0;8;0.00;0.00;0;0;0
0;8;0.00;0.00;0;0;0
0;8;0.00;0.00;0;0;0
0;9;0.00;0.00;0;0;0
0;8;0.00;0.00;0;0;0
0;8;0.00;0.00;0;0;0
0;8;0.00;0.00;0;0;0
0;8;0.00;0.00;0;0;0
0;8;0.00;0.00;0;0;0
0;9;0.00;0.00;0;0;0
0;8;0.00;0.00;0;0;0
0;7;0.00;0.00;0;0;0
0;18;0.00;0.00;0;0;0
0;8;0.00;0.00;0;0;0
0;11;0.00;0.00;0;0;0
0;5;0.00;0.00;0;0;0
0;8;0.00;0.00;0;0;0
0;8;0.00;0.00;0;0;0
0;9;0.00;0.00;0;0;0
0;7;0.00;0.00;0;0;0
0;9;0.00;0.00;0;0;0
0;8;0.00;0.00;0;0;0
0;11;0.00;0.00;0;0;0
0;6;0.00;0.00;0;0;0
0;8;0.00;0.00;0;0;0
0;8;0.00;0.00;0;0;0
0;11;0.00;0.00;0;0;0
0;6;0.00;0.00;0;0;0
0;8;0.00;0.00;0;0;0
0;8;0.00;0.00;0;0;0
0;10;0.00;0.00;0;0;0
0;6;0.00;0.00;0;0;0
0;8;0.00;0.00;0;0;0
0;8;0.00;0.00;0;0;0
0;9;0.00;0.00;0;0;0
0;8;0.00;0.00;0;0;0
0;7;0.00;0.00;0;0;0
0;11;0.00;0.00;0;0;0
0;8;0.00;0.00;0;0;0
0;7;0.00;0.00;0;0;0
0;8;0.00;0.00;0;0;0
0;8;0.00;0.00;0;0;0
0;15;0.00;0.00;0;0;0
0;5;0.00;0.00;0;0;0
0;9;0.00;0.00;0;0;0
0;11;0.00;0.00;0;0;0
0;5;0.00;0.00;0;0;0
0;8;0.00;0.00;0;0;0
0;8;0.00;0.00;0;0;0
0;9;-0.02;0.00;-1;0;0
0;7;0.00;0.00;0;0;0
0;11;0.00;0.00;0;0;0
0;6;0.00;0.00;0;0;0
0;8;0.00;0.00;0;0;0
0;9;0.00;0.00;0;0;0
0;8;0.00;0.00;0;0;0
0;8;0.00;0.00;0;0;0
0;9;0.00;0.00;0;0;0
0;7;0.00;0.00;0;0;0
0;10;0.00;0.00;0;0;0
0;7;0.00;0.00;0;0;0
0;8;0.00;0.00;0;0;0
0;9;0.00;0.00;0;0;0
0;12;0.00;0.00;0;0;0
0;8;0.00;0.00;0;0;0
0;8;0.00;0.00;0;0;0
0;10;0.00;0.00;0;0;0
0;6;0.00;0.00;0;0;0
0;8;0.00;0.00;0;0;0
0;9;0.00;0.00;0;0;0
0;9;0.00;0.00;0;0;0
0;7;0.00;0.00;0;0;0
0;8;0.00;0.00;0;0;0
0;8;0.00;0.00;0;0;0
0;11;0.00;0.00;0;0;0
0;6;0.00;0.00;0;0;0
0;8;0.00;0.00;0;0;0
0;10;0.00;0.00;0;0;0
0;7;0.00;0.00;0;0;0
0;8;0.00;0.00;0;0;0
0;8;0.00;0.00;0;0;0
0;8;0.00;0.00;0;0;0
0;13;0.00;0.00;0;0;0
0;7;0.00;0.00;0;0;0
0;9;0.00;0.00;0;0;0
0;11;0.00;0.00;0;0;0
0;5;0.00;0.00;0;0;0
0;8;0.00;0.00;0;0;0
0;7;0.00;0.00;0;0;0
0;11;0.00;0.00;0;0;0
0;7;0.00;0.00;0;0;0
0;8;0.00;0.00;0;0;0
0;8;0.00;0.00;0;0;0
0;11;0.00;0.00;0;0;0
0;5;0.00;0.00;0;0;0
0;9;0.00;0.00;0;0;0
0;8;0.00;0.00;0;0;0
0;7;0.00;0.00;0;0;0
0;9;0.00;0.00;0;0;0
0;10;0.00;0.00;0;0;0
0;7;0.00;0.00;0;0;0
0;8;0.00;0.00;0;0;0
0;8;0.00;0.00;0;0;0
0;14;0.00;0.00;0;0;0
0;9;0.00;0.00;0;0;0
0;6;0.00;0.00;0;0;0
0;13;0.00;0.00;0;0;0
0;7;0.00;0.00;0;0;0
0;8;0.00;0.00;0;0;0
0;9;0.00;0.00;0;0;0
0;8;0.00;0.00;0;0;0
0;9;0.00;0.00;0;0;0
0;7;0.00;0.00;0;0;0
0;8;0.00;0.00;0;0;0
0;15;0.00;0.00;0;0;0
0;6;0.00;0.00;0;0;0
0;8;0.00;0.00;0;0;0
0;9;0.00;0.00;0;0;0
0;7;0.00;0.00;0;0;0
0;9;0.00;0.00;0;0;0
0;8;0.00;0.00;0;0;0
0;13;0.00;0.00;0;0;0
0;7;0.00;0.00;0;0;0
0;8;0.00;0.00;0;0;0
0;9;0.00;0.00;0;0;0
0;9;0.00;0.00;0;0;0
0;7;0.00;0.00;0;0;0
0;8;0.00;0.00;0;0;0
0;8;0.00;0.00;0;0;0
0;9;0.00;0.00;0;0;0
0;8;0.00;0.00;0;0;0
0;7;0.00;0.00;0;0;0
0;11;0.00;0.00;0;0;0
0;6;0.00;0.00;0;0;0
0;9;0.00;0.00;0;0;0
0;7;0.00;0.00;0;0;0
0;9;0.00;0.00;0;0;0
0;8;0.00;0.00;0;0;0
0;8;0.00;0.00;0;0;0
0;7;0.00;0.00;0;0;0
0;10;0.00;0.00;0;0;0
0;8;0.00;0.00;0;0;0
0;8;0.00;0.00;0;0;0
0;8;0.00;0.00;0;0;0
0;7;0.00;0.00;0;0;0
0;10;0.00;0.00;0;0;0
0;11;0.00;0.00;0;0;0
0;5;0.00;0.00;0;0;0
0;8;0.00;0.00;0;0;0
0;7;0.00;0.00;0;0;0
0;12;0.00;0.00;0;0;0
0;6;0.00;0.00;0;0;0
0;7;0.00;0.00;0;0;0
0;9;0.00;0.00;0;0;0
0;7;0.00;0.00;0;0;0
0;9;0.00;0.00;0;0;0
0;9;0.00;0.00;0;0;0
0;7;0.00;0.00;0;0;0
0;9;0.00;0.00;0;0;0
0;8;0.00;0.00;0;0;0
0;9;0.00;0.00;0;0;0
0;9;0.00;0.00;0;0;0
0;7;0.00;0.00;0;0;0
0;8;0.00;0.00;0;0;0
0;7;0.00;0.00;0;0;0
0;12;0.00;0.00;0;0;0
0;6;0.00;0.00;0;0;0
0;11;0.00;0.00;0;0;0
0;5;0.00;0.00;0;0;0
0;10;0.00;0.00;0;0;0
0;6;0.00;0.00;0;0;0
0;9;0.00;0.00;0;0;0
0;8;0.00;0.00;0;0;0
0;12;0.00;0.00;0;0;0
0;8;0.00;0.00;0;0;0
0;9;0.00;0.00;0;0;0
0;7;0.00;0.00;0;0;0
0;8;0.00;0.00;0;0;0
0;9;0.00;0.00;0;0;0
0;7;0.00;0.00;0;0;0
0;12;0.00;0.00;0;0;0
0;6;0.00;0.00;0;0;0
0;8;0.00;0.00;0;0;0
0;7;0.00;0.00;0;0;0
0;8;0.00;0.00;0;0;0
0;8;0.00;0.00;0;0;0
0;10;0.00;0.00;0;0;0
0;8;0.00;0.00;0;0;0
0;7;0.00;0.00;0;0;0
0;8;0.00;0.00;0;0;0
0;8;0.00;0.00;0;0;0
0;9;0.00;0.00;0;0;0
0;8;0.00;0.00;0;0;0
0;11;0.00;0.00;0;0;0
0;9;0.00;0.00;0;0;0
0;5;0.00;0.00;0;0;0
0;9;0.00;0.00;0;0;0
0;8;0.00;0.00;0;0;0
0;10;0.00;0.00;0;0;0
0;6;0.00;0.00;0;0;0
0;8;0.00;0.00;0;0;0
0;9;0.00;0.00;0;0;0
0;8;0.00;0.00;0;0;0
0;7;0.00;0.00;0;0;0
0;9;0.00;0.00;0;0;0
0;7;0.00;0.00;0;0;0
0;13;-0.02;0.00;-1;0;0
0;8;0.00;0.00;0;0;0
0;8;0.00;0.00;0;0;0
0;8;0.00;0.00;0;0;0
0;8;0.00;0.00;0;0;0
0;8;0.00;0.00;0;0;0
0;9;0.00;0.00;0;0;0
0;8;0.00;0.00;0;0;0
0;8;-0.02;0.00;-1;0;0
0;8;0.00;0.00;0;0;0
0;8;0.00;0.00;0;0;0
0;12;0.00;0.00;0;0;0
0;6;0.00;0.00;0;0;0
0;8;0.00;0.00;0;0;0
0;7;0.00;0.00;0;0;0
0;13;-0.02;0.00;-1;0;0
0;5;0.00;0.00;0;0;0
0;7;0.00;0.00;0;0;0
0;8;0.00;0.00;0;0;0
0;9;0.00;0.00;0;0;0
0;8;0.00;0.00;0;0;0
0;9;0.00;0.00;0;0;0
0;8;0.00;0.00;0;0;0
0;8;0.00;0.00;0;0;0
0;8;0.00;0.00;0;0;0
0;8;0.00;0.00;0;0;0
0;9;0.00;0.00;0;0;0
0;14;0.00;0.00;0;0;0
0;6;0.00;0.00;0;0;0
0;8;0.00;0.00;0;0;0
0;9;0.00;0.00;0;0;0
0;8;0.00;0.00;0;0;0
0;8;0.00;0.00;0;0;0
0;7;0.00;0.00;0;0;0
0;9;0.00;0.00;0;0;0
0;7;0.00;0.00;0;0;0
0;12;0.00;0.00;0;0;0
0;6;0.00;0.00;0;0;0
0;8;0.00;0.00;0;0;0
0;7;0.00;0.00;0;0;0
0;13;0.00;0.00;0;0;0
0;9;0.00;0.00;0;0;0
0;7;0.00;0.00;0;0;0
0;11;0.00;0.00;0;0;0
0;6;0.00;0.00;0;0;0
0;7;0.00;0.00;0;0;0
0;10;0.00;0.00;0;0;0
0;7;0.00;0.00;0;0;0
0;8;0.00;0.00;0;0;0
0;8;0.00;0.00;0;0;0
0;8;0.00;0.00;0;0;0
0;10;0.00;0.00;0;0;0
0;10;0.00;0.00;0;0;0
0;6;0.00;0.00;0;0;0
0;7;0.00;0.00;0;0;0
0;10;0.00;0.00;0;0;0
0;7;0.00;0.00;0;0;0
0;8;0.00;0.00;0;0;0
0;7;0.00;0.00;0;0;0
0;8;0.00;0.00;0;0;0
0;8;0.00;0.00;0;0;0
0;8;0.00;0.00;0;0;0
0;9;0.00;0.00;0;0;0
0;11;0.00;0.00;0;0;0
0;6;0.00;0.00;0;0;0
0;7;0.00;0.00;0;0;0
0;10;0.00;0.00;0;0;0
0;8;0.00;0.00;0;0;0
0;7;0.00;0.00;0;0;0
0;8;0.00;0.00;0;0;0
0;8;0.00;0.00;0;0;0
0;8;0.00;0.00;0;0;0
0;9;0.00;0.00;0;0;0
0;8;0.00;0.00;0;0;0
0;8;0.00;0.00;0;0;0
0;15;0.00;0.00;0;0;0
0;6;0.00;0.00;0;0;0
0;9;0.00;0.00;0;0;0
0;13;0.00;0.00;0;0;0
0;8;0.00;0.00;0;0;0
0;7;0.00;0.00;0;0;0
0;7;0.00;0.00;0;0;0
0;9;0.00;0.00;0;0;0
0;12;0.00;0.00;0;0;0
0;6;0.00;0.00;0;0;0
0;7;0.00;0.00;0;0;0
0;8;0.00;0.00;0;0;0
0;12;0.00;0.00;0;0;0
0;5;0.00;0.00;0;0;0
0;10;0.00;0.00;0;0;0
0;6;0.00;0.00;0;0;0
0;15;0.00;0.00;0;0;0
0;6;0.00;0.00;0;0;0
0;8;0.00;0.00;0;0;0
0;11;0.00;0.00;0;0;0
0;5;0.00;0.00;0;0;0
0;8;0.00;0.00;0;0;0
0;9;0.00;0.00;0;0;0
0;11;0.00;0.00;0;0;0
0;7;0.00;0.00;0;0;0
0;6;0.00;0.00;0;0;0
0;8;0.00;0.00;0;0;0
0;12;0.00;0.00;0;0;0
0;8;0.00;0.00;0;0;0
0;9;0.00;0.00;0;0;0
0;8;0.00;0.00;0;0;0
0;11;0.00;0.00;0;0;0
0;6;0.00;0.00;0;0;0
0;8;0.00;0.00;0;0;0
0;8;0.00;0.00;0;0;0
0;12;0.00;0.00;0;0;0
0;9;0.00;0.00;0;0;0
0;8;0.00;0.00;0;0;0
0;10;0.00;0.00;0;0;0
0;8;0.00;0.00;0;0;0
0;6;0.00;0.00;0;0;0
0;9;0.00;0.00;0;0;0
0;12;0.00;0.00;0;0;0
0;8;0.00;0.00;0;0;0
0;7;0.00;0.00;0;0;0
0;8;0.00;0.00;0;0;0
0;9;0.00;0.00;0;0;0
0;8;0.00;0.00;0;0;0
0;8;0.00;0.00;0;0;0
0;11;0.00;0.00;0;0;0
0;6;0.00;0.00;0;0;0
0;7;0.00;0.00;0;0;0
0;10;0.00;0.00;0;0;0
0;8;0.00;0.00;0;0;0
0;8;0.00;0.00;0;0;0
0;13;0.00;0.00;0;0;0
0;8;0.00;0.00;0;0;0
0;8;0.00;0.00;0;0;0
0;7;0.00;0.00;0;0;0
0;9;0.00;0.00;0;0;0
0;8;0.00;0.00;0;0;0
0;8;0.00;0.00;0;0;0
0;14;0.00;0.00;0;0;0
0;7;0.00;0.00;0;0;0
0;7;0.00;0.00;0;0;0
0;9;0.00;0.00;0;0;0
0;9;0.00;0.00;0;0;0
0;9;0.00;0.00;0;0;0
0;7;0.00;0.00;0;0;0
0;7;0.00;0.00;0;0;0
0;8;0.00;0.00;0;0;0
0;9;0.00;0.00;0;0;0
0;8;0.00;0.00;0;0;0
0;9;0.00;0.00;0;0;0
0;8;0.00;0.00;0;0;0
0;7;-0.02;0.00;-1;0;0
0;8;0.00;0.00;0;0;0
0;10;0.00;0.00;0;0;0
0;10;0.00;0.00;0;0;0
0;6;0.00;0.00;0;0;0
0;7;0.00;0.00;0;0;0
0;10;0.00;0.00;0;0;0
0;8;0.00;0.00;0;0;0
0;7;0.00;0.00;0;0;0
0;8;0.00;0.00;0;0;0
0;11;0.00;0.00;0;0;0
0;6;0.00;0.00;0;0;0
0;8;0.00;0.00;0;0;0
0;8;0.00;0.00;0;0;0
0;8;0.00;0.00;0;0;0
0;8;0.00;0.00;0;0;0
0;8;0.00;0.00;0;0;0
0;9;0.00;0.00;0;0;0
0;14;0.00;0.00;0;0;0
0;7;0.00;0.00;0;0;0
0;7;0.00;0.00;0;0;0
0;8;0.00;0.00;0;0;0
0;10;0.00;0.00;0;0;0
0;7;0.00;0.00;0;0;0
0;8;0.00;0.00;0;0;0
0;8;0.00;0.00;0;0;0
0;8;0.00;0.00;0;0;0
0;13;0.00;0.00;0;0;0
0;6;0.00;0.00;0;0;0
0;7;0.00;0.00;0;0;0
0;7;0.00;0.00;0;0;0
0;8;0.00;0.00;0;0;0
0;9;0.00;0.00;0;0;0
0;9;0.00;0.00;0;0;0
0;7;0.00;0.00;0;0;0
0;12;0.00;0.00;0;0;0
0;5;0.00;0.00;0;0;0
0;7;0.00;0.00;0;0;0
0;10;0.00;0.00;0;0;0
0;8;0.00;0.00;0;0;0
0;8;0.00;0.00;0;0;0
0;7;0.00;0.00;0;0;0
0;8;0.00;0.00;0;0;0
0;11;0.00;0.00;0;0;0
0;7;0.00;0.00;0;0;0
0;7;0.00;0.00;0;0;0
0;8;0.00;0.00;0;0;0
0;9;0.00;0.00;0;0;0
0;9;0.00;0.00;0;0;0
0;7;0.00;0.00;0;0;0
0;8;0.00;0.00;0;0;0
0;10;0.00;0.00;0;0;0
0;7;0.00;0.00;0;0;0
0;8;0.00;0.00;0;0;0
0;8;0.00;0.00;0;0;0
0;9;0.00;0.00;0;0;0
0;7;0.00;0.00;0;0;0
0;8;0.00;0.00;0;0;0
0;9;0.00;0.00;0;0;0
0;12;0.00;0.00;0;0;0
0;5;0.00;0.00;0;0;0
0;8;0.00;0.00;0;0;0
0;7;0.00;0.00;0;0;0
0;12;0.00;0.00;0;0;0
0;6;0.00;0.00;0;0;0
0;7;0.00;0.00;0;0;0
0;8;0.00;0.00;0;0;0
0;9;0.00;0.00;0;0;0
0;8;0.00;0.00;0;0;0
0;9;0.00;0.00;0;0;0
0;7;0.00;0.00;0;0;0
0;8;0.00;0.00;0;0;0
0;8;0.00;0.00;0;0;0
0;9;0.00;0.00;0;0;0
0;8;0.00;0.00;0;0;0
0;8;0.00;0.00;0;0;0
0;8;0.00;0.00;0;0;0
0;8;0.00;0.00;0;0;0
0;9;0.00;0.00;0;0;0
0;9;0.00;0.00;0;0;0
0;13;0.00;0.00;0;0;0
0;7;0.00;0.00;0;0;0
0;7;0.00;0.00;0;0;0
0;8;0.00;0.00;0;0;0
0;9;0.00;0.00;0;0;0
0;8;0.00;0.00;0;0;0
0;8;0.00;0.00;0;0;0
0;11;0.00;0.00;0;0;0
0;6;0.00;0.00;0;0;0
0;9;0.00;0.00;0;0;0
0;7;0.00;0.00;0;0;0
0;12;0.00;0.00;0;0;0
0;4;0.00;0.00;0;0;0
0;8;0.00;0.00;0;0;0
0;9;0.00;0.00;0;0;0
0;11;0.00;0.00;0;0;0
0;6;0.00;0.00;0;0;0
0;7;0.00;0.00;0;0;0
0;8;0.00;0.00;0;0;0
0;8;0.00;0.00;0;0;0
0;9;0.00;0.00;0;0;0
0;8;0.00;0.00;0;0;0
0;8;0.00;0.00;0;0;0
0;11;0.00;0.00;0;0;0
0;6;0.00;0.00;0;0;0
0;8;0.00;0.00;0;0;0
0;8;-0.01;0.02;0;0;1
0;10;0.00;0.00;0;0;0
0;8;0.00;0.00;0;0;0
0;7;0.00;0.00;0;0;0
0;8;0.00;0.00;0;0;0
0;9;0.00;0.00;0;0;0
0;7;-0.01;0.02;0;0;1
0;10;0.00;0.00;0;0;0
0;7;0.00;0.00;0;0;0
0;10;0.00;0.00;0;0;0
0;7;0.00;0.00;0;0;0
0;7;0.00;0.00;0;0;0
0;8;0.00;0.00;0;0;0
0;10;0.00;0.00;0;0;0
0;8;-0.01;0.02;0;0;1
0;7;0.00;0.00;0;0;0
0;8;0.00;0.00;0;0;0
0;8;0.00;0.00;0;0;0
0;8;0.00;0.00;0;0;0
0;12;0.00;0.00;0;0;0
0;6;0.00;0.00;0;0;0
0;7;-0.01;0.02;0;0;1
0;8;0.00;0.00;0;0;0
0;8;0.00;0.00;0;0;0
0;9;0.00;0.00;0;0;0
0;8;0.00;0.00;0;0;0
0;8;0.00;0.00;0;0;0
0;8;0.00;0.00;0;0;0
0;8;0.00;0.00;0;0;0
0;8;-0.01;0.02;0;0;1
0;9;0.00;0.00;0;0;0
0;8;0.00;0.00;0;0;0
0;8;0.00;0.00;0;0;0
0;8;0.00;0.00;0;0;0
0;8;0.00;0.00;0;0;0
0;9;0.00;0.00;0;0;0
0;8;0.00;0.00;0;0;0
0;8;-0.01;0.02;0;0;1
0;8;0.00;0.00;0;0;0
0;8;0.00;0.00;0;0;0
0;9;0.00;0.00;0;0;0
0;8;0.00;0.00;0;0;0
0;11;0.00;0.00;0;0;0
0;6;0.00;0.00;0;0;0
0;8;0.00;0.00;0;0;0
0;10;-0.01;0.02;0;0;1
0;10;0.00;0.00;0;0;0
0;5;0.00;0.00;0;0;0
0;7;0.00;0.00;0;0;0
0;8;0.00;0.00;0;0;0
0;9;0.00;0.00;0;0;0
0;8;0.00;0.00;0;0;0
0;8;0.00;0.00;0;0;0
0;8;-0.01;0.02;0;0;1
0;11;0.00;0.00;0;0;0
0;6;0.00;0.00;0;0;0
0;8;0.00;0.00;0;0;0
0;8;0.00;0.00;0;0;0
0;15;0.00;0.00;0;0;0
0;5;0.00;0.00;0;0;0
0;8;0.00;0.00;0;0;0
0;12;-0.01;0.02;0;0;1
0;6;0.00;0.00;0;0;0
0;7;0.00;0.00;0;0;0
0;8;0.00;0.00;0;0;0
0;8;0.00;0.00;0;0;0
0;9;0.00;0.00;0;0;0
0;8;0.00;0.00;0;0;0
0;8;0.00;0.00;0;0;0
0;8;-0.01;0.02;0;0;1
0;8;0.00;0.00;0;0;0
0;9;0.00;0.00;0;0;0
0;8;0.00;0.00;0;0;0
0;8;0.00;0.00;0;0;0
0;8;0.00;0.00;0;0;0
0;11;-0.01;0.02;0;0;1
0;7;0.00;0.00;0;0;0
0;7;0.00;0.00;0;0;0
0;9;0.00;0.00;0;0;0
0;9;0.00;0.00;0;0;0
0;6;0.00;0.00;0;0;0
0;8;0.00;0.00;0;0;0
0;9;0.00;0.00;0;0;0
0;9;-0.01;0.02;0;0;1
0;11;0.00;0.00;0;0;0
0;4;0.00;0.00;0;0;0
0;8;0.00;0.00;0;0;0
0;9;0.00;0.00;0;0;0
0;9;0.00;0.00;0;0;0
0;7;0.00;0.00;0;0;0
0;11;-0.01;0.02;0;0;1
0;5;0.00;0.00;0;0;0
0;9;0.00;0.00;0;0;0
0;9;0.00;0.00;0;0;0
0;11;0.00;0.00;0;0;0
0;8;0.00;0.00;0;0;0
0;9;-0.01;0.02;0;0;1
0;9;0.00;0.00;0;0;0
0;10;0.00;0.00;0;0;0
0;5;0.00;0.00;0;0;0
0;8;0.00;0.00;0;0;0
0;8;0.00;0.00;0;0;0
0;10;0.00;0.00;0;0;0
0;7;-0.01;0.02;0;0;1
0;8;0.00;0.00;0;0;0
0;11;0.00;0.00;0;0;0
0;6;0.00;0.00;0;0;0
0;8;0.00;0.00;0;0;0
0;8;0.00;0.00;0;0;0
0;11;-0.01;0.02;0;0;1
0;6;0.00;0.00;0;0;0
0;7;0.00;0.00;0;0;0
0;9;0.00;0.00;0;0;0
0;8;0.00;0.00;0;0;0
0;8;0.00;0.00;0;0;0
0;9;-0.01;0.02;0;0;1
0;7;0.00;0.00;0;0;0
0;8;0.00;0.00;0;0;0
0;10;0.00;0.00;0;0;0
0;9;0.00;0.00;0;0;0
0;7;0.00;0.00;0;0;0
0;7;-0.01;0.02;0;0;1
0;8;0.00;0.00;0;0;0
0;14;0.00;0.00;0;0;0
0;7;0.00;0.00;0;0;0
0;8;0.00;0.00;0;0;0
0;9;-0.01;0.02;0;0;1
0;8;0.00;0.00;0;0;0
0;8;0.00;0.00;0;0;0
0;8;0.00;0.00;0;0;0
0;11;0.00;0.00;0;0;0
0;5;0.00;0.00;0;0;0
0;8;-0.01;0.02;0;0;1
0;9;0.00;0.00;0;0;0
0;11;0.00;0.00;0;0;0
0;6;0.00;0.00;0;0;0
0;8;0.00;0.00;0;0;0
0;7;0.00;0.00;0;0;0
0;10;-0.01;0.02;0;0;1
0;8;0.00;0.00;0;0;0
0;8;0.00;0.00;0;0;0
0;7;0.00;0.00;0;0;0
0;9;0.00;0.00;0;0;0
0;8;-0.01;0.02;0;0;1
0;8;0.00;0.00;0;0;0
0;8;0.00;0.00;0;0;0
0;11;0.00;0.00;0;0;0
0;6;0.00;0.00;0;0;0
0;10;0.00;0.00;0;0;0
0;7;-0.01;0.02;0;0;1
0;14;0.00;0.00;0;0;0
0;6;0.00;0.00;0;0;0
0;7;0.00;0.00;0;0;0
0;9;0.00;0.00;0;0;0
0;8;0.00;0.00;0;0;0
0;8;-0.01;0.02;0;0;1
0;8;0.00;0.00;0;0;0
0;11;0.00;0.00;0;0;0
0;7;0.00;0.00;0;0;0
0;7;0.00;0.00;0;0;0
0;8;0.00;0.00;0;0;0
0;8;-0.01;0.02;0;0;1
0;8;0.00;0.00;0;0;0
0;18;0.00;0.00;0;0;0
0;8;0.00;0.00;0;0;0
0;7;-0.01;0.02;0;0;1
0;10;0.00;0.00;0;0;0
0;8;0.00;0.00;0;0;0
0;7;0.00;0.00;0;0;0
0;8;0.00;0.00;0;0;0
0;9;0.00;0.00;0;0;0
0;7;-0.01;0.02;0;0;1
0;9;0.00;0.00;0;0;0
0;9;0.00;0.00;0;0;0
0;8;0.00;0.00;0;0;0
0;11;0.00;0.00;0;0;0
0;8;0.00;0.00;0;0;0
0;8;-0.01;0.02;0;0;1
0;9;0.00;0.00;0;0;0
0;8;0.00;0.00;0;0;0
0;8;0.00;0.00;0;0;0
0;8;0.00;0.00;0;0;0
0;8;0.00;0.00;0;0;0
0;9;-0.01;0.02;0;0;1
0;8;0.00;0.00;0;0;0
0;9;0.00;0.00;0;0;0
0;7;0.00;0.00;0;0;0
0;8;0.00;0.00;0;0;0
0;10;0.00;0.00;0;0;0
0;11;-0.01;0.02;0;0;1
0;5;0.00;0.00;0;0;0
0;7;0.00;0.00;0;0;0
0;8;0.00;0.00;0;0;0
0;9;0.00;0.00;0;0;0
0;8;0.00;0.00;0;0;0
0;8;-0.01;0.02;0;0;1
0;8;0.00;0.00;0;0;0
0;11;0.00;0.00;0;0;0
0;7;0.00;0.00;0;0;0
0;7;0.00;0.00;0;0;0
0;8;0.00;0.00;0;0;0
0;8;-0.01;0.02;0;0;1
0;9;0.00;0.00;0;0;0
0;7;0.00;0.00;0;0;0
0;9;0.00;0.00;0;0;0
0;9;0.00;0.00;0;0;0
0;7;0.00;0.00;0;0;0
0;8;-0.01;0.02;0;0;1
0;8;0.00;0.00;0;0;0
0;9;0.00;0.00;0;0;0
0;8;0.00;0.00;0;0;0
0;8;0.00;0.00;0;0;0
0;8;0.00;0.00;0;0;0
0;8;-0.01;0.02;0;0;1
0;9;0.00;0.00;0;0;0
0;8;0.00;0.00;0;0;0
0;8;0.00;0.00;0;0;0
0;8;0.00;0.00;0;0;0
0;8;0.00;0.00;0;0;0
0;9;0.00;0.00;0;0;0
0;8;0.00;0.00;0;0;0
0;8;0.00;0.00;0;0;0
0;10;0.00;0.00;0;0;0
0;6;0.00;0.00;0;0;0
0;9;0.00;0.00;0;0;0
0;8;0.00;0.00;0;0;0
0;8;0.00;0.00;0;0;0
0;8;0.00;0.00;0;0;0
0;12;0.00;0.00;0;0;0
0;4;0.00;0.00;0;0;0
0;11;0.00;0.00;0;0;0
0;6;0.00;0.00;0;0;0
0;8;0.00;0.00;0;0;0
0;8;0.00;0.00;0;0;0
0;12;0.00;0.00;0;0;0
0;6;0.00;0.00;0;0;0
0;7;0.00;0.00;0;0;0
0;8;0.00;0.00;0;0;0
0;12;0.00;0.00;0;0;0
0;8;0.00;0.00;0;0;0
0;9;0.00;0.00;0;0;0
0;13;0.00;0.00;0;0;0
0;7;0.00;0.00;0;0;0
0;8;0.00;0.00;0;0;0
0;9;0.00;0.00;0;0;0
0;8;-0.01;0.02;0;0;1
0;8;0.00;0.00;0;0;0
0;8;0.00;0.00;0;0;0
0;8;0.00;0.00;0;0;0
0;9;0.00;0.00;0;0;0
0;8;0.00;0.00;0;0;0
0;8;-0.01;0.02;0;0;1
0;12;0.00;0.00;0;0;0
0;8;0.00;0.00;0;0;0
0;9;0.00;0.00;0;0;0
0;8;0.00;0.00;0;0;0
0;8;0.00;0.00;0;0;0
0;8;-0.01;0.02;0;0;1
0;8;0.00;0.00;0;0;0
0;9;0.00;0.00;0;0;0
0;8;0.00;0.00;0;0;0
0;8;0.00;0.00;0;0;0
0;8;0.00;0.00;0;0;0
0;8;0.00;0.00;0;0;0
0;8;-0.01;0.02;0;0;1
0;9;0.00;0.00;0;0;0
0;8;0.00;0.00;0;0;0
0;10;0.00;0.00;0;0;0
0;6;0.00;0.00;0;0;0
0;8;0.00;0.00;0;0;0
0;9;0.00;0.00;0;0;0
0;8;-0.01;0.02;0;0;1
0;8;0.00;0.00;0;0;0
0;9;0.00;0.00;0;0;0
0;7;0.00;0.00;0;0;0
0;9;0.00;0.00;0;0;0
0;8;0.00;0.00;0;0;0
0;11;-0.01;0.02;0;0;1
0;5;0.00;0.00;0;0;0
0;8;0.00;0.00;0;0;0
0;9;0.00;0.00;0;0;0
0;8;0.00;0.00;0;0;0
0;8;0.00;0.00;0;0;0
0;8;0.00;0.00;0;0;0
0;8;-0.01;0.02;0;0;1
0;9;0.00;0.00;0;0;0
0;8;0.00;0.00;0;0;0
0;9;0.00;0.00;0;0;0
0;7;0.00;0.00;0;0;0
0;8;0.00;0.00;0;0;0
0;8;-0.01;0.02;0;0;1
0;9;0.00;0.00;0;0;0
0;9;0.00;0.00;0;0;0
0;10;0.00;0.00;0;0;0
0;5;0.00;0.00;0;0;0
0;9;0.00;0.00;0;0;0
0;8;0.00;0.00;0;0;0
0;15;0.00;0.00;0;0;0
0;5;0.00;0.00;0;0;0
0;9;0.00;0.00;0;0;0
0;11;0.00;0.00;0;0;0
0;6;0.00;0.00;0;0;0
0;7;0.00;0.00;0;0;0
0;8;0.00;0.00;0;0;0
0;8;0.00;0.00;0;0;0
0;8;0.00;0.00;0;0;0
0;12;0.00;0.00;0;0;0
0;5;0.00;0.00;0;0;0
0;8;-0.01;0.02;0;0;1
0;8;0.00;0.00;0;0;0
0;10;0.00;0.00;0;0;0
0;7;0.00;0.00;0;0;0
0;8;0.00;0.00;0;0;0
0;8;0.00;0.00;0;0;0
0;8;-0.01;0.02;0;0;1
0;8;0.00;0.00;0;0;0
0;9;0.00;0.00;0;0;0
0;9;0.00;0.00;0;0;0
0;8;0.00;0.00;0;0;0
0;7;0.00;0.00;0;0;0
0;8;0.00;0.00;0;0;0
0;9;-0.01;0.02;0;0;1
0;10;0.00;0.00;0;0;0
0;7;0.00;0.00;0;0;0
0;7;0.00;0.00;0;0;0
0;8;0.00;0.00;0;0;0
0;10;0.00;0.00;0;0;0
0;7;0.00;0.00;0;0;0
0;8;0.00;0.00;0;0;0
0;8;0.00;0.00;0;0;0
0;8;0.00;0.00;0;0;0
0;8;0.00;0.00;0;0;0
0;9;0.00;0.00;0;0;0
0;9;0.00;0.00;0;0;0
0;7;0.00;0.00;0;0;0
0;8;0.00;0.00;0;0;0
0;8;0.00;0.00;0;0;0
0;18;0.00;0.00;0;0;0
0;7;0.00;0.00;0;0;0
0;8;0.00;0.00;0;0;0
0;8;0.00;0.00;0;0;0
0;9;-0.01;0.02;0;0;1
0;8;0.00;0.00;0;0;0
0;8;0.00;0.00;0;0;0
0;12;0.00;0.00;0;0;0
0;5;0.00;0.00;0;0;0
0;8;0.00;0.00;0;0;0
0;8;0.00;0.00;0;0;0
0;11;-0.01;0.02;0;0;1
0;5;0.00;0.00;0;0;0
0;8;0.00;0.00;0;0;0
0;8;0.00;0.00;0;0;0
0;10;0.00;0.00;0;0;0
0;7;0.00;0.00;0;0;0
0;10;-0.01;0.02;0;0;1
0;6;0.00;0.00;0;0;0
0;9;0.00;0.00;0;0;0
0;9;0.00;0.00;0;0;0
0;11;0.00;0.00;0;0;0
0;8;0.00;0.00;0;0;0
0;8;-0.01;0.02;0;0;1
0;13;0.00;0.00;0;0;0
0;8;0.00;0.00;0;0;0
0;8;0.00;0.00;0;0;0
0;8;0.00;0.00;0;0;0
0;8;0.00;0.00;0;0;0
0;10;-0.01;0.02;0;0;1
0;7;0.00;0.00;0;0;0
0;8;0.00;0.00;0;0;0
0;8;0.00;0.00;0;0;0
0;8;0.00;0.00;0;0;0
0;10;0.00;0.00;0;0;0
0;11;0.00;0.00;0;0;0
0;4;-0.01;0.02;0;0;1
0;8;0.00;0.00;0;0;0
0;8;0.00;0.00;0;0;0
0;12;0.00;0.00;0;0;0
0;5;0.00;0.00;0;0;0
0;8;0.00;0.00;0;0;0
0;8;0.00;0.00;0;0;0
0;8;-0.01;0.02;0;0;1
0;10;0.00;0.00;0;0;0
0;8;0.00;0.00;0;0;0
0;7;0.00;0.00;0;0;0
0;11;0.00;0.00;0;0;0
0;5;0.00;0.00;0;0;0
0;8;0.00;0.00;0;0;0
0;9;-0.01;0.02;0;0;1
0;9;0.00;0.00;0;0;0
0;7;0.00;0.00;0;0;0
0;8;0.00;0.00;0;0;0
0;8;0.00;0.00;0;0;0
0;12;0.00;0.00;0;0;0
0;6;-0.01;0.02;0;0;1
0;7;0.00;0.00;0;0;0
0;8;0.00;0.00;0;0;0
0;12;0.00;0.00;0;0;0
0;9;0.00;0.00;0;0;0
0;8;0.00;0.00;0;0;0
0;8;-0.01;0.02;0;0;1
0;8;0.00;0.00;0;0;0
0;10;0.00;0.00;0;0;0
0;7;0.00;0.00;0;0;0
0;8;0.00;0.00;0;0;0
0;8;0.00;0.00;0;0;0
0;8;0.00;0.00;0;0;0
0;9;-0.01;0.02;0;0;1
0;10;0.00;0.00;0;0;0
0;6;0.00;0.00;0;0;0
0;11;0.00;0.00;0;0;0
0;6;0.00;0.00;0;0;0
0;9;0.00;0.00;0;0;0
0;8;0.00;0.00;0;0;0
0;9;-0.01;0.02;0;0;1
0;7;0.00;0.00;0;0;0
0;7;0.00;0.00;0;0;0
0;15;0.00;0.00;0;0;0
0;6;0.00;0.00;0;0;0
0;8;0.00;0.00;0;0;0
0;8;0.00;0.00;0;0;0
0;11;-0.01;0.02;0;0;1
0;6;0.00;0.00;0;0;0
0;7;0.00;0.00;0;0;0
0;11;0.00;0.00;0;0;0
0;11;0.00;0.00;0;0;0
0;7;0.00;0.00;0;0;0
0;8;-0.01;0.02;0;0;1
0;10;0.00;0.00;0;0;0
0;8;0.00;0.00;0;0;0
0;7;0.00;0.00;0;0;0
0;8;0.00;0.00;0;0;0
0;12;0.00;0.00;0;0;0
0;9;0.00;0.00;0;0;0
0;8;-0.01;0.02;0;0;1
0;8;0.00;0.00;0;0;0
0;16;0.00;0.00;0;0;0
0;9;0.00;0.00;0;0;0
0;8;0.00;0.00;0;0;0
0;9;0.00;0.00;0;0;0
0;11;-0.01;0.02;0;0;1
0;8;0.00;0.00;0;0;0
0;9;0.00;0.00;0;0;0
0;9;0.00;0.00;0;0;0
0;7;0.00;0.00;0;0;0
0;8;0.00;0.00;0;0;0
0;8;0.00;0.00;0;0;0
0;9;-0.01;0.02;0;0;1
0;14;0.00;0.00;0;0;0
0;7;0.00;0.00;0;0;0
0;7;0.00;0.00;0;0;0
0;8;0.00;0.00;0;0;0
0;9;0.00;0.00;0;0;0
0;8;0.00;0.00;0;0;0
0;8;-0.01;0.02;0;0;1
0;11;0.00;0.00;0;0;0
0;5;0.00;0.00;0;0;0
0;9;0.00;0.00;0;0;0
0;8;0.00;0.00;0;0;0
0;14;0.00;0.00;0;0;0
0;6;0.00;0.00;0;0;0
0;8;-0.01;0.02;0;0;1
0;9;0.00;0.00;0;0;0
0;9;0.00;0.00;0;0;0
0;9;0.00;0.00;0;0;0
0;7;0.00;0.00;0;0;0
0;7;0.00;0.00;0;0;0
0;10;0.00;0.00;0;0;0
0;7;-0.01;0.02;0;0;1
0;8;0.00;0.00;0;0;0
0;8;0.00;0.00;0;0;0
0;8;0.00;0.00;0;0;0
0;9;0.00;0.00;0;0;0
0;8;0.00;0.00;0;0;0
0;8;0.00;0.00;0;0;0
0;8;-0.01;0.02;0;0;1
0;8;0.00;0.00;0;0;0
0;9;0.00;0.00;0;0;0
0;12;0.00;0.00;0;0;0
0;4;0.00;0.00;0;0;0
0;8;0.00;0.00;0;0;0
0;8;0.00;0.00;0;0;0
0;8;-0.01;0.02;0;0;1
0;9;0.00;0.00;0;0;0
0;8;0.00;0.00;0;0;0
0;8;0.00;0.00;0;0;0
0;8;0.00;0.00;0;0;0
0;11;0.00;0.00;0;0;0
0;6;0.00;0.00;0;0;0
0;8;-0.01;0.02;0;0;1
0;13;0.00;0.00;0;0;0
0;7;0.00;0.00;0;0;0
0;9;0.00;0.00;0;0;0
0;9;0.00;0.00;0;0;0
0;8;0.00;0.00;0;0;0
0;7;0.00;0.00;0;0;0
0;8;-0.01;0.02;0;0;1
0;8;0.00;0.00;0;0;0
0;9;0.00;0.00;0;0;0
0;14;0.00;0.00;0;0;0
0;6;0.00;0.00;0;0;0
0;8;0.00;0.00;0;0;0
0;9;0.00;0.00;0;0;0
0;11;-0.01;0.02;0;0;1
0;6;0.00;0.00;0;0;0
0;7;0.00;0.00;0;0;0
0;8;0.00;0.00;0;0;0
0;8;0.00;0.00;0;0;0
0;9;0.00;0.00;0;0;0
0;9;0.00;0.00;0;0;0
0;10;-0.01;0.02;0;0;1
0;5;0.00;0.00;0;0;0
0;8;0.00;0.00;0;0;0
0;9;0.00;0.00;0;0;0
0;9;0.00;0.00;0;0;0
0;8;0.00;0.00;0;0;0
0;7;0.00;0.00;0;0;0
0;8;-0.01;0.02;0;0;1
0;12;0.00;0.00;0;0;0
0;7;0.00;0.00;0;0;0
0;7;0.00;0.00;0;0;0
0;7;0.00;0.00;0;0;0
0;11;0.00;0.00;0;0;0
0;6;0.00;0.00;0;0;0
0;9;-0.01;0.02;0;0;1
0;7;0.00;0.00;0;0;0
0;11;0.00;0.00;0;0;0
0;5;0.00;0.00;0;0;0
0;9;0.00;0.00;0;0;0
0;8;0.00;0.00;0;0;0
0;10;-0.01;0.02;0;0;1
0;6;0.00;0.00;0;0;0
0;8;0.00;0.00;0;0;0
0;8;0.00;0.00;0;0;0
0;19;0.00;0.00;0;0;0
0;6;0.00;0.00;0;0;0
0;8;0.00;0.00;0;0;0
0;10;0.00;0.00;0;0;0
0;10;-0.01;0.02;0;0;1
0;5;0.00;0.00;0;0;0
0;8;0.00;0.00;0;0;0
0;9;0.00;0.00;0;0;0
0;7;0.00;0.00;0;0;0
0;9;0.00;0.00;0;0;0
0;8;0.00;0.00;0;0;0
0;8;0.00;0.00;0;0;0
0;8;-0.01;0.02;0;0;1
0;8;0.00;0.00;0;0;0
0;9;0.00;0.00;0;0;0
0;8;0.00;0.00;0;0;0
0;8;0.01;0.02;0;-1;0
0;8;0.00;0.00;0;0;0
0;8;0.00;0.00;0;0;0
0;9;0.00;0.00;0;0;0
0;8;-0.01;0.02;0;0;1
0;8;0.00;0.00;0;0;0
0;8;0.01;0.02;0;-1;0
0;8;0.00;0.00;0;0;0
0;12;0.00;0.00;0;0;0
0;5;0.00;0.00;0;0;0
0;8;0.00;0.00;0;0;0
0;8;0.00;0.00;0;0;0
0;10;0.00;0.04;0;-1;1
0;6;0.00;0.00;0;0;0
0;10;0.00;0.00;0;0;0
0;9;0.00;0.00;0;0;0
0;10;0.00;0.00;0;0;0
0;8;0.00;0.00;0;0;0
0;10;-0.01;0.02;0;0;1
0;7;0.00;0.00;0;0;0
0;11;0.00;0.00;0;0;0
0;5;0.00;0.00;0;0;0
0;8;0.00;0.00;0;0;0
0;8;0.00;0.00;0;0;0
0;10;-0.01;0.02;0;0;1
0;7;0.00;0.00;0;0;0
0;8;0.00;0.00;0;0;0
0;9;0.00;0.00;0;0;0
0;7;0.00;0.00;0;0;0
0;9;0.00;0.00;0;0;0
0;8;-0.01;0.02;0;0;1
0;8;0.00;0.00;0;0;0
0;8;0.00;0.00;0;0;0
0;8;0.00;0.00;0;0;0
0;9;0.00;0.00;0;0;0
0;13;0.00;0.00;0;0;0
0;7;0.00;0.00;0;0;0
0;8;-0.01;0.02;0;0;1
0;8;0.00;0.00;0;0;0
0;11;0.00;0.00;0;0;0
0;6;0.00;0.00;0;0;0
0;10;0.00;0.00;0;0;0
0;6;0.00;0.00;0;0;0
0;8;0.01;0.02;0;-1;0
0;10;-0.01;0.02;0;0;1
0;7;0.00;0.00;0;0;0
0;8;0.00;0.00;0;0;0
0;8;0.00;0.00;0;0;0
0;16;0.01;0.02;0;-1;0
0;5;0.00;0.00;0;0;0
0;8;0.00;0.00;0;0;0
0;8;-0.01;0.02;0;0;1
0;8;0.00;0.00;0;0;0
0;8;0.00;0.00;0;0;0
0;9;0.00;0.00;0;0;0
0;8;0.00;0.00;0;0;0
0;9;0.01;0.02;0;-1;0
0;7;0.00;0.00;0;0;0
0;9;-0.01;0.02;0;0;1
0;11;0.00;0.00;0;0;0
0;6;0.00;0.00;0;0;0
0;7;0.00;0.00;0;0;0
0;8;0.00;0.00;0;0;0
0;9;0.00;0.00;0;0;0
0;8;-0.01;0.02;0;0;1
0;8;0.00;0.00;0;0;0
0;8;0.00;0.00;0;0;0
0;13;0.00;0.00;0;0;0
0;7;0.00;0.00;0;0;0
0;9;-0.01;0.02;0;0;1
0;8;0.00;0.00;0;0;0
0;8;0.00;0.00;0;0;0
0;8;0.00;0.00;0;0;0
0;8;0.00;0.00;0;0;0
0;9;-0.01;0.02;0;0;1
0;9;0.00;0.00;0;0;0
0;7;0.00;0.00;0;0;0
0;8;0.00;0.00;0;0;0
0;8;0.00;0.00;0;0;0
0;8;0.00;0.00;0;0;0
0;9;0.00;0.00;0;0;0
0;8;-0.01;0.02;0;0;1
0;8;0.00;0.00;0;0;0
0;8;0.00;0.00;0;0;0
0;8;0.00;0.00;0;0;0
0;9;0.00;0.00;0;0;0
0;8;0.00;0.00;0;0;0
0;8;0.00;0.00;0;0;0
0;8;-0.01;0.02;0;0;1
0;8;0.00;0.00;0;0;0
0;9;0.00;0.00;0;0;0
0;8;0.00;0.00;0;0;0
0;12;0.00;0.00;0;0;0
0;8;-0.01;0.02;0;0;1
0;8;0.00;0.00;0;0;0
0;9;0.00;0.00;0;0;0
0;8;0.00;0.00;0;0;0
0;8;0.00;0.00;0;0;0
0;8;0.00;0.00;0;0;0
0;8;0.00;0.00;0;0;0
0;9;-0.01;0.02;0;0;1
0;8;0.00;0.00;0;0;0
0;8;0.00;0.00;0;0;0
0;12;0.00;0.00;0;0;0
0;8;0.00;0.00;0;0;0
0;13;0.00;0.00;0;0;0
0;10;-0.01;0.02;0;0;1
0;13;0.00;0.00;0;0;0
0;11;0.00;0.00;0;0;0
0;9;0.00;0.00;0;0;0
0;6;0.00;0.00;0;0;0
0;9;0.00;0.00;0;0;0
0;7;-0.01;0.02;0;0;1
0;8;0.00;0.00;0;0;0
0;9;0.00;0.00;0;0;0
0;8;0.00;0.00;0;0;0
0;8;0.00;0.00;0;0;0
0;14;-0.01;0.02;0;0;1
0;7;0.00;0.00;0;0;0
0;8;0.00;0.00;0;0;0
0;8;0.00;0.00;0;0;0
0;8;0.01;0.02;0;-1;0
0;8;0.00;0.00;0;0;0
0;9;0.00;0.00;0;0;0
0;8;-0.01;0.02;0;0;1
0;8;0.00;0.00;0;0;0
0;8;0.00;0.00;0;0;0
0;8;0.00;0.00;0;0;0
0;8;0.01;0.02;0;-1;0
0;9;0.00;0.00;0;0;0
0;8;0.00;0.00;0;0;0
0;8;-0.01;0.02;0;0;1
0;8;0.00;0.00;0;0;0
0;8;0.00;0.00;0;0;0
0;9;0.00;0.00;0;0;0
0;8;0.01;0.02;0;-1;0
0;8;0.00;0.00;0;0;0
0;8;-0.01;0.02;0;0;1
0;8;0.00;0.00;0;0;0
0;9;0.00;0.00;0;0;0
0;8;0.00;0.00;0;0;0
0;10;0.00;0.00;0;0;0
0;8;0.01;0.02;0;-1;0
0;7;-0.01;0.02;0;0;1
0;9;0.00;0.00;0;0;0
0;7;0.00;0.00;0;0;0
0;9;0.00;0.00;0;0;0
0;8;0.00;0.00;0;0;0
0;7;0.00;0.00;0;0;0
0;9;0.00;0.04;0;-1;1
0;8;0.00;0.00;0;0;0
0;10;0.00;0.00;0;0;0
0;6;0.00;0.00;0;0;0
0;8;0.00;0.00;0;0;0
0;14;-0.01;0.02;0;0;1
0;7;0.01;0.02;0;-1;0
0;8;0.00;0.00;0;0;0
0;11;0.00;0.00;0;0;0
0;5;0.00;0.00;0;0;0
0;9;-0.01;0.02;0;0;1
0;8;0.00;0.00;0;0;0
0;8;0.00;0.00;0;0;0
0;8;0.00;0.00;0;0;0
0;8;0.00;0.00;0;0;0
0;8;0.00;0.00;0;0;0
0;13;-0.01;0.02;0;0;1
0;8;0.00;0.00;0;0;0
0;8;0.00;0.00;0;0;0
0;12;0.00;0.00;0;0;0
0;9;-0.01;0.02;0;0;1
0;11;0.00;0.00;0;0;0
0;11;0.00;0.00;0;0;0
0;6;0.00;0.00;0;0;0
0;8;0.00;0.00;0;0;0
0;9;0.00;0.00;0;0;0
0;10;-0.01;0.02;0;0;1
0;6;0.00;0.00;0;0;0
0;8;0.00;0.00;0;0;0
0;8;0.00;0.00;0;0;0
0;9;0.00;0.00;0;0;0
0;8;0.00;0.00;0;0;0
0;11;-0.01;0.02;0;0;1
0;5;0.00;0.00;0;0;0
0;8;0.00;0.00;0;0;0
0;9;0.00;0.00;0;0;0
0;12;0.00;0.00;0;0;0
0;8;0.00;0.00;0;0;0
0;8;-0.01;0.02;0;0;1
0;13;0.00;0.00;0;0;0
0;8;0.00;0.00;0;0;0
0;8;0.00;0.00;0;0;0
0;8;0.00;0.00;0;0;0
0;9;0.00;0.00;0;0;0
0;8;-0.01;0.02;0;0;1
0;10;0.00;0.00;0;0;0
0;7;0.00;0.00;0;0;0
0;7;0.00;0.00;0;0;0
0;8;0.00;0.00;0;0;0
0;8;0.00;0.00;0;0;0
0;10;-0.01;0.02;0;0;1
0;7;0.00;0.00;0;0;0
0;8;0.00;0.00;0;0;0
0;8;0.00;0.00;0;0;0
0;8;0.00;0.00;0;0;0
0;9;0.00;0.00;0;0;0
0;8;-0.01;0.02;0;0;1
0;8;0.00;0.00;0;0;0
0;9;0.00;0.00;0;0;0
0;7;0.00;0.00;0;0;0
0;9;0.00;0.00;0;0;0
0;8;0.00;0.00;0;0;0
0;8;-0.01;0.02;0;0;1
0;8;0.00;0.00;0;0;0
0;8;0.00;0.00;0;0;0
0;9;0.00;0.00;0;0;0
0;12;0.00;0.00;0;0;0
0;8;-0.01;0.02;0;0;1
0;8;0.00;0.00;0;0;0
0;8;0.00;0.00;0;0;0
0;12;0.00;0.00;0;0;0
0;5;0.00;0.00;0;0;0
0;8;0.00;0.00;0;0;0
0;8;0.00;0.00;0;0;0
0;8;0.00;0.00;0;0;0
0;10;-0.01;0.02;0;0;1
0;12;0.00;0.00;0;0;0
0;12;0.00;0.00;0;0;0
0;7;0.00;0.00;0;0;0
0;9;0.00;0.00;0;0;0
0;8;-0.01;0.02;0;0;1
0;8;0.00;0.00;0;0;0
0;11;0.00;0.00;0;0;0
0;6;0.00;0.00;0;0;0
0;11;0.00;0.00;0;0;0
0;5;0.00;0.00;0;0;0
0;11;-0.01;0.02;0;0;1
0;5;0.00;0.00;0;0;0
0;8;0.00;0.00;0;0;0
0;11;0.00;0.00;0;0;0
0;7;0.00;0.00;0;0;0
0;7;0.00;0.00;0;0;0
0;8;0.00;0.00;0;0;0
0;8;-0.01;0.02;0;0;1
0;11;0.00;0.00;0;0;0
0;6;0.00;0.00;0;0;0
0;8;0.00;0.00;0;0;0
0;8;0.00;0.00;0;0;0
0;8;0.00;0.00;0;0;0
0;8;0.00;0.00;0;0;0
0;9;-0.01;0.02;0;0;1
0;8;0.00;0.00;0;0;0
0;8;0.00;0.00;0;0;0
0;8;0.00;0.00;0;0;0
0;8;0.00;0.00;0;0;0
0;9;0.00;0.00;0;0;0
0;9;0.00;0.04;0;-1;1
0;7;0.00;0.00;0;0;0
0;8;0.00;0.00;0;0;0
0;8;0.00;0.00;0;0;0
0;10;0.00;0.00;0;0;0
0;7;0.00;0.00;0;0;0
0;8;0.00;0.00;0;0;0
0;8;0.00;0.04;0;-1;1
0;8;0.00;0.00;0;0;0
0;8;0.00;0.00;0;0;0
0;9;0.00;0.00;0;0;0
0;8;0.00;0.00;0;0;0
0;8;0.00;0.00;0;0;0
0;8;0.00;0.00;0;0;0
0;8;0.00;0.04;0;-1;1
0;9;0.00;0.00;0;0;0
0;8;0.00;0.00;0;0;0
0;8;0.00;0.00;0;0;0
0;8;0.00;0.00;0;0;0
0;11;0.00;0.00;0;0;0
0;6;-0.01;0.02;0;0;1
0;8;0.01;0.02;0;-1;0
0;8;0.00;0.00;0;0;0
0;10;0.00;0.00;0;0;0
0;7;0.00;0.00;0;0;0
0;11;0.00;0.00;0;0;0
0;11;0.00;0.00;0;0;0
0;6;-0.01;0.02;0;0;1
0;13;0.01;0.02;0;-1;0
0;9;0.00;0.00;0;0;0
0;7;0.00;0.00;0;0;0
0;8;0.00;0.00;0;0;0
0;9;0.00;0.00;0;0;0
0;9;-0.01;0.02;0;0;1
0;6;0.01;0.02;0;-1;0
0;9;0.00;0.00;0;0;0
0;8;0.00;0.00;0;0;0
0;8;0.00;0.00;0;0;0
0;8;0.00;0.00;0;0;0
0;8;0.00;0.00;0;0;0
0;9;-0.01;0.02;0;0;1
0;8;0.01;0.02;0;-1;0
0;8;0.00;0.00;0;0;0
0;8;0.00;0.00;0;0;0
0;9;0.00;0.00;0;0;0
0;8;0.00;0.00;0;0;0
0;8;0.00;0.00;0;0;0
0;8;-0.01;0.02;0;0;1
0;8;0.01;0.02;0;-1;0
0;8;0.00;0.00;0;0;0
0;9;0.00;0.00;0;0;0
0;8;0.00;0.00;0;0;0
0;8;0.00;0.00;0;0;0
0;8;0.00;0.00;0;0;0
0;8;0.00;0.00;0;0;0
0;8;-0.01;0.02;0;0;1
0;10;0.01;0.02;0;-1;0
0;7;0.00;0.00;0;0;0
0;8;0.00;0.00;0;0;0
0;11;0.00;0.00;0;0;0
0;5;0.00;0.00;0;0;0
0;9;-0.01;0.02;0;0;1
0;8;0.00;0.00;0;0;0
0;8;0.00;0.00;0;0;0
0;8;0.01;0.02;0;-1;0
0;8;0.00;0.00;0;0;0
0;9;0.00;0.00;0;0;0
0;11;0.00;0.00;0;0;0
0;5;-0.01;0.02;0;0;1
0;8;0.00;0.00;0;0;0
0;8;0.00;0.00;0;0;0
0;8;0.01;0.02;0;-1;0
0;9;0.00;0.00;0;0;0
0;10;0.00;0.00;0;0;0
0;6;0.00;0.00;0;0;0
0;8;-0.01;0.02;0;0;1
0;9;0.00;0.00;0;0;0
0;12;0.01;0.02;0;-1;0
0;12;0.00;0.00;0;0;0
0;8;0.00;0.00;0;0;0
0;11;-0.01;0.02;0;0;1
0;9;0.00;0.00;0;0;0
0;5;0.00;0.00;0;0;0
0;12;0.01;0.02;0;-1;0
0;8;0.00;0.00;0;0;0
0;9;0.00;0.00;0;0;0
0;8;0.00;0.00;0;0;0
0;11;-0.01;0.02;0;0;1
0;6;0.00;0.00;0;0;0
0;7;0.00;0.00;0;0;0
0;8;0.00;0.00;0;0;0
0;11;0.01;0.02;0;-1;0
0;6;0.00;0.00;0;0;0
0;8;0.00;0.00;0;0;0
0;8;-0.01;0.02;0;0;1
0;8;0.00;0.00;0;0;0
0;9;0.00;0.00;0;0;0
0;8;0.00;0.00;0;0;0
0;8;0.00;0.00;0;0;0
0;8;0.01;0.02;0;-1;0
0;7;0.00;0.00;0;0;0
0;9;-0.01;0.02;0;0;1
0;8;0.00;0.00;0;0;0
0;9;0.00;0.00;0;0;0
0;7;0.00;0.00;0;0;0
0;8;0.01;0.02;0;-1;0
0;9;0.00;0.00;0;0;0
0;9;0.00;0.00;0;0;0
0;8;-0.01;0.02;0;0;1
0;8;0.00;0.00;0;0;0
0;7;0.00;0.00;0;0;0
0;10;0.00;0.00;0;0;0
0;7;0.00;0.00;0;0;0
0;9;0.01;0.02;0;-1;0
0;8;0.00;0.00;0;0;0
0;7;-0.01;0.02;0;0;1
0;9;0.00;0.00;0;0;0
0;8;0.00;0.00;0;0;0
0;9;0.00;0.00;0;0;0
0;8;0.00;0.00;0;0;0
0;7;0.01;0.02;0;-1;0
0;8;0.00;0.00;0;0;0
0;10;-0.01;0.02;0;0;1
0;8;0.00;0.00;0;0;0
0;7;0.00;0.00;0;0;0
0;9;0.00;0.00;0;0;0
0;8;0.00;0.00;0;0;0
0;8;0.01;0.02;0;-1;0
0;9;0.00;0.00;0;0;0
0;8;-0.01;0.02;0;0;1
0;8;0.00;0.00;0;0;0
0;8;0.00;0.00;0;0;0
0;9;0.00;0.00;0;0;0
0;8;0.00;0.00;0;0;0
0;10;0.01;0.02;0;-1;0
0;6;0.00;0.00;0;0;0
0;13;-0.01;0.02;0;0;1
0;8;0.00;0.00;0;0;0
0;8;0.00;0.00;0;0;0
0;11;0.00;0.00;0;0;0
0;5;0.00;0.00;0;0;0
0;8;0.01;0.02;0;-1;0
0;8;0.00;0.00;0;0;0
0;12;-0.01;0.02;0;0;1
0;5;0.00;0.00;0;0;0
0;8;0.00;0.00;0;0;0
0;7;0.00;0.00;0;0;0
0;20;0.00;0.00;0;0;0
0;6;0.00;0.04;0;-1;1
0;8;0.00;0.00;0;0;0
0;10;0.00;0.00;0;0;0
0;6;0.00;0.00;0;0;0
0;10;0.00;0.00;0;0;0
0;7;0.00;0.00;0;0;0
0;10;0.00;0.00;0;0;0
0;6;0.00;0.04;0;-1;1
0;8;0.00;0.00;0;0;0
0;9;0.00;0.00;0;0;0
0;8;0.00;0.00;0;0;0
0;8;0.00;0.00;0;0;0
0;8;0.00;0.00;0;0;0
0;8;0.00;0.00;0;0;0
0;10;0.00;0.04;0;-1;1
0;7;0.00;0.00;0;0;0
0;8;0.00;0.00;0;0;0
0;8;0.00;0.00;0;0;0
0;8;0.00;0.00;0;0;0
0;8;0.00;0.00;0;0;0
0;11;0.00;0.00;0;0;0
0;6;-0.01;0.02;0;0;1
0;8;0.00;0.00;0;0;0
0;7;0.00;0.00;0;0;0
0;10;0.00;0.00;0;0;0
0;8;0.00;0.00;0;0;0
0;8;0.00;0.00;0;0;0
0;11;0.00;0.00;0;0;0
0;5;-0.01;0.02;0;0;1
0;8;0.00;0.00;0;0;0
0;8;0.00;0.00;0;0;0
0;9;0.00;0.00;0;0;0
0;8;0.00;0.00;0;0;0
0;8;0.00;0.00;0;0;0
0;8;0.00;0.00;0;0;0
0;9;-0.01;0.02;0;0;1
0;8;0.00;0.00;0;0;0
0;8;0.00;0.00;0;0;0
0;8;0.00;0.00;0;0;0
0;8;0.00;0.00;0;0;0
0;8;0.00;0.00;0;0;0
0;9;0.00;0.00;0;0;0
0;8;-0.01;0.02;0;0;1
0;10;0.00;0.00;0;0;0
0;6;0.00;0.00;0;0;0
0;9;0.00;0.00;0;0;0
0;8;0.00;0.00;0;0;0
0;8;0.00;0.00;0;0;0
0;8;0.00;0.00;0;0;0
0;7;-0.01;0.02;0;0;1
0;10;0.00;0.00;0;0;0
0;10;0.00;0.00;0;0;0
0;6;0.00;0.00;0;0;0
0;8;0.00;0.00;0;0;0
0;8;0.00;0.00;0;0;0
0;11;0.00;0.00;0;0;0
0;6;-0.01;0.02;0;0;1
0;8;0.00;0.00;0;0;0
0;7;0.00;0.00;0;0;0
0;12;0.00;0.00;0;0;0
0;7;0.00;0.00;0;0;0
0;7;0.00;0.00;0;0;0
0;8;0.00;0.00;0;0;0
0;8;-0.01;0.02;0;0;1
0;8;0.00;0.00;0;0;0
0;8;0.00;0.00;0;0;0
0;9;0.00;0.00;0;0;0
0;8;0.00;0.00;0;0;0
0;11;0.00;0.00;0;0;0
0;5;0.00;0.00;0;0;0
0;8;-0.01;0.02;0;0;1
0;9;0.00;0.00;0;0;0
0;11;0.00;0.00;0;0;0
0;5;0.00;0.00;0;0;0
0;8;0.00;0.00;0;0;0
0;8;0.00;0.00;0;0;0
0;7;0.00;0.00;0;0;0
0;10;-0.01;0.02;0;0;1
0;10;0.00;0.00;0;0;0
0;6;0.00;0.00;0;0;0
0;8;0.00;0.00;0;0;0
0;8;0.00;0.00;0;0;0
0;9;0.00;0.00;0;0;0
0;8;0.00;0.00;0;0;0
0;10;-0.01;0.02;0;0;1
0;6;0.00;0.00;0;0;0
0;8;0.00;0.00;0;0;0
0;8;0.00;0.00;0;0;0
0;9;0.00;0.00;0;0;0
0;8;0.00;0.00;0;0;0
0;8;0.00;0.00;0;0;0
0;8;-0.01;0.02;0;0;1
0;14;0.00;0.00;0;0;0
0;7;0.00;0.00;0;0;0
0;8;0.00;0.00;0;0;0
0;7;0.00;0.00;0;0;0
0;9;0.00;0.00;0;0;0
0;8;0.00;0.00;0;0;0
0;8;-0.01;0.02;0;0;1
0;9;0.00;0.00;0;0;0
0;8;0.00;0.00;0;0;0
0;8;0.00;0.00;0;0;0
0;8;0.00;0.00;0;0;0
0;12;0.00;0.00;0;0;0
0;5;-0.01;0.02;0;0;1
0;8;0.00;0.00;0;0;0
0;7;0.00;0.00;0;0;0
0;8;0.00;0.00;0;0;0
0;7;0.00;0.00;0;0;0
0;8;0.00;0.00;0;0;0
0;9;0.00;0.00;0;0;0
0;12;-0.01;0.02;0;0;1
0;9;0.00;0.00;0;0;0
0;7;0.00;0.00;0;0;0
0;8;0.00;0.00;0;0;0
0;10;0.00;0.00;0;0;0
0;10;-0.01;0.02;0;0;1
0;9;0.00;0.00;0;0;0
0;8;0.00;0.00;0;0;0
0;8;0.00;0.00;0;0;0
0;8;0.00;0.00;0;0;0
0;9;0.00;0.00;0;0;0
0;8;-0.01;0.02;0;0;1
0;8;0.00;0.00;0;0;0
0;8;0.00;0.00;0;0;0
0;9;0.00;0.00;0;0;0
0;8;0.00;0.00;0;0;0
0;9;-0.02;0.00;-1;0;0
0;8;0.00;0.00;0;0;0
0;8;-0.01;0.02;0;0;1
0;8;0.00;0.00;0;0;0
0;11;0.00;0.00;0;0;0
0;9;0.00;0.00;0;0;0
0;8;0.00;0.00;0;0;0
0;9;-0.02;0.00;-1;0;0
0;12;-0.01;0.02;0;0;1
0;8;0.00;0.00;0;0;0
0;8;0.00;0.00;0;0;0
0;8;0.01;0.02;0;-1;0
0;9;0.00;0.00;0;0;0
0;8;-0.02;0.00;-1;0;0
0;8;0.00;0.00;0;0;0
0;13;-0.01;0.02;0;0;1
0;7;0.00;0.00;0;0;0
0;9;0.00;0.00;0;0;0
0;8;0.00;0.00;0;0;0
0;9;0.00;0.00;0;0;0
0;8;-0.04;0.02;-1;0;1
0;7;0.00;0.00;0;0;0
0;12;0.00;0.00;0;0;0
0;8;0.00;0.00;0;0;0
0;5;0.00;0.00;0;0;0
0;9;0.00;0.00;0;0;0
0;8;-0.01;0.02;0;0;1
0;12;-0.02;0.00;-1;0;0
0;8;0.00;0.00;0;0;0
0;9;0.00;0.00;0;0;0
0;7;0.00;0.00;0;0;0
0;8;0.00;0.00;0;0;0
0;8;-0.01;0.02;0;0;1
0;8;-0.02;0.00;-1;0;0
0;9;0.00;0.00;0;0;0
0;9;0.00;0.00;0;0;0
0;7;0.00;0.00;0;0;0
0;9;0.00;0.00;0;0;0
0;7;0.00;0.00;0;0;0
0;11;-0.01;0.02;0;0;1
0;7;0.00;0.00;0;0;0
0;10;0.00;0.00;0;0;0
0;6;0.00;0.00;0;0;0
0;12;0.00;0.00;0;0;0
0;9;-0.01;0.02;0;0;1
0;8;0.00;0.00;0;0;0
0;12;0.00;0.00;0;0;0
0;8;0.00;0.00;0;0;0
0;7;0.00;0.00;0;0;0
0;10;0.00;0.00;0;0;0
0;7;-0.01;0.02;0;0;1
0;8;0.00;0.00;0;0;0
0;9;0.00;0.00;0;0;0
0;7;0.00;0.00;0;0;0
0;17;0.00;0.00;0;0;0
0;5;-0.01;0.02;0;0;1
0;7;0.00;0.00;0;0;0
0;8;0.00;0.00;0;0;0
0;8;0.00;0.00;0;0;0
0;9;0.00;0.00;0;0;0
0;8;0.00;0.00;0;0;0
0;9;-0.01;0.02;0;0;1
0;7;0.00;0.00;0;0;0
0;8;0.00;0.00;0;0;0
0;9;0.00;0.00;0;0;0
0;8;0.00;0.00;0;0;0
0;12;0.00;0.00;0;0;0
0;5;-0.01;0.02;0;0;1
0;8;0.00;0.00;0;0;0
0;11;0.00;0.00;0;0;0
0;6;0.00;0.00;0;0;0
0;7;0.00;0.00;0;0;0
0;9;0.00;0.00;0;0;0
0;7;0.00;0.00;0;0;0
0;8;-0.01;0.02;0;0;1
0;9;0.00;0.00;0;0;0
0;8;0.00;0.00;0;0;0
0;9;0.00;0.00;0;0;0
0;7;0.00;0.00;0;0;0
0;8;0.00;0.00;0;0;0
0;12;-0.01;0.02;0;0;1
0;6;0.00;0.00;0;0;0
0;8;0.00;0.00;0;0;0
0;8;0.00;0.00;0;0;0
0;7;0.00;0.00;0;0;0
0;9;0.00;0.00;0;0;0
0;9;-0.01;0.02;0;0;1
0;11;0.00;0.00;0;0;0
0;8;0.00;0.00;0;0;0
0;8;0.00;0.00;0;0;0
0;15;0.00;0.00;0;0;0
0;7;0.00;0.00;0;0;0
0;11;-0.01;0.02;0;0;1
0;5;0.00;0.00;0;0;0
0;8;0.00;0.00;0;0;0
0;9;0.00;0.00;0;0;0
0;8;0.00;0.00;0;0;0
0;8;0.00;0.00;0;0;0
0;10;0.00;0.00;0;0;0
0;6;0.00;0.00;0;0;0
0;9;0.00;0.00;0;0;0
0;11;0.00;0.00;0;0;0
0;5;0.00;0.00;0;0;0
0;7;0.00;0.00;0;0;0
0;8;-0.01;0.02;0;0;1
0;14;-0.02;0.00;-1;0;0
0;7;0.00;0.00;0;0;0
0;8;0.00;0.00;0;0;0
0;8;0.00;0.00;0;0;0
0;8;0.00;0.00;0;0;0
0;10;0.00;0.00;0;0;0
0;8;0.00;0.00;0;0;0
0;7;0.00;0.00;0;0;0
0;10;0.00;0.00;0;0;0
0;7;0.00;0.00;0;0;0
0;8;0.00;0.00;0;0;0
0;8;0.00;0.00;0;0;0
0;8;0.00;0.00;0;0;0
0;8;0.00;0.00;0;0;0
0;8;0.00;0.00;0;0;0
0;12;0.00;0.00;0;0;0
0;6;0.00;0.00;0;0;0
0;8;0.00;0.00;0;0;0
0;8;0.00;0.00;0;0;0
0;16;0.00;0.00;0;0;0
0;8;0.00;0.00;0;0;0
0;9;0.00;0.00;0;0;0
0;7;0.00;0.00;0;0;0
0;8;0.00;0.00;0;0;0
0;9;0.00;0.00;0;0;0
0;9;0.00;0.00;0;0;0
0;7;0.00;0.00;0;0;0
0;8;0.00;0.00;0;0;0
0;11;0.00;0.00;0;0;0
0;6;0.00;0.00;0;0;0
0;8;0.00;0.00;0;0;0
0;8;0.00;0.00;0;0;0
0;11;0.00;0.00;0;0;0
0;6;0.00;0.00;0;0;0
0;7;0.00;0.00;0;0;0
0;9;0.00;0.00;0;0;0
0;8;0.00;0.00;0;0;0
0;8;0.00;0.00;0;0;0
0;9;0.00;0.00;0;0;0
0;15;0.00;0.00;0;0;0
0;6;0.00;0.00;0;0;0
0;7;0.00;0.00;0;0;0
0;8;0.00;0.00;0;0;0
0;11;0.00;0.00;0;0;0
0;6;0.00;0.00;0;0;0
0;9;0.00;0.00;0;0;0
0;8;0.00;0.00;0;0;0
0;11;0.00;0.00;0;0;0
0;8;0.00;0.00;0;0;0
0;8;0.00;0.00;0;0;0
0;9;0.00;0.00;0;0;0
0;8;0.00;0.00;0;0;0
0;8;0.00;0.00;0;0;0
0;8;0.00;0.00;0;0;0
0;8;0.00;0.00;0;0;0
0;9;0.00;0.00;0;0;0
0;8;0.00;0.00;0;0;0
0;8;0.00;0.00;0;0;0
0;8;0.00;0.00;0;0;0
0;9;0.00;0.00;0;0;0
0;8;0.00;0.00;0;0;0
0;8;0.00;0.00;0;0;0
0;11;0.00;0.00;0;0;0
0;6;0.00;0.00;0;0;0
0;11;0.00;0.00;0;0;0
0;6;0.00;0.00;0;0;0
0;11;0.00;0.00;0;0;0
0;5;0.00;0.00;0;0;0
0;7;0.00;0.00;0;0;0
0;8;0.00;0.00;0;0;0
0;8;0.00;0.00;0;0;0
0;9;0.00;0.00;0;0;0
0;8;0.00;0.00;0;0;0
0;8;0.00;0.00;0;0;0
0;8;0.00;0.00;0;0;0
0;9;0.00;0.00;0;0;0
0;13;0.00;0.00;0;0;0
0;8;0.00;0.00;0;0;0
0;8;0.00;0.00;0;0;0
0;7;0.00;0.00;0;0;0
0;9;0.00;0.00;0;0;0
0;8;0.00;0.00;0;0;0
0;8;0.00;0.00;0;0;0
0;12;0.00;0.00;0;0;0
0;5;0.00;0.00;0;0;0
0;8;0.00;0.00;0;0;0
0;8;0.00;0.00;0;0;0
0;14;0.00;0.00;0;0;0
0;7;0.00;0.00;0;0;0
0;10;0.00;0.00;0;0;0
0;10;0.00;0.00;0;0;0
0;5;0.00;0.00;0;0;0
0;7;0.00;0.00;0;0;0
0;8;0.00;0.00;0;0;0
0;10;0.00;0.00;0;0;0
0;10;0.00;0.00;0;0;0
0;6;0.00;0.00;0;0;0
0;7;0.00;0.00;0;0;0
0;15;0.00;0.00;0;0;0
0;6;0.00;0.00;0;0;0
0;9;0.00;0.00;0;0;0
0;7;0.00;0.00;0;0;0
0;11;0.00;0.00;0;0;0
0;9;0.00;0.00;0;0;0
0;8;0.00;0.00;0;0;0
0;12;0.00;0.00;0;0;0
0;6;0.00;0.00;0;0;0
0;7;0.00;0.00;0;0;0
0;8;0.00;0.00;0;0;0
0;10;0.00;0.00;0;0;0
0;8;0.00;0.00;0;0;0
0;7;0.00;0.00;0;0;0
0;8;0.00;0.00;0;0;0
0;8;0.00;0.00;0;0;0
0;8;0.00;0.00;0;0;0
0;9;0.00;0.00;0;0;0
0;9;0.00;0.00;0;0;0
0;7;0.00;0.00;0;0;0
0;10;0.00;0.00;0;0;0
0;8;0.00;0.00;0;0;0
0;8;0.00;0.00;0;0;0
0;7;0.00;0.00;0;0;0
0;8;0.00;0.00;0;0;0
0;9;0.00;0.00;0;0;0
0;8;0.00;0.00;0;0;0
0;7;0.00;0.00;0;0;0
0;9;0.00;0.00;0;0;0
0;8;0.00;0.00;0;0;0
0;9;0.00;0.00;0;0;0
0;8;0.00;0.00;0;0;0
0;7;0.00;0.00;0;0;0
0;9;0.00;0.00;0;0;0
0;8;0.00;0.00;0;0;0
0;9;0.00;0.00;0;0;0
0;11;0.00;0.00;0;0;0
0;6;0.00;0.00;0;0;0
0;8;-0.01;0.02;0;0;1
0;7;0.00;0.00;0;0;0
0;10;0.00;0.00;0;0;0
0;7;0.00;0.00;0;0;0
0;7;0.00;0.00;0;0;0
0;9;0.00;0.00;0;0;0
0;11;-0.01;0.02;0;0;1
0;8;0.00;0.00;0;0;0
0;6;-0.02;0.00;-1;0;0
0;7;0.00;0.00;0;0;0
0;13;0.00;0.00;0;0;0
0;5;0.00;0.00;0;0;0
0;8;0.00;0.00;0;0;0
0;7;0.00;0.00;0;0;0
0;9;0.00;0.00;0;0;0
0;7;-0.01;0.02;0;0;1
0;9;0.00;0.00;0;0;0
0;8;0.00;0.00;0;0;0
0;8;0.00;0.00;0;0;0
0;8;0.00;0.00;0;0;0
0;9;0.00;0.00;0;0;0
0;8;-0.01;0.02;0;0;1
0;13;0.00;0.00;0;0;0
0;8;0.00;0.00;0;0;0
0;8;0.00;0.00;0;0;0
0;7;0.00;0.00;0;0;0
0;9;0.00;0.00;0;0;0
0;8;0.00;0.00;0;0;0
0;8;0.00;0.00;0;0;0
0;8;0.00;0.00;0;0;0
0;8;0.00;0.00;0;0;0
0;13;0.00;0.00;0;0;0
0;8;0.00;0.00;0;0;0
0;5;0.00;0.00;0;0;0
0;8;0.00;0.00;0;0;0
0;11;0.00;0.00;0;0;0
0;6;0.00;0.00;0;0;0
0;7;0.00;0.00;0;0;0
0;8;0.00;0.00;0;0;0
0;10;0.00;0.00;0;0;0
0;7;0.00;0.00;0;0;0
0;8;0.00;0.00;0;0;0
0;8;0.00;0.00;0;0;0
0;9;0.00;0.00;0;0;0
0;7;0.00;0.00;0;0;0
0;8;0.00;0.00;0;0;0
0;13;0.00;0.00;0;0;0
0;7;0.00;0.00;0;0;0
0;6;0.00;0.00;0;0;0
0;7;0.00;0.00;0;0;0
0;8;0.00;0.00;0;0;0
0;9;0.00;0.00;0;0;0
0;8;0.00;0.00;0;0;0
0;8;0.00;0.00;0;0;0
0;8;0.00;0.00;0;0;0
0;9;0.00;0.00;0;0;0
0;7;0.00;0.00;0;0;0
0;9;0.00;0.00;0;0;0
0;8;0.00;0.00;0;0;0
0;8;0.00;0.00;0;0;0
0;8;0.00;0.00;0;0;0
0;8;0.00;0.00;0;0;0
0;9;0.00;0.00;0;0;0
0;9;-0.01;0.02;0;0;1
0;7;0.00;0.00;0;0;0
0;8;0.00;0.00;0;0;0
0;12;0.00;0.00;0;0;0
0;6;0.00;0.00;0;0;0
0;7;0.00;0.00;0;0;0
0;8;0.00;0.00;0;0;0
0;11;-0.01;0.02;0;0;1
0;6;0.00;0.00;0;0;0
0;7;0.00;0.00;0;0;0
0;13;0.00;0.00;0;0;0
0;9;0.00;0.00;0;0;0
0;8;-0.01;0.02;0;0;1
0;7;0.00;0.00;0;0;0
0;9;0.00;0.00;0;0;0
0;8;0.00;0.00;0;0;0
0;8;0.00;0.00;0;0;0
0;8;0.00;0.00;0;0;0
0;8;0.00;0.00;0;0;0
0;8;-0.01;0.02;0;0;1
0;9;0.00;0.00;0;0;0
0;8;0.00;0.00;0;0;0
0;8;0.00;0.00;0;0;0
0;8;0.00;0.00;0;0;0
0;12;0.00;0.00;0;0;0
0;6;0.00;0.00;0;0;0
0;7;0.00;0.00;0;0;0
0;8;0.00;0.00;0;0;0
0;12;0.00;0.00;0;0;0
0;5;0.00;0.00;0;0;0
0;9;0.00;0.00;0;0;0
0;7;0.00;0.00;0;0;0
0;11;0.00;0.00;0;0;0
0;6;0.00;0.00;0;0;0
0;7;0.00;0.00;0;0;0
0;10;0.00;0.00;0;0;0
0;12;0.00;0.00;0;0;0
0;7;0.00;0.00;0;0;0
0;8;0.00;0.00;0;0;0
0;8;0.00;0.00;0;0;0
0;14;-0.01;0.02;0;0;1
0;8;0.00;0.00;0;0;0
0;7;0.00;0.00;0;0;0
0;8;0.00;0.00;0;0;0
0;12;0.00;0.00;0;0;0
0;6;0.00;0.00;0;0;0
0;7;0.00;0.00;0;0;0
0;9;-0.01;0.02;0;0;1
0;7;0.00;0.00;0;0;0
0;12;0.00;0.00;0;0;0
0;6;0.00;0.00;0;0;0
0;8;0.00;0.00;0;0;0
0;7;0.00;0.00;0;0;0
0;9;-0.01;0.02;0;0;1
0;10;0.00;0.00;0;0;0
0;9;0.00;0.00;0;0;0
0;5;0.00;0.00;0;0;0
0;8;0.00;0.00;0;0;0
0;8;0.00;0.00;0;0;0
0;8;-0.01;0.02;0;0;1
0;9;0.00;0.00;0;0;0
0;8;0.00;0.00;0;0;0
0;8;0.00;0.00;0;0;0
0;8;0.00;0.00;0;0;0
0;13;0.00;0.00;0;0;0
0;9;0.00;0.00;0;0;0
0;7;-0.01;0.02;0;0;1
0;8;0.00;0.00;0;0;0
0;11;0.00;0.00;0;0;0
0;6;0.00;0.00;0;0;0
0;8;0.00;0.00;0;0;0
0;8;0.00;0.00;0;0;0
0;8;-0.01;0.02;0;0;1
0;8;0.00;0.00;0;0;0
0;11;0.00;0.00;0;0;0
0;7;0.00;0.00;0;0;0
0;8;0.00;0.00;0;0;0
0;7;0.00;0.00;0;0;0
0;8;-0.01;0.02;0;0;1
0;10;0.00;0.00;0;0;0
0;10;0.00;0.00;0;0;0
0;6;0.00;0.00;0;0;0
0;7;0.00;0.00;0;0;0
0;9;0.00;0.00;0;0;0
0;10;0.00;0.00;0;0;0
0;7;-0.01;0.02;0;0;1
0;7;0.00;0.00;0;0;0
0;14;0.00;0.00;0;0;0
0;7;0.00;0.00;0;0;0
0;8;0.00;0.00;0;0;0
0;8;0.00;0.00;0;0;0
0;9;0.00;0.00;0;0;0
0;8;0.00;0.00;0;0;0
0;7;0.00;0.00;0;0;0
0;12;0.00;0.00;0;0;0
0;7;0.00;0.00;0;0;0
0;6;0.00;0.00;0;0;0
0;8;0.00;0.00;0;0;0
0;8;0.00;0.00;0;0;0
0;10;0.00;0.00;0;0;0
0;11;0.00;0.00;0;0;0
0;5;0.00;0.00;0;0;0
0;11;0.00;0.00;0;0;0
0;4;0.00;0.00;0;0;0
0;10;0.00;0.00;0;0;0
0;6;0.00;0.00;0;0;0
0;12;0.00;0.00;0;0;0
0;5;0.00;0.00;0;0;0
0;8;0.00;0.00;0;0;0
0;10;0.00;0.00;0;0;0
0;6;0.00;0.00;0;0;0
0;9;0.00;0.00;0;0;0
0;8;0.00;0.00;0;0;0
0;8;0.00;0.00;0;0;0
0;10;0.00;0.00;0;0;0
0;7;0.00;0.00;0;0;0
0;11;0.00;0.00;0;0;0
0;6;0.00;0.00;0;0;0
0;7;0.00;0.00;0;0;0
0;8;0.00;0.00;0;0;0
0;9;0.00;0.00;0;0;0
0;7;0.00;0.00;0;0;0
0;9;0.00;0.00;0;0;0
0;8;0.00;0.00;0;0;0
0;9;0.00;0.00;0;0;0
0;6;0.00;0.00;0;0;0
0;9;0.00;0.00;0;0;0
0;11;0.00;0.00;0;0;0
0;6;0.00;0.00;0;0;0
0;7;0.00;0.00;0;0;0
0;8;0.00;0.00;0;0;0
0;8;0.00;0.00;0;0;0
0;10;0.00;0.00;0;0;0
0;7;0.00;0.00;0;0;0
0;8;0.00;0.00;0;0;0
0;8;0.00;0.00;0;0;0
0;10;-0.01;0.02;0;0;1
0;8;0.00;0.00;0;0;0
0;7;0.00;0.00;0;0;0
0;8;0.00;0.00;0;0;0
0;17;0.00;0.00;0;0;0
0;7;0.00;0.00;0;0;0
0;9;-0.01;0.02;0;0;1
0;8;0.00;0.00;0;0;0
0;8;0.00;0.00;0;0;0
0;8;0.00;0.00;0;0;0
0;12;0.00;0.00;0;0;0
0;6;0.00;0.00;0;0;0
0;7;0.00;0.00;0;0;0
0;8;-0.01;0.02;0;0;1
0;8;0.00;0.00;0;0;0
0;8;0.00;0.00;0;0;0
0;9;0.00;0.00;0;0;0
0;8;0.00;0.00;0;0;0
0;8;0.00;0.00;0;0;0
0;8;0.00;0.00;0;0;0
0;8;0.00;0.00;0;0;0
0;9;0.00;0.00;0;0;0
0;8;0.00;0.00;0;0;0
0;8;0.00;0.00;0;0;0
0;12;0.00;0.00;0;0;0
0;8;0.00;0.00;0;0;0
0;9;0.00;0.00;0;0;0
0;8;0.00;0.00;0;0;0
0;8;0.00;0.00;0;0;0
0;8;0.00;0.00;0;0;0
0;9;0.00;0.00;0;0;0
0;11;0.00;0.00;0;0;0
0;6;0.00;0.00;0;0;0
0;7;0.00;0.00;0;0;0
0;8;0.00;0.00;0;0;0
0;11;0.00;0.00;0;0;0
0;7;0.00;0.00;0;0;0
0;7;0.00;0.00;0;0;0
0;8;0.00;0.00;0;0;0
0;10;0.00;0.00;0;0;0
0;6;0.00;0.00;0;0;0
0;7;0.00;0.00;0;0;0
0;9;0.00;0.00;0;0;0
0;13;0.00;0.00;0;0;0
0;7;-0.01;0.02;0;0;1
0;9;0.00;0.00;0;0;0
0;8;0.00;0.00;0;0;0
0;12;0.00;0.00;0;0;0
0;8;0.00;0.00;0;0;0
0;8;0.00;0.00;0;0;0
0;10;-0.01;0.02;0;0;1
0;8;0.00;0.00;0;0;0
0;8;0.00;0.00;0;0;0
0;7;0.00;0.00;0;0;0
0;10;0.00;0.00;0;0;0
0;9;0.00;0.00;0;0;0
0;7;0.00;0.00;0;0;0
0;9;0.00;0.00;0;0;0
0;9;-0.01;0.02;0;0;1
0;6;0.00;0.00;0;0;0
0;8;0.00;0.00;0;0;0
0;8;0.00;0.00;0;0;0
0;11;0.00;0.00;0;0;0
0;5;0.00;0.00;0;0;0
0;8;0.00;0.00;0;0;0
0;8;0.00;0.00;0;0;0
0;8;0.00;0.00;0;0;0
0;9;0.00;0.00;0;0;0
0;8;0.00;0.00;0;0;0
0;8;0.00;0.00;0;0;0
0;9;0.00;0.00;0;0;0
0;12;0.00;0.00;0;0;0
0;5;0.00;0.00;0;0;0
0;7;0.00;0.00;0;0;0
0;8;0.00;0.00;0;0;0
0;8;0.00;0.00;0;0;0
0;8;0.00;0.00;0;0;0
0;9;0.00;0.00;0;0;0
0;8;0.00;0.00;0;0;0
0;8;0.00;0.00;0;0;0
0;8;0.00;0.00;0;0;0
0;8;0.00;0.00;0;0;0
0;9;0.00;0.00;0;0;0
0;11;0.00;0.00;0;0;0
0;6;0.00;0.00;0;0;0
0;7;0.00;0.00;0;0;0
0;8;0.00;0.00;0;0;0
0;11;0.00;0.00;0;0;0
0;6;0.00;0.00;0;0;0
0;8;0.00;0.00;0;0;0
0;8;0.00;0.00;0;0;0
0;11;0.00;0.00;0;0;0
0;5;0.00;0.00;0;0;0
0;9;0.00;0.00;0;0;0
0;8;0.00;0.00;0;0;0
0;9;0.00;0.00;0;0;0
0;7;0.00;0.00;0;0;0
0;8;0.00;0.00;0;0;0
0;9;0.00;0.00;0;0;0
0;10;-0.01;0.02;0;0;1
0;6;0.00;0.00;0;0;0
0;8;0.00;0.00;0;0;0
0;8;0.00;0.00;0;0;0
0;14;0.00;0.00;0;0;0
0;7;0.00;0.00;0;0;0
0;8;-0.01;0.02;0;0;1
0;8;0.00;0.00;0;0;0
0;8;0.00;0.00;0;0;0
0;13;0.00;0.00;0;0;0
0;8;0.00;0.00;0;0;0
0;8;0.00;0.00;0;0;0
0;8;-0.01;0.02;0;0;1
0;10;0.00;0.00;0;0;0
0;10;0.00;0.00;0;0;0
0;5;0.00;0.00;0;0;0
0;8;0.00;0.00;0;0;0
0;8;0.00;0.00;0;0;0
0;8;0.00;0.00;0;0;0
0;9;0.00;0.00;0;0;0
0;11;-0.01;0.02;0;0;1
0;6;0.00;0.00;0;0;0
0;7;0.00;0.00;0;0;0
0;13;0.00;0.00;0;0;0
0;9;0.00;0.00;0;0;0
0;7;0.00;0.00;0;0;0
0;8;0.00;0.00;0;0;0
0;8;0.00;0.00;0;0;0
0;11;0.00;0.00;0;0;0
0;7;0.00;0.00;0;0;0
0;7;0.00;0.00;0;0;0
0;9;0.00;0.00;0;0;0
0;8;0.00;0.00;0;0;0
0;7;0.00;0.00;0;0;0
0;9;0.00;0.00;0;0;0
0;11;0.00;0.00;0;0;0
0;6;0.00;0.00;0;0;0
0;8;0.00;0.00;0;0;0
0;7;0.00;0.00;0;0;0
0;10;0.00;0.00;0;0;0
0;7;0.00;0.00;0;0;0
0;8;0.00;0.00;0;0;0
0;8;0.00;0.00;0;0;0
0;11;0.00;0.00;0;0;0
0;6;0.00;0.00;0;0;0
0;8;0.00;0.00;0;0;0
0;8;0.00;0.00;0;0;0
0;11;0.00;0.00;0;0;0
0;8;0.00;0.00;0;0;0
0;7;0.00;0.00;0;0;0
0;7;0.00;0.00;0;0;0
0;10;0.00;0.00;0;0;0
0;6;0.00;0.00;0;0;0
0;10;0.00;0.00;0;0;0
0;6;0.00;0.00;0;0;0
0;10;0.00;0.00;0;0;0
0;7;0.00;0.00;0;0;0
0;8;0.00;0.00;0;0;0
0;8;0.00;0.00;0;0;0
0;8;0.00;0.00;0;0;0
0;9;0.00;0.00;0;0;0
0;8;0.00;0.00;0;0;0
0;8;0.00;0.00;0;0;0
0;9;0.00;0.00;0;0;0
0;7;0.00;0.00;0;0;0
0;9;0.00;0.00;0;0;0
0;8;0.00;0.00;0;0;0
0;8;0.00;0.00;0;0;0
0;8;0.00;0.00;0;0;0
0;9;0.00;0.00;0;0;0
0;8;0.00;0.00;0;0;0
0;8;0.00;0.00;0;0;0
0;11;0.00;0.00;0;0;0
0;5;0.00;0.00;0;0;0
0;8;0.00;0.00;0;0;0
0;10;0.00;0.00;0;0;0
0;11;0.00;0.00;0;0;0
0;4;0.00;0.00;0;0;0
0;8;0.00;0.00;0;0;0
0;8;0.00;0.00;0;0;0
0;9;0.00;0.00;0;0;0
0;8;0.00;0.00;0;0;0
0;8;0.00;0.00;0;0;0
0;8;0.00;0.00;0;0;0
0;10;0.00;0.00;0;0;0
0;6;0.00;0.00;0;0;0
0;9;0.00;0.00;0;0;0
0;8;0.00;0.00;0;0;0
0;9;0.00;0.00;0;0;0
0;7;0.00;0.00;0;0;0
0;9;0.00;0.00;0;0;0
0;8;0.00;0.00;0;0;0
0;9;0.00;0.00;0;0;0
0;7;0.00;0.00;0;0;0
0;8;0.00;0.00;0;0;0
0;8;0.00;0.00;0;0;0
0;12;0.00;0.00;0;0;0
0;5;0.00;0.00;0;0;0
0;8;-0.01;0.02;0;0;1
0;8;0.00;0.00;0;0;0
0;9;0.00;0.00;0;0;0
0;8;0.00;0.00;0;0;0
0;8;0.00;0.00;0;0;0
0;8;0.00;0.00;0;0;0
0;11;0.00;0.00;0;0;0
0;5;-0.01;0.02;0;0;1
0;8;0.00;0.00;0;0;0
0;9;0.00;0.00;0;0;0
0;8;0.00;0.00;0;0;0
0;8;0.00;0.00;0;0;0
0;8;0.00;0.00;0;0;0
0;8;0.00;0.00;0;0;0
0;9;-0.01;0.02;0;0;1
0;8;0.00;0.00;0;0;0
0;8;0.00;0.00;0;0;0
0;8;0.00;0.00;0;0;0
0;8;0.00;0.00;0;0;0
0;12;0.00;0.00;0;0;0
0;5;0.00;0.00;0;0;0
0;8;-0.01;0.02;0;0;1
0;8;0.00;0.00;0;0;0
0;11;0.00;0.00;0;0;0
0;6;0.00;0.00;0;0;0
0;8;0.00;0.00;0;0;0
0;8;0.00;0.00;0;0;0
0;14;0.00;0.00;0;0;0
0;6;0.00;0.00;0;0;0
0;9;-0.01;0.02;0;0;1
0;8;0.00;0.00;0;0;0
0;8;0.00;0.00;0;0;0
0;8;0.00;0.00;0;0;0
0;8;0.00;0.00;0;0;0
0;9;0.00;0.00;0;0;0
0;8;0.00;0.00;0;0;0
0;10;0.00;0.00;0;0;0
0;6;0.00;0.00;0;0;0
0;9;0.00;0.00;0;0;0
0;8;0.00;0.00;0;0;0
0;8;0.00;0.00;0;0;0
0;8;0.00;0.00;0;0;0
0;14;0.00;0.00;0;0;0
0;6;-0.01;0.02;0;0;1
0;9;0.00;0.00;0;0;0
0;8;0.00;0.00;0;0;0
0;13;0.00;0.00;0;0;0
0;7;0.00;0.00;0;0;0
0;8;0.00;0.00;0;0;0
0;11;-0.01;0.02;0;0;1
0;6;0.00;0.00;0;0;0
0;8;0.00;0.00;0;0;0
0;8;0.00;0.00;0;0;0
0;8;0.00;0.00;0;0;0
0;9;0.00;0.00;0;0;0
0;12;-0.01;0.02;0;0;1
0;12;0.00;0.00;0;0;0
0;8;0.00;0.00;0;0;0
0;9;0.00;0.00;0;0;0
0;8;0.00;0.00;0;0;0
0;9;0.00;0.00;0;0;0
0;7;0.00;0.00;0;0;0
0;8;-0.01;0.02;0;0;1
0;9;0.00;0.00;0;0;0
0;8;0.00;0.00;0;0;0
0;8;0.00;0.00;0;0;0
0;9;0.00;0.00;0;0;0
0;11;0.00;0.00;0;0;0
0;9;-0.01;0.02;0;0;1
0;11;0.00;0.00;0;0;0
0;6;0.00;0.00;0;0;0
0;7;0.00;0.00;0;0;0
0;8;0.00;0.00;0;0;0
0;12;0.00;0.00;0;0;0
0;8;0.00;0.00;0;0;0
0;6;0.00;0.00;0;0;0
0;7;-0.01;0.02;0;0;1
0;9;0.00;0.00;0;0;0
0;7;0.00;0.00;0;0;0
0;9;0.00;0.00;0;0;0
0;8;0.01;0.02;0;-1;0
0;10;0.00;0.00;0;0;0
0;6;0.00;0.00;0;0;0
0;8;-0.01;0.02;0;0;1
0;9;0.00;0.00;0;0;0
0;8;0.00;0.00;0;0;0
0;8;0.00;0.00;0;0;0
0;8;0.00;0.00;0;0;0
0;8;0.01;0.02;0;-1;0
0;11;0.00;0.00;0;0;0
0;6;0.00;0.00;0;0;0
0;8;-0.01;0.02;0;0;1
0;8;0.00;0.00;0;0;0
0;8;0.00;0.00;0;0;0
0;9;0.00;0.00;0;0;0
0;8;0.00;0.00;0;0;0
0;8;0.00;0.00;0;0;0
0;8;0.00;0.00;0;0;0
0;8;0.00;0.00;0;0;0
0;9;-0.01;0.02;0;0;1
0;8;0.00;0.00;0;0;0
0;10;0.00;0.00;0;0;0
0;6;0.00;0.00;0;0;0
0;8;0.00;0.00;0;0;0
0;8;0.00;0.00;0;0;0
0;9;0.00;0.00;0;0;0
0;8;0.00;0.00;0;0;0
0;8;-0.01;0.02;0;0;1
0;12;0.00;0.00;0;0;0
0;9;0.00;0.00;0;0;0
0;8;0.00;0.00;0;0;0
0;8;0.00;0.00;0;0;0
0;8;0.00;0.00;0;0;0
0;8;0.00;0.00;0;0;0
0;11;-0.01;0.02;0;0;1
0;6;0.00;0.00;0;0;0
0;8;0.00;0.00;0;0;0
0;8;0.00;0.00;0;0;0
0;8;0.00;0.00;0;0;0
0;8;0.00;0.00;0;0;0
0;10;0.00;0.00;0;0;0
0;9;-0.01;0.02;0;0;1
0;6;0.00;0.00;0;0;0
0;8;0.00;0.00;0;0;0
0;8;0.00;0.00;0;0;0
0;9;0.00;0.00;0;0;0
0;8;0.00;0.00;0;0;0
0;8;0.00;0.00;0;0;0
0;8;0.00;0.00;0;0;0
0;11;-0.01;0.02;0;0;1
0;6;0.00;0.00;0;0;0
0;8;0.00;0.00;0;0;0
0;8;0.00;0.00;0;0;0
0;13;0.00;0.00;0;0;0
0;7;0.00;0.00;0;0;0
0;9;0.00;0.00;0;0;0
0;8;-0.01;0.02;0;0;1
0;8;0.00;0.00;0;0;0
0;8;0.00;0.00;0;0;0
0;8;0.00;0.00;0;0;0
0;13;0.00;0.00;0;0;0
0;8;0.00;0.00;0;0;0
0;8;0.00;0.00;0;0;0
0;8;0.00;0.00;0;0;0
0;12;0.00;0.00;0;0;0
0;5;0.00;0.00;0;0;0
0;8;0.00;0.00;0;0;0
0;8;0.00;0.00;0;0;0
0;8;0.00;0.00;0;0;0
0;9;0.00;0.00;0;0;0
0;9;0.00;0.00;0;0;0
0;7;0.00;0.00;0;0;0
0;8;0.00;0.00;0;0;0
0;8;0.00;0.00;0;0;0
0;11;0.00;0.00;0;0;0
0;8;0.00;0.00;0;0;0
0;6;0.00;0.00;0;0;0
0;8;0.00;0.00;0;0;0
0;8;0.00;0.00;0;0;0
0;8;0.00;0.00;0;0;0
0;9;-0.01;0.02;0;0;1
0;8;0.00;0.00;0;0;0
0;8;0.00;0.00;0;0;0
0;8;0.00;0.00;0;0;0
0;8;0.00;0.00;0;0;0
0;12;0.00;0.00;0;0;0
0;5;0.00;0.00;0;0;0
0;8;-0.01;0.02;0;0;1
0;8;0.00;0.00;0;0;0
0;10;0.00;0.00;0;0;0
0;7;0.00;0.00;0;0;0
0;8;0.00;0.00;0;0;0
0;8;0.00;0.00;0;0;0
0;13;-0.01;0.02;0;0;1
0;8;0.00;0.00;0;0;0
0;7;0.00;0.00;0;0;0
0;12;0.00;0.00;0;0;0
0;6;0.00;0.00;0;0;0
0;7;0.00;0.00;0;0;0
0;9;-0.01;0.02;0;0;1
0;11;0.00;0.00;0;0;0
0;5;0.00;0.00;0;0;0
0;8;0.00;0.00;0;0;0
0;8;0.00;0.00;0;0;0
0;8;0.00;0.00;0;0;0
0;10;0.00;0.00;0;0;0
0;7;0.00;0.00;0;0;0
0;8;-0.01;0.02;0;0;1
0;8;0.00;0.00;0;0;0
0;8;0.00;0.00;0;0;0
0;8;0.00;0.00;0;0;0
0;9;0.00;0.00;0;0;0
0;8;0.00;0.00;0;0;0
0;8;-0.01;0.02;0;0;1
0;8;0.00;0.00;0;0;0
0;8;0.00;0.00;0;0;0
0;13;0.00;0.00;0;0;0
0;8;0.00;0.00;0;0;0
0;11;0.01;0.02;0;-1;0
0;6;-0.01;0.02;0;0;1
0;7;0.00;0.00;0;0;0
0;9;0.00;0.00;0;0;0
0;8;0.00;0.00;0;0;0
0;8;0.00;0.00;0;0;0
0;9;0.00;0.00;0;0;0
0;7;-0.01;0.02;0;0;1
0;9;0.00;0.00;0;0;0
0;8;0.00;0.00;0;0;0
0;8;0.00;0.00;0;0;0
0;8;0.00;0.00;0;0;0
0;8;-0.01;0.02;0;0;1
0;11;0.00;0.00;0;0;0
0;6;0.00;0.00;0;0;0
0;8;0.00;0.00;0;0;0
0;8;0.00;0.00;0;0;0
0;8;0.00;0.00;0;0;0
0;8;-0.01;0.02;0;0;1
0;9;0.00;0.00;0;0;0
0;8;0.00;0.00;0;0;0
0;8;0.00;0.00;0;0;0
0;8;0.00;0.00;0;0;0
0;9;0.00;0.00;0;0;0
0;8;-0.01;0.02;0;0;1
0;8;0.00;0.00;0;0;0
0;14;0.00;0.00;0;0;0
0;7;0.00;0.00;0;0;0
0;7;0.00;0.00;0;0;0
0;9;0.00;0.00;0;0;0
0;11;-0.01;0.02;0;0;1
0;5;0.00;0.00;0;0;0
0;8;0.00;0.00;0;0;0
0;8;0.00;0.00;0;0;0
0;10;0.00;0.00;0;0;0
0;7;0.00;0.00;0;0;0
0;8;0.00;0.00;0;0;0
0;8;-0.01;0.02;0;0;1
0;8;0.00;0.00;0;0;0
0;9;0.00;0.00;0;0;0
0;8;0.00;0.00;0;0;0
0;13;0.00;0.00;0;0;0
0;7;0.00;0.00;0;0;0
0;8;-0.01;0.02;0;0;1
0;9;0.00;0.00;0;0;0
0;8;0.00;0.00;0;0;0
0;14;0.00;0.00;0;0;0
0;6;0.00;0.00;0;0;0
0;9;0.00;0.00;0;0;0
0;8;-0.01;0.02;0;0;1
0;8;0.00;0.00;0;0;0
0;8;0.00;0.00;0;0;0
0;8;0.00;0.00;0;0;0
0;9;0.00;0.00;0;0;0
0;9;0.00;0.00;0;0;0
0;7;0.00;0.00;0;0;0
0;8;-0.01;0.02;0;0;1
0;8;0.00;0.00;0;0;0
0;8;0.00;0.00;0;0;0
0;9;0.00;0.00;0;0;0
0;8;0.00;0.00;0;0;0
0;8;0.00;0.00;0;0;0
0;11;-0.01;0.02;0;0;1
0;5;0.00;0.00;0;0;0
0;9;0.00;0.00;0;0;0
0;11;0.00;0.00;0;0;0
0;8;0.00;0.00;0;0;0
0;5;0.00;0.00;0;0;0
0;8;0.00;0.00;0;0;0
0;9;-0.01;0.02;0;0;1
0;10;0.00;0.00;0;0;0
0;7;0.00;0.00;0;0;0
0;7;0.01;0.02;0;-1;0
0;8;0.00;0.00;0;0;0
0;12;0.00;0.00;0;0;0
0;5;0.00;0.00;0;0;0
0;8;0.00;0.00;0;0;0
0;8;-0.01;0.02;0;0;1
0;12;0.00;0.00;0;0;0
0;9;0.01;0.02;0;-1;0
0;8;0.00;0.00;0;0;0
0;8;0.00;0.00;0;0;0
0;10;-0.01;0.02;0;0;1
0;6;0.00;0.00;0;0;0
0;9;0.00;0.00;0;0;0
0;8;0.00;0.00;0;0;0
0;8;0.00;0.00;0;0;0
0;8;0.00;0.00;0;0;0
0;8;0.00;0.00;0;0;0
0;13;-0.01;0.02;0;0;1
0;8;0.01;0.02;0;-1;0
0;11;0.00;0.00;0;0;0
0;9;0.00;0.00;0;0;0
0;8;0.00;0.00;0;0;0
0;9;-0.01;0.02;0;0;1
0;8;0.00;0.00;0;0;0
0;8;0.00;0.00;0;0;0
0;8;0.00;0.00;0;0;0
0;8;0.01;0.02;0;-1;0
0;9;0.00;0.00;0;0;0
0;8;-0.01;0.02;0;0;1
0;8;0.00;0.00;0;0;0
0;8;0.00;0.00;0;0;0
0;8;0.00;0.00;0;0;0
0;10;0.00;0.00;0;0;0
0;7;0.00;0.00;0;0;0
0;8;0.00;0.00;0;0;0
0;8;-0.01;0.02;0;0;1
0;8;0.00;0.00;0;0;0
0;9;0.01;0.02;0;-1;0
0;15;0.00;0.00;0;0;0
0;5;0.00;0.00;0;0;0
0;8;-0.01;0.02;0;0;1
0;9;0.00;0.00;0;0;0
0;8;0.00;0.00;0;0;0
0;8;0.00;0.00;0;0;0
0;11;0.00;0.00;0;0;0
0;6;-0.01;0.02;0;0;1
0;7;0.00;0.00;0;0;0
0;9;0.00;0.00;0;0;0
0;8;0.00;0.00;0;0;0
0;8;0.00;0.00;0;0;0
0;8;0.00;0.00;0;0;0
0;8;0.00;0.00;0;0;0
0;8;-0.01;0.02;0;0;1
0;14;0.00;0.00;0;0;0
0;7;0.00;0.00;0;0;0
0;8;0.00;0.00;0;0;0
0;12;0.00;0.00;0;0;0
0;10;-0.01;0.02;0;0;1
0;7;0.00;0.00;0;0;0
0;8;0.00;0.00;0;0;0
0;9;0.00;0.00;0;0;0
0;7;0.00;0.00;0;0;0
0;9;0.00;0.00;0;0;0
0;8;-0.01;0.02;0;0;1
0;8;0.00;0.00;0;0;0
0;8;0.00;0.00;0;0;0
0;8;0.00;0.00;0;0;0
0;9;0.00;0.00;0;0;0
0;8;0.00;0.00;0;0;0
0;8;-0.01;0.02;0;0;1
0;9;0.00;0.00;0;0;0
0;7;0.00;0.00;0;0;0
0;10;0.00;0.00;0;0;0
0;8;0.00;0.00;0;0;0
0;7;0.00;0.00;0;0;0
0;8;-0.01;0.02;0;0;1
0;8;0.00;0.00;0;0;0
0;9;0.00;0.00;0;0;0
0;8;0.00;0.00;0;0;0
0;8;0.00;0.00;0;0;0
0;8;0.00;0.00;0;0;0
0;13;-0.01;0.02;0;0;1
0;8;0.00;0.00;0;0;0
0;8;0.00;0.00;0;0;0
0;8;0.00;0.00;0;0;0
0;8;0.00;0.00;0;0;0
0;8;0.00;0.00;0;0;0
0;8;-0.01;0.02;0;0;1
0;9;0.00;0.00;0;0;0
0;8;0.00;0.00;0;0;0
0;8;0.00;0.00;0;0;0
0;8;0.00;0.00;0;0;0
0;13;0.00;0.00;0;0;0
0;8;-0.01;0.02;0;0;1
0;8;0.00;0.00;0;0;0
0;8;0.00;0.00;0;0;0
0;9;0.00;0.00;0;0;0
0;11;0.00;0.00;0;0;0
0;5;0.00;0.00;0;0;0
0;8;-0.01;0.02;0;0;1
0;8;0.00;0.00;0;0;0
0;8;0.00;0.00;0;0;0
0;12;0.00;0.00;0;0;0
0;5;0.00;0.00;0;0;0
0;11;0.00;0.00;0;0;0
0;9;0.00;0.00;0;0;0
0;9;0.00;0.00;0;0;0
0;13;0.00;0.00;0;0;0
0;9;0.00;0.00;0;0;0
0;7;0.00;0.00;0;0;0
0;7;0.00;0.00;0;0;0
0;8;0.00;0.00;0;0;0
0;9;0.00;0.00;0;0;0
0;8;0.00;0.00;0;0;0
0;8;0.00;0.00;0;0;0
0;8;0.00;0.00;0;0;0
0;8;0.00;0.00;0;0;0
0;9;0.00;0.00;0;0;0
0;8;0.00;0.00;0;0;0
0;8;0.01;0.02;0;-1;0
0;8;0.00;0.00;0;0;0
0;8;0.00;0.00;0;0;0
0;8;0.00;0.00;0;0;0
0;9;0.00;0.00;0;0;0
0;8;0.00;0.00;0;0;0
0;8;0.00;0.00;0;0;0
0;8;0.00;0.00;0;0;0
0;8;0.01;0.02;0;-1;0
0;9;0.00;0.00;0;0;0
0;8;0.00;0.00;0;0;0
0;8;0.00;0.00;0;0;0
0;8;-0.01;0.02;0;0;1
0;8;0.00;0.00;0;0;0
0;9;0.00;0.00;0;0;0
0;8;0.00;0.00;0;0;0
0;8;0.00;0.00;0;0;0
0;10;0.01;0.02;0;-1;0
0;6;-0.01;0.02;0;0;1
0;9;0.00;0.00;0;0;0
0;8;0.00;0.00;0;0;0
0;8;0.00;0.00;0;0;0
0;10;0.00;0.00;0;0;0
0;6;0.00;0.00;0;0;0
0;9;0.01;0.02;0;-1;0
0;8;-0.01;0.02;0;0;1
0;8;0.00;0.00;0;0;0
0;8;0.00;0.00;0;0;0
0;8;0.00;0.00;0;0;0
0;12;0.00;0.00;0;0;0
0;9;0.01;0.02;0;-1;0
0;8;-0.01;0.02;0;0;1
0;13;0.00;0.00;0;0;0
0;7;0.00;0.00;0;0;0
0;9;0.00;0.00;0;0;0
0;11;0.00;0.00;0;0;0
0;5;0.01;0.02;0;-1;0
0;8;-0.01;0.02;0;0;1
0;8;0.00;0.00;0;0;0
0;9;0.00;0.00;0;0;0
0;8;0.00;0.00;0;0;0
0;8;0.00;0.00;0;0;0
0;8;0.00;0.00;0;0;0
0;11;-0.01;0.02;0;0;1
0;6;0.01;0.02;0;-1;0
0;8;0.00;0.00;0;0;0
0;8;0.00;0.00;0;0;0
0;13;0.00;0.00;0;0;0
0;7;0.00;0.00;0;0;0
0;9;0.00;0.00;0;0;0
0;8;-0.01;0.02;0;0;1
0;12;0.00;0.00;0;0;0
0;8;0.00;0.00;0;0;0
0;12;0.01;0.02;0;-1;0
0;5;0.00;0.00;0;0;0
0;8;0.00;0.00;0;0;0
0;14;-0.01;0.02;0;0;1
0;7;0.00;0.00;0;0;0
0;8;0.00;0.00;0;0;0
0;8;0.00;0.00;0;0;0
0;8;0.00;0.00;0;0;0
0;8;0.00;0.00;0;0;0
0;8;-0.01;0.02;0;0;1
0;11;0.00;0.00;0;0;0
0;6;0.00;0.00;0;0;0
0;8;0.00;0.00;0;0;0
0;8;0.00;0.00;0;0;0
0;8;0.00;0.00;0;0;0
0;8;-0.01;0.02;0;0;1
0;9;0.00;0.00;0;0;0
0;8;0.00;0.00;0;0;0
0;11;0.00;0.00;0;0;0
0;5;0.00;0.00;0;0;0
0;8;0.00;0.00;0;0;0
0;9;0.00;0.00;0;0;0
0;10;-0.01;0.02;0;0;1
0;6;0.00;0.00;0;0;0
0;8;0.01;0.02;0;-1;0
0;8;0.00;0.00;0;0;0
0;10;0.00;0.00;0;0;0
0;7;0.00;0.00;0;0;0
0;8;0.00;0.00;0;0;0
0;8;0.00;0.00;0;0;0
0;8;0.00;0.04;0;-1;1
0;9;0.00;0.00;0;0;0
0;8;0.00;0.00;0;0;0
0;8;0.00;0.00;0;0;0
0;8;0.00;0.00;0;0;0
0;8;0.00;0.00;0;0;0
0;8;-0.01;0.02;0;0;1
0;9;0.01;0.02;0;-1;0
0;13;0.00;0.00;0;0;0
0;7;0.00;0.00;0;0;0
0;9;0.00;0.00;0;0;0
0;11;0.00;0.00;0;0;0
0;5;-0.01;0.02;0;0;1
0;8;0.01;0.02;0;-1;0
0;8;0.00;0.00;0;0;0
0;11;0.00;0.00;0;0;0
0;6;0.00;0.00;0;0;0
0;8;0.00;0.00;0;0;0
0;9;0.00;0.00;0;0;0
0;7;-0.01;0.02;0;0;1
0;8;0.01;0.02;0;-1;0
0;8;0.00;0.00;0;0;0
0;9;0.00;0.00;0;0;0
0;9;0.00;0.00;0;0;0
0;7;0.00;0.00;0;0;0
0;8;0.00;0.00;0;0;0
0;8;0.00;0.04;0;-1;1
0;9;0.00;0.00;0;0;0
0;11;0.00;0.00;0;0;0
0;5;0.00;0.00;0;0;0
0;8;0.00;0.00;0;0;0
0;8;0.00;0.00;0;0;0
0;9;0.01;0.02;0;-1;0
0;8;-0.01;0.02;0;0;1
0;8;0.00;0.00;0;0;0
0;8;0.00;0.00;0;0;0
0;13;0.00;0.00;0;0;0
0;8;0.00;0.00;0;0;0
0;8;0.01;0.02;0;-1;0
0;8;-0.01;0.02;0;0;1
0;8;0.00;0.00;0;0;0
0;8;0.00;0.00;0;0;0
0;9;0.00;0.00;0;0;0
0;8;0.00;0.00;0;0;0
0;9;0.01;0.02;0;-1;0
0;7;0.00;0.00;0;0;0
0;8;-0.01;0.02;0;0;1
0;9;0.00;0.00;0;0;0
0;8;0.00;0.00;0;0;0
0;10;0.01;0.02;0;-1;0
0;6;0.00;0.00;0;0;0
0;8;0.00;0.00;0;0;0
0;9;0.00;0.00;0;0;0
0;8;-0.01;0.02;0;0;1
0;8;0.00;0.00;0;0;0
0;11;0.01;0.02;0;-1;0
0;5;0.00;0.00;0;0;0
0;8;0.00;0.00;0;0;0
0;9;0.00;0.00;0;0;0
0;8;-0.01;0.02;0;0;1
0;8;0.00;0.00;0;0;0
0;8;0.00;0.00;0;0;0
0;8;0.00;0.00;0;0;0
0;15;0.00;0.00;0;0;0
0;6;0.00;0.00;0;0;0
0;8;0.00;0.00;0;0;0
0;8;-0.01;0.02;0;0;1
0;8;0.00;0.00;0;0;0
0;9;0.00;0.00;0;0;0
0;8;0.00;0.00;0;0;0
0;8;0.00;0.00;0;0;0
0;8;0.00;0.00;0;0;0
0;16;-0.01;0.02;0;0;1
0;5;0.00;0.00;0;0;0
0;8;0.00;0.00;0;0;0
0;8;0.00;0.00;0;0;0
0;8;0.01;0.02;0;-1;0
0;12;0.00;0.00;0;0;0
0;5;0.00;0.00;0;0;0
0;8;-0.01;0.02;0;0;1
0;8;0.00;0.00;0;0;0
0;8;0.00;0.00;0;0;0
0;8;0.00;0.00;0;0;0
0;8;0.00;0.00;0;0;0
0;9;0.01;0.02;0;-1;0
0;8;0.00;0.00;0;0;0
0;8;-0.01;0.02;0;0;1
0;7;0.00;0.00;0;0;0
0;10;0.00;0.00;0;0;0
0;7;0.00;0.00;0;0;0
0;9;0.01;0.02;0;-1;0
0;11;0.00;0.00;0;0;0
0;5;0.00;0.00;0;0;0
0;9;-0.01;0.02;0;0;1
0;7;0.00;0.00;0;0;0
0;9;0.00;0.00;0;0;0
0;8;0.01;0.02;0;-1;0
0;8;0.00;0.00;0;0;0
0;10;0.00;0.00;0;0;0
0;9;0.00;0.00;0;0;0
0;6;-0.01;0.02;0;0;1
0;8;0.00;0.00;0;0;0
0;8;0.00;0.00;0;0;0
0;7;0.01;0.02;0;-1;0
0;10;0.00;0.00;0;0;0
0;8;0.00;0.00;0;0;0
0;8;0.00;0.00;0;0;0
0;15;-0.01;0.02;0;0;1
0;9;0.01;0.02;0;-1;0
0;5;0.00;0.00;0;0;0
0;10;0.00;0.00;0;0;0
0;6;0.00;0.00;0;0;0
0;8;0.00;0.00;0;0;0
0;9;-0.01;0.02;0;0;1
0;8;0.00;0.00;0;0;0
0;8;0.01;0.02;0;-1;0
0;8;0.00;0.00;0;0;0
0;8;0.00;0.00;0;0;0
0;8;0.00;0.00;0;0;0
0;8;0.00;0.00;0;0;0
0;9;-0.01;0.02;0;0;1
0;7;0.01;0.02;0;-1;0
0;8;0.00;0.00;0;0;0
0;8;0.00;0.00;0;0;0
0;10;0.00;0.00;0;0;0
0;7;0.00;0.00;0;0;0
0;9;-0.01;0.02;0;0;1
0;7;0.01;0.02;0;-1;0
0;16;0.00;0.00;0;0;0
0;6;0.00;0.00;0;0;0
0;8;0.00;0.00;0;0;0
0;7;0.00;0.00;0;0;0
0;10;0.00;0.00;0;0;0
0;8;0.00;0.04;0;-1;1
0;8;0.00;0.00;0;0;0
0;8;0.00;0.00;0;0;0
0;8;0.00;0.00;0;0;0
0;8;0.00;0.00;0;0;0
0;7;0.00;0.00;0;0;0
0;13;-0.01;0.02;0;0;1
0;7;0.00;0.00;0;0;0
0;6;0.00;0.00;0;0;0
0;8;0.00;0.00;0;0;0
0;8;0.00;0.00;0;0;0
0;9;0.00;0.00;0;0;0
0;8;0.00;0.00;0;0;0
0;7;-0.01;0.02;0;0;1
0;10;0.00;0.00;0;0;0
0;7;0.00;0.00;0;0;0
0;7;0.00;0.00;0;0;0
0;8;0.00;0.00;0;0;0
0;7;0.00;0.00;0;0;0
0;8;0.00;0.00;0;0;0
0;9;-0.01;0.02;0;0;1
0;11;0.00;0.00;0;0;0
0;8;0.00;0.00;0;0;0
0;6;0.00;0.00;0;0;0
0;8;0.00;0.00;0;0;0
0;8;0.00;0.00;0;0;0
0;8;0.00;0.00;0;0;0
0;9;-0.01;0.02;0;0;1
0;7;0.00;0.00;0;0;0
0;9;0.00;0.00;0;0;0
0;8;0.00;0.00;0;0;0
0;8;0.00;0.00;0;0;0
0;10;0.00;0.00;0;0;0
0;7;0.00;0.00;0;0;0
0;9;-0.01;0.02;0;0;1
0;7;0.00;0.00;0;0;0
0;8;0.00;0.00;0;0;0
0;9;0.00;0.00;0;0;0
0;8;0.00;0.00;0;0;0
0;7;0.00;0.00;0;0;0
0;10;0.00;0.00;0;0;0
0;7;-0.01;0.02;0;0;1
0;9;0.00;0.00;0;0;0
0;8;0.00;0.00;0;0;0
0;8;0.00;0.00;0;0;0
0;8;0.00;0.00;0;0;0
0;7;0.00;0.00;0;0;0
0;14;-0.01;0.02;0;0;1
0;8;0.00;0.00;0;0;0
0;7;0.00;0.00;0;0;0
0;8;0.00;0.00;0;0;0
0;13;0.00;0.00;0;0;0
0;9;0.00;0.00;0;0;0
0;8;0.00;0.00;0;0;0
0;13;-0.01;0.02;0;0;1
0;7;0.00;0.00;0;0;0
0;8;0.00;0.00;0;0;0
0;9;0.00;0.00;0;0;0
0;7;0.00;0.00;0;0;0
0;7;0.00;0.00;0;0;0
0;9;0.00;0.00;0;0;0
0;8;-0.01;0.02;0;0;1
0;10;0.00;0.00;0;0;0
0;7;0.00;0.00;0;0;0
0;8;0.00;0.00;0;0;0
0;11;0.00;0.00;0;0;0
0;5;0.00;0.00;0;0;0
0;9;0.00;0.00;0;0;0
0;7;-0.01;0.02;0;0;1
0;9;0.00;0.00;0;0;0
0;8;0.00;0.00;0;0;0
0;8;0.00;0.00;0;0;0
0;9;0.00;0.00;0;0;0
0;8;0.00;0.00;0;0;0
0;8;0.00;0.00;0;0;0
0;8;-0.01;0.02;0;0;1
0;7;0.01;0.02;0;-1;0
0;8;0.00;0.00;0;0;0
0;9;0.00;0.00;0;0;0
0;13;0.00;0.00;0;0;0
0;7;0.00;0.00;0;0;0
0;8;-0.01;0.02;0;0;1
0;10;0.00;0.00;0;0;0
0;8;0.00;0.00;0;0;0
0;8;0.00;0.00;0;0;0
0;10;0.00;0.00;0;0;0
0;6;0.00;0.00;0;0;0
0;10;0.00;0.00;0;0;0
0;7;-0.01;0.02;0;0;1
0;8;0.00;0.00;0;0;0
0;11;0.00;0.00;0;0;0
0;5;0.00;0.00;0;0;0
0;8;0.00;0.00;0;0;0
0;9;0.00;0.00;0;0;0
0;9;-0.01;0.02;0;0;1
0;7;0.00;0.00;0;0;0
0;8;0.00;0.00;0;0;0
0;7;0.00;0.00;0;0;0
0;18;0.00;0.00;0;0;0
0;8;0.00;0.00;0;0;0
0;7;-0.01;0.02;0;0;1
0;14;0.00;0.00;0;0;0
0;7;0.00;0.00;0;0;0
0;8;0.00;0.00;0;0;0
0;12;0.00;0.00;0;0;0
0;5;0.00;0.00;0;0;0
0;8;0.00;0.00;0;0;0
0;8;0.00;0.00;0;0;0
0;13;0.00;0.00;0;0;0
0;7;0.00;0.00;0;0;0
0;8;0.00;0.00;0;0;0
0;9;0.00;0.00;0;0;0
0;18;0.00;0.00;0;0;0
0;7;0.00;0.00;0;0;0
0;8;0.00;0.00;0;0;0
0;12;0.00;0.00;0;0;0
0;7;0.00;0.00;0;0;0
0;7;0.00;0.00;0;0;0
0;9;0.00;0.00;0;0;0
0;6;0.00;0.00;0;0;0
0;8;0.00;0.00;0;0;0
0;11;0.00;0.00;0;0;0
0;10;0.00;0.00;0;0;0
0;7;0.00;0.00;0;0;0
0;10;0.00;0.00;0;0;0
0;8;0.00;0.00;0;0;0
0;8;0.00;0.00;0;0;0
0;8;0.00;0.00;0;0;0
0;10;0.00;0.00;0;0;0
0;6;0.00;0.00;0;0;0
0;8;0.00;0.00;0;0;0
0;9;0.00;0.00;0;0;0
0;7;0.00;0.00;0;0;0
0;9;0.00;0.00;0;0;0
0;7;0.00;0.00;0;0;0
0;12;0.00;0.00;0;0;0
0;7;0.00;0.00;0;0;0
0;7;0.00;0.00;0;0;0
0;8;0.00;0.00;0;0;0
0;10;0.00;0.00;0;0;0
0;6;0.00;0.00;0;0;0
0;11;0.00;0.00;0;0;0
0;6;0.00;0.00;0;0;0
0;11;0.00;0.00;0;0;0
0;5;0.00;0.00;0;0;0
0;7;0.00;0.00;0;0;0
0;11;0.00;0.00;0;0;0
0;7;0.00;0.00;0;0;0
0;7;0.00;0.00;0;0;0
0;9;0.00;0.00;0;0;0
0;8;0.00;0.00;0;0;0
0;8;0.00;0.00;0;0;0
0;9;0.00;0.00;0;0;0
0;8;0.00;0.00;0;0;0
0;7;0.00;0.00;0;0;0
0;12;0.00;0.00;0;0;0
0;5;0.00;0.00;0;0;0
0;9;0.00;0.00;0;0;0
0;7;0.00;0.00;0;0;0
0;9;0.00;0.00;0;0;0
0;8;0.00;0.00;0;0;0
0;7;0.00;0.00;0;0;0
0;10;0.00;0.00;0;0;0
0;8;0.00;0.00;0;0;0
0;7;0.00;0.00;0;0;0
0;8;0.00;0.00;0;0;0
0;8;0.00;0.00;0;0;0
0;10;0.00;0.00;0;0;0
0;7;0.00;0.00;0;0;0
0;8;0.00;0.00;0;0;0
0;8;0.00;0.00;0;0;0
0;8;0.00;0.00;0;0;0
0;9;0.00;0.00;0;0;0
0;9;0.00;0.00;0;0;0
0;7;0.00;0.00;0;0;0
0;11;0.00;0.00;0;0;0
0;6;0.00;0.00;0;0;0
0;7;0.00;0.00;0;0;0
0;9;0.00;0.00;0;0;0
0;8;0.00;0.00;0;0;0
0;8;0.00;0.00;0;0;0
0;8;0.00;0.00;0;0;0
0;9;0.00;0.00;0;0;0
0;9;0.00;0.00;0;0;0
0;8;0.00;0.00;0;0;0
0;8;0.00;0.00;0;0;0
0;8;0.00;0.00;0;0;0
0;7;0.00;0.00;0;0;0
0;17;0.00;0.00;0;0;0
0;5;0.00;0.00;0;0;0
0;8;0.00;0.00;0;0;0
0;7;0.00;0.00;0;0;0
0;10;0.00;0.00;0;0;0
0;8;0.00;0.00;0;0;0
0;7;0.00;0.00;0;0;0
0;8;0.00;0.00;0;0;0
0;8;0.00;0.00;0;0;0
0;8;0.00;0.00;0;0;0
0;9;0.00;0.00;0;0;0
0;8;0.00;0.00;0;0;0
0;9;0.00;0.00;0;0;0
0;8;0.00;0.00;0;0;0
0;8;0.00;0.00;0;0;0
0;12;0.00;0.00;0;0;0
0;5;0.00;0.00;0;0;0
0;7;0.00;0.00;0;0;0
0;8;0.00;0.00;0;0;0
0;8;0.00;0.00;0;0;0
0;9;0.00;0.00;0;0;0
0;8;0.00;0.00;0;0;0
0;8;0.00;0.00;0;0;0
0;8;0.00;0.00;0;0;0
0;10;0.00;0.00;0;0;0
0;7;0.00;0.00;0;0;0
0;8;-0.01;0.02;0;0;1
0;12;0.00;0.00;0;0;0
0;8;0.00;0.00;0;0;0
0;8;0.00;0.00;0;0;0
0;9;0.00;0.00;0;0;0
0;8;0.00;0.00;0;0;0
0;8;0.00;0.00;0;0;0
0;8;0.00;0.00;0;0;0
0;8;0.00;0.00;0;0;0
0;8;0.00;0.00;0;0;0
0;12;0.00;0.00;0;0;0
0;6;0.00;0.00;0;0;0
0;8;0.00;0.00;0;0;0
0;8;0.00;0.00;0;0;0
0;13;0.00;0.00;0;0;0
0;7;0.00;0.00;0;0;0
0;8;0.00;0.00;0;0;0
0;9;0.00;0.00;0;0;0
0;8;0.00;0.00;0;0;0
0;9;0.00;0.00;0;0;0
0;7;0.00;0.00;0;0;0
0;9;0.00;0.00;0;0;0
0;10;0.00;0.00;0;0;0
0;6;0.00;0.00;0;0;0
0;7;0.00;0.00;0;0;0
0;9;0.00;0.00;0;0;0
0;8;0.00;0.00;0;0;0
0;8;0.00;0.00;0;0;0
0;8;0.00;0.00;0;0;0
0;15;0.00;0.00;0;0;0
0;7;0.00;0.00;0;0;0
0;8;0.00;0.00;0;0;0
0;8;0.00;0.00;0;0;0
0;9;0.00;0.00;0;0;0
0;8;0.00;0.00;0;0;0
0;8;0.00;0.00;0;0;0
0;7;0.00;0.00;0;0;0
0;11;0.00;0.00;0;0;0
0;6;0.00;0.00;0;0;0
0;8;0.00;0.00;0;0;0
0;8;0.00;0.00;0;0;0
0;9;0.00;0.00;0;0;0
0;8;0.00;0.00;0;0;0
0;8;0.00;0.00;0;0;0
0;7;0.00;0.00;0;0;0
0;12;0.00;0.00;0;0;0
0;6;0.00;0.00;0;0;0
0;9;0.00;0.00;0;0;0
0;9;0.00;0.00;0;0;0
0;6;0.00;0.00;0;0;0
0;8;0.00;0.00;0;0;0
0;9;0.00;0.00;0;0;0
0;8;0.00;0.00;0;0;0
0;8;0.00;0.00;0;0;0
0;10;0.00;0.00;0;0;0
0;7;0.00;0.00;0;0;0
0;8;0.00;0.00;0;0;0
0;7;0.00;0.00;0;0;0
0;12;0.00;0.00;0;0;0
0;5;0.00;0.00;0;0;0
0;8;0.00;0.00;0;0;0
0;9;0.00;0.00;0;0;0
0;11;0.00;0.00;0;0;0
0;9;0.00;0.00;0;0;0
0;7;-0.01;0.02;0;0;1
0;9;0.00;0.00;0;0;0
0;9;0.00;0.00;0;0;0
0;8;0.00;0.00;0;0;0
0;7;0.00;0.00;0;0;0
0;9;0.00;0.00;0;0;0
0;7;0.00;0.00;0;0;0
0;9;0.00;0.00;0;0;0
0;8;-0.01;0.02;0;0;1
0;9;0.00;0.00;0;0;0
0;8;0.00;0.00;0;0;0
0;8;0.00;0.00;0;0;0
0;8;0.00;0.00;0;0;0
0;10;0.00;0.00;0;0;0
0;7;0.00;0.00;0;0;0
0;8;-0.01;0.02;0;0;1
0;8;0.00;0.00;0;0;0
0;9;0.00;0.00;0;0;0
0;8;0.00;0.00;0;0;0
0;7;0.00;0.00;0;0;0
0;8;0.00;0.00;0;0;0
0;8;0.00;0.00;0;0;0
0;9;-0.01;0.02;0;0;1
0;8;0.00;0.00;0;0;0
0;8;0.00;0.00;0;0;0
0;9;0.00;0.00;0;0;0
0;7;0.00;0.00;0;0;0
0;9;0.00;0.00;0;0;0
0;11;0.00;0.00;0;0;0
0;6;-0.01;0.02;0;0;1
0;8;0.00;0.00;0;0;0
0;8;0.00;0.00;0;0;0
0;7;0.00;0.00;0;0;0
0;14;0.00;0.00;0;0;0
0;8;0.00;0.00;0;0;0
0;7;0.00;0.00;0;0;0
0;8;-0.01;0.02;0;0;1
0;9;0.00;0.00;0;0;0
0;10;0.00;0.00;0;0;0
0;8;0.00;0.00;0;0;0
0;7;0.00;0.00;0;0;0
0;9;0.00;0.00;0;0;0
0;9;-0.01;0.02;0;0;1
0;7;0.00;0.00;0;0;0
0;7;0.00;0.00;0;0;0
0;8;0.00;0.00;0;0;0
0;11;0.00;0.00;0;0;0
0;6;0.00;0.00;0;0;0
0;8;-0.01;0.02;0;0;1
0;8;0.00;0.00;0;0;0
0;13;0.00;0.00;0;0;0
0;7;0.00;0.00;0;0;0
0;9;0.00;0.00;0;0;0
0;11;0.00;0.00;0;0;0
0;6;0.00;0.00;0;0;0
0;8;0.00;0.00;0;0;0
0;7;0.00;0.00;0;0;0
0;11;-0.01;0.02;0;0;1
0;7;0.00;0.00;0;0;0
0;7;0.00;0.00;0;0;0
0;9;0.00;0.00;0;0;0
0;11;0.00;0.00;0;0;0
0;9;0.00;0.00;0;0;0
0;8;0.00;0.00;0;0;0
0;8;0.00;0.00;0;0;0
0;8;0.00;0.00;0;0;0
0;11;0.00;0.00;0;0;0
0;7;0.00;0.00;0;0;0
0;11;0.00;0.00;0;0;0
0;5;0.00;0.00;0;0;0
0;8;0.00;0.00;0;0;0
0;8;0.00;0.00;0;0;0
0;16;0.00;0.00;0;0;0
0;8;0.00;0.00;0;0;0
0;8;0.00;0.00;0;0;0
0;11;0.00;0.00;0;0;0
0;6;0.00;0.00;0;0;0
0;8;0.00;0.00;0;0;0
0;8;0.00;0.00;0;0;0
0;13;0.00;0.00;0;0;0
0;7;0.00;0.00;0;0;0
0;8;0.00;0.00;0;0;0
0;9;0.00;0.00;0;0;0
0;8;0.00;0.00;0;0;0
0;8;0.00;0.00;0;0;0
0;9;0.00;0.00;0;0;0
0;7;0.00;0.00;0;0;0
0;9;0.00;0.00;0;0;0
0;8;0.00;0.00;0;0;0
0;8;0.00;0.00;0;0;0
0;8;0.00;0.00;0;0;0
0;8;0.00;0.00;0;0;0
0;15;0.00;0.00;0;0;0
0;7;0.00;0.00;0;0;0
0;7;-0.01;0.02;0;0;1
0;8;0.00;0.00;0;0;0
0;9;0.00;0.00;0;0;0
0;9;0.00;0.00;0;0;0
0;7;0.00;0.00;0;0;0
0;8;0.00;0.00;0;0;0
0;8;0.00;0.00;0;0;0
0;9;0.00;0.00;0;0;0
0;9;-0.01;0.02;0;0;1
0;7;0.00;0.00;0;0;0
0;8;0.00;0.00;0;0;0
0;8;0.00;0.00;0;0;0
0;10;0.00;0.00;0;0;0
0;15;-0.01;0.02;0;0;1
0;5;0.00;0.00;0;0;0
0;7;0.00;0.00;0;0;0
0;8;0.00;0.00;0;0;0
0;11;0.00;0.00;0;0;0
0;7;0.00;0.00;0;0;0
0;7;0.00;0.00;0;0;0
0;8;0.00;0.00;0;0;0
0;9;-0.01;0.02;0;0;1
0;8;0.00;0.00;0;0;0
0;9;0.00;0.00;0;0;0
0;8;0.00;0.00;0;0;0
0;12;0.00;0.00;0;0;0
0;7;0.00;0.00;0;0;0
0;8;0.00;0.00;0;0;0
0;9;0.00;0.00;0;0;0
0;8;0.00;0.00;0;0;0
0;8;0.00;0.00;0;0;0
0;8;0.00;0.00;0;0;0
0;12;0.00;0.00;0;0;0
0;6;0.00;0.00;0;0;0
0;7;0.00;0.00;0;0;0
0;8;0.00;0.00;0;0;0
0;8;0.00;0.00;0;0;0
0;8;0.00;0.00;0;0;0
0;10;0.00;0.00;0;0;0
0;7;0.00;0.00;0;0;0
0;8;0.00;0.00;0;0;0
0;8;0.00;0.00;0;0;0
0;12;0.00;0.00;0;0;0
0;6;0.00;0.00;0;0;0
0;7;0.00;0.00;0;0;0
0;8;0.00;0.00;0;0;0
0;8;0.00;0.00;0;0;0
0;8;0.00;0.00;0;0;0
0;8;0.00;0.00;0;0;0
0;9;0.00;0.00;0;0;0
0;12;0.00;0.00;0;0;0
0;8;0.00;0.00;0;0;0
0;8;0.00;0.00;0;0;0
0;12;0.00;0.00;0;0;0
0;6;0.00;0.00;0;0;0
0;7;0.00;0.00;0;0;0
0;8;0.00;0.00;0;0;0
0;9;0.00;0.00;0;0;0
0;9;0.00;0.00;0;0;0
0;7;0.00;0.00;0;0;0
0;8;0.00;0.00;0;0;0
0;9;0.00;0.00;0;0;0
0;7;0.00;0.00;0;0;0
0;8;0.00;0.00;0;0;0
0;9;0.00;0.00;0;0;0
0;8;0.00;0.00;0;0;0
0;8;0.00;0.00;0;0;0
0;8;0.00;0.00;0;0;0
0;8;0.00;0.00;0;0;0
0;10;0.00;0.00;0;0;0
0;7;0.00;0.00;0;0;0
0;12;0.00;0.00;0;0;0
0;9;0.00;0.00;0;0;0
0;7;0.00;0.00;0;0;0
0;9;0.00;0.00;0;0;0
0;11;0.00;0.00;0;0;0
0;7;0.00;0.00;0;0;0
0;7;0.00;0.00;0;0;0
0;7;0.00;0.00;0;0;0
0;9;0.00;0.00;0;0;0
0;9;0.00;0.00;0;0;0
0;7;0.00;0.00;0;0;0
0;8;0.00;0.00;0;0;0
0;8;0.00;0.00;0;0;0
0;9;0.01;0.02;0;-1;0
0;8;0.00;0.00;0;0;0
0;9;0.00;0.00;0;0;0
0;7;0.00;0.00;0;0;0
0;11;0.00;0.00;0;0;0
0;7;0.00;0.00;0;0;0
0;9;0.00;0.00;0;0;0
0;7;0.01;0.02;0;-1;0
0;8;0.00;0.00;0;0;0
0;11;0.00;0.00;0;0;0
0;9;0.00;0.00;0;0;0
0;8;0.00;0.00;0;0;0
0;9;0.00;0.00;0;0;0
0;13;0.00;0.04;0;-1;1
0;7;0.00;0.00;0;0;0
0;8;0.00;0.00;0;0;0
0;11;0.00;0.00;0;0;0
0;8;0.00;0.00;0;0;0
0;6;0.00;0.00;0;0;0
0;7;0.00;0.00;0;0;0
0;15;0.01;0.02;0;-1;0
0;6;0.00;0.00;0;0;0
0;8;0.00;0.00;0;0;0
0;8;0.00;0.00;0;0;0
0;8;0.00;0.00;0;0;0
0;9;0.00;0.00;0;0;0
0;8;0.01;0.02;0;-1;0
0;8;0.00;0.00;0;0;0
0;8;0.00;0.00;0;0;0
0;8;0.00;0.00;0;0;0
0;9;0.00;0.00;0;0;0
0;14;0.00;0.00;0;0;0
0;6;0.00;0.00;0;0;0
0;8;0.01;0.02;0;-1;0
0;7;0.00;0.00;0;0;0
0;11;0.00;0.00;0;0;0
0;8;0.00;0.00;0;0;0
0;7;0.00;0.00;0;0;0
0;8;0.00;0.00;0;0;0
0;8;0.00;0.00;0;0;0
0;8;0.01;0.02;0;-1;0
0;8;0.00;0.00;0;0;0
0;8;0.00;0.00;0;0;0
0;9;0.00;0.00;0;0;0
0;8;0.00;0.00;0;0;0
0;8;0.00;0.00;0;0;0
0;8;0.00;0.00;0;0;0
0;8;0.00;0.00;0;0;0
0;8;0.01;0.02;0;-1;0
0;8;0.00;0.00;0;0;0
0;9;0.00;0.00;0;0;0
0;8;0.00;0.00;0;0;0
0;11;0.00;0.00;0;0;0
0;6;0.00;0.00;0;0;0
0;7;0.00;0.00;0;0;0
0;9;0.01;0.02;0;-1;0
0;14;0.00;0.00;0;0;0
0;7;0.00;0.00;0;0;0
0;7;0.00;0.00;0;0;0
0;9;0.00;0.00;0;0;0
0;8;0.00;0.00;0;0;0
0;9;0.00;0.00;0;0;0
0;7;0.01;0.02;0;-1;0
0;8;0.00;0.00;0;0;0
0;9;0.00;0.00;0;0;0
0;8;0.00;0.00;0;0;0
0;10;0.00;0.00;0;0;0
0;6;0.00;0.00;0;0;0
0;9;0.00;0.00;0;0;0
0;10;0.01;0.02;0;-1;0
0;7;0.00;0.00;0;0;0
0;13;0.00;0.00;0;0;0
0;7;0.00;0.00;0;0;0
0;7;0.00;0.00;0;0;0
0;8;0.00;0.00;0;0;0
0;9;0.00;0.00;0;0;0
0;8;0.00;0.00;0;0;0
0;8;0.00;0.00;0;0;0
0;8;0.01;0.02;0;-1;0
0;8;0.00;0.00;0;0;0
0;9;0.00;0.00;0;0;0
0;8;0.00;0.00;0;0;0
0;8;0.00;0.00;0;0;0
0;9;0.00;0.00;0;0;0
0;7;0.00;0.00;0;0;0
0;8;0.01;0.02;0;-1;0
0;9;0.00;0.00;0;0;0
0;9;0.00;0.00;0;0;0
0;7;0.00;0.00;0;0;0
0;8;0.00;0.00;0;0;0
0;8;0.00;0.00;0;0;0
0;11;0.00;0.00;0;0;0
0;6;0.00;0.00;0;0;0
0;8;0.01;0.02;0;-1;0
0;8;0.00;0.00;0;0;0
0;9;0.00;0.00;0;0;0
0;12;0.00;0.00;0;0;0
0;4;0.00;0.00;0;0;0
0;8;0.00;0.00;0;0;0
0;8;-0.02;0.00;-1;0;0
0;8;0.01;0.02;0;-1;0
0;9;0.00;0.00;0;0;0
0;8;0.00;0.00;0;0;0
0;8;0.00;0.00;0;0;0
0;13;0.00;0.00;0;0;0
0;7;0.00;0.00;0;0;0
0;9;0.00;0.00;0;0;0
0;8;0.00;0.00;0;0;0
0;12;0.00;0.00;0;0;0
0;5;0.00;0.00;0;0;0
0;7;0.00;0.00;0;0;0
0;13;0.00;0.00;0;0;0
0;5;0.00;0.00;0;0;0
0;10;0.00;0.00;0;0;0
0;6;0.00;0.00;0;0;0
0;10;0.00;0.00;0;0;0
0;7;0.00;0.00;0;0;0
0;8;0.00;0.00;0;0;0
0;7;0.00;0.00;0;0;0
0;11;0.00;0.00;0;0;0
0;5;0.00;0.00;0;0;0
0;12;0.00;0.00;0;0;0
0;6;0.00;0.00;0;0;0
0;11;0.01;0.02;0;-1;0
0;8;0.00;0.00;0;0;0
0;8;0.00;0.00;0;0;0
0;10;0.00;0.00;0;0;0
0;9;0.00;0.00;0;0;0
0;6;-0.01;0.02;0;0;1
0;8;0.00;0.00;0;0;0
0;8;0.00;0.00;0;0;0
0;12;0.00;0.00;0;0;0
0;6;0.00;0.00;0;0;0
0;7;0.00;0.00;0;0;0
0;8;0.00;0.00;0;0;0
0;8;0.00;0.00;0;0;0
0;9;0.00;0.00;0;0;0
0;8;0.00;0.00;0;0;0
0;11;0.00;0.00;0;0;0
0;6;0.00;0.00;0;0;0
0;7;0.00;0.00;0;0;0
0;9;0.00;0.00;0;0;0
0;8;0.00;0.00;0;0;0
0;8;0.00;0.00;0;0;0
0;8;0.00;0.00;0;0;0
0;8;0.00;0.00;0;0;0
0;8;0.00;0.00;0;0;0
0;10;0.00;0.00;0;0;0
0;9;0.00;0.00;0;0;0
0;6;0.00;0.00;0;0;0
0;8;0.00;0.00;0;0;0
0;12;0.00;0.00;0;0;0
0;10;0.00;0.00;0;0;0
0;7;0.00;0.00;0;0;0
0;8;0.00;0.00;0;0;0
0;11;0.00;0.00;0;0;0
0;6;0.00;0.00;0;0;0
0;8;0.00;0.00;0;0;0
0;8;0.00;0.00;0;0;0
0;11;0.00;0.00;0;0;0
0;7;0.00;0.00;0;0;0
0;7;0.00;0.00;0;0;0
0;8;0.00;0.00;0;0;0
0;11;0.00;0.00;0;0;0
0;6;0.00;0.00;0;0;0
0;7;0.00;0.00;0;0;0
0;8;0.00;0.00;0;0;0
0;10;0.00;0.00;0;0;0
0;7;0.00;0.00;0;0;0
0;8;0.00;0.00;0;0;0
0;8;0.00;0.00;0;0;0
0;10;0.00;0.00;0;0;0
0;6;0.00;0.00;0;0;0
0;9;0.00;0.00;0;0;0
0;8;0.00;0.00;0;0;0
0;9;0.00;0.00;0;0;0
0;8;0.00;0.00;0;0;0
0;8;0.00;0.00;0;0;0
0;8;0.00;0.00;0;0;0
0;9;0.00;0.00;0;0;0
0;7;0.00;0.00;0;0;0
0;10;0.00;0.00;0;0;0
0;7;0.00;0.00;0;0;0
0;9;0.00;0.00;0;0;0
0;7;0.00;0.00;0;0;0
0;8;0.00;0.00;0;0;0
0;8;0.00;0.00;0;0;0
0;8;0.00;0.00;0;0;0
0;9;0.00;0.00;0;0;0
0;8;0.00;0.00;0;0;0
0;8;0.00;0.00;0;0;0
0;8;0.00;0.00;0;0;0
0;11;0.00;0.00;0;0;0
0;7;0.00;0.00;0;0;0
0;7;0.00;0.00;0;0;0
0;8;0.00;0.00;0;0;0
0;12;0.00;0.00;0;0;0
0;5;0.00;0.00;0;0;0
0;7;0.00;0.00;0;0;0
0;9;0.00;0.00;0;0;0
0;13;0.00;0.00;0;0;0
0;8;0.00;0.00;0;0;0
0;7;0.00;0.00;0;0;0
0;9;0.00;0.00;0;0;0
0;9;0.00;0.00;0;0;0
0;7;0.00;0.00;0;0;0
0;9;0.00;0.00;0;0;0
0;8;0.00;0.00;0;0;0
0;8;0.00;0.00;0;0;0
0;8;0.00;0.00;0;0;0
0;8;0.00;0.00;0;0;0
0;12;0.00;0.00;0;0;0
0;7;0.00;0.00;0;0;0
0;7;0.00;0.00;0;0;0
0;7;0.00;0.00;0;0;0
0;11;0.00;0.00;0;0;0
0;5;0.00;0.00;0;0;0
0;8;0.00;0.00;0;0;0
0;8;0.00;0.00;0;0;0
0;9;0.00;0.00;0;0;0
0;8;0.00;0.00;0;0;0
0;8;0.00;0.00;0;0;0
0;8;0.00;0.00;0;0;0
0;11;0.00;0.00;0;0;0
0;6;0.00;0.00;0;0;0
0;8;0.00;0.00;0;0;0
0;9;0.00;0.00;0;0;0
0;8;0.00;0.00;0;0;0
0;7;0.00;0.00;0;0;0
0;8;0.00;0.00;0;0;0
0;9;0.00;0.00;0;0;0
0;8;0.00;0.00;0;0;0
0;8;0.00;0.00;0;0;0
0;8;0.00;0.00;0;0;0
0;8;0.00;0.00;0;0;0
0;10;0.00;0.00;0;0;0
0;7;0.00;0.00;0;0;0
0;8;0.00;0.00;0;0;0
0;8;0.00;0.00;0;0;0
0;8;0.00;0.00;0;0;0
0;9;0.00;0.00;0;0;0
0;8;0.00;0.00;0;0;0
0;9;0.00;0.00;0;0;0
0;8;0.00;0.00;0;0;0
0;12;0.00;0.00;0;0;0
0;10;0.00;0.00;0;0;0
0;11;0.00;0.00;0;0;0
0;8;0.00;0.00;0;0;0
0;8;0.00;0.00;0;0;0
0;9;0.00;0.00;0;0;0
0;7;0.00;0.00;0;0;0
0;8;0.00;0.00;0;0;0
0;13;0.00;0.00;0;0;0
0;7;0.00;0.00;0;0;0
0;9;0.00;0.00;0;0;0
0;8;0.00;0.00;0;0;0
0;8;0.00;0.00;0;0;0
0;8;0.00;0.00;0;0;0
0;8;0.00;0.00;0;0;0
0;10;0.00;0.00;0;0;0
0;7;0.00;0.00;0;0;0
0;8;0.00;0.00;0;0;0
0;8;0.00;0.00;0;0;0
0;8;0.00;0.00;0;0;0
0;9;0.00;0.00;0;0;0
0;8;0.00;0.00;0;0;0
0;8;0.00;0.00;0;0;0
0;8;0.00;0.00;0;0;0
0;8;0.00;0.00;0;0;0
0;8;0.00;0.00;0;0;0
0;9;0.00;0.00;0;0;0
0;10;0.00;0.00;0;0;0
0;6;0.00;0.00;0;0;0
0;8;0.00;0.00;0;0;0
0;8;0.00;0.00;0;0;0
0;9;0.00;0.00;0;0;0
0;8;0.00;0.00;0;0;0
0;8;0.00;0.00;0;0;0
0;8;0.00;0.00;0;0;0
0;8;0.00;0.00;0;0;0
0;9;0.00;0.00;0;0;0
0;8;0.00;0.00;0;0;0
0;8;0.00;0.00;0;0;0
0;8;0.00;0.00;0;0;0
0;8;0.00;0.00;0;0;0
0;9;0.00;0.00;0;0;0
0;11;0.00;0.00;0;0;0
0;6;0.00;0.00;0;0;0
0;9;0.00;0.00;0;0;0
0;6;0.00;0.00;0;0;0
0;8;0.00;0.00;0;0;0
0;10;0.00;0.00;0;0;0
0;8;0.00;0.00;0;0;0
0;7;0.00;0.00;0;0;0
0;8;0.00;0.00;0;0;0
0;8;0.00;0.00;0;0;0
0;12;0.00;0.00;0;0;0
0;7;0.00;0.00;0;0;0
0;6;-0.01;0.02;0;0;1
0;8;0.00;0.00;0;0;0
0;10;0.00;0.00;0;0;0
0;7;0.00;0.00;0;0;0
0;8;0.00;0.00;0;0;0
0;8;0.00;0.00;0;0;0
0;8;0.00;0.00;0;0;0
0;8;0.00;0.00;0;0;0
0;9;0.00;0.00;0;0;0
0;8;0.00;0.00;0;0;0
0;9;0.00;0.00;0;0;0
0;7;0.00;0.00;0;0;0
0;8;0.00;0.00;0;0;0
0;9;0.00;0.00;0;0;0
0;8;-0.01;0.02;0;0;1
0;8;0.00;0.00;0;0;0
0;8;0.00;0.00;0;0;0
0;8;0.00;0.00;0;0;0
0;8;0.00;0.00;0;0;0
0;9;0.00;0.00;0;0;0
0;8;0.00;0.00;0;0;0
0;12;-0.01;0.02;0;0;1
0;8;0.00;0.00;0;0;0
0;10;0.00;0.00;0;0;0
0;7;0.00;0.00;0;0;0
0;9;0.00;0.00;0;0;0
0;7;0.00;0.00;0;0;0
0;8;0.00;0.00;0;0;0
0;12;0.00;0.00;0;0;0
0;6;0.00;0.00;0;0;0
0;7;0.00;0.00;0;0;0
0;8;0.00;0.00;0;0;0
0;8;0.00;0.00;0;0;0
0;17;0.00;0.00;0;0;0
0;8;0.00;0.00;0;0;0
0;8;0.00;0.00;0;0;0
0;8;0.00;0.00;0;0;0
0;8;0.00;0.00;0;0;0
0;9;0.00;0.00;0;0;0
0;8;0.00;0.00;0;0;0
0;8;0.00;0.00;0;0;0
0;12;0.00;0.00;0;0;0
0;8;0.00;0.00;0;0;0
0;9;0.00;0.00;0;0;0
0;8;0.00;0.00;0;0;0
0;9;0.00;0.00;0;0;0
0;7;0.00;0.00;0;0;0
0;10;0.00;0.00;0;0;0
0;8;0.00;0.00;0;0;0
0;8;0.00;0.00;0;0;0
0;7;0.00;0.00;0;0;0
0;8;0.00;0.00;0;0;0
0;14;0.00;0.00;0;0;0
0;7;0.00;0.00;0;0;0
0;8;0.00;0.00;0;0;0
0;8;0.00;0.00;0;0;0
0;9;0.00;0.00;0;0;0
0;7;0.00;0.00;0;0;0
0;9;0.00;0.00;0;0;0
0;8;0.00;0.00;0;0;0
0;11;0.00;0.00;0;0;0
0;5;0.00;0.00;0;0;0
0;8;0.00;0.00;0;0;0
0;9;0.00;0.00;0;0;0
0;11;0.00;0.00;0;0;0
0;5;0.00;0.00;0;0;0
0;8;0.00;0.00;0;0;0
0;8;0.00;0.00;0;0;0
0;10;0.00;0.00;0;0;0
0;7;0.00;0.00;0;0;0
0;8;0.00;0.00;0;0;0
0;8;0.00;0.00;0;0;0
0;14;0.00;0.00;0;0;0
0;7;0.00;0.00;0;0;0
0;10;0.00;0.00;0;0;0
0;10;0.00;0.00;0;0;0
0;9;0.00;0.00;0;0;0
0;9;0.00;0.00;0;0;0
0;11;0.00;0.00;0;0;0
0;8;0.00;0.00;0;0;0
0;8;0.00;0.00;0;0;0
0;8;0.00;0.00;0;0;0
0;9;0.00;0.00;0;0;0
0;8;0.00;0.00;0;0;0
0;10;0.00;0.00;0;0;0
0;6;0.00;0.00;0;0;0
0;9;0.00;0.00;0;0;0
0;8;0.00;0.00;0;0;0
0;11;0.00;0.00;0;0;0
0;5;0.00;0.00;0;0;0
0;8;0.00;0.00;0;0;0
0;8;0.00;0.00;0;0;0
0;9;0.00;0.00;0;0;0
0;8;0.00;0.00;0;0;0
0;8;0.00;0.00;0;0;0
0;8;0.00;0.00;0;0;0
0;8;0.00;0.00;0;0;0
0;8;0.00;0.00;0;0;0
0;9;0.00;0.00;0;0;0
0;8;0.00;0.00;0;0;0
0;8;0.00;0.00;0;0;0
0;8;0.00;0.00;0;0;0
0;8;0.00;0.00;0;0;0
0;9;0.00;0.00;0;0;0
0;9;0.00;0.00;0;0;0
0;7;0.00;0.00;0;0;0
0;10;0.00;0.00;0;0;0
0;11;0.00;0.00;0;0;0
0;8;0.00;0.00;0;0;0
0;10;0.00;0.00;0;0;0
0;6;0.00;0.00;0;0;0
0;13;0.00;0.00;0;0;0
0;7;0.00;0.00;0;0;0
0;9;0.00;0.00;0;0;0
0;9;0.00;0.00;0;0;0
0;7;0.00;0.00;0;0;0
0;8;0.00;0.00;0;0;0
0;8;0.00;0.00;0;0;0
0;10;0.00;0.00;0;0;0
0;7;0.00;0.00;0;0;0
0;8;0.00;0.00;0;0;0
0;11;0.00;0.00;0;0;0
0;8;0.00;0.00;0;0;0
0;6;0.00;0.00;0;0;0
0;8;0.00;0.00;0;0;0
0;8;0.00;0.00;0;0;0
0;8;0.00;0.00;0;0;0
0;8;0.00;0.00;0;0;0
0;9;0.00;0.00;0;0;0
0;8;0.00;0.00;0;0;0
0;8;0.00;0.00;0;0;0
0;8;0.00;0.00;0;0;0
0;8;0.00;0.00;0;0;0
0;9;0.00;0.00;0;0;0
0;8;0.00;0.00;0;0;0
0;17;0.00;0.00;0;0;0
0;7;0.00;0.00;0;0;0
0;8;0.00;0.00;0;0;0
0;10;0.00;0.00;0;0;0
0;8;0.00;0.00;0;0;0
0;7;0.00;0.00;0;0;0
0;8;0.00;0.00;0;0;0
0;8;0.00;0.00;0;0;0
0;9;0.00;0.00;0;0;0
0;8;0.00;0.00;0;0;0
0;8;0.00;0.00;0;0;0
0;11;0.00;0.00;0;0;0
0;5;0.00;0.00;0;0;0
0;10;0.00;0.00;0;0;0
0;7;0.00;0.00;0;0;0
0;10;0.00;0.00;0;0;0
0;6;0.00;0.00;0;0;0
0;8;0.00;0.00;0;0;0
0;9;0.00;0.00;0;0;0
0;8;0.00;0.00;0;0;0
0;8;0.00;0.00;0;0;0
0;8;0.00;0.00;0;0;0
0;8;0.00;0.00;0;0;0
0;9;0.00;0.00;0;0;0
0;8;0.00;0.00;0;0;0
0;9;0.00;0.00;0;0;0
0;8;0.00;0.00;0;0;0
0;11;0.00;0.00;0;0;0
0;9;0.00;0.00;0;0;0
0;8;0.00;0.00;0;0;0
0;8;0.00;0.00;0;0;0
0;8;0.00;0.00;0;0;0
0;8;0.00;0.00;0;0;0
0;9;0.00;0.00;0;0;0
0;11;0.00;0.00;0;0;0
0;5;0.00;0.00;0;0;0
0;8;0.00;0.00;0;0;0
0;8;0.00;0.00;0;0;0
0;16;0.00;0.00;0;0;0
0;5;0.00;0.00;0;0;0
0;8;0.00;0.00;0;0;0
0;8;0.00;0.00;0;0;0
0;8;0.00;0.00;0;0;0
0;9;0.00;0.00;0;0;0
0;8;0.00;0.00;0;0;0
0;8;0.00;0.00;0;0;0
0;8;0.00;0.00;0;0;0
0;11;0.00;0.00;0;0;0
0;6;0.00;0.00;0;0;0
0;8;0.00;0.00;0;0;0
0;8;0.00;0.00;0;0;0
0;14;0.00;0.00;0;0;0
0;6;0.00;0.00;0;0;0
0;9;0.00;0.00;0;0;0
0;9;0.00;0.00;0;0;0
0;7;0.00;0.00;0;0;0
0;8;0.00;0.00;0;0;0
0;8;0.00;0.00;0;0;0
0;9;0.00;0.00;0;0;0
0;8;0.00;0.00;0;0;0
0;8;0.00;0.00;0;0;0
0;8;0.00;0.00;0;0;0
0;8;0.00;0.00;0;0;0
0;12;0.00;0.00;0;0;0
0;8;0.00;0.00;0;0;0
0;5;0.00;0.00;0;0;0
0;11;0.00;0.00;0;0;0
0;5;0.00;0.00;0;0;0
0;8;0.00;0.00;0;0;0
0;9;0.00;0.00;0;0;0
0;11;0.00;0.00;0;0;0
0;5;0.00;0.00;0;0;0
0;8;0.00;0.00;0;0;0
0;8;0.00;0.00;0;0;0
0;14;0.00;0.00;0;0;0
0;7;0.00;0.00;0;0;0
0;8;0.00;0.00;0;0;0
0;8;0.00;0.00;0;0;0
0;9;0.00;0.00;0;0;0
0;10;0.00;0.00;0;0;0
0;6;0.00;0.00;0;0;0
0;8;0.00;0.00;0;0;0
0;9;0.00;0.00;0;0;0
0;7;0.00;0.00;0;0;0
0;10;0.00;0.00;0;0;0
0;10;0.00;0.00;0;0;0
0;5;0.00;0.00;0;0;0
0;8;0.00;0.00;0;0;0
0;8;0.00;0.00;0;0;0
0;9;0.00;0.00;0;0;0
0;8;0.00;0.00;0;0;0
0;11;0.00;0.00;0;0;0
0;5;0.00;0.00;0;0;0
0;8;0.00;0.00;0;0;0
0;9;0.00;0.00;0;0;0
0;10;0.00;0.00;0;0;0
0;6;0.00;0.00;0;0;0
0;8;0.00;0.00;0;0;0
0;8;0.00;0.00;0;0;0
0;10;0.00;0.00;0;0;0
0;7;0.00;0.00;0;0;0
0;8;0.00;0.00;0;0;0
0;8;0.00;0.00;0;0;0
0;12;0.00;0.00;0;0;0
0;10;0.00;0.00;0;0;0
0;7;0.00;0.00;0;0;0
0;11;0.00;0.00;0;0;0
0;6;0.00;0.00;0;0;0
0;7;0.00;0.00;0;0;0
0;10;0.00;0.00;0;0;0
0;10;0.00;0.00;0;0;0
0;5;0.00;0.00;0;0;0
0;8;0.00;0.00;0;0;0
0;8;0.00;0.00;0;0;0
0;12;0.00;0.00;0;0;0
0;5;0.00;0.00;0;0;0
0;8;0.00;0.00;0;0;0
0;8;0.00;0.00;0;0;0
0;13;0.00;0.00;0;0;0
0;9;0.00;0.00;0;0;0
0;7;0.00;0.00;0;0;0
0;8;0.00;0.00;0;0;0
0;8;0.00;0.00;0;0;0
0;8;0.00;0.00;0;0;0
0;8;0.00;0.00;0;0;0
0;12;0.00;0.00;0;0;0
0;5;0.00;0.00;0;0;0
0;8;0.00;0.00;0;0;0
0;8;0.00;0.00;0;0;0
0;12;0.00;0.00;0;0;0
0;6;0.00;0.00;0;0;0
0;7;0.00;0.00;0;0;0
0;8;0.00;0.00;0;0;0
0;11;0.00;0.00;0;0;0
0;6;0.00;0.00;0;0;0
0;8;0.00;0.00;0;0;0
0;8;0.00;0.00;0;0;0
0;11;0.00;0.00;0;0;0
0;5;-0.01;0.02;0;0;1
0;8;0.00;0.00;0;0;0
0;9;0.00;0.00;0;0;0
0;8;0.00;0.00;0;0;0
0;8;0.00;0.00;0;0;0
0;11;0.00;0.00;0;0;0
0;9;0.00;0.00;0;0;0
0;9;0.00;0.00;0;0;0
0;11;0.00;0.00;0;0;0
0;5;0.00;0.00;0;0;0
0;8;0.00;0.00;0;0;0
0;8;0.00;0.00;0;0;0
0;13;0.00;0.00;0;0;0
0;8;0.00;0.00;0;0;0
0;8;0.00;0.00;0;0;0
0;8;0.00;0.00;0;0;0
0;8;0.00;0.00;0;0;0
0;9;0.00;0.00;0;0;0
0;8;0.00;0.00;0;0;0
0;8;0.00;0.00;0;0;0
0;8;0.00;0.00;0;0;0
0;8;0.00;0.00;0;0;0
0;9;0.00;0.00;0;0;0
0;8;0.00;0.00;0;0;0
0;8;0.00;0.00;0;0;0
0;8;0.00;0.00;0;0;0
0;8;0.00;0.00;0;0;0
0;11;-0.01;0.02;0;0;1
0;6;0.00;0.00;0;0;0
0;8;0.00;0.00;0;0;0
0;8;0.00;0.00;0;0;0
0;9;0.00;0.00;0;0;0
0;8;0.00;0.00;0;0;0
0;8;0.00;0.00;0;0;0
0;8;0.00;0.00;0;0;0
0;14;0.00;0.00;0;0;0
0;6;0.00;0.00;0;0;0
0;9;0.00;0.00;0;0;0
0;8;0.00;0.00;0;0;0
0;9;0.00;0.00;0;0;0
0;7;0.00;0.00;0;0;0
0;8;-0.01;0.02;0;0;1
0;9;0.00;0.00;0;0;0
0;9;0.00;0.00;0;0;0
0;7;0.00;0.00;0;0;0
0;8;0.00;0.00;0;0;0
0;8;0.00;0.00;0;0;0
0;8;0.00;0.00;0;0;0
0;9;0.00;0.00;0;0;0
0;8;0.00;0.00;0;0;0
0;8;0.00;0.00;0;0;0
0;8;0.00;0.00;0;0;0
0;12;0.00;0.00;0;0;0
0;5;0.00;0.00;0;0;0
0;8;0.00;0.00;0;0;0
0;8;0.00;0.00;0;0;0
0;12;0.00;0.00;0;0;0
0;9;0.00;0.00;0;0;0
0;8;0.00;0.00;0;0;0
0;8;0.00;0.00;0;0;0
0;9;0.00;0.00;0;0;0
0;8;0.00;0.00;0;0;0
0;7;0.00;0.00;0;0;0
0;9;0.00;0.00;0;0;0
0;8;0.00;0.00;0;0;0
0;10;0.00;0.00;0;0;0
0;6;0.00;0.00;0;0;0
0;10;-0.01;0.02;0;0;1
0;7;0.00;0.00;0;0;0
0;8;0.00;0.00;0;0;0
0;8;0.00;0.00;0;0;0
0;13;0.00;0.00;0;0;0
0;7;0.00;0.00;0;0;0
0;9;0.00;0.00;0;0;0
0;8;-0.01;0.02;0;0;1
0;10;0.00;0.00;0;0;0
0;6;0.00;0.00;0;0;0
0;8;0.00;0.00;0;0;0
0;9;0.00;0.00;0;0;0
0;8;0.00;0.00;0;0;0
0;8;0.00;0.00;0;0;0
0;8;-0.01;0.02;0;0;1
0;8;0.00;0.00;0;0;0
0;9;0.00;0.00;0;0;0
0;8;0.00;0.00;0;0;0
0;9;0.00;0.00;0;0;0
0;10;0.00;0.00;0;0;0
0;5;0.00;0.00;0;0;0
0;9;-0.01;0.02;0;0;1
0;8;0.00;0.00;0;0;0
0;10;0.00;0.00;0;0;0
0;7;0.00;0.00;0;0;0
0;7;0.00;0.00;0;0;0
0;9;0.00;0.00;0;0;0
0;11;-0.01;0.02;0;0;1
0;10;0.00;0.00;0;0;0
0;7;0.00;0.00;0;0;0
0;8;0.00;0.00;0;0;0
0;9;0.00;0.00;0;0;0
0;8;0.00;0.00;0;0;0
0;9;-0.01;0.02;0;0;1
0;7;0.00;0.00;0;0;0
0;8;0.00;0.00;0;0;0
0;9;0.00;0.00;0;0;0
0;8;0.00;0.00;0;0;0
0;8;0.00;0.00;0;0;0
0;8;0.00;0.00;0;0;0
0;8;-0.01;0.02;0;0;1
0;12;0.00;0.00;0;0;0
0;5;0.00;0.00;0;0;0
0;8;0.00;0.00;0;0;0
0;9;0.00;0.00;0;0;0
0;7;0.00;0.00;0;0;0
0;8;-0.01;0.02;0;0;1
0;9;0.00;0.00;0;0;0
0;9;0.00;0.00;0;0;0
0;7;0.00;0.00;0;0;0
0;8;0.00;0.00;0;0;0
0;8;0.00;0.00;0;0;0
0;12;0.00;0.00;0;0;0
0;7;-0.01;0.02;0;0;1
0;7;0.00;0.00;0;0;0
0;7;0.00;0.00;0;0;0
0;10;0.00;0.00;0;0;0
0;7;0.00;0.00;0;0;0
0;8;0.00;0.00;0;0;0
0;8;0.00;0.00;0;0;0
0;8;0.00;0.00;0;0;0
0;8;0.00;0.00;0;0;0
0;9;0.00;0.00;0;0;0
0;8;0.00;0.00;0;0;0
0;10;0.00;0.00;0;0;0
0;6;0.00;0.00;0;0;0
0;8;0.00;0.00;0;0;0
0;8;0.00;0.00;0;0;0
0;9;0.00;0.00;0;0;0
0;8;0.00;0.00;0;0;0
0;8;0.00;0.00;0;0;0
0;8;0.00;0.00;0;0;0
0;10;0.00;0.00;0;0;0
0;7;0.00;0.00;0;0;0
0;8;0.00;0.00;0;0;0
0;8;0.00;0.00;0;0;0
0;8;0.00;0.00;0;0;0
0;8;0.00;0.00;0;0;0
0;9;0.00;0.00;0;0;0
0;8;0.00;0.00;0;0;0
0;8;0.00;0.00;0;0;0
0;8;0.00;0.00;0;0;0
0;8;0.00;0.00;0;0;0
0;9;-0.01;0.02;0;0;1
0;8;0.00;0.00;0;0;0
0;8;0.00;0.00;0;0;0
0;8;0.00;0.00;0;0;0
0;8;0.00;0.00;0;0;0
0;9;0.00;0.00;0;0;0
0;9;-0.01;0.02;0;0;1
0;7;0.00;0.00;0;0;0
0;8;0.00;0.00;0;0;0
0;8;0.00;0.00;0;0;0
0;11;0.00;0.00;0;0;0
0;6;0.00;0.00;0;0;0
0;8;-0.02;0.00;-1;0;0
0;8;-0.01;0.02;0;0;1
0;8;0.00;0.00;0;0;0
0;8;0.00;0.00;0;0;0
0;10;0.01;0.02;0;-1;0
0;7;0.00;0.00;0;0;0
0;10;-0.02;0.00;-1;0;0
0;6;0.00;0.00;0;0;0
0;8;0.00;0.00;0;0;0
0;9;-0.01;0.02;0;0;1
0;9;0.00;0.00;0;0;0
0;7;0.00;0.00;0;0;0
0;8;0.00;0.00;0;0;0
0;8;-0.02;0.00;-1;0;0
0;12;0.00;0.00;0;0;0
0;5;-0.01;0.02;0;0;1
0;8;0.00;0.00;0;0;0
0;8;0.00;0.00;0;0;0
0;8;0.00;0.00;0;0;0
0;9;-0.02;0.00;-1;0;0
0;9;0.00;0.00;0;0;0
0;7;0.00;0.00;0;0;0
0;10;0.00;0.00;0;0;0
0;6;0.00;0.00;0;0;0
0;8;0.00;0.00;0;0;0
0;9;-0.02;0.00;-1;0;0
0;8;0.00;0.00;0;0;0
0;8;0.00;0.00;0;0;0
0;8;0.00;0.00;0;0;0
0;8;0.00;0.00;0;0;0
0;9;0.00;0.00;0;0;0
0;8;0.00;0.00;0;0;0
0;8;-0.02;0.00;-1;0;0
0;8;0.00;0.00;0;0;0
0;8;0.00;0.00;0;0;0
0;12;0.00;0.00;0;0;0
0;5;0.00;0.00;0;0;0
0;8;0.00;0.00;0;0;0
0;8;0.00;0.00;0;0;0
0;14;-0.02;0.00;-1;0;0
0;8;0.00;0.00;0;0;0
0;7;0.00;0.00;0;0;0
0;8;0.00;0.00;0;0;0
0;8;0.00;0.00;0;0;0
0;9;0.00;0.00;0;0;0
0;9;0.00;0.00;0;0;0
0;7;-0.02;0.00;-1;0;0
0;8;-0.01;0.02;0;0;1
0;8;0.00;0.00;0;0;0
0;9;0.00;0.00;0;0;0
0;11;0.00;0.00;0;0;0
0;5;0.00;0.00;0;0;0
0;8;-0.02;0.00;-1;0;0
0;8;0.00;0.00;0;0;0
0;14;0.00;0.00;0;0;0
0;7;0.00;0.00;0;0;0
0;8;0.00;0.00;0;0;0
0;8;-0.01;0.02;0;0;1
0;8;-0.02;0.00;-1;0;0
0;8;0.00;0.00;0;0;0
0;9;0.00;0.00;0;0;0
0;8;0.00;0.00;0;0;0
0;9;0.00;0.00;0;0;0
0;7;0.00;0.00;0;0;0
0;8;0.00;0.00;0;0;0
0;9;-0.02;0.00;-1;0;0
0;8;0.00;0.00;0;0;0
0;8;0.00;0.00;0;0;0
0;8;0.00;0.00;0;0;0
0;8;0.00;0.00;0;0;0
0;11;0.00;0.00;0;0;0
0;6;0.00;0.00;0;0;0
0;8;-0.02;0.00;-1;0;0
0;11;0.00;0.00;0;0;0
0;8;0.00;0.00;0;0;0
0;5;0.00;0.00;0;0;0
0;10;0.00;0.00;0;0;0
0;10;0.00;0.00;0;0;0
0;5;0.00;0.00;0;0;0
0;8;-0.02;0.00;-1;0;0
0;8;0.00;0.00;0;0;0
0;9;0.00;0.00;0;0;0
0;8;0.00;0.00;0;0;0
0;10;0.00;0.00;0;0;0
0;6;0.00;0.00;0;0;0
0;8;0.00;0.00;0;0;0
0;9;-0.02;0.00;-1;0;0
0;8;0.00;0.00;0;0;0
0;8;0.00;0.00;0;0;0
0;8;0.00;0.00;0;0;0
0;8;0.00;0.00;0;0;0
0;11;0.00;0.00;0;0;0
0;6;0.00;0.00;0;0;0
0;8;-0.02;0.00;-1;0;0
0;8;0.00;0.00;0;0;0
0;11;0.00;0.00;0;0;0
0;10;0.00;0.00;0;0;0
0;8;0.00;0.00;0;0;0
0;11;0.00;0.00;0;0;0
0;6;-0.02;0.00;-1;0;0
0;8;0.00;0.00;0;0;0
0;8;0.00;0.00;0;0;0
0;11;0.00;0.00;0;0;0
0;5;0.00;0.00;0;0;0
0;9;0.00;0.00;0;0;0
0;10;0.00;0.00;0;0;0
0;8;-0.02;0.00;-1;0;0
0;6;0.00;0.00;0;0;0
0;8;0.00;0.00;0;0;0
0;10;0.00;0.00;0;0;0
0;10;0.00;0.00;0;0;0
0;9;0.00;0.00;0;0;0
0;8;-0.02;0.00;-1;0;0
0;15;0.00;0.00;0;0;0
0;5;0.00;0.00;0;0;0
0;8;0.00;0.00;0;0;0
0;9;0.00;0.00;0;0;0
0;13;-0.01;0.02;0;0;1
0;7;-0.02;0.00;-1;0;0
0;8;0.00;0.00;0;0;0
0;12;0.00;0.00;0;0;0
0;9;0.00;0.00;0;0;0
0;8;-0.01;0.02;0;0;1
0;8;0.00;0.00;0;0;0
0;9;-0.02;0.00;-1;0;0
0;8;0.00;0.00;0;0;0
0;8;0.00;0.00;0;0;0
0;7;0.00;0.00;0;0;0
0;9;0.00;0.00;0;0;0
0;12;0.00;0.00;0;0;0
0;9;-0.02;0.00;-1;0;0
0;8;0.00;0.00;0;0;0
0;8;0.00;0.00;0;0;0
0;10;0.00;0.00;0;0;0
0;6;0.00;0.00;0;0;0
0;9;0.00;0.00;0;0;0
0;8;0.00;0.00;0;0;0
0;10;-0.02;0.00;-1;0;0
0;6;-0.01;0.02;0;0;1
0;8;0.00;0.00;0;0;0
0;9;0.00;0.00;0;0;0
0;9;0.00;0.00;0;0;0
0;11;0.00;0.00;0;0;0
0;8;-0.02;0.00;-1;0;0
0;10;-0.01;0.02;0;0;1
0;7;0.00;0.00;0;0;0
0;8;0.00;0.00;0;0;0
0;8;0.00;0.00;0;0;0
0;8;0.00;0.00;0;0;0
0;8;0.00;0.00;0;0;0
0;9;-0.02;0.00;-1;0;0
0;8;0.00;0.00;0;0;0
0;10;0.00;0.00;0;0;0
0;6;0.00;0.00;0;0;0
0;8;0.00;0.00;0;0;0
0;8;0.00;0.00;0;0;0
0;9;-0.02;0.00;-1;0;0
0;8;0.00;0.00;0;0;0
0;8;0.00;0.00;0;0;0
0;8;0.00;0.00;0;0;0
0;8;0.00;0.00;0;0;0
0;9;0.00;0.00;0;0;0
0;8;0.00;0.00;0;0;0
0;8;-0.02;0.00;-1;0;0
0;10;0.00;0.00;0;0;0
0;6;0.00;0.00;0;0;0
0;9;0.00;0.00;0;0;0
0;8;0.00;0.00;0;0;0
0;8;-0.01;0.02;0;0;1
0;8;0.00;0.00;0;0;0
0;8;-0.02;0.00;-1;0;0
0;8;0.00;0.00;0;0;0
0;8;0.00;0.00;0;0;0
0;9;0.00;0.00;0;0;0
0;7;0.00;0.00;0;0;0
0;9;-0.01;0.02;0;0;1
0;9;0.00;0.00;0;0;0
0;13;-0.02;0.00;-1;0;0
0;7;0.00;0.00;0;0;0
0;8;0.00;0.00;0;0;0
0;7;0.00;0.00;0;0;0
0;11;0.00;0.00;0;0;0
0;8;-0.01;0.02;0;0;1
0;7;0.00;0.00;0;0;0
0;8;-0.02;0.00;-1;0;0
0;8;0.00;0.00;0;0;0
0;9;0.00;0.00;0;0;0
0;8;0.00;0.00;0;0;0
0;7;0.00;0.00;0;0;0
0;11;0.00;0.00;0;0;0
0;6;-0.01;0.02;0;0;1
0;8;-0.02;0.00;-1;0;0
0;12;0.00;0.00;0;0;0
0;9;0.00;0.00;0;0;0
0;9;0.00;0.00;0;0;0
0;7;0.00;0.00;0;0;0
0;12;-0.01;0.02;0;0;1
0;5;0.00;0.00;0;0;0
0;8;-0.02;0.00;-1;0;0
0;8;0.00;0.00;0;0;0
0;9;0.00;0.00;0;0;0
0;8;0.00;0.00;0;0;0
0;8;0.00;0.00;0;0;0
0;7;0.00;0.00;0;0;0
0;11;-0.01;0.02;0;0;1
0;6;-0.02;0.00;-1;0;0
0;8;0.00;0.00;0;0;0
0;9;0.00;0.00;0;0;0
0;12;0.00;0.00;0;0;0
0;8;0.00;0.00;0;0;0
0;8;-0.01;0.02;0;0;1
0;14;0.00;0.00;0;0;0
0;8;-0.02;0.00;-1;0;0
0;7;0.00;0.00;0;0;0
0;11;0.00;0.00;0;0;0
0;5;0.00;0.00;0;0;0
0;10;-0.01;0.02;0;0;1
0;7;0.00;0.00;0;0;0
0;11;0.00;0.00;0;0;0
0;5;0.00;0.00;0;0;0
0;8;-0.02;0.00;-1;0;0
0;9;0.00;0.00;0;0;0
0;8;0.00;0.00;0;0;0
0;7;0.00;0.00;0;0;0
0;12;-0.01;0.02;0;0;1
0;9;0.00;0.00;0;0;0
0;9;0.00;0.00;0;0;0
0;8;-0.02;0.00;-1;0;0
0;8;0.00;0.00;0;0;0
0;7;0.00;0.00;0;0;0
0;9;-0.01;0.02;0;0;1
0;13;0.00;0.00;0;0;0
0;8;0.00;0.00;0;0;0
0;7;0.00;0.00;0;0;0
0;9;-0.02;0.00;-1;0;0
0;9;0.00;0.00;0;0;0
0;8;0.00;0.00;0;0;0
0;8;0.00;0.00;0;0;0
0;7;-0.01;0.02;0;0;1
0;10;0.00;0.00;0;0;0
0;7;0.00;0.00;0;0;0
0;9;-0.02;0.00;-1;0;0
0;8;0.00;0.00;0;0;0
0;8;0.00;0.00;0;0;0
0;8;0.00;0.00;0;0;0
0;7;0.00;0.00;0;0;0
0;10;0.00;0.00;0;0;0
0;8;0.00;0.00;0;0;0
0;8;-0.02;0.00;-1;0;0
0;8;0.00;0.00;0;0;0
0;8;0.00;0.00;0;0;0
0;13;0.00;0.00;0;0;0
0;8;0.00;0.00;0;0;0
0;7;0.00;0.00;0;0;0
0;9;0.00;0.00;0;0;0
0;8;-0.02;0.00;-1;0;0
0;9;0.00;0.00;0;0;0
0;8;0.00;0.00;0;0;0
0;10;0.00;0.00;0;0;0
0;6;0.00;0.00;0;0;0
0;9;0.00;0.00;0;0;0
0;8;0.00;0.00;0;0;0
0;11;-0.02;0.00;-1;0;0
0;5;0.00;0.00;0;0;0
0;8;0.00;0.00;0;0;0
0;8;0.00;0.00;0;0;0
0;9;0.00;0.00;0;0;0
0;8;0.00;0.00;0;0;0
0;7;0.00;0.00;0;0;0
0;8;0.00;0.00;0;0;0
0;8;-0.02;0.00;-1;0;0
0;8;0.00;0.00;0;0;0
0;13;0.00;0.00;0;0;0
0;8;0.00;0.00;0;0;0
0;9;0.00;0.00;0;0;0
0;8;0.00;0.00;0;0;0
0;8;0.00;0.00;0;0;0
0;9;-0.02;0.00;-1;0;0
0;7;0.00;0.00;0;0;0
0;9;0.00;0.00;0;0;0
0;10;0.00;0.00;0;0;0
0;6;0.00;0.00;0;0;0
0;9;0.00;0.00;0;0;0
0;9;-0.02;0.00;-1;0;0
0;10;0.00;0.00;0;0;0
0;5;0.00;0.00;0;0;0
0;8;0.00;0.00;0;0;0
0;9;0.00;0.00;0;0;0
0;8;0.00;0.00;0;0;0
0;7;0.00;0.00;0;0;0
0;9;-0.02;0.00;-1;0;0
0;10;0.00;0.00;0;0;0
0;7;0.00;0.00;0;0;0
0;8;0.00;0.00;0;0;0
0;8;0.00;0.00;0;0;0
0;8;0.00;0.00;0;0;0
0;8;0.00;0.00;0;0;0
0;9;-0.02;0.00;-1;0;0
0;11;0.00;0.00;0;0;0
0;5;0.00;0.00;0;0;0
0;8;0.00;0.00;0;0;0
0;8;0.00;0.00;0;0;0
0;12;0.00;0.00;0;0;0
0;5;0.00;0.00;0;0;0
0;8;0.00;0.00;0;0;0
0;8;-0.02;0.00;-1;0;0
0;15;0.00;0.00;0;0;0
0;6;0.00;0.00;0;0;0
0;7;0.00;0.00;0;0;0
0;8;0.00;0.00;0;0;0
0;9;0.00;0.00;0;0;0
0;8;-0.02;0.00;-1;0;0
0;8;0.00;0.00;0;0;0
0;8;0.00;0.00;0;0;0
0;8;0.00;0.00;0;0;0
0;9;0.00;0.00;0;0;0
0;8;0.00;0.00;0;0;0
0;7;-0.02;0.00;-1;0;0
0;9;0.00;0.00;0;0;0
0;12;0.00;0.00;0;0;0
0;9;0.00;0.00;0;0;0
0;8;0.00;0.00;0;0;0
0;7;0.00;0.00;0;0;0
0;11;-0.02;0.00;-1;0;0
0;7;0.00;0.00;0;0;0
0;8;0.00;0.00;0;0;0
0;9;0.00;0.00;0;0;0
0;8;0.00;0.00;0;0;0
0;8;0.00;0.00;0;0;0
0;7;-0.02;0.00;-1;0;0
0;9;0.00;0.00;0;0;0
0;8;0.00;0.00;0;0;0
0;8;0.00;0.00;0;0;0
0;8;0.00;0.00;0;0;0
0;12;0.00;0.00;0;0;0
0;5;0.00;0.00;0;0;0
0;8;-0.02;0.00;-1;0;0
0;8;0.00;0.00;0;0;0
0;10;0.00;0.00;0;0;0
0;7;0.00;0.00;0;0;0
0;7;0.00;0.00;0;0;0
0;8;0.00;0.00;0;0;0
0;12;-0.02;0.00;-1;0;0
0;6;0.00;0.00;0;0;0
0;7;0.00;0.00;0;0;0
0;8;0.00;0.00;0;0;0
0;12;0.00;0.00;0;0;0
0;5;0.00;0.00;0;0;0
0;8;-0.02;0.00;-1;0;0
0;9;0.00;0.00;0;0;0
0;15;0.00;0.00;0;0;0
0;9;0.00;0.00;0;0;0
0;7;0.00;0.00;0;0;0
0;10;0.00;0.00;0;0;0
0;7;-0.02;0.00;-1;0;0
0;8;0.00;0.00;0;0;0
0;8;0.00;0.00;0;0;0
0;10;0.00;0.00;0;0;0
0;8;0.00;0.00;0;0;0
0;7;0.00;0.00;0;0;0
0;8;-0.02;0.00;-1;0;0
0;9;0.00;0.00;0;0;0
0;7;0.00;0.00;0;0;0
0;9;0.00;0.00;0;0;0
0;8;0.00;0.00;0;0;0
0;8;0.00;0.00;0;0;0
0;9;0.00;0.00;0;0;0
0;7;-0.02;0.00;-1;0;0
0;9;0.00;0.00;0;0;0
0;8;0.00;0.00;0;0;0
0;8;0.00;0.00;0;0;0
0;8;0.00;0.00;0;0;0
0;8;0.00;0.00;0;0;0
0;8;-0.02;0.00;-1;0;0
0;9;0.00;0.00;0;0;0
0;9;0.00;0.00;0;0;0
0;10;0.00;0.00;0;0;0
0;6;0.00;0.00;0;0;0
0;12;-0.02;0.00;-1;0;0
0;5;0.00;0.00;0;0;0
0;8;0.00;0.00;0;0;0
0;8;0.00;0.00;0;0;0
0;10;0.00;0.00;0;0;0
0;6;0.00;0.00;0;0;0
0;9;-0.02;0.00;-1;0;0
0;8;0.00;0.00;0;0;0
0;12;0.00;0.00;0;0;0
0;8;0.00;0.00;0;0;0
0;9;0.00;0.00;0;0;0
0;10;0.00;0.00;0;0;0
0;6;-0.02;0.00;-1;0;0
0;8;0.00;0.00;0;0;0
0;8;0.00;0.00;0;0;0
0;7;0.00;0.00;0;0;0
0;10;0.00;0.00;0;0;0
0;8;0.00;0.00;0;0;0
0;7;-0.02;0.00;-1;0;0
0;12;0.00;0.00;0;0;0
0;5;0.00;0.00;0;0;0
0;10;0.00;0.00;0;0;0
0;7;0.00;0.00;0;0;0
0;8;0.00;0.00;0;0;0
0;11;-0.02;0.00;-1;0;0
0;8;0.00;0.00;0;0;0
0;9;0.00;0.00;0;0;0
0;9;0.00;0.00;0;0;0
0;8;0.00;0.00;0;0;0
0;8;0.00;0.00;0;0;0
0;8;-0.02;0.00;-1;0;0
0;8;0.00;0.00;0;0;0
0;9;0.00;0.00;0;0;0
0;7;0.00;0.00;0;0;0
0;8;0.00;0.00;0;0;0
0;8;0.00;0.00;0;0;0
0;14;-0.02;0.00;-1;0;0
0;7;0.00;0.00;0;0;0
0;8;0.00;0.00;0;0;0
0;8;0.00;0.00;0;0;0
0;9;0.00;0.00;0;0;0
0;11;0.00;0.00;0;0;0
0;6;0.00;0.00;0;0;0
0;8;-0.02;0.00;-1;0;0
0;9;0.00;0.00;0;0;0
0;7;0.00;0.00;0;0;0
0;8;0.00;0.00;0;0;0
0;8;0.00;0.00;0;0;0
0;9;-0.02;0.00;-1;0;0
0;8;0.00;0.00;0;0;0
0;8;0.00;0.00;0;0;0
0;9;0.00;0.00;0;0;0
0;9;0.00;0.00;0;0;0
0;7;0.00;0.00;0;0;0
0;7;-0.02;0.00;-1;0;0
0;8;0.00;0.00;0;0;0
0;9;0.00;0.00;0;0;0
0;9;0.00;0.00;0;0;0
0;8;0.00;0.00;0;0;0
0;11;0.00;0.00;0;0;0
0;5;-0.02;0.00;-1;0;0
0;8;0.00;0.00;0;0;0
0;8;0.00;0.00;0;0;0
0;12;0.00;0.00;0;0;0
0;8;0.00;0.00;0;0;0
0;8;0.00;0.00;0;0;0
0;8;-0.02;0.00;-1;0;0
0;10;0.00;0.00;0;0;0
0;8;0.00;0.00;0;0;0
0;8;0.00;0.00;0;0;0
0;8;0.00;0.00;0;0;0
0;11;0.00;0.00;0;0;0
0;6;-0.02;0.00;-1;0;0
0;7;0.00;0.00;0;0;0
0;8;0.00;0.00;0;0;0
0;13;0.00;0.00;0;0;0
0;9;0.00;0.00;0;0;0
0;8;-0.02;0.00;-1;0;0
0;7;0.00;0.00;0;0;0
0;8;0.00;0.00;0;0;0
0;8;0.00;0.00;0;0;0
0;9;0.00;0.00;0;0;0
0;8;0.00;0.00;0;0;0
0;9;-0.02;0.00;-1;0;0
0;9;0.00;0.00;0;0;0
0;7;0.00;0.00;0;0;0
0;8;0.00;0.00;0;0;0
0;8;0.00;0.00;0;0;0
0;14;0.00;0.00;0;0;0
0;7;-0.02;0.00;-1;0;0
0;7;0.00;0.00;0;0;0
0;8;0.00;0.00;0;0;0
0;9;0.00;0.00;0;0;0
0;8;0.00;0.00;0;0;0
0;8;0.00;0.00;0;0;0
0;11;-0.02;0.00;-1;0;0
0;6;0.00;0.00;0;0;0
0;9;0.00;0.00;0;0;0
0;7;0.00;0.00;0;0;0
0;8;0.00;0.00;0;0;0
0;8;0.00;0.00;0;0;0
0;8;0.00;0.00;0;0;0
0;9;-0.02;0.00;-1;0;0
0;11;0.00;0.00;0;0;0
0;6;0.00;0.00;0;0;0
0;8;0.00;0.00;0;0;0
0;7;0.00;0.00;0;0;0
0;12;0.00;0.00;0;0;0
0;6;0.00;0.00;0;0;0
0;7;0.00;0.00;0;0;0
0;8;0.00;0.00;0;0;0
0;14;0.00;0.00;0;0;0
0;8;0.00;0.00;0;0;0
0;8;0.00;0.00;0;0;0
0;11;0.00;0.00;0;0;0
0;8;0.00;0.00;0;0;0
0;8;0.00;0.00;0;0;0
0;9;0.00;0.00;0;0;0
0;8;0.00;0.00;0;0;0
0;8;0.00;0.00;0;0;0
0;9;0.00;0.00;0;0;0
0;10;0.00;0.00;0;0;0
0;7;0.00;0.00;0;0;0
0;7;0.00;0.00;0;0;0
0;8;0.00;0.00;0;0;0
0;12;0.00;0.00;0;0;0
0;13;0.00;0.00;0;0;0
0;5;0.00;0.00;0;0;0
0;7;0.00;0.00;0;0;0
0;8;0.00;0.00;0;0;0
0;12;0.00;0.00;0;0;0
0;8;0.00;0.00;0;0;0
0;6;0.00;0.00;0;0;0
0;7;0.00;0.00;0;0;0
0;8;0.00;0.00;0;0;0
0;16;0.00;0.00;0;0;0
0;10;0.00;0.00;0;0;0
0;10;0.00;0.00;0;0;0
0;6;0.00;0.00;0;0;0
0;12;0.00;0.00;0;0;0
0;8;0.00;0.00;0;0;0
0;10;0.00;0.00;0;0;0
0;7;0.00;0.00;0;0;0
0;7;0.00;0.00;0;0;0
0;8;0.00;0.00;0;0;0
0;10;0.00;0.00;0;0;0
0;7;0.00;0.00;0;0;0
0;8;0.00;0.00;0;0;0
0;8;0.00;0.00;0;0;0
0;12;0.00;0.00;0;0;0
0;5;0.00;0.00;0;0;0
0;11;0.00;0.00;0;0;0
0;6;0.00;0.00;0;0;0
0;8;0.00;0.00;0;0;0
0;7;0.00;0.00;0;0;0
0;8;0.00;0.00;0;0;0
0;9;0.00;0.00;0;0;0
0;8;0.00;0.00;0;0;0
0;8;0.00;0.00;0;0;0
0;8;0.00;0.00;0;0;0
0;8;0.00;0.00;0;0;0
0;8;0.00;0.00;0;0;0
0;9;0.00;0.00;0;0;0
0;8;0.00;0.00;0;0;0
0;12;0.00;0.00;0;0;0
0;8;0.00;0.00;0;0;0
0;9;0.00;0.00;0;0;0
0;8;-0.02;0.00;-1;0;0
0;10;0.00;0.00;0;0;0
0;7;0.00;0.00;0;0;0
0;7;0.00;0.00;0;0;0
0;9;0.00;0.00;0;0;0
0;9;0.00;0.00;0;0;0
0;7;0.00;0.00;0;0;0
0;8;0.00;0.00;0;0;0
0;8;-0.02;0.00;-1;0;0
0;8;0.00;0.00;0;0;0
0;9;0.00;0.00;0;0;0
0;11;0.00;0.00;0;0;0
0;6;0.00;0.00;0;0;0
0;8;0.00;0.00;0;0;0
0;13;-0.02;0.00;-1;0;0
0;8;0.00;0.00;0;0;0
0;7;0.00;0.00;0;0;0
0;8;0.00;0.00;0;0;0
0;9;0.00;0.00;0;0;0
0;7;0.00;0.00;0;0;0
0;9;0.00;0.00;0;0;0
0;8;0.00;0.00;0;0;0
0;13;0.00;0.00;0;0;0
0;11;0.00;0.00;0;0;0
0;6;0.00;0.00;0;0;0
0;9;0.00;0.00;0;0;0
0;7;0.00;0.00;0;0;0
0;7;0.00;0.00;0;0;0
0;8;0.00;0.00;0;0;0
0;12;0.00;0.00;0;0;0
0;6;0.00;0.00;0;0;0
0;8;0.00;0.00;0;0;0
0;7;0.00;0.00;0;0;0
0;10;0.00;0.00;0;0;0
0;7;0.00;0.00;0;0;0
0;8;0.00;0.00;0;0;0
0;14;0.00;0.00;0;0;0
0;7;0.00;0.00;0;0;0
0;7;0.00;0.00;0;0;0
0;9;0.00;0.00;0;0;0
0;15;0.00;0.00;0;0;0
0;6;0.00;0.00;0;0;0
0;7;0.00;0.00;0;0;0
0;8;0.00;0.00;0;0;0
0;9;0.00;0.00;0;0;0
0;8;0.00;0.00;0;0;0
0;8;0.00;0.00;0;0;0
0;8;0.00;0.00;0;0;0
0;9;0.00;0.00;0;0;0
0;9;0.00;0.00;0;0;0
0;7;0.00;0.00;0;0;0
0;9;0.00;0.00;0;0;0
0;7;0.00;0.00;0;0;0
0;8;0.00;0.00;0;0;0
0;8;0.00;0.00;0;0;0
0;9;0.00;0.00;0;0;0
0;8;-0.02;0.00;-1;0;0
0;10;0.00;0.00;0;0;0
0;7;0.00;0.00;0;0;0
0;7;0.00;0.00;0;0;0
0;9;0.00;0.00;0;0;0
0;8;0.00;0.00;0;0;0
0;13;0.00;0.00;0;0;0
0;8;0.00;0.00;0;0;0
0;8;-0.02;0.00;-1;0;0
0;10;0.00;0.00;0;0;0
0;7;0.00;0.00;0;0;0
0;8;0.00;0.00;0;0;0
0;7;0.00;0.00;0;0;0
0;8;0.00;0.00;0;0;0
0;10;-0.02;0.00;-1;0;0
0;7;0.00;0.00;0;0;0
0;8;0.00;0.00;0;0;0
0;8;0.00;0.00;0;0;0
0;8;0.00;0.00;0;0;0
0;9;0.00;0.00;0;0;0
0;13;-0.02;0.00;-1;0;0
0;7;0.00;0.00;0;0;0
0;8;0.00;0.00;0;0;0
0;8;0.00;0.00;0;0;0
0;13;0.00;0.00;0;0;0
0;8;0.00;0.00;0;0;0
0;8;0.00;0.00;0;0;0
0;9;-0.02;0.00;-1;0;0
0;9;0.00;0.00;0;0;0
0;7;0.00;0.00;0;0;0
0;8;0.00;0.00;0;0;0
0;9;0.00;0.00;0;0;0
0;7;0.00;0.00;0;0;0
0;8;-0.02;0.00;-1;0;0
0;9;0.00;0.00;0;0;0
0;8;0.00;0.00;0;0;0
0;8;0.00;0.00;0;0;0
0;8;0.00;0.00;0;0;0
0;8;0.00;0.00;0;0;0
0;15;0.00;0.00;0;0;0
0;7;0.00;0.00;0;0;0
0;7;0.00;0.00;0;0;0
0;11;0.00;0.00;0;0;0
0;8;0.00;0.00;0;0;0
0;7;0.00;0.00;0;0;0
0;7;0.00;0.00;0;0;0
0;8;0.00;0.00;0;0;0
0;8;0.00;0.00;0;0;0
0;13;0.00;0.00;0;0;0
0;9;0.00;0.00;0;0;0
0;7;0.00;0.00;0;0;0
0;8;0.00;0.00;0;0;0
0;8;0.00;0.00;0;0;0
0;9;0.00;0.00;0;0;0
0;8;0.00;0.00;0;0;0
0;11;0.00;0.00;0;0;0
0;6;0.00;0.00;0;0;0
0;8;0.00;0.00;0;0;0
0;9;0.00;0.00;0;0;0
0;10;0.00;0.00;0;0;0
0;6;0.00;0.00;0;0;0
0;7;0.00;0.00;0;0;0
0;8;-0.02;0.00;-1;0;0
0;10;0.00;0.00;0;0;0
0;8;0.00;0.00;0;0;0
0;7;0.00;0.00;0;0;0
0;8;0.00;0.00;0;0;0
0;12;0.00;0.00;0;0;0
0;9;0.00;0.00;0;0;0
0;8;-0.02;0.00;-1;0;0
0;9;0.00;0.00;0;0;0
0;7;0.00;0.00;0;0;0
0;8;0.00;0.00;0;0;0
0;13;0.00;0.00;0;0;0
0;9;0.00;0.00;0;0;0
0;7;0.00;0.00;0;0;0
0;8;-0.02;0.00;-1;0;0
0;8;0.00;0.00;0;0;0
0;11;0.00;0.00;0;0;0
0;6;0.00;0.00;0;0;0
0;8;0.00;0.00;0;0;0
0;8;0.00;0.00;0;0;0
0;15;-0.02;0.00;-1;0;0
0;7;0.00;0.00;0;0;0
0;7;0.00;0.00;0;0;0
0;8;0.00;0.00;0;0;0
0;8;0.00;0.00;0;0;0
0;8;0.00;0.00;0;0;0
0;9;0.00;0.00;0;0;0
0;11;-0.02;0.00;-1;0;0
0;6;0.00;0.00;0;0;0
0;7;0.00;0.00;0;0;0
0;10;0.00;0.00;0;0;0
0;8;0.00;0.00;0;0;0
0;8;0.00;0.00;0;0;0
0;10;0.00;0.00;0;0;0
0;6;-0.02;0.00;-1;0;0
0;9;0.00;0.00;0;0;0
0;7;0.00;0.00;0;0;0
0;10;0.00;0.00;0;0;0
0;6;0.00;0.00;0;0;0
0;8;0.00;0.00;0;0;0
0;9;0.00;0.00;0;0;0
0;8;-0.02;0.00;-1;0;0
0;8;0.00;0.00;0;0;0
0;8;0.00;0.00;0;0;0
0;8;0.00;0.00;0;0;0
0;8;0.00;0.00;0;0;0
0;8;0.00;0.00;0;0;0
0;9;0.00;0.00;0;0;0
0;8;-0.02;0.00;-1;0;0
0;9;0.00;0.00;0;0;0
0;7;0.00;0.00;0;0;0
0;8;0.00;0.00;0;0;0
0;9;0.00;0.00;0;0;0
0;8;0.00;0.00;0;0;0
0;8;-0.02;0.00;-1;0;0
0;8;0.00;0.00;0;0;0
0;8;0.00;0.00;0;0;0
0;8;0.00;0.00;0;0;0
0;9;0.00;0.00;0;0;0
0;8;0.00;0.00;0;0;0
0;15;-0.02;0.00;-1;0;0
0;6;0.00;0.00;0;0;0
0;9;0.00;0.00;0;0;0
0;7;0.00;0.00;0;0;0
0;9;0.00;0.00;0;0;0
0;9;0.00;0.00;0;0;0
0;7;0.00;0.00;0;0;0
0;8;-0.02;0.00;-1;0;0
0;8;0.00;0.00;0;0;0
0;8;0.00;0.00;0;0;0
0;8;0.00;0.00;0;0;0
0;8;0.00;0.00;0;0;0
0;8;0.00;0.00;0;0;0
0;10;0.00;0.00;0;0;0
0;7;-0.02;0.00;-1;0;0
0;14;0.00;0.00;0;0;0
0;7;0.00;0.00;0;0;0
0;8;0.00;0.00;0;0;0
0;8;0.00;0.00;0;0;0
0;8;0.00;0.00;0;0;0
0;8;0.00;0.00;0;0;0
0;9;-0.02;0.00;-1;0;0
0;7;0.00;0.00;0;0;0
0;9;0.00;0.00;0;0;0
0;8;0.00;0.00;0;0;0
0;17;0.00;0.00;0;0;0
0;7;0.00;0.00;0;0;0
0;9;-0.02;0.00;-1;0;0
0;8;0.00;0.00;0;0;0
0;10;0.00;0.00;0;0;0
0;7;0.00;0.00;0;0;0
0;7;0.00;0.00;0;0;0
0;9;0.00;0.00;0;0;0
0;9;0.00;0.00;0;0;0
0;7;-0.02;0.00;-1;0;0
0;8;0.00;0.00;0;0;0
0;12;0.00;0.00;0;0;0
0;6;0.00;0.00;0;0;0
0;7;0.00;0.00;0;0;0
0;8;0.00;0.00;0;0;0
0;8;0.00;0.00;0;0;0
0;8;-0.02;0.00;-1;0;0
0;9;0.00;0.00;0;0;0
0;8;0.00;0.00;0;0;0
0;8;0.00;0.00;0;0;0
0;8;0.00;0.00;0;0;0
0;8;0.00;0.00;0;0;0
0;8;-0.02;0.00;-1;0;0
0;9;0.00;0.00;0;0;0
0;8;0.00;0.00;0;0;0
0;8;0.00;0.00;0;0;0
0;9;0.00;0.00;0;0;0
0;7;0.00;0.00;0;0;0
0;9;0.00;0.00;0;0;0
0;8;0.00;0.00;0;0;0
0;9;-0.02;0.00;-1;0;0
0;7;0.00;0.00;0;0;0
0;8;0.00;0.00;0;0;0
0;9;0.00;0.00;0;0;0
0;9;0.00;0.00;0;0;0
0;7;0.00;0.00;0;0;0
0;8;0.00;0.00;0;0;0
0;8;-0.02;0.00;-1;0;0
0;10;0.00;0.00;0;0;0
0;7;0.00;0.00;0;0;0
0;10;0.00;0.00;0;0;0
0;7;0.00;0.00;0;0;0
0;7;0.00;0.00;0;0;0
0;9;0.00;0.00;0;0;0
0;8;-0.02;0.00;-1;0;0
0;8;0.00;0.00;0;0;0
0;8;0.00;0.00;0;0;0
0;8;0.00;0.00;0;0;0
0;11;0.00;0.00;0;0;0
0;7;0.00;0.00;0;0;0
0;7;-0.02;0.00;-1;0;0
0;12;0.00;0.00;0;0;0
0;8;0.00;0.00;0;0;0
0;10;0.00;0.00;0;0;0
0;7;0.00;0.00;0;0;0
0;11;0.00;0.00;0;0;0
0;6;0.00;0.00;0;0;0
0;7;-0.02;0.00;-1;0;0
0;8;0.00;0.00;0;0;0
0;11;0.00;0.00;0;0;0
0;6;0.00;0.00;0;0;0
0;8;0.00;0.00;0;0;0
0;8;0.00;0.00;0;0;0
0;8;0.00;0.00;0;0;0
0;9;-0.02;0.00;-1;0;0
0;8;0.00;0.00;0;0;0
0;9;0.00;0.00;0;0;0
0;7;0.00;0.00;0;0;0
0;8;0.00;0.00;0;0;0
0;9;0.00;0.00;0;0;0
0;8;0.00;0.00;0;0;0
0;9;-0.02;0.00;-1;0;0
0;7;0.00;0.00;0;0;0
0;8;0.00;0.00;0;0;0
0;9;0.00;0.00;0;0;0
0;13;0.00;0.00;0;0;0
0;7;0.00;0.00;0;0;0
0;8;0.00;0.00;0;0;0
0;9;-0.02;0.00;-1;0;0
0;8;0.00;0.00;0;0;0
0;8;0.00;0.00;0;0;0
0;8;0.00;0.00;0;0;0
0;8;0.00;0.00;0;0;0
0;8;0.00;0.00;0;0;0
0;9;0.00;0.00;0;0;0
0;8;-0.02;0.00;-1;0;0
0;8;0.00;0.00;0;0;0
0;8;0.00;0.00;0;0;0
0;8;0.00;0.00;0;0;0
0;9;0.00;0.00;0;0;0
0;8;0.00;0.00;0;0;0
0;11;-0.02;0.00;-1;0;0
0;8;0.00;0.00;0;0;0
0;5;0.00;0.00;0;0;0
0;8;0.00;0.00;0;0;0
0;12;0.00;0.00;0;0;0
0;5;0.00;0.00;0;0;0
0;8;0.00;0.00;0;0;0
0;8;0.00;0.00;0;0;0
0;13;-0.04;0.02;-1;0;1
0;5;0.00;0.00;0;0;0
0;7;0.00;0.00;0;0;0
0;9;0.00;0.00;0;0;0
0;9;0.00;0.00;0;0;0
0;7;0.00;0.00;0;0;0
0;11;-0.02;0.00;-1;0;0
0;5;-0.01;0.02;0;0;1
0;9;0.00;0.00;0;0;0
0;7;0.00;0.00;0;0;0
0;8;0.00;0.00;0;0;0
0;11;0.00;0.00;0;0;0
0;10;0.00;0.00;0;0;0
0;8;-0.02;0.00;-1;0;0
0;8;-0.01;0.02;0;0;1
0;15;0.00;0.00;0;0;0
0;6;0.00;0.00;0;0;0
0;8;0.00;0.00;0;0;0
0;8;0.00;0.00;0;0;0
0;16;-0.02;0.00;-1;0;0
0;10;-0.01;0.02;0;0;1
0;7;0.00;0.00;0;0;0
0;8;0.00;0.00;0;0;0
0;8;0.00;0.00;0;0;0
0;10;0.00;0.00;0;0;0
0;10;-0.02;0.00;-1;0;0
0;5;0.00;0.00;0;0;0
0;8;0.00;0.00;0;0;0
0;8;-0.01;0.02;0;0;1
0;8;0.00;0.00;0;0;0
0;9;0.00;0.00;0;0;0
0;8;-0.02;0.00;-1;0;0
0;10;0.00;0.00;0;0;0
0;8;0.00;0.00;0;0;0
0;10;0.00;0.00;0;0;0
0;5;0.00;0.00;0;0;0
0;8;-0.01;0.02;0;0;1
0;8;0.00;0.00;0;0;0
0;8;-0.02;0.00;-1;0;0
0;14;0.00;0.00;0;0;0
0;8;0.00;0.00;0;0;0
0;7;0.00;0.00;0;0;0
0;8;0.00;0.00;0;0;0
0;12;-0.04;0.02;-1;0;1
0;9;0.00;0.00;0;0;0
0;8;0.00;0.00;0;0;0
0;11;0.00;0.00;0;0;0
0;5;0.00;0.00;0;0;0
0;8;0.00;0.00;0;0;0
0;8;0.00;0.00;0;0;0
0;10;-0.04;0.02;-1;0;1
0;7;0.00;0.00;0;0;0
0;8;0.00;0.00;0;0;0
0;9;0.00;0.00;0;0;0
0;9;0.00;0.00;0;0;0
0;7;0.00;0.00;0;0;0
0;8;-0.02;0.00;-1;0;0
0;8;-0.01;0.02;0;0;1
0;11;0.00;0.00;0;0;0
0;9;0.00;0.00;0;0;0
0;9;0.00;0.00;0;0;0
0;11;0.00;0.00;0;0;0
0;5;-0.02;0.00;-1;0;0
0;11;0.00;0.00;0;0;0
0;5;-0.01;0.02;0;0;1
0;10;0.00;0.00;0;0;0
0;7;0.00;0.00;0;0;0
0;8;0.00;0.00;0;0;0
0;8;-0.02;0.00;-1;0;0
0;11;0.00;0.00;0;0;0
0;7;0.00;0.00;0;0;0
0;7;-0.01;0.02;0;0;1
0;8;0.00;0.00;0;0;0
0;8;0.00;0.00;0;0;0
0;8;-0.02;0.00;-1;0;0
0;9;0.00;0.00;0;0;0
0;8;0.00;0.00;0;0;0
0;10;-0.01;0.02;0;0;1
0;6;0.00;0.00;0;0;0
0;8;0.00;0.00;0;0;0
0;8;0.00;0.00;0;0;0
0;9;-0.02;0.00;-1;0;0
0;8;0.00;0.00;0;0;0
0;8;0.00;0.00;0;0;0
0;8;-0.01;0.02;0;0;1
0;8;0.00;0.00;0;0;0
0;9;0.00;0.00;0;0;0
0;9;-0.02;0.00;-1;0;0
0;7;0.00;0.00;0;0;0
0;8;0.00;0.00;0;0;0
0;8;0.00;0.00;0;0;0
0;10;-0.01;0.02;0;0;1
0;8;0.00;0.00;0;0;0
0;7;-0.02;0.00;-1;0;0
0;15;0.00;0.00;0;0;0
0;6;0.00;0.00;0;0;0
0;8;0.00;0.00;0;0;0
0;8;0.00;0.00;0;0;0
0;11;-0.04;0.02;-1;0;1
0;5;0.00;0.00;0;0;0
0;8;0.00;0.00;0;0;0
0;9;0.00;0.00;0;0;0
0;10;0.00;0.00;0;0;0
0;6;0.00;0.00;0;0;0
0;8;-0.01;0.02;0;0;1
0;8;0.00;0.00;0;0;0
0;9;-0.02;0.00;-1;0;0
0;8;0.00;0.00;0;0;0
0;8;0.00;0.00;0;0;0
0;8;0.00;0.00;0;0;0
0;9;-0.01;0.02;0;0;1
0;8;0.00;0.00;0;0;0
0;8;-0.02;0.00;-1;0;0
0;11;0.00;0.00;0;0;0
0;6;0.00;0.00;0;0;0
0;7;0.00;0.00;0;0;0
0;8;0.00;0.00;0;0;0
0;9;-0.01;0.02;0;0;1
0;8;0.00;0.00;0;0;0
0;8;-0.02;0.00;-1;0;0
0;8;0.00;0.00;0;0;0
0;12;0.00;0.00;0;0;0
0;9;0.00;0.00;0;0;0
0;8;0.00;0.00;0;0;0
0;8;-0.04;0.02;-1;0;1
0;8;0.00;0.00;0;0;0
0;9;0.00;0.00;0;0;0
0;8;0.00;0.00;0;0;0
0;8;0.00;0.00;0;0;0
0;8;0.00;0.00;0;0;0
0;8;-0.01;0.02;0;0;1
0;8;-0.02;0.00;-1;0;0
0;9;0.00;0.00;0;0;0
0;8;0.00;0.00;0;0;0
0;11;0.00;0.00;0;0;0
0;5;0.00;0.00;0;0;0
0;8;-0.01;0.02;0;0;1
0;9;-0.02;0.00;-1;0;0
0;13;0.00;0.00;0;0;0
0;7;0.00;0.00;0;0;0
0;8;0.00;0.00;0;0;0
0;8;0.00;0.00;0;0;0
0;9;-0.01;0.02;0;0;1
0;8;-0.02;0.00;-1;0;0
0;8;0.00;0.00;0;0;0
0;8;0.00;0.00;0;0;0
0;8;0.00;0.00;0;0;0
0;9;0.00;0.00;0;0;0
0;9;0.00;0.00;0;0;0
0;7;-0.02;0.00;-1;0;0
0;8;0.00;0.00;0;0;0
0;8;0.00;0.00;0;0;0
0;9;-0.01;0.02;0;0;1
0;8;0.00;0.00;0;0;0
0;8;0.00;0.00;0;0;0
0;8;0.00;0.00;0;0;0
0;8;-0.02;0.00;-1;0;0
0;12;0.00;0.00;0;0;0
0;5;0.00;0.00;0;0;0
0;8;0.00;0.00;0;0;0
0;8;0.00;0.00;0;0;0
0;11;-0.02;0.00;-1;0;0
0;6;0.00;0.00;0;0;0
0;8;0.00;0.00;0;0;0
0;8;0.00;0.00;0;0;0
0;8;0.00;0.00;0;0;0
0;8;0.00;0.00;0;0;0
0;8;0.00;0.00;0;0;0
0;9;-0.01;0.02;0;0;1
0;11;-0.02;0.00;-1;0;0
0;5;0.00;0.00;0;0;0
0;8;0.00;0.00;0;0;0
0;8;0.00;0.00;0;0;0
0;9;-0.01;0.02;0;0;1
0;12;0.00;0.00;0;0;0
0;8;-0.02;0.00;-1;0;0
0;11;0.00;0.00;0;0;0
0;5;0.00;0.00;0;0;0
0;9;-0.01;0.02;0;0;1
0;8;0.00;0.00;0;0;0
0;9;-0.02;0.00;-1;0;0
0;7;0.00;0.00;0;0;0
0;12;0.00;0.00;0;0;0
0;8;0.00;0.00;0;0;0
0;5;-0.01;0.02;0;0;1
0;8;0.00;0.00;0;0;0
0;12;-0.02;0.00;-1;0;0
0;12;0.00;0.00;0;0;0
0;6;0.00;0.00;0;0;0
0;7;0.00;0.00;0;0;0
0;8;0.00;0.00;0;0;0
0;8;0.00;0.00;0;0;0
0;8;-0.02;0.00;-1;0;0
0;10;0.00;0.00;0;0;0
0;7;0.00;0.00;0;0;0
0;8;0.00;0.00;0;0;0
0;8;0.00;0.00;0;0;0
0;11;-0.02;0.00;-1;0;0
0;8;0.00;0.00;0;0;0
0;6;0.00;0.00;0;0;0
0;10;0.00;0.00;0;0;0
0;10;-0.02;0.00;-1;0;0
0;8;0.00;0.00;0;0;0
0;9;0.00;0.00;0;0;0
0;8;-0.02;0.00;-1;0;0
0;9;0.00;0.00;0;0;0
0;7;0.00;0.00;0;0;0
0;8;-0.02;0.00;-1;0;0
0;9;0.00;0.00;0;0;0
0;9;-0.04;-0.02;-1;1;0
0;7;0.00;0.00;0;0;0
0;8;-0.02;0.00;-1;0;0
0;8;0.00;0.00;0;0;0
0;18;-0.05;0.00;-2;0;0
0;7;0.00;0.00;0;0;0
0;11;-0.02;0.00;-1;0;0
0;5;-0.01;-0.02;0;1;0
0;10;0.00;0.00;0;0;0
0;7;-0.02;0.00;-1;0;0
0;12;0.00;0.00;0;0;0
0;8;0.00;0.00;0;0;0
0;8;0.00;0.00;0;0;0
0;9;0.00;0.00;0;0;0
0;9;-0.02;0.00;-1;0;0
0;7;0.00;0.00;0;0;0
0;8;-0.01;-0.02;0;1;0
0;8;0.00;0.00;0;0;0
0;12;0.00;0.00;0;0;0
0;5;0.00;0.00;0;0;0
0;8;0.00;0.00;0;0;0
0;8;0.00;0.00;0;0;0
0;8;0.00;0.00;0;0;0
0;9;-0.02;0.00;-1;0;0
0;8;0.00;0.00;0;0;0
0;8;0.00;0.00;0;0;0
0;8;0.00;0.00;0;0;0
0;12;0.00;0.00;0;0;0
0;9;0.00;0.00;0;0;0
0;13;0.00;0.00;0;0;0
0;10;-0.02;0.00;-1;0;0
0;5;0.00;0.00;0;0;0
0;8;0.00;0.00;0;0;0
0;9;0.00;0.00;0;0;0
0;12;0.00;0.00;0;0;0
0;8;-0.02;0.00;-1;0;0
0;8;0.00;0.00;0;0;0
0;9;0.00;0.00;0;0;0
0;8;0.00;0.00;0;0;0
0;8;-0.01;-0.02;0;1;0
0;8;0.00;0.00;0;0;0
0;8;0.00;0.00;0;0;0
0;11;0.00;0.00;0;0;0
0;7;-0.02;0.00;-1;0;0
0;7;0.00;0.00;0;0;0
0;11;-0.01;-0.02;0;1;0
0;5;-0.01;0.02;0;0;1
0;8;0.00;0.00;0;0;0
0;9;0.00;0.00;0;0;0
0;8;0.00;0.00;0;0;0
0;8;0.00;0.00;0;0;0
0;8;-0.02;0.00;-1;0;0
0;8;0.00;0.00;0;0;0
0;14;-0.01;-0.02;0;1;0
0;12;0.00;0.00;0;0;0
0;7;0.00;0.00;0;0;0
0;13;-0.02;0.00;-1;0;0
0;8;0.00;0.00;0;0;0
0;8;0.00;0.00;0;0;0
0;8;0.00;0.00;0;0;0
0;8;-0.02;0.00;-1;0;0
0;8;0.00;0.00;0;0;0
0;9;0.00;0.00;0;0;0
0;8;0.00;0.00;0;0;0
0;8;0.00;0.00;0;0;0
0;8;0.00;0.00;0;0;0
0;11;-0.02;0.00;-1;0;0
0;6;0.00;0.00;0;0;0
0;8;0.00;0.00;0;0;0
0;12;0.00;0.00;0;0;0
0;12;0.00;0.00;0;0;0
0;9;0.00;0.00;0;0;0
0;11;0.00;0.00;0;0;0
0;6;-0.02;0.00;-1;0;0
0;7;0.00;0.00;0;0;0
0;8;0.00;0.00;0;0;0
0;8;0.00;0.00;0;0;0
0;9;0.00;0.00;0;0;0
0;11;0.00;0.00;0;0;0
0;5;0.00;0.00;0;0;0
0;11;-0.02;0.00;-1;0;0
0;5;0.00;0.00;0;0;0
0;9;0.00;0.00;0;0;0
0;8;0.00;0.00;0;0;0
0;11;0.00;0.00;0;0;0
0;5;0.00;0.00;0;0;0
0;8;-0.02;0.00;-1;0;0
0;9;0.00;0.00;0;0;0
0;9;0.00;0.00;0;0;0
0;7;0.00;0.00;0;0;0
0;8;0.00;0.00;0;0;0
0;8;0.00;0.00;0;0;0
0;14;0.00;0.00;0;0;0
0;7;-0.02;0.00;-1;0;0
0;8;0.00;0.00;0;0;0
0;10;0.00;0.00;0;0;0
0;6;0.00;0.00;0;0;0
0;9;0.00;0.00;0;0;0
0;8;0.00;0.00;0;0;0
0;8;0.00;0.00;0;0;0
0;8;-0.02;0.00;-1;0;0
0;8;0.00;0.00;0;0;0
0;9;0.00;0.00;0;0;0
0;12;0.00;0.00;0;0;0
0;9;0.00;0.00;0;0;0
0;7;0.00;0.00;0;0;0
0;11;-0.02;0.00;-1;0;0
0;9;0.00;0.00;0;0;0
0;5;0.00;0.00;0;0;0
0;9;0.00;0.00;0;0;0
0;7;0.00;0.00;0;0;0
0;8;-0.01;0.02;0;0;1
0;9;0.00;0.00;0;0;0
0;8;0.00;0.00;0;0;0
0;8;-0.02;0.00;-1;0;0
0;8;0.00;0.00;0;0;0
0;10;0.00;0.00;0;0;0
0;7;0.00;0.00;0;0;0
0;8;-0.01;0.02;0;0;1
0;12;-0.02;0.00;-1;0;0
0;8;0.00;0.00;0;0;0
0;8;0.00;0.00;0;0;0
0;9;-0.02;0.00;-1;0;0
0;8;0.00;0.00;0;0;0
0;8;-0.01;0.02;0;0;1
0;8;0.00;0.00;0;0;0
0;8;-0.02;0.00;-1;0;0
0;9;0.00;0.00;0;0;0
0;8;0.00;0.00;0;0;0
0;8;-0.02;0.00;-1;0;0
0;8;0.00;0.00;0;0;0
0;11;-0.04;0.02;-1;0;1
0;6;0.00;0.00;0;0;0
0;8;-0.02;0.00;-1;0;0
0;9;0.00;0.00;0;0;0
0;12;0.00;0.00;0;0;0
0;7;0.00;0.00;0;0;0
0;9;-0.02;0.00;-1;0;0
0;8;0.00;0.00;0;0;0
0;9;0.00;0.00;0;0;0
0;7;0.00;0.00;0;0;0
0;8;-0.02;0.00;-1;0;0
0;9;0.00;0.00;0;0;0
0;8;0.00;0.00;0;0;0
0;8;-0.01;0.02;0;0;1
0;8;0.00;0.00;0;0;0
0;8;0.00;0.00;0;0;0
0;8;0.00;0.00;0;0;0
0;9;0.00;0.00;0;0;0
0;9;-0.02;0.00;-1;0;0
0;7;0.00;0.00;0;0;0
0;8;0.00;0.00;0;0;0
0;8;0.00;0.00;0;0;0
0;9;0.00;0.00;0;0;0
0;8;0.00;0.00;0;0;0
0;9;0.00;0.00;0;0;0
0;7;0.00;0.00;0;0;0
0;8;0.00;0.00;0;0;0
0;9;0.00;0.00;0;0;0
0;8;-0.02;0.00;-1;0;0
0;9;0.00;0.00;0;0;0
0;7;0.00;0.00;0;0;0
0;8;0.00;0.00;0;0;0
0;9;0.00;0.00;0;0;0
0;9;0.00;0.00;0;0;0
0;7;-0.02;0.00;-1;0;0
0;8;0.00;0.00;0;0;0
0;8;0.00;0.00;0;0;0
0;9;0.00;0.00;0;0;0
0;8;0.00;0.00;0;0;0
0;8;0.00;0.00;0;0;0
0;8;0.00;0.00;0;0;0
0;8;0.00;0.00;0;0;0
0;8;0.00;0.00;0;0;0
0;9;-0.02;0.00;-1;0;0
0;8;-0.01;0.02;0;0;1
0;10;0.00;0.00;0;0;0
0;6;0.00;0.00;0;0;0
0;8;0.00;0.00;0;0;0
0;9;0.00;0.00;0;0;0
0;8;0.00;0.00;0;0;0
0;8;-0.02;0.00;-1;0;0
0;8;-0.01;0.02;0;0;1
0;8;0.00;0.00;0;0;0
0;9;0.00;0.00;0;0;0
0;8;0.00;0.00;0;0;0
0;8;0.00;0.00;0;0;0
0;8;0.00;0.00;0;0;0
0;8;-0.04;0.02;-1;0;1
0;9;0.00;0.00;0;0;0
0;8;0.00;0.00;0;0;0
0;8;0.00;0.00;0;0;0
0;8;0.00;0.00;0;0;0
0;8;0.00;0.00;0;0;0
0;9;-0.01;0.02;0;0;1
0;8;-0.02;0.00;-1;0;0
0;11;0.00;0.00;0;0;0
0;5;0.00;0.00;0;0;0
0;8;0.00;0.00;0;0;0
0;11;0.00;0.00;0;0;0
0;6;0.00;0.00;0;0;0
0;8;-0.01;0.02;0;0;1
0;8;-0.02;0.00;-1;0;0
0;11;0.00;0.00;0;0;0
0;5;0.00;0.00;0;0;0
0;9;0.00;0.00;0;0;0
0;8;0.00;0.00;0;0;0
0;8;0.00;0.00;0;0;0
0;8;0.00;0.00;0;0;0
0;11;-0.02;0.00;-1;0;0
0;7;0.00;0.00;0;0;0
0;7;0.00;0.00;0;0;0
0;8;-0.01;0.02;0;0;1
0;8;0.00;0.00;0;0;0
0;9;0.00;0.00;0;0;0
0;9;0.00;0.00;0;0;0
0;7;0.00;0.00;0;0;0
0;8;-0.02;0.00;-1;0;0
0;8;0.00;0.00;0;0;0
0;8;0.00;0.00;0;0;0
0;9;0.00;0.00;0;0;0
0;9;0.00;0.00;0;0;0
0;7;0.00;0.00;0;0;0
0;8;-0.04;0.02;-1;0;1
0;8;0.00;0.00;0;0;0
0;9;0.00;0.00;0;0;0
0;8;0.00;0.00;0;0;0
0;8;0.00;0.00;0;0;0
0;8;0.00;0.00;0;0;0
0;8;-0.01;0.02;0;0;1
0;8;-0.02;0.00;-1;0;0
0;9;0.00;0.00;0;0;0
0;11;0.00;0.00;0;0;0
0;5;0.00;0.00;0;0;0
0;8;0.00;0.00;0;0;0
0;8;-0.01;0.02;0;0;1
0;19;-0.02;0.00;-1;0;0
0;6;0.00;0.00;0;0;0
0;8;0.00;0.00;0;0;0
0;17;0.00;0.00;0;0;0
0;8;-0.04;0.02;-1;0;1
0;8;0.00;0.00;0;0;0
0;8;0.00;0.00;0;0;0
0;8;0.00;0.00;0;0;0
0;8;0.00;0.00;0;0;0
0;9;0.00;0.00;0;0;0
0;11;-0.04;0.02;-1;0;1
0;5;0.00;0.00;0;0;0
0;11;0.00;0.00;0;0;0
0;5;0.00;0.00;0;0;0
0;9;0.00;0.00;0;0;0
0;8;0.00;0.00;0;0;0
0;8;0.00;0.00;0;0;0
0;8;-0.04;0.02;-1;0;1
0;8;0.00;0.00;0;0;0
0;9;0.00;0.00;0;0;0
0;10;0.00;0.00;0;0;0
0;6;0.00;0.00;0;0;0
0;8;0.00;0.00;0;0;0
0;8;-0.02;0.00;-1;0;0
0;11;0.00;0.00;0;0;0
0;6;0.00;0.00;0;0;0
0;7;0.00;0.00;0;0;0
0;8;0.00;0.00;0;0;0
0;9;0.00;0.00;0;0;0
0;9;-0.02;0.00;-1;0;0
0;7;0.00;0.00;0;0;0
0;8;0.00;0.00;0;0;0
0;8;0.00;0.00;0;0;0
0;8;0.00;0.00;0;0;0
0;8;0.00;0.00;0;0;0
0;9;-0.02;0.00;-1;0;0
0;8;0.00;0.00;0;0;0
0;8;0.00;0.00;0;0;0
0;8;0.00;0.00;0;0;0
0;15;0.00;0.00;0;0;0
0;6;0.00;0.00;0;0;0
0;8;-0.02;0.00;-1;0;0
0;8;0.00;0.00;0;0;0
0;10;0.00;0.00;0;0;0
0;7;0.00;0.00;0;0;0
0;8;0.00;0.00;0;0;0
0;8;0.00;0.00;0;0;0
0;8;-0.02;0.00;-1;0;0
0;8;0.00;0.00;0;0;0
0;8;0.00;0.00;0;0;0
0;9;0.00;0.00;0;0;0
0;8;0.00;0.00;0;0;0
0;8;0.00;0.00;0;0;0
0;8;-0.04;0.02;-1;0;1
0;11;0.00;0.00;0;0;0
0;6;0.00;0.00;0;0;0
0;8;0.00;0.00;0;0;0
0;8;0.00;0.00;0;0;0
0;9;0.00;0.00;0;0;0
0;8;0.00;0.00;0;0;0
0;8;-0.02;0.00;-1;0;0
0;8;-0.01;0.02;0;0;1
0;11;0.00;0.00;0;0;0
0;6;0.00;0.00;0;0;0
0;7;0.00;0.00;0;0;0
0;9;0.00;0.00;0;0;0
0;8;-0.02;0.00;-1;0;0
0;8;-0.01;0.02;0;0;1
0;12;0.00;0.00;0;0;0
0;9;0.00;0.00;0;0;0
0;8;0.00;0.00;0;0;0
0;8;-0.02;0.00;-1;0;0
0;8;0.00;0.00;0;0;0
0;8;-0.01;0.02;0;0;1
0;8;0.00;0.00;0;0;0
0;11;0.00;0.00;0;0;0
0;6;0.00;0.00;0;0;0
0;8;-0.02;0.00;-1;0;0
0;9;0.00;0.00;0;0;0
0;10;-0.01;0.02;0;0;1
0;6;0.00;0.00;0;0;0
0;8;0.00;0.00;0;0;0
0;8;0.00;0.00;0;0;0
0;9;-0.02;0.00;-1;0;0
0;7;0.00;0.00;0;0;0
0;8;0.00;0.00;0;0;0
0;9;0.00;0.00;0;0;0
0;11;-0.01;0.02;0;0;1
0;6;0.00;0.00;0;0;0
0;8;-0.02;0.00;-1;0;0
0;7;0.00;0.00;0;0;0
0;12;0.00;0.00;0;0;0
0;5;0.00;0.00;0;0;0
0;8;0.00;0.00;0;0;0
0;8;0.00;0.00;0;0;0
0;8;-0.02;0.00;-1;0;0
0;9;0.00;0.00;0;0;0
0;8;0.00;0.00;0;0;0
0;8;0.00;0.00;0;0;0
0;8;0.00;0.00;0;0;0
0;8;0.00;0.00;0;0;0
0;9;-0.02;0.00;-1;0;0
0;8;0.00;0.00;0;0;0
0;8;0.00;0.00;0;0;0
0;8;0.00;0.00;0;0;0
0;8;0.00;0.00;0;0;0
0;9;0.00;0.00;0;0;0
0;8;-0.02;0.00;-1;0;0
0;8;0.00;0.00;0;0;0
0;8;0.00;0.00;0;0;0
0;8;0.00;0.00;0;0;0
0;8;0.00;0.00;0;0;0
0;9;0.00;0.00;0;0;0
0;8;0.00;0.00;0;0;0
0;8;-0.02;0.00;-1;0;0
0;8;0.00;0.00;0;0;0
0;11;0.00;0.00;0;0;0
0;6;0.00;0.00;0;0;0
0;8;0.00;0.00;0;0;0
0;8;0.00;0.00;0;0;0
0;11;-0.02;0.00;-1;0;0
0;5;0.00;0.00;0;0;0
0;9;0.00;0.00;0;0;0
0;8;0.00;0.00;0;0;0
0;11;0.00;0.00;0;0;0
0;5;0.00;0.00;0;0;0
0;8;0.00;0.00;0;0;0
0;9;-0.04;0.02;-1;0;1
0;8;0.00;0.00;0;0;0
0;8;0.00;0.00;0;0;0
0;8;0.00;0.00;0;0;0
0;8;0.00;0.00;0;0;0
0;8;0.00;0.00;0;0;0
0;9;-0.02;0.00;-1;0;0
0;8;0.00;0.00;0;0;0
0;8;-0.01;0.02;0;0;1
0;11;0.00;0.00;0;0;0
0;5;0.00;0.00;0;0;0
0;9;0.00;0.00;0;0;0
0;8;0.00;0.00;0;0;0
0;10;-0.02;0.00;-1;0;0
0;6;-0.01;0.02;0;0;1
0;8;0.00;0.00;0;0;0
0;9;0.00;0.00;0;0;0
0;14;0.00;0.00;0;0;0
0;6;-0.02;0.00;-1;0;0
0;8;0.00;0.00;0;0;0
0;9;0.00;0.00;0;0;0
0;8;-0.01;0.02;0;0;1
0;8;0.00;0.00;0;0;0
0;8;0.00;0.00;0;0;0
0;10;-0.02;0.00;-1;0;0
0;6;0.00;0.00;0;0;0
0;9;0.00;0.00;0;0;0
0;8;0.00;0.00;0;0;0
0;9;-0.01;0.02;0;0;1
0;7;0.00;0.00;0;0;0
0;8;-0.02;0.00;-1;0;0
0;9;0.00;0.00;0;0;0
0;11;0.00;0.00;0;0;0
0;5;0.00;0.00;0;0;0
0;8;0.00;0.00;0;0;0
0;8;-0.01;0.02;0;0;1
0;9;0.00;0.00;0;0;0
0;8;-0.02;0.00;-1;0;0
0;9;0.00;0.00;0;0;0
0;7;0.00;0.00;0;0;0
0;8;0.00;0.00;0;0;0
0;9;0.00;0.00;0;0;0
0;11;-0.01;0.02;0;0;1
0;5;-0.02;0.00;-1;0;0
0;8;0.00;0.00;0;0;0
0;8;0.00;0.00;0;0;0
0;8;0.00;0.00;0;0;0
0;9;0.00;0.00;0;0;0
0;8;0.00;0.00;0;0;0
0;10;-0.04;0.02;-1;0;1
0;6;0.00;0.00;0;0;0
0;8;0.00;0.00;0;0;0
0;9;0.00;0.00;0;0;0
0;11;0.00;0.00;0;0;0
0;5;0.00;0.00;0;0;0
0;8;-0.02;0.00;-1;0;0
0;8;-0.01;0.02;0;0;1
0;12;0.00;0.00;0;0;0
0;9;0.00;0.00;0;0;0
0;8;0.00;0.00;0;0;0
0;7;0.00;0.00;0;0;0
0;9;-0.02;0.00;-1;0;0
0;9;0.00;0.00;0;0;0
0;8;-0.01;0.02;0;0;1
0;7;0.00;0.00;0;0;0
0;9;0.00;0.00;0;0;0
0;7;0.00;0.00;0;0;0
0;10;-0.02;0.00;-1;0;0
0;8;0.00;0.00;0;0;0
0;8;0.00;0.00;0;0;0
0;8;-0.01;0.02;0;0;1
0;8;0.00;0.00;0;0;0
0;12;0.00;0.00;0;0;0
0;5;0.00;0.00;0;0;0
0;8;-0.02;0.00;-1;0;0
0;8;0.00;0.00;0;0;0
0;10;0.00;0.00;0;0;0
0;8;0.00;0.00;0;0;0
0;7;0.00;0.00;0;0;0
0;8;0.00;0.00;0;0;0
0;8;-0.02;0.00;-1;0;0
0;8;0.00;0.00;0;0;0
0;8;0.00;0.00;0;0;0
0;11;0.00;0.00;0;0;0
0;6;0.00;0.00;0;0;0
0;7;0.00;0.00;0;0;0
0;9;0.00;0.00;0;0;0
0;10;-0.02;0.00;-1;0;0
0;7;0.00;0.00;0;0;0
0;8;0.00;0.00;0;0;0
0;8;0.00;0.00;0;0;0
0;8;0.00;0.00;0;0;0
0;7;0.00;0.00;0;0;0
0;10;-0.02;0.00;-1;0;0
0;11;0.00;0.00;0;0;0
0;5;0.00;0.00;0;0;0
0;10;0.00;0.00;0;0;0
0;6;0.00;0.00;0;0;0
0;9;0.00;0.00;0;0;0
0;8;0.00;0.00;0;0;0
0;8;-0.02;0.00;-1;0;0
0;8;0.00;0.00;0;0;0
0;8;-0.01;0.02;0;0;1
0;9;0.00;0.00;0;0;0
0;8;0.00;0.00;0;0;0
0;8;0.00;0.00;0;0;0
0;8;-0.02;0.00;-1;0;0
0;7;0.00;0.00;0;0;0
0;9;0.00;0.00;0;0;0
0;8;-0.01;0.02;0;0;1
0;9;0.00;0.00;0;0;0
0;8;0.00;0.00;0;0;0
0;8;0.00;0.00;0;0;0
0;11;-0.02;0.00;-1;0;0
0;7;0.00;0.00;0;0;0
0;7;-0.01;0.02;0;0;1
0;8;0.00;0.00;0;0;0
0;7;0.00;0.00;0;0;0
0;12;0.00;0.00;0;0;0
0;6;-0.02;0.00;-1;0;0
0;8;0.00;0.00;0;0;0
0;11;0.00;0.00;0;0;0
0;5;-0.01;0.02;0;0;1
0;11;0.00;0.00;0;0;0
0;6;0.00;0.00;0;0;0
0;10;0.00;0.00;0;0;0
0;6;-0.02;0.00;-1;0;0
0;8;0.00;0.00;0;0;0
0;11;0.00;0.00;0;0;0
0;7;-0.01;0.02;0;0;1
0;7;0.00;0.00;0;0;0
0;8;0.00;0.00;0;0;0
0;8;0.00;0.00;0;0;0
0;10;-0.02;0.00;-1;0;0
0;6;0.00;0.00;0;0;0
0;11;0.00;0.00;0;0;0
0;6;-0.01;0.02;0;0;1
0;8;0.00;0.00;0;0;0
0;9;0.00;0.00;0;0;0
0;8;-0.02;0.00;-1;0;0
0;8;0.00;0.00;0;0;0
0;8;0.00;0.00;0;0;0
0;8;0.00;0.00;0;0;0
0;9;-0.01;0.02;0;0;1
0;7;0.00;0.00;0;0;0
0;9;0.00;0.00;0;0;0
0;8;0.00;0.00;0;0;0
0;8;-0.02;0.00;-1;0;0
0;8;0.00;0.00;0;0;0
0;8;-0.01;0.02;0;0;1
0;13;0.00;0.00;0;0;0
0;8;0.00;0.00;0;0;0
0;8;0.00;0.00;0;0;0
0;7;-0.02;0.00;-1;0;0
0;9;0.00;0.00;0;0;0
0;9;0.00;0.00;0;0;0
0;8;-0.01;0.02;0;0;1
0;8;0.00;0.00;0;0;0
0;11;0.00;0.00;0;0;0
0;8;0.00;0.00;0;0;0
0;9;-0.02;0.00;-1;0;0
0;9;0.00;0.00;0;0;0
0;10;-0.01;0.02;0;0;1
0;6;0.00;0.00;0;0;0
0;8;0.00;0.00;0;0;0
0;11;0.00;0.00;0;0;0
0;6;0.00;0.00;0;0;0
0;8;-0.02;0.00;-1;0;0
0;8;0.00;0.00;0;0;0
0;10;-0.01;0.02;0;0;1
0;7;0.00;0.00;0;0;0
0;8;0.00;0.00;0;0;0
0;7;0.00;0.00;0;0;0
0;12;0.00;0.00;0;0;0
0;5;-0.02;0.00;-1;0;0
0;9;0.00;0.00;0;0;0
0;8;-0.01;0.02;0;0;1
0;9;0.00;0.00;0;0;0
0;7;-0.02;0.00;-1;0;0
0;8;0.00;0.00;0;0;0
0;8;0.00;0.00;0;0;0
0;8;-0.02;0.00;-1;0;0
0;9;0.00;0.00;0;0;0
0;10;-0.04;0.02;-1;0;1
0;6;0.00;0.00;0;0;0
0;8;0.00;0.00;0;0;0
0;9;-0.02;0.00;-1;0;0
0;8;0.00;0.00;0;0;0
0;8;-0.02;0.00;-1;0;0
0;9;0.00;0.00;0;0;0
0;7;-0.04;0.02;-1;0;1
0;9;0.00;0.00;0;0;0
0;7;-0.02;0.00;-1;0;0
0;9;0.00;0.00;0;0;0
0;11;-0.02;0.00;-1;0;0
0;5;0.00;0.00;0;0;0
0;9;-0.04;0.02;-1;0;1
0;8;0.00;0.00;0;0;0
0;8;-0.02;0.00;-1;0;0
0;8;0.00;0.00;0;0;0
0;8;0.00;0.00;0;0;0
0;9;-0.02;0.00;-1;0;0
0;7;0.00;0.00;0;0;0
0;13;0.00;0.00;0;0;0
0;8;-0.02;0.00;-1;0;0
0;8;0.00;0.00;0;0;0
0;9;0.00;0.00;0;0;0
0;8;0.00;0.00;0;0;0
0;7;0.00;0.00;0;0;0
0;8;0.00;0.00;0;0;0
0;12;0.00;0.00;0;0;0
0;6;-0.02;0.00;-1;0;0
0;8;0.00;0.00;0;0;0
0;7;-0.01;-0.02;0;1;0
0;9;0.00;0.00;0;0;0
0;8;0.00;0.00;0;0;0
0;8;0.00;0.00;0;0;0
0;11;0.00;0.00;0;0;0
0;6;0.00;0.00;0;0;0
0;8;0.00;0.00;0;0;0
0;8;0.00;0.00;0;0;0
0;12;-0.02;0.00;-1;0;0
0;5;-0.01;-0.02;0;1;0
0;8;0.00;0.00;0;0;0
0;8;0.00;0.00;0;0;0
0;10;0.00;0.00;0;0;0
0;6;0.00;0.00;0;0;0
0;9;0.00;0.00;0;0;0
0;12;-0.02;0.00;-1;0;0
0;8;0.00;0.00;0;0;0
0;7;-0.01;-0.02;0;1;0
0;9;0.00;0.00;0;0;0
0;9;0.00;0.00;0;0;0
0;7;0.00;0.00;0;0;0
0;11;-0.02;0.00;-1;0;0
0;6;0.00;0.00;0;0;0
0;8;0.00;0.00;0;0;0
0;8;-0.01;-0.02;0;1;0
0;13;-0.01;0.02;0;0;1
0;7;0.00;0.00;0;0;0
0;8;0.00;0.00;0;0;0
0;8;-0.02;0.00;-1;0;0
0;10;0.00;0.00;0;0;0
0;8;0.00;0.00;0;0;0
0;7;0.00;0.00;0;0;0
0;8;0.00;0.00;0;0;0
0;9;0.00;0.00;0;0;0
0;9;-0.02;0.00;-1;0;0
0;7;0.00;0.00;0;0;0
0;8;0.00;0.00;0;0;0
0;7;0.00;0.00;0;0;0
0;8;0.00;0.00;0;0;0
0;10;0.00;0.00;0;0;0
0;8;0.00;0.00;0;0;0
0;9;-0.02;0.00;-1;0;0
0;7;0.00;0.00;0;0;0
0;8;0.00;0.00;0;0;0
0;12;0.00;0.00;0;0;0
0;6;0.00;0.00;0;0;0
0;7;0.00;0.00;0;0;0
0;7;0.00;0.00;0;0;0
0;11;-0.02;0.00;-1;0;0
0;7;0.00;0.00;0;0;0
0;8;0.00;0.00;0;0;0
0;8;0.00;0.00;0;0;0
0;10;0.00;0.00;0;0;0
0;6;0.00;0.00;0;0;0
0;7;-0.02;0.00;-1;0;0
0;10;0.00;0.00;0;0;0
0;9;0.00;0.00;0;0;0
0;7;0.00;0.00;0;0;0
0;8;-0.01;0.02;0;0;1
0;7;0.00;0.00;0;0;0
0;12;0.00;0.00;0;0;0
0;6;-0.02;0.00;-1;0;0
0;8;0.00;0.00;0;0;0
0;7;0.00;0.00;0;0;0
0;8;-0.01;0.02;0;0;1
0;10;0.00;0.00;0;0;0
0;8;0.00;0.00;0;0;0
0;9;0.00;0.00;0;0;0
0;7;-0.02;0.00;-1;0;0
0;7;0.00;0.00;0;0;0
0;15;0.00;0.00;0;0;0
0;7;-0.01;0.02;0;0;1
0;7;0.00;0.00;0;0;0
0;12;-0.02;0.00;-1;0;0
0;5;0.00;0.00;0;0;0
0;9;0.00;0.00;0;0;0
0;8;-0.02;0.00;-1;0;0
0;12;-0.04;0.02;-1;0;1
0;8;0.00;0.00;0;0;0
0;7;0.00;0.00;0;0;0
0;10;-0.02;0.00;-1;0;0
0;8;0.00;0.00;0;0;0
0;7;-0.02;0.00;-1;0;0
0;8;-0.02;0.00;-1;0;0
0;9;-0.01;0.02;0;0;1
0;9;-0.02;0.00;-1;0;0
0;7;0.00;0.00;0;0;0
0;9;-0.02;0.00;-1;0;0
0;10;0.00;0.00;0;0;0
0;6;0.00;0.00;0;0;0
0;9;-0.02;0.00;-1;0;0
0;8;-0.01;0.02;0;0;1
0;11;0.00;0.00;0;0;0
0;8;-0.02;0.00;-1;0;0
0;10;0.00;0.00;0;0;0
0;8;0.00;0.00;0;0;0
0;10;-0.01;0.02;0;0;1
0;6;0.00;0.00;0;0;0
0;8;0.00;0.00;0;0;0
0;11;-0.02;0.00;-1;0;0
0;8;0.00;0.00;0;0;0
0;6;0.00;0.00;0;0;0
0;8;0.00;0.00;0;0;0
0;8;0.00;0.00;0;0;0
0;7;0.00;0.00;0;0;0
0;9;0.00;0.00;0;0;0
0;9;0.00;0.00;0;0;0
0;11;0.00;0.00;0;0;0
0;5;0.00;0.00;0;0;0
0;8;-0.02;0.00;-1;0;0
0;7;0.00;0.00;0;0;0
0;9;0.00;0.00;0;0;0
0;8;0.00;0.00;0;0;0
0;11;0.00;0.00;0;0;0
0;6;0.00;0.00;0;0;0
0;8;-0.02;0.00;-1;0;0
0;9;0.00;0.00;0;0;0
0;11;0.00;0.00;0;0;0
0;5;0.00;0.00;0;0;0
0;7;0.00;0.00;0;0;0
0;8;0.00;0.00;0;0;0
0;11;-0.02;0.00;-1;0;0
0;7;0.00;0.00;0;0;0
0;7;0.00;0.00;0;0;0
0;8;0.00;0.00;0;0;0
0;8;0.00;0.00;0;0;0
0;9;0.00;0.00;0;0;0
0;8;-0.02;0.00;-1;0;0
0;9;0.00;0.00;0;0;0
0;9;0.00;0.00;0;0;0
0;7;0.00;0.00;0;0;0
0;9;0.00;0.00;0;0;0
0;11;0.00;0.00;0;0;0
0;7;0.00;0.00;0;0;0
0;9;-0.02;0.00;-1;0;0
0;5;0.00;0.00;0;0;0
0;9;0.00;0.00;0;0;0
0;8;0.00;0.00;0;0;0
0;7;0.00;0.00;0;0;0
0;8;0.00;0.00;0;0;0
0;8;-0.04;0.02;-1;0;1
0;8;0.00;0.00;0;0;0
0;9;0.00;0.00;0;0;0
0;8;0.00;0.00;0;0;0
0;8;0.00;0.00;0;0;0
0;9;0.00;0.00;0;0;0
0;8;-0.04;0.02;-1;0;1
0;9;0.00;0.00;0;0;0
0;7;0.00;0.00;0;0;0
0;8;0.00;0.00;0;0;0
0;9;0.00;0.00;0;0;0
0;8;0.00;0.00;0;0;0
0;11;-0.02;0.00;-1;0;0
0;6;-0.01;0.02;0;0;1
0;7;0.00;0.00;0;0;0
0;9;0.00;0.00;0;0;0
0;11;0.00;0.00;0;0;0
0;6;0.00;0.00;0;0;0
0;7;0.00;0.00;0;0;0
0;9;-0.02;0.00;-1;0;0
0;7;0.00;0.00;0;0;0
0;8;-0.01;0.02;0;0;1
0;13;0.00;0.00;0;0;0
0;5;0.00;0.00;0;0;0
0;7;0.00;0.00;0;0;0
0;8;-0.02;0.00;-1;0;0
0;11;0.00;0.00;0;0;0
0;6;0.00;0.00;0;0;0
0;8;-0.01;0.02;0;0;1
0;8;0.00;0.00;0;0;0
0;8;0.00;0.00;0;0;0
0;8;-0.02;0.00;-1;0;0
0;8;0.00;0.00;0;0;0
0;9;0.00;0.00;0;0;0
0;9;0.00;0.00;0;0;0
0;7;-0.01;0.02;0;0;1
0;8;0.00;0.00;0;0;0
0;8;0.00;0.00;0;0;0
0;9;-0.02;0.00;-1;0;0
0;8;0.00;0.00;0;0;0
0;8;0.00;0.00;0;0;0
0;9;-0.01;0.02;0;0;1
0;7;0.00;0.00;0;0;0
0;9;0.00;0.00;0;0;0
0;8;-0.02;0.00;-1;0;0
0;8;0.00;0.00;0;0;0
0;8;0.00;0.00;0;0;0
0;8;-0.01;0.02;0;0;1
0;8;0.00;0.00;0;0;0
0;13;-0.02;0.00;-1;0;0
0;5;0.00;0.00;0;0;0
0;7;0.00;0.00;0;0;0
0;8;0.00;0.00;0;0;0
0;11;0.00;0.00;0;0;0
0;7;-0.01;0.02;0;0;1
0;7;-0.02;0.00;-1;0;0
0;12;0.00;0.00;0;0;0
0;7;0.00;0.00;0;0;0
0;6;0.00;0.00;0;0;0
0;9;0.00;0.00;0;0;0
0;8;-0.01;0.02;0;0;1
0;11;-0.02;0.00;-1;0;0
0;5;0.00;0.00;0;0;0
0;7;0.00;0.00;0;0;0
0;9;0.00;0.00;0;0;0
0;9;0.00;0.00;0;0;0
0;8;0.00;0.00;0;0;0
0;7;-0.01;0.02;0;0;1
0;8;-0.02;0.00;-1;0;0
0;8;0.00;0.00;0;0;0
0;9;0.00;0.00;0;0;0
0;13;0.00;0.00;0;0;0
0;9;-0.01;0.02;0;0;1
0;7;0.00;0.00;0;0;0
0;12;-0.02;0.00;-1;0;0
0;5;0.00;0.00;0;0;0
0;7;0.00;0.00;0;0;0
0;8;0.00;0.00;0;0;0
0;8;0.00;0.00;0;0;0
0;9;-0.01;0.02;0;0;1
0;9;-0.02;0.00;-1;0;0
0;7;0.00;0.00;0;0;0
0;11;0.00;0.00;0;0;0
0;6;0.00;0.00;0;0;0
0;8;0.00;0.00;0;0;0
0;9;0.00;0.00;0;0;0
0;11;-0.02;0.00;-1;0;0
0;8;0.00;0.00;0;0;0
0;8;0.00;0.00;0;0;0
0;14;0.00;0.00;0;0;0
0;7;0.00;0.00;0;0;0
0;8;0.00;0.00;0;0;0
0;8;-0.02;0.00;-1;0;0
0;10;0.00;0.00;0;0;0
0;8;0.00;0.00;0;0;0
0;8;0.00;0.00;0;0;0
0;7;0.00;0.00;0;0;0
0;9;0.00;0.00;0;0;0
0;9;-0.02;0.00;-1;0;0
0;8;0.00;0.00;0;0;0
0;8;0.00;0.00;0;0;0
0;8;0.00;0.00;0;0;0
0;8;0.00;0.00;0;0;0
0;7;0.00;0.00;0;0;0
0;9;0.00;0.00;0;0;0
0;9;-0.02;0.00;-1;0;0
0;7;0.00;0.00;0;0;0
0;8;0.00;0.00;0;0;0
0;8;0.00;0.00;0;0;0
0;8;0.00;0.00;0;0;0
0;12;0.00;0.00;0;0;0
0;6;0.00;0.00;0;0;0
0;11;-0.02;0.00;-1;0;0
0;5;0.00;0.00;0;0;0
0;7;0.00;0.00;0;0;0
0;9;0.00;0.00;0;0;0
0;9;0.00;0.00;0;0;0
0;7;0.00;0.00;0;0;0
0;12;-0.02;0.00;-1;0;0
0;8;0.00;0.00;0;0;0
0;9;0.00;0.00;0;0;0
0;8;0.00;0.00;0;0;0
0;8;0.00;0.00;0;0;0
0;8;0.00;0.00;0;0;0
0;8;-0.02;0.00;-1;0;0
0;13;0.00;0.00;0;0;0
0;8;0.00;0.00;0;0;0
0;8;0.00;0.00;0;0;0
0;8;0.00;0.00;0;0;0
0;8;0.00;0.00;0;0;0
0;9;0.00;0.00;0;0;0
0;8;-0.02;0.00;-1;0;0
0;9;0.00;0.00;0;0;0
0;8;0.00;0.00;0;0;0
0;7;0.00;0.00;0;0;0
0;9;0.00;0.00;0;0;0
0;8;0.00;0.00;0;0;0
0;8;-0.02;0.00;-1;0;0
0;8;0.00;0.00;0;0;0
0;8;0.00;0.00;0;0;0
0;9;0.00;0.00;0;0;0
0;9;0.00;0.00;0;0;0
0;7;0.00;0.00;0;0;0
0;8;-0.02;0.00;-1;0;0
0;8;0.00;0.00;0;0;0
0;12;0.00;0.00;0;0;0
0;6;0.00;0.00;0;0;0
0;7;0.00;0.00;0;0;0
0;11;0.00;0.00;0;0;0
0;6;-0.01;0.02;0;0;1
0;9;-0.02;0.00;-1;0;0
0;7;0.00;0.00;0;0;0
0;11;0.00;0.00;0;0;0
0;6;0.00;0.00;0;0;0
0;8;0.00;0.00;0;0;0
0;10;0.00;0.00;0;0;0
0;10;-0.01;0.02;0;0;1
0;8;-0.02;0.00;-1;0;0
0;8;0.00;0.00;0;0;0
0;8;0.00;0.00;0;0;0
0;9;0.00;0.00;0;0;0
0;8;0.00;0.00;0;0;0
0;8;-0.01;0.02;0;0;1
0;11;-0.02;0.00;-1;0;0
0;6;0.00;0.00;0;0;0
0;12;0.00;0.00;0;0;0
0;8;0.00;0.00;0;0;0
0;8;0.00;0.00;0;0;0
0;8;-0.01;0.02;0;0;1
0;12;-0.02;0.00;-1;0;0
0;6;0.00;0.00;0;0;0
0;9;0.00;0.00;0;0;0
0;6;0.00;0.00;0;0;0
0;8;0.00;0.00;0;0;0
0;8;0.00;0.00;0;0;0
0;9;-0.01;0.02;0;0;1
0;9;-0.02;0.00;-1;0;0
0;8;0.00;0.00;0;0;0
0;8;0.00;0.00;0;0;0
0;7;0.00;0.00;0;0;0
0;8;0.00;0.00;0;0;0
0;10;-0.01;0.02;0;0;1
0;7;0.00;0.00;0;0;0
0;8;-0.02;0.00;-1;0;0
0;8;0.00;0.00;0;0;0
0;16;0.00;0.00;0;0;0
0;6;0.00;0.00;0;0;0
0;7;-0.01;0.02;0;0;1
0;12;0.00;0.00;0;0;0
0;8;-0.02;0.00;-1;0;0
0;9;0.00;0.00;0;0;0
0;11;0.00;0.00;0;0;0
0;5;0.00;0.00;0;0;0
0;7;-0.01;0.02;0;0;1
0;8;0.00;0.00;0;0;0
0;9;0.00;0.00;0;0;0
0;8;-0.02;0.00;-1;0;0
0;8;0.00;0.00;0;0;0
0;8;0.00;0.00;0;0;0
0;11;-0.01;0.02;0;0;1
0;7;0.00;0.00;0;0;0
0;11;0.00;0.00;0;0;0
0;5;0.00;0.00;0;0;0
0;7;-0.02;0.00;-1;0;0
0;8;0.00;0.00;0;0;0
0;8;-0.01;0.02;0;0;1
0;9;0.00;0.00;0;0;0
0;9;0.00;0.00;0;0;0
0;9;0.00;0.00;0;0;0
0;7;0.00;0.00;0;0;0
0;8;-0.02;0.00;-1;0;0
0;9;0.00;0.00;0;0;0
0;8;-0.01;0.02;0;0;1
0;8;0.00;0.00;0;0;0
0;8;0.00;0.00;0;0;0
0;7;0.00;0.00;0;0;0
0;9;0.00;0.00;0;0;0
0;10;-0.02;0.00;-1;0;0
0;7;-0.01;0.02;0;0;1
0;9;0.00;0.00;0;0;0
0;7;0.00;0.00;0;0;0
0;9;0.00;0.00;0;0;0
0;7;0.00;0.00;0;0;0
0;8;0.00;0.00;0;0;0
0;8;-0.02;0.00;-1;0;0
0;9;-0.01;0.02;0;0;1
0;8;0.00;0.00;0;0;0
0;8;0.00;0.00;0;0;0
0;13;0.00;0.00;0;0;0
0;8;0.00;0.00;0;0;0
0;7;0.00;0.00;0;0;0
0;9;-0.02;0.00;-1;0;0
0;12;0.00;0.00;0;0;0
0;5;0.00;0.00;0;0;0
0;8;0.00;0.00;0;0;0
0;7;0.00;0.00;0;0;0
0;10;0.00;0.00;0;0;0
0;7;0.00;0.00;0;0;0
0;8;-0.02;0.00;-1;0;0
0;8;0.00;0.00;0;0;0
0;9;0.00;0.00;0;0;0
0;7;0.00;0.00;0;0;0
0;9;0.00;0.00;0;0;0
0;9;0.00;0.00;0;0;0
0;11;0.00;0.00;0;0;0
0;8;0.00;0.00;0;0;0
0;9;-0.02;0.00;-1;0;0
0;10;0.00;0.00;0;0;0
0;7;-0.01;0.02;0;0;1
0;7;0.00;0.00;0;0;0
0;8;0.00;0.00;0;0;0
0;11;0.00;0.00;0;0;0
0;7;0.00;0.00;0;0;0
0;7;0.00;0.00;0;0;0
0;9;0.00;0.00;0;0;0
0;10;-0.04;0.02;-1;0;1
0;6;0.00;0.00;0;0;0
0;9;0.00;0.00;0;0;0
0;7;0.00;0.00;0;0;0
0;8;0.00;0.00;0;0;0
0;8;0.00;0.00;0;0;0
0;9;-0.01;0.02;0;0;1
0;8;-0.02;0.00;-1;0;0
0;8;0.00;0.00;0;0;0
0;9;0.00;0.00;0;0;0
0;8;0.00;0.00;0;0;0
0;7;0.00;0.00;0;0;0
0;9;0.00;0.00;0;0;0
0;8;-0.01;0.02;0;0;1
0;12;-0.02;0.00;-1;0;0
0;5;0.00;0.00;0;0;0
0;8;0.00;0.00;0;0;0
0;12;0.00;0.00;0;0;0
0;5;0.00;0.00;0;0;0
0;9;0.00;0.00;0;0;0
0;7;-0.01;0.02;0;0;1
0;10;0.00;0.00;0;0;0
0;7;-0.02;0.00;-1;0;0
0;8;0.00;0.00;0;0;0
0;10;0.00;0.00;0;0;0
0;13;-0.01;0.02;0;0;1
0;8;0.00;0.00;0;0;0
0;9;0.00;0.00;0;0;0
0;14;-0.02;0.00;-1;0;0
0;7;0.00;0.00;0;0;0
0;7;0.00;0.00;0;0;0
0;9;-0.01;0.02;0;0;1
0;9;0.00;0.00;0;0;0
0;7;0.00;0.00;0;0;0
0;8;0.00;0.00;0;0;0
0;8;0.00;0.00;0;0;0
0;8;-0.02;0.00;-1;0;0
0;12;-0.01;0.02;0;0;1
0;7;0.00;0.00;0;0;0
0;7;0.00;0.00;0;0;0
0;7;0.00;0.00;0;0;0
0;8;0.00;0.00;0;0;0
0;9;0.00;0.00;0;0;0
0;9;-0.04;0.02;-1;0;1
0;8;0.00;0.00;0;0;0
0;7;0.00;0.00;0;0;0
0;8;0.00;0.00;0;0;0
0;9;0.00;0.00;0;0;0
0;10;0.00;0.00;0;0;0
0;6;-0.02;0.00;-1;0;0
0;8;-0.01;0.02;0;0;1
0;8;0.00;0.00;0;0;0
0;10;0.00;0.00;0;0;0
0;13;0.00;0.00;0;0;0
0;7;0.00;0.00;0;0;0
0;7;0.00;0.00;0;0;0
0;9;-0.01;0.02;0;0;1
0;8;-0.02;0.00;-1;0;0
0;8;0.00;0.00;0;0;0
0;8;0.00;0.00;0;0;0
0;11;0.00;0.00;0;0;0
0;5;0.00;0.00;0;0;0
0;9;0.00;0.00;0;0;0
0;9;-0.01;0.02;0;0;1
0;10;0.00;0.00;0;0;0
0;5;-0.02;0.00;-1;0;0
0;8;0.00;0.00;0;0;0
0;9;0.00;0.00;0;0;0
0;15;0.00;0.00;0;0;0
0;6;0.00;0.00;0;0;0
0;8;-0.01;0.02;0;0;1
0;7;-0.02;0.00;-1;0;0
0;9;0.00;0.00;0;0;0
0;8;0.00;0.00;0;0;0
0;8;0.00;0.00;0;0;0
0;8;0.00;0.00;0;0;0
0;10;0.00;0.00;0;0;0
0;8;-0.04;0.02;-1;0;1
0;7;0.00;0.00;0;0;0
0;9;0.00;0.00;0;0;0
0;7;0.00;0.00;0;0;0
0;8;0.00;0.00;0;0;0
0;8;0.00;0.00;0;0;0
0;9;0.00;0.00;0;0;0
0;8;-0.04;0.02;-1;0;1
0;8;0.00;0.00;0;0;0
0;8;0.00;0.00;0;0;0
0;14;0.00;0.00;0;0;0
0;7;0.00;0.00;0;0;0
0;12;0.00;0.00;0;0;0
0;10;-0.04;0.02;-1;0;1
0;7;0.00;0.00;0;0;0
0;8;0.00;0.00;0;0;0
0;8;0.00;0.00;0;0;0
0;9;0.00;0.00;0;0;0
0;7;0.00;0.00;0;0;0
0;8;0.00;0.00;0;0;0
0;10;0.00;0.00;0;0;0
0;7;-0.04;0.02;-1;0;1
0;8;0.00;0.00;0;0;0
0;9;0.00;0.00;0;0;0
0;7;0.00;0.00;0;0;0
0;11;0.00;0.00;0;0;0
0;7;0.00;0.00;0;0;0
0;12;-0.02;0.00;-1;0;0
0;7;-0.01;0.02;0;0;1
0;8;0.00;0.00;0;0;0
0;14;0.00;0.00;0;0;0
0;8;0.00;0.00;0;0;0
0;7;-0.02;0.00;-1;0;0
0;8;0.00;0.00;0;0;0
0;8;0.00;0.00;0;0;0
0;9;-0.01;0.02;0;0;1
0;8;0.00;0.00;0;0;0
0;10;0.00;0.00;0;0;0
0;8;-0.02;0.00;-1;0;0
0;7;0.00;0.00;0;0;0
0;8;0.00;0.00;0;0;0
0;11;-0.01;0.02;0;0;1
0;6;0.00;0.00;0;0;0
0;7;0.00;0.00;0;0;0
0;8;-0.01;-0.02;0;1;0
0;12;-0.02;0.00;-1;0;0
0;5;0.00;0.00;0;0;0
0;8;0.00;0.00;0;0;0
0;8;-0.01;0.02;0;0;1
0;12;0.00;0.00;0;0;0
0;9;0.00;0.00;0;0;0
0;9;-0.02;0.00;-1;0;0
0;7;0.00;0.00;0;0;0
0;9;0.00;0.00;0;0;0
0;8;0.00;0.00;0;0;0
0;8;-0.01;0.02;0;0;1
0;8;0.00;0.00;0;0;0
0;8;-0.02;0.00;-1;0;0
0;8;0.00;0.00;0;0;0
0;9;0.00;0.00;0;0;0
0;12;0.00;0.00;0;0;0
0;8;0.00;0.00;0;0;0
0;8;-0.04;0.02;-1;0;1
0;8;0.00;0.00;0;0;0
0;10;0.00;0.00;0;0;0
0;8;0.00;0.00;0;0;0
0;7;0.00;0.00;0;0;0
0;8;0.00;0.00;0;0;0
0;8;0.00;0.00;0;0;0
0;8;-0.04;0.02;-1;0;1
0;11;0.00;0.00;0;0;0
0;6;0.00;0.00;0;0;0
0;8;0.00;0.00;0;0;0
0;8;0.00;0.00;0;0;0
0;11;0.00;0.00;0;0;0
0;7;0.00;0.00;0;0;0
0;7;-0.04;0.02;-1;0;1
0;8;0.00;0.00;0;0;0
0;8;0.00;0.00;0;0;0
0;9;0.00;0.00;0;0;0
0;8;0.00;0.00;0;0;0
0;8;0.00;0.00;0;0;0
0;8;-0.02;0.00;-1;0;0
0;8;-0.01;0.02;0;0;1
0;9;0.00;0.00;0;0;0
0;12;0.00;0.00;0;0;0
0;5;0.00;0.00;0;0;0
0;7;0.00;0.00;0;0;0
0;9;-0.02;0.00;-1;0;0
0;9;0.00;0.00;0;0;0
0;9;-0.01;0.02;0;0;1
0;7;0.00;0.00;0;0;0
0;7;0.00;0.00;0;0;0
0;11;0.00;0.00;0;0;0
0;6;0.00;0.00;0;0;0
0;7;-0.02;0.00;-1;0;0
0;9;0.00;0.00;0;0;0
0;9;-0.01;0.02;0;0;1
0;7;0.00;0.00;0;0;0
0;8;0.00;0.00;0;0;0
0;8;0.00;0.00;0;0;0
0;11;0.00;0.00;0;0;0
0;6;-0.02;0.00;-1;0;0
0;8;0.00;0.00;0;0;0
0;8;-0.01;0.02;0;0;1
0;10;0.00;0.00;0;0;0
0;6;0.00;0.00;0;0;0
0;9;0.00;0.00;0;0;0
0;8;-0.02;0.00;-1;0;0
0;9;0.00;0.00;0;0;0
0;7;-0.01;0.02;0;0;1
0;8;0.00;0.00;0;0;0
0;9;0.00;0.00;0;0;0
0;9;0.00;0.00;0;0;0
0;7;-0.02;0.00;-1;0;0
0;8;0.00;0.00;0;0;0
0;8;0.00;0.00;0;0;0
0;9;0.00;0.00;0;0;0
0;8;-0.01;0.02;0;0;1
0;8;0.00;0.00;0;0;0
0;8;-0.02;0.00;-1;0;0
0;8;0.00;0.00;0;0;0
0;9;0.00;0.00;0;0;0
0;9;0.00;0.00;0;0;0
0;7;0.00;0.00;0;0;0
0;8;-0.01;0.02;0;0;1
0;11;-0.02;0.00;-1;0;0
0;5;0.00;0.00;0;0;0
0;9;0.00;0.00;0;0;0
0;11;0.00;0.00;0;0;0
0;9;0.00;0.00;0;0;0
0;8;-0.01;0.02;0;0;1
0;9;-0.02;0.00;-1;0;0
0;8;0.00;0.00;0;0;0
0;9;0.00;0.00;0;0;0
0;7;0.00;0.00;0;0;0
0;8;0.00;0.00;0;0;0
0;9;0.00;0.00;0;0;0
0;8;-0.02;0.00;-1;0;0
0;8;-0.01;0.02;0;0;1
0;8;0.00;0.00;0;0;0
0;8;0.00;0.00;0;0;0
0;8;0.00;0.00;0;0;0
0;9;-0.02;0.00;-1;0;0
0;8;0.00;0.00;0;0;0
0;11;-0.01;0.02;0;0;1
0;6;0.00;0.00;0;0;0
0;7;0.00;0.00;0;0;0
0;9;0.00;0.00;0;0;0
0;15;-0.02;0.00;-1;0;0
0;5;0.00;0.00;0;0;0
0;8;0.00;0.00;0;0;0
0;8;-0.01;0.02;0;0;1
0;9;0.00;0.00;0;0;0
0;9;0.00;0.00;0;0;0
0;10;-0.02;0.00;-1;0;0
0;6;0.00;0.00;0;0;0
0;8;0.00;0.00;0;0;0
0;8;0.00;0.00;0;0;0
0;8;-0.01;0.02;0;0;1
0;8;0.00;0.00;0;0;0
0;8;-0.02;0.00;-1;0;0
0;8;0.00;0.00;0;0;0
0;9;0.00;0.00;0;0;0
0;8;0.00;0.00;0;0;0
0;8;0.00;0.00;0;0;0
0;11;0.00;0.00;0;0;0
0;5;-0.04;0.02;-1;0;1
0;9;0.00;0.00;0;0;0
0;8;0.00;0.00;0;0;0
0;11;0.00;0.00;0;0;0
0;5;0.00;0.00;0;0;0
0;8;0.00;0.00;0;0;0
0;9;-0.02;0.00;-1;0;0
0;11;-0.01;0.02;0;0;1
0;6;0.00;0.00;0;0;0
0;7;0.00;0.00;0;0;0
0;8;0.00;0.00;0;0;0
0;12;0.00;0.00;0;0;0
0;5;-0.02;0.00;-1;0;0
0;8;0.00;0.00;0;0;0
0;8;0.00;0.00;0;0;0
0;8;-0.01;0.02;0;0;1
0;8;0.00;0.00;0;0;0
0;9;0.00;0.00;0;0;0
0;8;-0.02;0.00;-1;0;0
0;11;0.00;0.00;0;0;0
0;5;0.00;0.00;0;0;0
0;8;0.00;0.00;0;0;0
0;9;-0.01;0.02;0;0;1
0;11;0.00;0.00;0;0;0
0;5;-0.02;0.00;-1;0;0
0;8;0.00;0.00;0;0;0
0;8;0.00;0.00;0;0;0
0;10;0.00;0.00;0;0;0
0;11;0.00;0.00;0;0;0
0;8;-0.01;0.02;0;0;1
0;11;-0.02;0.00;-1;0;0
0;5;0.00;0.00;0;0;0
0;9;0.00;0.00;0;0;0
0;8;0.00;0.00;0;0;0
0;9;0.00;0.00;0;0;0
0;7;0.00;0.00;0;0;0
0;8;-0.02;0.00;-1;0;0
0;9;-0.01;0.02;0;0;1
0;8;0.00;0.00;0;0;0
0;8;0.00;0.00;0;0;0
0;8;0.00;0.00;0;0;0
0;9;0.00;0.00;0;0;0
0;10;-0.02;0.00;-1;0;0
0;7;0.00;0.00;0;0;0
0;7;-0.01;0.02;0;0;1
0;8;0.00;0.00;0;0;0
0;8;0.00;0.00;0;0;0
0;8;0.00;0.00;0;0;0
0;11;-0.02;0.00;-1;0;0
0;7;0.00;0.00;0;0;0
0;7;-0.01;0.02;0;0;1
0;8;0.00;0.00;0;0;0
0;8;0.00;0.00;0;0;0
0;9;0.00;0.00;0;0;0
0;10;-0.02;0.00;-1;0;0
0;9;0.00;0.00;0;0;0
0;5;0.00;0.00;0;0;0
0;8;-0.01;0.02;0;0;1
0;9;0.00;0.00;0;0;0
0;12;0.00;0.00;0;0;0
0;8;0.00;0.00;0;0;0
0;8;-0.02;0.00;-1;0;0
0;9;0.00;0.00;0;0;0
0;10;-0.01;0.02;0;0;1
0;6;0.00;0.00;0;0;0
0;8;0.00;0.00;0;0;0
0;8;0.00;0.00;0;0;0
0;15;-0.02;0.00;-1;0;0
0;7;0.00;0.00;0;0;0
0;7;0.00;0.00;0;0;0
0;11;-0.01;0.02;0;0;1
0;5;0.00;0.00;0;0;0
0;8;0.00;0.00;0;0;0
0;9;-0.02;0.00;-1;0;0
0;9;0.00;0.00;0;0;0
0;7;0.00;0.00;0;0;0
0;8;-0.01;0.02;0;0;1
0;8;0.00;0.00;0;0;0
0;13;0.00;0.00;0;0;0
0;9;-0.02;0.00;-1;0;0
0;7;0.00;0.00;0;0;0
0;9;-0.01;0.02;0;0;1
0;10;0.00;0.00;0;0;0
0;6;0.00;0.00;0;0;0
0;8;0.00;0.00;0;0;0
0;11;-0.02;0.00;-1;0;0
0;5;0.00;0.00;0;0;0
0;9;-0.01;0.02;0;0;1
0;8;0.00;0.00;0;0;0
0;10;0.00;0.00;0;0;0
0;7;0.00;0.00;0;0;0
0;7;-0.02;0.00;-1;0;0
0;10;0.00;0.00;0;0;0
0;8;-0.01;0.02;0;0;1
0;8;0.00;0.00;0;0;0
0;11;0.00;0.00;0;0;0
0;8;-0.02;0.00;-1;0;0
0;8;0.00;0.00;0;0;0
0;12;-0.01;0.02;0;0;1
0;5;0.00;0.00;0;0;0
0;8;0.00;0.00;0;0;0
0;8;0.00;0.00;0;0;0
0;16;-0.02;0.00;-1;0;0
0;5;0.00;0.00;0;0;0
0;8;-0.01;0.02;0;0;1
0;8;0.00;0.00;0;0;0
0;8;0.00;0.00;0;0;0
0;8;0.00;0.00;0;0;0
0;9;0.00;0.00;0;0;0
0;8;-0.02;0.00;-1;0;0
0;9;0.00;0.00;0;0;0
0;7;-0.01;0.02;0;0;1
0;9;0.00;0.00;0;0;0
0;8;0.00;0.00;0;0;0
0;8;0.00;0.00;0;0;0
0;8;-0.02;0.00;-1;0;0
0;8;0.00;0.00;0;0;0
0;8;-0.01;0.02;0;0;1
0;9;0.00;0.00;0;0;0
0;8;0.00;0.00;0;0;0
0;8;0.00;0.00;0;0;0
0;8;0.00;0.00;0;0;0
0;11;-0.02;0.00;-1;0;0
0;6;-0.01;0.02;0;0;1
0;8;0.00;0.00;0;0;0
0;10;0.00;0.00;0;0;0
0;6;0.00;0.00;0;0;0
0;8;0.00;0.00;0;0;0
0;9;-0.02;0.00;-1;0;0
0;11;-0.01;0.02;0;0;1
0;5;0.00;0.00;0;0;0
0;8;0.00;0.00;0;0;0
0;10;0.00;0.00;0;0;0
0;9;0.00;0.00;0;0;0
0;6;0.00;0.00;0;0;0
0;8;-0.02;0.00;-1;0;0
0;8;-0.01;0.02;0;0;1
0;10;0.00;0.00;0;0;0
0;6;0.00;0.00;0;0;0
0;9;0.00;0.00;0;0;0
0;8;0.00;0.00;0;0;0
0;8;0.00;0.00;0;0;0
0;8;-0.04;0.02;-1;0;1
0;9;0.00;0.00;0;0;0
0;8;0.00;0.00;0;0;0
0;8;0.00;0.00;0;0;0
0;8;0.00;0.00;0;0;0
0;11;0.00;0.00;0;0;0
0;6;-0.04;0.02;-1;0;1
0;8;0.00;0.00;0;0;0
0;8;0.00;0.00;0;0;0
0;8;0.00;0.00;0;0;0
0;8;0.00;0.00;0;0;0
0;8;0.00;0.00;0;0;0
0;9;0.00;0.00;0;0;0
0;8;-0.04;0.02;-1;0;1
0;8;0.00;0.00;0;0;0
0;9;0.00;0.00;0;0;0
0;7;0.00;0.00;0;0;0
0;8;0.00;0.00;0;0;0
0;9;0.00;0.00;0;0;0
0;8;-0.01;0.02;0;0;1
0;8;-0.02;0.00;-1;0;0
0;8;0.00;0.00;0;0;0
0;8;0.00;0.00;0;0;0
0;9;0.00;0.00;0;0;0
0;11;0.00;0.00;0;0;0
0;5;-0.01;0.02;0;0;1
0;8;0.00;0.00;0;0;0
0;8;-0.02;0.00;-1;0;0
0;9;0.00;0.00;0;0;0
0;8;0.00;0.00;0;0;0
0;8;0.00;0.00;0;0;0
0;8;-0.01;0.02;0;0;1
0;11;0.00;0.00;0;0;0
0;6;0.00;0.00;0;0;0
0;8;-0.02;0.00;-1;0;0
0;8;0.00;0.00;0;0;0
0;8;0.00;0.00;0;0;0
0;8;-0.01;0.02;0;0;1
0;8;0.00;0.00;0;0;0
0;9;0.00;0.00;0;0;0
0;9;0.00;0.00;0;0;0
0;7;-0.02;0.00;-1;0;0
0;8;0.00;0.00;0;0;0
0;12;-0.01;0.02;0;0;1
0;6;0.00;0.00;0;0;0
0;7;0.00;0.00;0;0;0
0;8;0.00;0.00;0;0;0
0;8;0.00;0.00;0;0;0
0;8;0.00;0.00;0;0;0
0;9;-0.02;0.00;-1;0;0
0;8;-0.01;0.02;0;0;1
0;8;0.00;0.00;0;0;0
0;8;0.00;0.00;0;0;0
0;8;0.00;0.00;0;0;0
0;11;0.00;0.00;0;0;0
0;6;0.00;0.00;0;0;0
0;11;-0.04;0.02;-1;0;1
0;8;0.00;0.00;0;0;0
0;5;0.00;0.00;0;0;0
0;9;0.00;0.00;0;0;0
0;8;0.00;0.00;0;0;0
0;11;0.00;0.00;0;0;0
0;5;-0.01;0.02;0;0;1
0;9;-0.02;0.00;-1;0;0
0;7;0.00;0.00;0;0;0
0;9;0.00;0.00;0;0;0
0;8;0.00;0.00;0;0;0
0;8;0.00;0.00;0;0;0
0;8;-0.01;0.02;0;0;1
0;13;-0.02;0.00;-1;0;0
0;8;0.00;0.00;0;0;0
0;9;0.00;0.00;0;0;0
0;7;0.00;0.00;0;0;0
0;8;0.00;0.00;0;0;0
0;9;0.00;0.00;0;0;0
0;8;0.00;0.00;0;0;0
0;8;-0.02;0.00;-1;0;0
0;9;0.00;0.00;0;0;0
0;7;0.00;0.00;0;0;0
0;8;0.00;0.00;0;0;0
0;9;0.00;0.00;0;0;0
0;10;0.00;0.00;0;0;0
0;6;-0.02;0.00;-1;0;0
0;8;0.00;0.00;0;0;0
0;11;0.00;0.00;0;0;0
0;6;0.00;0.00;0;0;0
0;8;0.00;0.00;0;0;0
0;8;0.00;0.00;0;0;0
0;14;0.00;0.00;0;0;0
0;6;0.00;0.00;0;0;0
0;9;-0.02;0.00;-1;0;0
0;8;0.00;0.00;0;0;0
0;9;0.00;0.00;0;0;0
0;7;0.00;0.00;0;0;0
0;8;0.00;0.00;0;0;0
0;9;0.00;0.00;0;0;0
0;8;0.00;0.00;0;0;0
0;8;0.00;0.00;0;0;0
0;16;-0.04;0.02;-1;0;1
0;10;0.00;0.00;0;0;0
0;9;0.00;0.00;0;0;0
0;6;0.00;0.00;0;0;0
0;8;0.00;0.00;0;0;0
0;8;0.00;0.00;0;0;0
0;11;0.00;0.00;0;0;0
0;6;-0.02;0.00;-1;0;0
0;8;0.00;0.00;0;0;0
0;8;-0.01;0.02;0;0;1
0;8;0.00;0.00;0;0;0
0;9;0.00;0.00;0;0;0
0;8;0.00;0.00;0;0;0
0;8;0.00;0.00;0;0;0
0;8;0.00;0.00;0;0;0
0;8;-0.02;0.00;-1;0;0
0;8;-0.01;0.02;0;0;1
0;9;0.00;0.00;0;0;0
0;8;0.00;0.00;0;0;0
0;8;0.00;0.00;0;0;0
0;8;0.00;0.00;0;0;0
0;8;0.00;0.00;0;0;0
0;10;-0.04;0.02;-1;0;1
0;7;0.00;0.00;0;0;0
0;8;0.00;0.00;0;0;0
0;8;0.00;0.00;0;0;0
0;8;0.00;0.00;0;0;0
0;9;0.00;0.00;0;0;0
0;8;0.00;0.00;0;0;0
0;8;-0.01;0.02;0;0;1
0;8;-0.02;0.00;-1;0;0
0;8;0.00;0.00;0;0;0
0;9;0.00;0.00;0;0;0
0;8;0.00;0.00;0;0;0
0;8;0.00;0.00;0;0;0
0;8;0.00;0.00;0;0;0
0;8;-0.01;0.02;0;0;1
0;9;0.00;0.00;0;0;0
0;9;-0.02;0.00;-1;0;0
0;7;0.00;0.00;0;0;0
0;8;0.00;0.00;0;0;0
0;8;0.00;0.00;0;0;0
0;8;-0.01;0.02;0;0;1
0;9;-0.02;0.00;-1;0;0
0;8;0.00;0.00;0;0;0
0;8;0.00;0.00;0;0;0
0;8;0.00;0.00;0;0;0
0;15;0.00;0.00;0;0;0
0;7;-0.04;0.02;-1;0;1
0;11;0.00;0.00;0;0;0
0;11;0.00;0.00;0;0;0
0;5;0.00;0.00;0;0;0
0;9;0.00;0.00;0;0;0
0;8;0.00;0.00;0;0;0
0;9;-0.01;0.02;0;0;1
0;7;-0.02;0.00;-1;0;0
0;8;0.00;0.00;0;0;0
0;9;0.00;0.00;0;0;0
0;8;0.00;0.00;0;0;0
0;8;0.00;0.00;0;0;0
0;8;-0.01;0.02;0;0;1
0;8;0.00;0.00;0;0;0
0;10;-0.02;0.00;-1;0;0
0;7;0.00;0.00;0;0;0
0;8;0.00;0.00;0;0;0
0;8;0.00;0.00;0;0;0
0;11;0.00;0.00;0;0;0
0;5;-0.01;0.02;0;0;1
0;9;-0.02;0.00;-1;0;0
0;8;0.00;0.00;0;0;0
0;9;0.00;0.00;0;0;0
0;7;0.00;0.00;0;0;0
0;8;0.00;0.00;0;0;0
0;9;0.00;0.00;0;0;0
0;11;-0.04;0.02;-1;0;1
0;5;0.00;0.00;0;0;0
0;8;0.00;0.00;0;0;0
0;8;0.00;0.00;0;0;0
0;10;0.00;0.00;0;0;0
0;7;0.00;0.00;0;0;0
0;8;-0.01;0.02;0;0;1
0;8;-0.02;0.00;-1;0;0
0;10;0.00;0.00;0;0;0
0;8;0.00;0.00;0;0;0
0;7;0.00;0.00;0;0;0
0;11;0.00;0.00;0;0;0
0;5;0.00;0.00;0;0;0
0;10;-0.04;0.02;-1;0;1
0;6;0.00;0.00;0;0;0
0;12;0.00;0.00;0;0;0
0;6;0.00;0.00;0;0;0
0;7;0.00;0.00;0;0;0
0;8;0.00;0.00;0;0;0
0;8;-0.02;0.00;-1;0;0
0;9;-0.01;0.02;0;0;1
0;11;0.00;0.00;0;0;0
0;5;0.00;0.00;0;0;0
0;8;0.00;0.00;0;0;0
0;8;0.00;0.00;0;0;0
0;10;-0.02;0.00;-1;0;0
0;7;0.00;0.00;0;0;0
0;8;0.00;0.00;0;0;0
0;8;0.00;0.00;0;0;0
0;10;0.00;0.00;0;0;0
0;7;0.00;0.00;0;0;0
0;8;-0.02;0.00;-1;0;0
0;8;0.00;0.00;0;0;0
0;9;0.00;0.00;0;0;0
0;7;0.00;0.00;0;0;0
0;9;0.00;0.00;0;0;0
0;8;0.00;0.00;0;0;0
0;10;-0.02;0.00;-1;0;0
0;6;0.00;0.00;0;0;0
0;8;0.00;0.00;0;0;0
0;8;0.00;0.00;0;0;0
0;12;0.00;0.00;0;0;0
0;5;0.00;0.00;0;0;0
0;8;0.00;0.00;0;0;0
0;8;0.00;0.00;0;0;0
0;9;0.00;0.00;0;0;0
0;8;-0.04;0.02;-1;0;1
0;8;0.00;0.00;0;0;0
0;8;0.00;0.00;0;0;0
0;9;0.00;0.00;0;0;0
0;7;0.00;0.00;0;0;0
0;9;0.00;0.00;0;0;0
0;8;0.00;0.00;0;0;0
0;8;-0.02;0.00;-1;0;0
0;8;-0.01;0.02;0;0;1
0;8;0.00;0.00;0;0;0
0;10;0.00;0.00;0;0;0
0;7;0.00;0.00;0;0;0
0;8;-0.02;0.00;-1;0;0
0;9;0.00;0.00;0;0;0
0;10;-0.01;0.02;0;0;1
0;6;0.00;0.00;0;0;0
0;8;0.00;0.00;0;0;0
0;8;0.00;0.00;0;0;0
0;9;-0.02;0.00;-1;0;0
0;8;0.00;0.00;0;0;0
0;7;0.00;0.00;0;0;0
0;9;-0.01;0.02;0;0;1
0;11;0.00;0.00;0;0;0
0;7;-0.02;0.00;-1;0;0
0;6;0.00;0.00;0;0;0
0;8;0.00;0.00;0;0;0
0;9;0.00;0.00;0;0;0
0;8;0.00;0.00;0;0;0
0;9;-0.01;0.02;0;0;1
0;7;-0.02;0.00;-1;0;0
0;8;0.00;0.00;0;0;0
0;9;0.00;0.00;0;0;0
0;8;0.00;0.00;0;0;0
0;8;0.00;0.00;0;0;0
0;8;0.00;0.00;0;0;0
0;8;-0.04;0.02;-1;0;1
0;10;0.00;0.00;0;0;0
0;7;0.00;0.00;0;0;0
0;8;0.00;0.00;0;0;0
0;8;0.00;0.00;0;0;0
0;9;0.00;0.00;0;0;0
0;8;-0.04;0.02;-1;0;1
0;8;0.00;0.00;0;0;0
0;8;0.00;0.00;0;0;0
0;8;0.00;0.00;0;0;0
0;8;0.00;0.00;0;0;0
0;8;0.00;0.00;0;0;0
0;9;-0.02;0.00;-1;0;0
0;8;0.00;0.00;0;0;0
0;9;-0.01;0.02;0;0;1
0;7;0.00;0.00;0;0;0
0;11;0.00;0.00;0;0;0
0;6;0.00;0.00;0;0;0
0;8;-0.02;0.00;-1;0;0
0;8;0.00;0.00;0;0;0
0;10;-0.01;0.02;0;0;1
0;6;0.00;0.00;0;0;0
0;9;0.00;0.00;0;0;0
0;8;0.00;0.00;0;0;0
0;11;-0.02;0.00;-1;0;0
0;5;0.00;0.00;0;0;0
0;8;0.00;0.00;0;0;0
0;9;-0.01;0.02;0;0;1
0;14;0.00;0.00;0;0;0
0;6;-0.02;0.00;-1;0;0
0;8;0.00;0.00;0;0;0
0;8;0.00;0.00;0;0;0
0;9;0.00;0.00;0;0;0
0;8;0.00;0.00;0;0;0
0;8;-0.01;0.02;0;0;1
0;8;-0.02;0.00;-1;0;0
0;8;0.00;0.00;0;0;0
0;9;0.00;0.00;0;0;0
0;8;0.00;0.00;0;0;0
0;8;0.00;0.00;0;0;0
0;12;-0.01;0.02;0;0;1
0;10;-0.02;0.00;-1;0;0
0;7;0.00;0.00;0;0;0
0;8;0.00;0.00;0;0;0
0;8;0.00;0.00;0;0;0
0;8;0.00;0.00;0;0;0
0;8;0.00;0.00;0;0;0
0;9;-0.02;0.00;-1;0;0
0;11;0.00;0.00;0;0;0
0;6;0.00;0.00;0;0;0
0;7;0.00;0.00;0;0;0
0;8;0.00;0.00;0;0;0
0;12;0.00;0.00;0;0;0
0;8;-0.02;0.00;-1;0;0
0;9;0.00;0.00;0;0;0
0;8;0.00;0.00;0;0;0
0;8;0.00;0.00;0;0;0
0;9;0.00;0.00;0;0;0
0;8;0.00;0.00;0;0;0
0;8;-0.02;0.00;-1;0;0
0;8;0.00;0.00;0;0;0
0;8;0.00;0.00;0;0;0
0;9;0.00;0.00;0;0;0
0;8;0.00;0.00;0;0;0
0;8;0.00;0.00;0;0;0
0;8;0.00;0.00;0;0;0
0;8;-0.02;0.00;-1;0;0
0;9;-0.01;0.02;0;0;1
0;15;0.00;0.00;0;0;0
0;5;0.00;0.00;0;0;0
0;8;0.00;0.00;0;0;0
0;8;0.00;0.00;0;0;0
0;9;-0.04;0.02;-1;0;1
0;8;0.00;0.00;0;0;0
0;8;0.00;0.00;0;0;0
0;9;0.00;0.00;0;0;0
0;7;0.00;0.00;0;0;0
0;9;0.00;0.00;0;0;0
0;8;-0.02;0.00;-1;0;0
0;8;0.00;0.00;0;0;0
0;8;-0.01;0.02;0;0;1
0;8;0.00;0.00;0;0;0
0;8;0.00;0.00;0;0;0
0;11;0.00;0.00;0;0;0
0;6;-0.02;0.00;-1;0;0
0;8;0.00;0.00;0;0;0
0;8;0.00;0.00;0;0;0
0;8;-0.01;0.02;0;0;1
0;9;0.00;0.00;0;0;0
0;9;0.00;0.00;0;0;0
0;7;0.00;0.00;0;0;0
0;8;-0.02;0.00;-1;0;0
0;8;0.00;0.00;0;0;0
0;10;0.00;0.00;0;0;0
0;7;-0.01;0.02;0;0;1
0;8;0.00;0.00;0;0;0
0;11;-0.02;0.00;-1;0;0
0;6;0.00;0.00;0;0;0
0;8;0.00;0.00;0;0;0
0;8;0.00;0.00;0;0;0
0;11;0.00;0.00;0;0;0
0;5;-0.01;0.02;0;0;1
0;8;0.00;0.00;0;0;0
0;9;-0.02;0.00;-1;0;0
0;11;0.00;0.00;0;0;0
0;5;0.00;0.00;0;0;0
0;8;0.00;0.00;0;0;0
0;8;0.00;0.00;0;0;0
0;12;0.00;0.00;0;0;0
0;5;-0.04;0.02;-1;0;1
0;8;0.00;0.00;0;0;0
0;8;0.00;0.00;0;0;0
0;10;0.00;0.00;0;0;0
0;8;0.00;0.00;0;0;0
0;8;0.00;0.00;0;0;0
0;7;0.00;0.00;0;0;0
0;8;-0.02;0.00;-1;0;0
0;8;-0.01;0.02;0;0;1
0;8;0.00;0.00;0;0;0
0;9;0.00;0.00;0;0;0
0;9;0.00;0.00;0;0;0
0;7;0.00;0.00;0;0;0
0;8;-0.02;0.00;-1;0;0
0;8;-0.01;0.02;0;0;1
0;9;0.00;0.00;0;0;0
0;8;0.00;0.00;0;0;0
0;8;0.00;0.00;0;0;0
0;8;0.00;0.00;0;0;0
0;8;0.00;0.00;0;0;0
0;9;0.00;0.00;0;0;0
0;8;-0.01;0.02;0;0;1
0;8;0.00;0.00;0;0;0
0;8;0.00;0.00;0;0;0
0;8;0.00;0.00;0;0;0
0;8;0.00;0.00;0;0;0
0;9;0.00;0.00;0;0;0
0;8;0.00;0.00;0;0;0
0;11;0.00;0.00;0;0;0
0;5;-0.01;0.02;0;0;1
0;8;0.00;0.00;0;0;0
0;9;0.00;0.00;0;0;0
0;8;0.00;0.00;0;0;0
0;8;0.00;0.00;0;0;0
0;8;0.00;0.00;0;0;0
0;8;0.00;0.00;0;0;0
0;13;-0.01;0.02;0;0;1
0;8;0.00;0.00;0;0;0
0;8;0.00;0.00;0;0;0
0;8;0.00;0.00;0;0;0
0;8;0.00;0.00;0;0;0
0;9;0.00;0.00;0;0;0
0;8;0.00;0.00;0;0;0
0;8;-0.01;0.02;0;0;1
0;8;0.00;0.00;0;0;0
0;8;0.00;0.00;0;0;0
0;9;0.00;0.00;0;0;0
0;11;0.00;0.00;0;0;0
0;5;0.00;0.00;0;0;0
0;8;0.00;0.00;0;0;0
0;8;0.00;0.00;0;0;0
0;9;-0.01;0.02;0;0;1
0;8;0.00;0.00;0;0;0
0;8;0.00;0.00;0;0;0
0;8;0.00;0.00;0;0;0
0;8;0.00;0.00;0;0;0
0;9;0.00;0.00;0;0;0
0;7;0.00;0.00;0;0;0
0;7;0.00;0.00;0;0;0
0;8;-0.01;0.02;0;0;1
0;8;0.00;0.00;0;0;0
0;9;0.00;0.00;0;0;0
0;9;0.00;0.00;0;0;0
0;12;-0.02;0.00;-1;0;0
0;8;0.00;0.00;0;0;0
0;8;0.00;0.00;0;0;0
0;9;-0.01;0.02;0;0;1
0;8;0.00;0.00;0;0;0
0;8;0.00;0.00;0;0;0
0;8;-0.02;0.00;-1;0;0
0;8;0.00;0.00;0;0;0
0;8;0.00;0.00;0;0;0
0;9;0.00;0.00;0;0;0
0;7;-0.01;0.02;0;0;1
0;9;0.00;0.00;0;0;0
0;11;-0.02;0.00;-1;0;0
0;10;0.00;0.00;0;0;0
0;8;0.00;0.00;0;0;0
0;8;-0.01;0.02;0;0;1
0;10;0.00;0.00;0;0;0
0;7;0.00;0.00;0;0;0
0;8;-0.02;0.00;-1;0;0
0;8;0.00;0.00;0;0;0
0;7;0.00;0.00;0;0;0
0;9;0.00;0.00;0;0;0
0;8;-0.01;0.02;0;0;1
0;8;0.00;0.00;0;0;0
0;15;-0.02;0.00;-1;0;0
0;6;0.00;0.00;0;0;0
0;8;0.00;0.00;0;0;0
0;8;0.00;0.00;0;0;0
0;10;-0.01;0.02;0;0;1
0;7;0.00;0.00;0;0;0
0;8;0.00;0.00;0;0;0
0;8;0.00;0.00;0;0;0
0;8;-0.02;0.00;-1;0;0
0;7;0.00;0.00;0;0;0
0;9;-0.01;0.02;0;0;1
0;8;0.00;0.00;0;0;0
0;14;0.00;0.00;0;0;0
0;10;0.00;0.00;0;0;0
0;9;0.00;0.00;0;0;0
0;9;-0.01;0.02;0;0;1
0;8;0.00;0.00;0;0;0
0;7;0.00;0.00;0;0;0
0;10;0.00;0.00;0;0;0
0;7;0.00;0.00;0;0;0
0;8;0.00;0.00;0;0;0
0;9;-0.01;0.02;0;0;1
0;10;0.00;0.00;0;0;0
0;5;0.00;0.00;0;0;0
0;9;0.00;0.00;0;0;0
0;8;0.00;0.00;0;0;0
0;14;0.00;0.00;0;0;0
0;6;0.00;0.00;0;0;0
0;8;-0.01;0.02;0;0;1
0;9;0.00;0.00;0;0;0
0;8;0.00;0.00;0;0;0
0;8;0.00;0.00;0;0;0
0;8;0.00;0.00;0;0;0
0;8;0.00;0.00;0;0;0
0;9;-0.01;0.02;0;0;1
0;8;0.00;0.00;0;0;0
0;8;0.00;0.00;0;0;0
0;8;0.00;0.00;0;0;0
0;8;0.00;0.00;0;0;0
0;13;0.00;0.00;0;0;0
0;8;-0.01;0.02;0;0;1
0;8;0.00;0.00;0;0;0
0;8;0.00;0.00;0;0;0
0;8;0.00;0.00;0;0;0
0;9;0.00;0.00;0;0;0
0;8;0.00;0.00;0;0;0
0;8;-0.01;0.02;0;0;1
0;9;0.00;0.00;0;0;0
0;7;0.00;0.00;0;0;0
0;9;0.00;0.00;0;0;0
0;8;0.00;0.00;0;0;0
0;8;0.00;0.00;0;0;0
0;7;-0.01;0.02;0;0;1
0;9;0.00;0.00;0;0;0
0;7;0.00;0.00;0;0;0
0;10;0.00;0.00;0;0;0
0;7;-0.02;0.00;-1;0;0
0;9;0.00;0.00;0;0;0
0;7;-0.01;0.02;0;0;1
0;9;0.00;0.00;0;0;0
0;9;0.00;0.00;0;0;0
0;8;0.00;0.00;0;0;0
0;11;-0.02;0.00;-1;0;0
0;5;0.00;0.00;0;0;0
0;8;0.00;0.00;0;0;0
0;9;-0.01;0.02;0;0;1
0;8;0.00;0.00;0;0;0
0;8;0.00;0.00;0;0;0
0;8;0.00;0.00;0;0;0
0;7;0.00;0.00;0;0;0
0;9;-0.02;0.00;-1;0;0
0;9;-0.01;0.02;0;0;1
0;8;0.00;0.00;0;0;0
0;7;0.00;0.00;0;0;0
0;9;0.00;0.00;0;0;0
0;8;0.00;0.00;0;0;0
0;9;-0.04;0.02;-1;0;1
0;8;0.00;0.00;0;0;0
0;12;0.00;0.00;0;0;0
0;8;0.00;0.00;0;0;0
0;9;0.00;0.00;0;0;0
0;8;0.00;0.00;0;0;0
0;8;-0.04;0.02;-1;0;1
0;11;0.00;0.00;0;0;0
0;5;0.00;0.00;0;0;0
0;9;0.00;0.00;0;0;0
0;8;0.00;0.00;0;0;0
0;8;0.00;0.00;0;0;0
0;7;-0.01;0.02;0;0;1
0;8;-0.02;0.00;-1;0;0
0;8;0.00;0.00;0;0;0
0;10;0.00;0.00;0;0;0
0;8;0.00;0.00;0;0;0
0;8;0.00;0.00;0;0;0
0;7;0.00;0.00;0;0;0
0;9;-0.01;0.02;0;0;1
0;8;-0.02;0.00;-1;0;0
0;8;0.00;0.00;0;0;0
0;8;0.00;0.00;0;0;0
0;10;0.00;0.00;0;0;0
0;7;-0.01;0.02;0;0;1
0;8;0.00;0.00;0;0;0
0;8;0.00;0.00;0;0;0
0;11;-0.02;0.00;-1;0;0
0;5;0.00;0.00;0;0;0
0;8;0.00;0.00;0;0;0
0;9;0.00;0.00;0;0;0
0;11;-0.01;0.02;0;0;1
0;5;0.00;0.00;0;0;0
0;8;0.00;0.00;0;0;0
0;8;-0.02;0.00;-1;0;0
0;14;0.00;0.00;0;0;0
0;7;-0.01;0.02;0;0;1
0;7;0.00;0.00;0;0;0
0;12;0.00;0.00;0;0;0
0;5;0.00;0.00;0;0;0
0;10;-0.02;0.00;-1;0;0
0;10;0.00;0.00;0;0;0
0;7;-0.01;0.02;0;0;1
0;6;0.00;0.00;0;0;0
0;8;0.00;0.00;0;0;0
0;9;0.00;0.00;0;0;0
0;8;0.00;0.00;0;0;0
0;8;0.00;0.00;0;0;0
0;7;-0.02;0.00;-1;0;0
0;8;-0.01;0.02;0;0;1
0;12;0.00;0.00;0;0;0
0;6;0.00;0.00;0;0;0
0;8;0.00;0.00;0;0;0
0;8;0.00;0.00;0;0;0
0;7;0.00;0.00;0;0;0
0;9;-0.04;0.02;-1;0;1
0;11;0.00;0.00;0;0;0
0;6;0.00;0.00;0;0;0
0;8;0.00;0.00;0;0;0
0;8;0.00;0.00;0;0;0
0;8;0.00;0.00;0;0;0
0;10;-0.01;0.02;0;0;1
0;7;0.00;0.00;0;0;0
0;8;-0.02;0.00;-1;0;0
0;7;0.00;0.00;0;0;0
0;8;0.00;0.00;0;0;0
0;10;0.00;0.00;0;0;0
0;10;-0.01;0.02;0;0;1
0;7;0.00;0.00;0;0;0
0;7;0.00;0.00;0;0;0
0;9;-0.02;0.00;-1;0;0
0;11;-0.01;0.02;0;0;1
0;8;0.00;0.00;0;0;0
0;8;0.00;0.00;0;0;0
0;8;0.00;0.00;0;0;0
0;14;0.00;0.00;0;0;0
0;8;-0.01;0.02;0;0;1
0;7;-0.02;0.00;-1;0;0
0;12;0.00;0.00;0;0;0
0;7;0.00;0.00;0;0;0
0;6;0.00;0.00;0;0;0
0;9;0.00;0.00;0;0;0
0;11;-0.01;0.02;0;0;1
0;5;0.00;0.00;0;0;0
0;8;0.00;0.00;0;0;0
0;7;-0.02;0.00;-1;0;0
0;13;0.00;0.00;0;0;0
0;5;0.00;0.00;0;0;0
0;8;0.00;0.00;0;0;0
0;7;-0.01;0.02;0;0;1
0;9;0.00;0.00;0;0;0
0;9;0.00;0.00;0;0;0
0;8;0.00;0.00;0;0;0
0;8;-0.02;0.00;-1;0;0
0;15;0.00;0.00;0;0;0
0;5;0.00;0.00;0;0;0
0;9;-0.01;0.02;0;0;1
0;11;0.00;0.00;0;0;0
0;5;0.00;0.00;0;0;0
0;8;-0.02;0.00;-1;0;0
0;8;0.00;0.00;0;0;0
0;9;0.00;0.00;0;0;0
0;8;-0.01;0.02;0;0;1
0;8;0.00;0.00;0;0;0
0;7;0.00;0.00;0;0;0
0;8;0.00;0.00;0;0;0
0;9;0.00;0.00;0;0;0
0;13;-0.02;0.00;-1;0;0
0;7;-0.01;0.02;0;0;1
0;8;0.00;0.00;0;0;0
0;9;0.00;0.00;0;0;0
0;9;0.00;0.00;0;0;0
0;7;0.00;0.00;0;0;0
0;7;-0.02;0.00;-1;0;0
0;12;-0.01;0.02;0;0;1
0;8;0.00;0.00;0;0;0
0;9;0.00;0.00;0;0;0
0;8;0.00;0.00;0;0;0
0;9;0.00;0.00;0;0;0
0;9;0.00;0.00;0;0;0
0;7;-0.04;0.02;-1;0;1
0;9;0.00;0.00;0;0;0
0;8;0.00;0.00;0;0;0
0;7;0.00;0.00;0;0;0
0;9;0.00;0.00;0;0;0
0;10;0.00;0.00;0;0;0
0;7;0.00;0.00;0;0;0
0;8;-0.04;0.02;-1;0;1
0;8;0.00;0.00;0;0;0
0;8;0.00;0.00;0;0;0
0;8;0.00;0.00;0;0;0
0;9;0.00;0.00;0;0;0
0;9;0.00;0.00;0;0;0
0;10;0.00;0.00;0;0;0
0;5;0.00;0.00;0;0;0
0;7;-0.02;0.00;-1;0;0
0;8;0.00;0.00;0;0;0
0;12;0.00;0.00;0;0;0
0;6;0.00;0.00;0;0;0
0;8;0.00;0.00;0;0;0
0;8;0.00;0.00;0;0;0
0;9;0.00;0.00;0;0;0
0;8;-0.02;0.00;-1;0;0
0;7;0.00;0.00;0;0;0
0;8;0.00;0.00;0;0;0
0;14;0.00;0.00;0;0;0
0;8;0.00;0.00;0;0;0
0;8;-0.01;0.02;0;0;1
0;8;0.00;0.00;0;0;0
0;7;0.00;0.00;0;0;0
0;12;-0.02;0.00;-1;0;0
0;5;0.00;0.00;0;0;0
0;9;0.00;0.00;0;0;0
0;7;-0.01;0.02;0;0;1
0;11;0.00;0.00;0;0;0
0;6;0.00;0.00;0;0;0
0;8;-0.02;0.00;-1;0;0
0;8;0.00;0.00;0;0;0
0;8;0.00;0.00;0;0;0
0;11;-0.01;0.02;0;0;1
0;6;0.00;0.00;0;0;0
0;7;0.00;0.00;0;0;0
0;9;-0.02;0.00;-1;0;0
0;8;0.00;0.00;0;0;0
0;8;0.00;0.00;0;0;0
0;8;0.00;0.00;0;0;0
0;13;-0.01;0.02;0;0;1
0;9;0.00;0.00;0;0;0
0;7;0.00;0.00;0;0;0
0;13;-0.02;0.00;-1;0;0
0;7;0.00;0.00;0;0;0
0;10;0.00;0.00;0;0;0
0;8;-0.01;0.02;0;0;1
0;12;0.00;0.00;0;0;0
0;7;0.00;0.00;0;0;0
0;9;-0.02;0.00;-1;0;0
0;12;0.00;0.00;0;0;0
0;5;0.00;0.00;0;0;0
0;7;-0.01;0.02;0;0;1
0;9;0.00;0.00;0;0;0
0;7;0.00;0.00;0;0;0
0;9;0.00;0.00;0;0;0
0;8;-0.02;0.00;-1;0;0
0;9;0.00;0.00;0;0;0
0;7;0.00;0.00;0;0;0
0;8;-0.01;0.02;0;0;1
0;8;0.00;0.00;0;0;0
0;9;0.00;0.00;0;0;0
0;11;-0.02;0.00;-1;0;0
0;6;0.00;0.00;0;0;0
0;7;0.00;0.00;0;0;0
0;7;0.00;0.00;0;0;0
0;9;-0.01;0.02;0;0;1
0;9;0.00;0.00;0;0;0
0;7;0.00;0.00;0;0;0
0;8;-0.02;0.00;-1;0;0
0;8;0.00;0.00;0;0;0
0;10;0.00;0.00;0;0;0
0;12;-0.01;0.02;0;0;1
0;8;0.00;0.00;0;0;0
0;8;0.00;0.00;0;0;0
0;13;-0.02;0.00;-1;0;0
0;9;0.00;0.00;0;0;0
0;7;0.00;0.00;0;0;0
0;8;-0.01;0.02;0;0;1
0;7;0.00;0.00;0;0;0
0;9;0.00;0.00;0;0;0
0;10;0.00;0.00;0;0;0
0;11;0.00;0.00;0;0;0
0;7;0.00;0.00;0;0;0
0;8;-0.01;0.02;0;0;1
0;9;0.00;0.00;0;0;0
0;9;0.00;0.00;0;0;0
0;7;0.00;0.00;0;0;0
0;8;0.00;0.00;0;0;0
0;8;0.00;0.00;0;0;0
0;11;0.00;0.00;0;0;0
0;7;-0.01;0.02;0;0;1
0;8;0.00;0.00;0;0;0
0;8;0.00;0.00;0;0;0
0;9;0.00;0.00;0;0;0
0;8;0.00;0.00;0;0;0
0;8;0.00;0.00;0;0;0
0;8;0.00;0.00;0;0;0
0;8;-0.01;0.02;0;0;1
0;7;0.00;0.00;0;0;0
0;8;0.00;0.00;0;0;0
0;12;0.00;0.00;0;0;0
0;7;0.00;0.00;0;0;0
0;7;0.00;0.00;0;0;0
0;7;0.00;0.00;0;0;0
0;8;0.00;0.00;0;0;0
0;11;-0.01;0.02;0;0;1
0;7;0.00;0.00;0;0;0
0;7;0.00;0.00;0;0;0
0;14;0.00;0.00;0;0;0
0;7;0.00;0.00;0;0;0
0;9;-0.02;0.00;-1;0;0
0;8;-0.01;0.02;0;0;1
0;8;0.00;0.00;0;0;0
0;7;0.00;0.00;0;0;0
0;8;0.00;0.00;0;0;0
0;9;0.00;0.00;0;0;0
0;8;-0.02;0.00;-1;0;0
0;8;0.00;0.00;0;0;0
0;11;0.00;0.00;0;0;0
0;6;-0.01;0.02;0;0;1
0;8;0.00;0.00;0;0;0
0;9;-0.02;0.00;-1;0;0
0;8;0.00;0.00;0;0;0
0;7;0.00;0.00;0;0;0
0;8;0.00;0.00;0;0;0
0;13;-0.01;0.02;0;0;1
0;8;0.00;0.00;0;0;0
0;8;-0.02;0.00;-1;0;0
0;8;0.00;0.00;0;0;0
0;10;0.00;0.00;0;0;0
0;8;0.00;0.00;0;0;0
0;8;0.00;0.00;0;0;0
0;7;-0.01;0.02;0;0;1
0;9;0.00;0.00;0;0;0
0;10;0.00;0.00;0;0;0
0;7;0.00;0.00;0;0;0
0;7;0.00;0.00;0;0;0
0;9;0.00;0.00;0;0;0
0;7;0.00;0.00;0;0;0
0;8;-0.01;0.02;0;0;1
0;12;0.00;0.00;0;0;0
0;7;-0.02;0.00;-1;0;0
0;7;0.00;0.00;0;0;0
0;9;0.00;0.00;0;0;0
0;15;0.00;0.00;0;0;0
0;9;-0.01;0.02;0;0;1
0;10;0.00;0.00;0;0;0
0;8;0.00;0.00;0;0;0
0;6;-0.02;0.00;-1;0;0
0;8;0.00;0.00;0;0;0
0;8;0.00;0.00;0;0;0
0;8;0.00;0.00;0;0;0
0;8;-0.01;0.02;0;0;1
0;8;0.00;0.00;0;0;0
0;9;-0.02;0.00;-1;0;0
0;8;0.00;0.00;0;0;0
0;8;0.00;0.00;0;0;0
0;8;0.00;0.00;0;0;0
0;8;0.00;0.00;0;0;0
0;14;-0.01;0.02;0;0;1
0;8;0.00;0.00;0;0;0
0;7;0.00;0.00;0;0;0
0;8;0.00;0.00;0;0;0
0;8;0.00;0.00;0;0;0
0;12;0.00;0.00;0;0;0
0;6;-0.01;0.02;0;0;1
0;7;0.00;0.00;0;0;0
0;8;0.00;0.00;0;0;0
0;11;0.00;0.00;0;0;0
0;6;0.00;0.00;0;0;0
0;9;0.00;0.00;0;0;0
0;7;0.00;0.00;0;0;0
0;14;0.00;0.00;0;0;0
0;7;-0.01;0.02;0;0;1
0;8;0.00;0.00;0;0;0
0;9;0.00;0.00;0;0;0
0;9;0.00;0.00;0;0;0
0;21;0.00;0.00;0;0;0
0;13;-0.01;0.02;0;0;1
0;6;0.00;0.00;0;0;0
0;7;0.00;0.00;0;0;0
0;8;0.00;0.00;0;0;0
0;8;0.00;0.00;0;0;0
0;12;0.00;0.00;0;0;0
0;6;0.00;0.00;0;0;0
0;11;-0.01;0.02;0;0;1
0;5;-0.02;0.00;-1;0;0
0;7;0.00;0.00;0;0;0
0;8;0.00;0.00;0;0;0
0;12;0.00;0.00;0;0;0
0;6;0.00;0.00;0;0;0
0;7;0.00;0.00;0;0;0
0;8;0.00;0.00;0;0;0
0;12;-0.04;0.02;-1;0;1
0;6;0.00;0.00;0;0;0
0;8;0.00;0.00;0;0;0
0;7;0.00;0.00;0;0;0
0;12;0.00;0.00;0;0;0
0;5;0.00;0.00;0;0;0
0;9;-0.02;0.00;-1;0;0
0;7;0.00;0.00;0;0;0
0;11;-0.01;0.02;0;0;1
0;6;0.00;0.00;0;0;0
0;7;0.00;0.00;0;0;0
0;9;0.00;0.00;0;0;0
0;14;-0.02;0.00;-1;0;0
0;7;0.00;0.00;0;0;0
0;7;0.00;0.00;0;0;0
0;8;0.00;0.00;0;0;0
0;12;-0.01;0.02;0;0;1
0;6;0.00;0.00;0;0;0
0;8;0.00;0.00;0;0;0
0;7;0.00;0.00;0;0;0
0;8;0.00;0.00;0;0;0
0;11;0.00;0.00;0;0;0
0;7;0.00;0.00;0;0;0
0;7;-0.01;0.02;0;0;1
0;8;0.00;0.00;0;0;0
0;12;0.00;0.00;0;0;0
0;6;0.00;0.00;0;0;0
0;8;0.00;0.00;0;0;0
0;7;0.00;0.00;0;0;0
0;8;-0.01;0.02;0;0;1
0;9;0.00;0.00;0;0;0
0;7;0.00;0.00;0;0;0
0;9;0.00;0.00;0;0;0
0;11;0.00;0.00;0;0;0
0;5;0.00;0.00;0;0;0
0;7;0.00;0.00;0;0;0
0;8;0.00;0.00;0;0;0
0;11;-0.01;0.02;0;0;1
0;7;0.00;0.00;0;0;0
0;8;0.00;0.00;0;0;0
0;7;0.00;0.00;0;0;0
0;8;0.00;0.00;0;0;0
0;9;0.00;0.00;0;0;0
0;11;0.00;0.00;0;0;0
0;6;0.00;0.00;0;0;0
0;8;-0.01;0.02;0;0;1
0;7;0.00;0.00;0;0;0
0;9;0.00;0.00;0;0;0
0;8;0.00;0.00;0;0;0
0;8;0.00;0.00;0;0;0
0;8;0.00;0.00;0;0;0
0;8;0.00;0.00;0;0;0
0;12;0.00;0.00;0;0;0
0;6;-0.01;0.02;0;0;1
0;7;0.00;0.00;0;0;0
0;8;0.00;0.00;0;0;0
0;8;0.00;0.00;0;0;0
0;8;0.00;0.00;0;0;0
0;9;0.00;0.00;0;0;0
0;8;0.00;0.00;0;0;0
0;8;0.00;0.00;0;0;0
0;8;-0.01;0.02;0;0;1
0;8;0.00;0.00;0;0;0
0;9;0.00;0.00;0;0;0
0;8;0.00;0.00;0;0;0
0;8;0.00;0.00;0;0;0
0;11;0.00;0.00;0;0;0
0;6;-0.01;0.02;0;0;1
0;8;0.00;0.00;0;0;0
0;8;0.00;0.00;0;0;0
0;9;0.00;0.00;0;0;0
0;7;0.00;0.00;0;0;0
0;8;0.00;0.00;0;0;0
0;9;0.00;0.00;0;0;0
0;10;0.00;0.00;0;0;0
0;7;-0.01;0.02;0;0;1
0;7;0.00;0.00;0;0;0
0;8;0.00;0.00;0;0;0
0;10;0.00;0.00;0;0;0
0;7;0.00;0.00;0;0;0
0;8;0.00;0.00;0;0;0
0;8;0.00;0.00;0;0;0
0;10;-0.01;0.02;0;0;1
0;8;0.00;0.00;0;0;0
0;7;0.00;0.00;0;0;0
0;8;0.00;0.00;0;0;0
0;9;0.00;0.00;0;0;0
0;7;0.00;0.00;0;0;0
0;8;-0.01;0.02;0;0;1
0;9;0.00;0.00;0;0;0
0;11;0.00;0.00;0;0;0
0;6;0.00;0.00;0;0;0
0;7;0.00;0.00;0;0;0
0;11;0.00;0.00;0;0;0
0;7;-0.01;0.02;0;0;1
0;7;0.00;0.00;0;0;0
0;8;0.00;0.00;0;0;0
0;11;0.00;0.00;0;0;0
0;6;0.00;0.00;0;0;0
0;8;0.00;0.00;0;0;0
0;8;-0.01;0.02;0;0;1
0;12;0.00;0.00;0;0;0
0;5;0.00;0.00;0;0;0
0;7;0.00;0.00;0;0;0
0;9;0.00;0.00;0;0;0
0;11;0.00;0.00;0;0;0
0;6;0.00;0.00;0;0;0
0;7;-0.01;0.02;0;0;1
0;8;0.00;0.00;0;0;0
0;12;0.00;0.00;0;0;0
0;6;0.00;0.00;0;0;0
0;7;0.00;0.00;0;0;0
0;8;0.00;0.00;0;0;0
0;8;0.00;0.00;0;0;0
0;8;-0.01;0.02;0;0;1
0;12;0.00;0.00;0;0;0
0;6;0.00;0.00;0;0;0
0;7;0.00;0.00;0;0;0
0;8;0.00;0.00;0;0;0
0;10;0.00;0.00;0;0;0
0;8;-0.01;0.02;0;0;1
0;7;0.00;0.00;0;0;0
0;8;0.00;0.00;0;0;0
0;12;0.00;0.00;0;0;0
0;8;0.00;0.00;0;0;0
0;9;0.00;0.00;0;0;0
0;8;-0.01;0.02;0;0;1
0;8;0.00;0.00;0;0;0
0;8;0.00;0.00;0;0;0
0;8;0.00;0.00;0;0;0
0;9;0.00;0.00;0;0;0
0;8;0.00;0.00;0;0;0
0;8;0.00;0.00;0;0;0
0;8;-0.01;0.02;0;0;1
0;8;0.00;0.00;0;0;0
0;9;0.00;0.00;0;0;0
0;9;-0.02;0.00;-1;0;0
0;7;0.00;0.00;0;0;0
0;9;0.00;0.00;0;0;0
0;7;-0.01;0.02;0;0;1
0;9;0.00;0.00;0;0;0
0;8;0.00;0.00;0;0;0
0;10;0.00;0.00;0;0;0
0;6;0.00;0.00;0;0;0
0;8;0.00;0.00;0;0;0
0;8;-0.01;0.02;0;0;1
0;9;0.00;0.00;0;0;0
0;8;0.00;0.00;0;0;0
0;8;0.00;0.00;0;0;0
0;8;0.00;0.00;0;0;0
0;16;-0.01;0.02;0;0;1
0;5;0.00;0.00;0;0;0
0;8;0.00;0.00;0;0;0
0;10;0.00;0.00;0;0;0
0;6;0.00;0.00;0;0;0
0;8;0.00;0.00;0;0;0
0;9;0.00;0.00;0;0;0
0;10;-0.01;0.02;0;0;1
0;6;0.00;0.00;0;0;0
0;8;0.00;0.00;0;0;0
0;8;0.00;0.00;0;0;0
0;9;0.00;0.00;0;0;0
0;9;0.00;0.00;0;0;0
0;8;-0.01;0.02;0;0;1
0;8;0.00;0.00;0;0;0
0;8;0.00;0.00;0;0;0
0;9;0.00;0.00;0;0;0
0;7;0.00;0.00;0;0;0
0;8;0.00;0.00;0;0;0
0;8;-0.01;0.02;0;0;1
0;8;0.00;0.00;0;0;0
0;9;0.00;0.00;0;0;0
0;8;0.00;0.00;0;0;0
0;8;0.00;0.00;0;0;0
0;8;0.00;0.00;0;0;0
0;12;-0.01;0.02;0;0;1
0;9;0.00;0.00;0;0;0
0;8;0.00;0.00;0;0;0
0;11;0.00;0.00;0;0;0
0;5;0.00;0.00;0;0;0
0;9;0.00;0.00;0;0;0
0;9;-0.01;0.02;0;0;1
0;8;0.00;0.00;0;0;0
0;7;0.00;0.00;0;0;0
0;8;0.00;0.00;0;0;0
0;8;0.00;0.00;0;0;0
0;11;0.00;0.00;0;0;0
0;6;-0.01;0.02;0;0;1
0;8;0.00;0.00;0;0;0
0;12;0.00;0.00;0;0;0
0;10;0.00;0.00;0;0;0
0;7;0.00;0.00;0;0;0
0;8;-0.01;0.02;0;0;1
0;13;0.00;0.00;0;0;0
0;8;0.00;0.00;0;0;0
0;8;0.00;0.00;0;0;0
0;11;0.00;0.00;0;0;0
0;6;0.00;0.00;0;0;0
0;7;-0.01;0.02;0;0;1
0;10;0.00;0.00;0;0;0
0;12;0.00;0.00;0;0;0
0;7;0.00;0.00;0;0;0
0;8;0.00;0.00;0;0;0
0;8;0.00;0.00;0;0;0
0;10;-0.01;0.02;0;0;1
0;8;0.00;0.00;0;0;0
0;7;0.00;0.00;0;0;0
0;8;0.00;0.00;0;0;0
0;8;0.00;0.00;0;0;0
0;8;0.00;0.00;0;0;0
0;8;-0.01;0.02;0;0;1
0;9;0.00;0.00;0;0;0
0;7;0.00;0.00;0;0;0
0;11;0.00;0.00;0;0;0
0;6;0.00;0.00;0;0;0
0;8;0.00;0.00;0;0;0
0;8;-0.01;0.02;0;0;1
0;11;0.00;0.00;0;0;0
0;6;0.00;0.00;0;0;0
0;8;0.00;0.00;0;0;0
0;7;0.00;0.00;0;0;0
0;13;0.00;0.00;0;0;0
0;5;-0.01;0.02;0;0;1
0;8;0.00;0.00;0;0;0
0;7;0.00;0.00;0;0;0
0;13;0.00;0.00;0;0;0
0;9;0.00;0.00;0;0;0
0;8;-0.01;0.02;0;0;1
0;7;0.00;0.00;0;0;0
0;9;0.00;0.00;0;0;0
0;7;0.00;0.00;0;0;0
0;9;0.00;0.00;0;0;0
0;10;0.00;0.00;0;0;0
0;7;-0.01;0.02;0;0;1
0;7;0.00;0.00;0;0;0
0;8;0.00;0.00;0;0;0
0;12;0.00;0.00;0;0;0
0;6;0.00;0.00;0;0;0
0;7;0.00;0.00;0;0;0
0;8;-0.01;0.02;0;0;1
0;12;0.00;0.00;0;0;0
0;9;0.00;0.00;0;0;0
0;8;0.00;0.00;0;0;0
0;8;0.00;0.00;0;0;0
0;8;-0.01;0.02;0;0;1
0;8;0.00;0.00;0;0;0
0;9;0.00;0.00;0;0;0
0;8;0.00;0.00;0;0;0
0;9;0.00;0.00;0;0;0
0;7;0.00;0.00;0;0;0
0;8;-0.01;0.02;0;0;1
0;9;0.00;0.00;0;0;0
0;13;0.00;0.00;0;0;0
0;8;0.00;0.00;0;0;0
0;7;0.00;0.00;0;0;0
0;8;0.00;0.00;0;0;0
0;9;-0.01;0.02;0;0;1
0;11;0.00;0.00;0;0;0
0;7;0.00;0.00;0;0;0
0;7;0.00;0.00;0;0;0
0;7;0.00;0.00;0;0;0
0;10;0.00;0.00;0;0;0
0;7;0.00;0.00;0;0;0
0;8;-0.01;0.02;0;0;1
0;8;0.00;0.00;0;0;0
0;13;0.00;0.00;0;0;0
0;8;0.00;0.00;0;0;0
0;8;0.00;0.00;0;0;0
0;13;-0.01;0.02;0;0;1
0;7;0.00;0.00;0;0;0
0;8;0.00;0.00;0;0;0
0;12;0.00;0.00;0;0;0
0;6;0.00;0.00;0;0;0
0;7;0.00;0.00;0;0;0
0;8;0.00;0.00;0;0;0
0;12;-0.01;0.02;0;0;1
0;9;0.00;0.00;0;0;0
0;9;0.00;0.00;0;0;0
0;7;0.00;0.00;0;0;0
0;10;0.00;0.00;0;0;0
0;6;0.00;0.00;0;0;0
0;9;-0.01;0.02;0;0;1
0;8;0.00;0.00;0;0;0
0;10;0.00;0.00;0;0;0
0;6;0.00;0.00;0;0;0
0;8;0.00;0.00;0;0;0
0;9;0.00;0.00;0;0;0
0;11;0.00;0.00;0;0;0
0;7;0.00;0.00;0;0;0
0;7;0.00;0.00;0;0;0
0;11;0.00;0.00;0;0;0
0;6;0.00;0.00;0;0;0
0;8;0.00;0.00;0;0;0
0;8;0.00;0.00;0;0;0
0;11;0.00;0.00;0;0;0
0;4;0.00;0.00;0;0;0
0;9;0.00;0.00;0;0;0
0;8;0.00;0.00;0;0;0
0;11;0.00;0.00;0;0;0
0;6;-0.01;0.02;0;0;1
0;7;0.00;0.00;0;0;0
0;8;0.00;0.00;0;0;0
0;9;0.00;0.00;0;0;0
0;9;0.00;0.00;0;0;0
0;9;0.00;0.00;0;0;0
0;8;0.00;0.00;0;0;0
0;7;0.00;0.00;0;0;0
0;8;0.00;0.00;0;0;0
0;11;0.00;0.00;0;0;0
0;5;0.00;0.00;0;0;0
0;8;0.00;0.00;0;0;0
0;8;0.00;0.00;0;0;0
0;12;0.00;0.00;0;0;0
0;6;0.00;0.00;0;0;0
0;7;0.00;0.00;0;0;0
0;9;0.00;0.00;0;0;0
0;10;0.00;0.00;0;0;0
0;9;0.00;0.00;0;0;0
0;6;0.00;0.00;0;0;0
0;7;0.00;0.00;0;0;0
0;10;0.00;0.00;0;0;0
0;6;0.00;0.00;0;0;0
0;9;0.00;0.00;0;0;0
0;8;0.00;0.00;0;0;0
0;12;0.00;0.00;0;0;0
0;8;0.00;0.00;0;0;0
0;8;0.00;0.00;0;0;0
0;13;0.00;0.00;0;0;0
0;8;0.00;0.00;0;0;0
0;8;0.00;0.00;0;0;0
0;8;0.00;0.00;0;0;0
0;8;0.00;0.00;0;0;0
0;9;0.00;0.00;0;0;0
0;8;0.00;0.00;0;0;0
0;8;0.00;0.00;0;0;0
0;8;0.00;0.00;0;0;0
0;8;0.00;0.00;0;0;0
0;10;0.00;0.00;0;0;0
0;11;0.00;0.00;0;0;0
0;5;0.00;0.00;0;0;0
0;7;0.00;0.00;0;0;0
0;8;0.00;0.00;0;0;0
0;9;0.00;0.00;0;0;0
0;9;0.00;0.00;0;0;0
0;7;0.00;0.00;0;0;0
0;8;0.00;0.00;0;0;0
0;8;0.00;0.00;0;0;0
0;9;0.00;0.00;0;0;0
0;8;0.00;0.00;0;0;0
0;8;0.00;0.00;0;0;0
0;8;0.00;0.00;0;0;0
0;8;0.00;0.00;0;0;0
0;13;0.00;0.00;0;0;0
0;4;0.00;0.00;0;0;0
0;8;0.00;0.00;0;0;0
0;8;0.00;0.00;0;0;0
0;13;0.00;0.00;0;0;0
0;8;0.00;0.00;0;0;0
0;8;0.00;0.00;0;0;0
0;11;0.00;0.00;0;0;0
0;5;0.00;0.00;0;0;0
0;8;0.00;0.00;0;0;0
0;10;0.00;0.00;0;0;0
0;11;0.00;0.00;0;0;0
0;8;0.00;0.00;0;0;0
0;8;0.00;0.00;0;0;0
0;8;0.00;0.00;0;0;0
0;9;0.00;0.00;0;0;0
0;8;0.00;0.00;0;0;0
0;8;0.00;0.00;0;0;0
0;8;0.00;0.00;0;0;0
0;10;0.00;0.00;0;0;0
0;7;0.00;0.00;0;0;0
0;8;0.00;0.00;0;0;0
0;8;0.00;0.00;0;0;0
0;8;0.00;0.00;0;0;0
0;8;0.00;0.00;0;0;0
0;8;0.00;0.00;0;0;0
0;9;0.00;0.00;0;0;0
0;8;0.00;0.00;0;0;0
0;8;0.00;0.00;0;0;0
0;8;0.00;0.00;0;0;0
0;16;0.00;0.00;0;0;0
0;5;0.00;0.00;0;0;0
0;8;0.00;0.00;0;0;0
0;8;0.00;0.00;0;0;0
0;8;0.00;0.00;0;0;0
0;8;0.00;0.00;0;0;0
0;9;0.00;0.00;0;0;0
0;8;0.00;0.00;0;0;0
0;9;0.00;0.00;0;0;0
0;8;0.00;0.00;0;0;0
0;7;0.00;0.00;0;0;0
0;13;0.00;0.00;0;0;0
0;13;0.00;0.00;0;0;0
0;7;0.00;0.00;0;0;0
0;8;0.00;0.00;0;0;0
0;9;0.00;0.00;0;0;0
0;8;0.00;0.00;0;0;0
0;8;0.00;0.00;0;0;0
0;8;0.00;0.00;0;0;0
0;8;0.00;0.00;0;0;0
0;12;0.00;0.00;0;0;0
0;5;0.00;0.00;0;0;0
0;8;0.00;0.00;0;0;0
0;8;0.00;0.00;0;0;0
0;8;0.00;0.00;0;0;0
0;9;0.00;0.00;0;0;0
0;8;0.00;0.00;0;0;0
0;8;0.00;0.00;0;0;0
0;11;0.00;0.00;0;0;0
0;5;0.00;0.00;0;0;0
0;9;0.00;0.00;0;0;0
0;8;0.00;0.00;0;0;0
0;9;0.00;0.00;0;0;0
0;7;0.00;0.00;0;0;0
0;9;0.00;0.00;0;0;0
0;7;0.00;0.00;0;0;0
0;10;0.00;0.00;0;0;0
0;7;0.00;0.00;0;0;0
0;9;0.00;0.00;0;0;0
0;7;0.00;0.00;0;0;0
0;15;0.00;0.00;0;0;0
0;6;0.00;0.00;0;0;0
0;8;0.00;0.00;0;0;0
0;8;0.00;0.00;0;0;0
0;8;0.00;0.00;0;0;0
0;8;0.00;0.00;0;0;0
0;9;0.00;0.00;0;0;0
0;13;0.00;0.00;0;0;0
0;8;0.00;0.00;0;0;0
0;7;0.00;0.00;0;0;0
0;17;0.00;0.00;0;0;0
0;4;0.00;0.00;0;0;0
0;8;0.00;0.00;0;0;0
0;8;0.00;0.00;0;0;0
0;30;0.00;0.00;0;0;0
0;23;0.00;0.00;0;0;0
0;9;0.00;0.00;0;0;0
0;10;0.00;0.00;0;0;0
0;7;0.00;0.00;0;0;0
0;16;0.00;0.00;0;0;0
0;13;0.00;0.00;0;0;0
0;9;0.00;0.00;0;0;0
0;9;0.00;0.00;0;0;0
0;14;0.00;0.00;0;0;0
0;8;0.00;0.00;0;0;0
0;13;0.00;0.00;0;0;0
0;6;0.00;0.00;0;0;0
0;8;0.00;0.00;0;0;0
0;8;0.00;0.00;0;0;0
0;9;0.00;0.00;0;0;0
0;8;0.00;0.00;0;0;0
0;8;0.00;0.00;0;0;0
0;8;0.00;0.00;0;0;0
0;8;0.00;0.00;0;0;0
0;9;0.00;0.00;0;0;0
0;8;0.00;0.00;0;0;0
0;10;0.00;0.00;0;0;0
0;6;0.00;0.00;0;0;0
0;8;0.00;0.00;0;0;0
0;9;0.00;0.00;0;0;0
0;8;0.00;0.00;0;0;0
0;8;0.00;0.00;0;0;0
0;8;0.00;0.00;0;0;0
0;8;0.00;0.00;0;0;0
0;9;0.00;0.00;0;0;0
0;8;0.00;0.00;0;0;0
0;8;0.00;0.00;0;0;0
0;8;0.00;0.00;0;0;0
0;8;0.00;0.00;0;0;0
0;9;0.00;0.00;0;0;0
0;8;0.00;0.00;0;0;0
0;8;0.00;0.00;0;0;0
0;8;0.00;0.00;0;0;0
0;8;0.00;0.00;0;0;0
0;8;0.00;0.00;0;0;0
0;9;0.00;0.00;0;0;0
0;8;0.00;0.00;0;0;0
0;8;0.00;0.00;0;0;0
0;8;0.00;0.00;0;0;0
0;8;0.00;0.00;0;0;0
0;9;0.00;0.00;0;0;0
0;8;0.00;0.00;0;0;0
0;8;0.00;0.00;0;0;0
0;8;0.00;0.00;0;0;0
0;8;0.00;0.00;0;0;0
0;9;0.00;0.00;0;0;0
0;8;0.00;0.00;0;0;0
0;8;0.00;0.00;0;0;0
0;8;0.00;0.00;0;0;0
0;15;0.00;0.00;0;0;0
0;7;0.00;0.00;0;0;0
0;7;0.00;0.00;0;0;0
0;20;0.00;0.00;0;0;0
0;11;0.00;0.00;0;0;0
0;6;0.00;0.00;0;0;0
0;9;0.00;0.00;0;0;0
0;7;0.00;0.00;0;0;0
0;10;0.00;0.00;0;0;0
0;14;0.00;0.00;0;0;0
0;5;0.00;0.00;0;0;0
0;8;0.00;0.00;0;0;0
0;8;0.00;0.00;0;0;0
0;8;0.00;0.00;0;0;0
0;9;0.00;0.00;0;0;0
0;8;0.00;0.00;0;0;0
0;8;0.00;0.00;0;0;0
0;8;0.00;0.00;0;0;0
0;8;0.00;0.00;0;0;0
0;8;0.00;0.00;0;0;0
0;9;0.00;0.00;0;0;0
0;8;0.00;0.00;0;0;0
0;8;0.00;0.00;0;0;0
0;8;0.00;0.00;0;0;0
0;8;0.00;0.00;0;0;0
0;9;0.00;0.00;0;0;0
0;8;0.00;0.00;0;0;0
0;8;0.00;0.00;0;0;0
0;8;0.00;0.00;0;0;0
0;8;0.00;0.00;0;0;0
0;9;0.00;0.00;0;0;0
0;8;0.00;0.00;0;0;0
0;9;0.00;0.00;0;0;0
0;8;0.00;0.00;0;0;0
0;7;0.00;0.00;0;0;0
0;9;0.00;0.00;0;0;0
0;8;0.00;0.00;0;0;0
0;8;0.00;0.00;0;0;0
0;8;0.00;0.00;0;0;0
0;8;0.00;0.00;0;0;0
0;9;0.00;0.00;0;0;0
0;8;0.00;0.00;0;0;0
0;8;0.00;0.00;0;0;0
0;8;0.00;0.00;0;0;0
0;8;0.00;0.00;0;0;0
0;8;0.00;0.00;0;0;0
0;9;0.00;0.00;0;0;0
0;8;0.00;0.00;0;0;0
0;8;0.00;0.00;0;0;0
0;8;0.00;0.00;0;0;0
0;10;0.00;0.00;0;0;0
0;10;0.00;0.00;0;0;0
0;8;0.00;0.00;0;0;0
0;5;0.00;0.00;0;0;0
0;11;0.00;0.00;0;0;0
0;5;0.00;0.00;0;0;0
0;9;0.00;0.00;0;0;0
0;8;0.00;0.00;0;0;0
0;14;0.00;0.00;0;0;0
0;6;0.00;0.00;0;0;0
0;8;0.00;0.00;0;0;0
0;12;0.00;0.00;0;0;0
0;6;0.00;0.00;0;0;0
0;7;0.00;0.00;0;0;0
0;11;0.00;0.00;0;0;0
0;5;0.00;0.00;0;0;0
0;11;0.00;0.00;0;0;0
0;6;0.00;0.00;0;0;0
0;10;0.00;0.00;0;0;0
0;9;0.00;0.00;0;0;0
0;5;0.00;0.00;0;0;0
0;9;0.00;0.00;0;0;0
0;8;0.00;0.00;0;0;0
0;8;0.00;0.00;0;0;0
0;11;0.00;0.00;0;0;0
0;5;0.00;0.00;0;0;0
0;9;0.00;0.00;0;0;0
0;10;0.00;0.00;0;0;0
0;16;0.00;0.00;0;0;0
0;6;0.00;0.00;0;0;0
0;11;0.00;0.00;0;0;0
0;6;0.00;0.00;0;0;0
0;8;0.00;0.00;0;0;0
0;13;0.00;0.00;0;0;0
0;7;0.00;0.00;0;0;0
0;9;0.00;0.00;0;0;0
0;8;0.00;0.00;0;0;0
0;8;0.00;0.00;0;0;0
0;8;0.00;0.00;0;0;0
0;14;0.00;0.00;0;0;0
0;11;0.00;0.00;0;0;0
0;8;0.00;0.00;0;0;0
0;8;0.00;0.00;0;0;0
0;8;0.00;0.00;0;0;0
0;11;0.00;0.00;0;0;0
0;6;0.00;0.00;0;0;0
0;12;0.00;0.00;0;0;0
0;8;0.00;0.00;0;0;0
0;8;0.00;0.00;0;0;0
0;9;0.00;0.00;0;0;0
0;9;0.00;0.00;0;0;0
0;11;0.00;0.00;0;0;0
0;8;0.00;0.00;0;0;0
0;12;0.00;0.00;0;0;0
0;9;0.00;0.00;0;0;0
0;8;0.00;0.00;0;0;0
0;8;0.00;0.00;0;0;0
0;8;0.00;0.00;0;0;0
0;8;0.00;0.00;0;0;0
0;9;0.00;0.00;0;0;0
0;9;0.00;0.00;0;0;0
0;8;0.00;0.00;0;0;0
0;7;0.00;0.00;0;0;0
0;8;0.00;0.00;0;0;0
0;13;0.00;0.00;0;0;0
0;8;0.00;0.00;0;0;0
0;11;0.00;0.00;0;0;0
0;5;0.00;0.00;0;0;0
0;13;0.00;0.00;0;0;0
0;8;0.00;0.00;0;0;0
0;8;0.00;0.00;0;0;0
0;11;0.00;0.00;0;0;0
0;8;0.00;0.00;0;0;0
0;6;0.00;0.00;0;0;0
0;10;0.00;0.00;0;0;0
0;12;0.00;0.00;0;0;0
0;6;0.00;0.00;0;0;0
0;11;0.00;0.00;0;0;0
0;9;0.00;0.00;0;0;0
0;5;0.00;0.00;0;0;0
0;8;0.00;0.00;0;0;0
0;8;0.00;0.00;0;0;0
0;8;0.00;0.00;0;0;0
0;9;0.00;0.00;0;0;0
0;11;0.00;0.00;0;0;0
0;5;0.00;0.00;0;0;0
0;8;0.00;0.00;0;0;0
0;8;0.00;0.00;0;0;0
0;12;0.00;0.00;0;0;0
0;5;0.00;0.00;0;0;0
0;9;0.00;0.00;0;0;0
0;7;0.00;0.00;0;0;0
0;8;0.00;0.00;0;0;0
0;8;0.00;0.00;0;0;0
0;9;0.00;0.00;0;0;0
0;8;0.00;0.00;0;0;0
0;8;0.00;0.00;0;0;0
0;8;0.00;0.00;0;0;0
0;8;0.00;0.00;0;0;0
0;9;0.00;0.00;0;0;0
0;11;0.00;0.00;0;0;0
0;5;0.00;0.00;0;0;0
0;10;0.00;0.00;0;0;0
0;6;0.00;0.00;0;0;0
0;9;0.00;0.00;0;0;0
0;8;0.00;0.00;0;0;0
0;8;0.00;0.00;0;0;0
0;8;0.00;0.00;0;0;0
0;12;0.00;0.00;0;0;0
0;9;0.00;0.00;0;0;0
0;8;0.00;0.00;0;0;0
0;15;0.00;0.00;0;0;0
0;5;0.00;0.00;0;0;0
0;11;0.00;0.00;0;0;0
0;10;0.00;0.00;0;0;0
0;8;0.00;0.00;0;0;0
0;8;0.00;0.00;0;0;0
0;8;0.00;0.00;0;0;0
0;16;0.00;0.00;0;0;0
0;5;0.00;0.00;0;0;0
0;8;0.00;0.00;0;0;0
0;11;0.00;0.00;0;0;0
0;8;0.00;0.00;0;0;0
0;6;0.00;0.00;0;0;0
0;12;0.00;0.00;0;0;0
0;8;0.00;0.00;0;0;0
0;11;0.00;0.00;0;0;0
0;5;0.00;0.00;0;0;0
0;10;0.00;0.00;0;0;0
0;7;0.00;0.00;0;0;0
0;11;0.00;0.00;0;0;0
0;6;0.00;0.00;0;0;0
0;7;0.00;0.00;0;0;0
0;9;0.00;0.00;0;0;0
0;11;0.00;0.00;0;0;0
0;5;0.00;0.00;0;0;0
0;8;0.00;0.00;0;0;0
0;8;0.00;0.00;0;0;0
0;12;-0.02;0.00;-1;0;0
0;8;0.00;0.00;0;0;0
0;7;0.00;0.00;0;0;0
0;6;0.00;0.00;0;0;0
0;16;0.00;0.00;0;0;0
0;5;0.00;0.00;0;0;0
0;8;0.00;0.00;0;0;0
0;12;-0.02;0.00;-1;0;0
0;8;0.00;0.00;0;0;0
0;12;0.00;0.00;0;0;0
0;5;0.00;0.00;0;0;0
0;11;0.00;0.00;0;0;0
0;5;-0.01;0.02;0;0;1
0;11;0.00;0.00;0;0;0
0;5;0.00;0.00;0;0;0
0;9;0.00;0.00;0;0;0
0;8;0.00;0.00;0;0;0
0;8;-0.02;0.00;-1;0;0
0;8;0.00;0.00;0;0;0
0;11;-0.01;0.02;0;0;1
0;6;0.00;0.00;0;0;0
0;8;0.00;0.00;0;0;0
0;8;0.00;0.00;0;0;0
0;8;0.00;0.00;0;0;0
0;8;-0.02;0.00;-1;0;0
0;9;0.00;0.00;0;0;0
0;8;0.00;0.00;0;0;0
0;16;-0.01;0.02;0;0;1
0;8;0.00;0.00;0;0;0
0;9;0.00;0.00;0;0;0
0;8;-0.02;0.00;-1;0;0
0;8;0.00;0.00;0;0;0
0;8;0.00;0.00;0;0;0
0;8;-0.01;0.02;0;0;1
0;8;0.00;0.00;0;0;0
0;9;0.00;0.00;0;0;0
0;8;0.00;0.00;0;0;0
0;8;-0.02;0.00;-1;0;0
0;8;0.00;0.00;0;0;0
0;15;0.00;0.00;0;0;0
0;6;0.00;0.00;0;0;0
0;8;0.00;0.00;0;0;0
0;11;-0.02;0.00;-1;0;0
0;8;0.00;0.00;0;0;0
0;7;0.00;0.00;0;0;0
0;8;0.00;0.00;0;0;0
0;12;0.00;0.00;0;0;0
0;19;0.00;0.00;0;0;0
0;17;0.00;0.00;0;0;0
0;17;0.00;0.00;0;0;0
0;7;0.00;0.00;0;0;0
0;9;0.00;0.00;0;0;0
0;8;0.00;0.00;0;0;0
0;8;0.00;0.00;0;0;0
0;8;0.00;0.00;0;0;0
0;8;0.00;0.00;0;0;0
0;9;0.00;0.00;0;0;0
0;8;0.00;0.00;0;0;0
0;12;0.00;0.00;0;0;0
0;8;0.00;0.00;0;0;0
0;14;0.00;0.00;0;0;0
0;7;0.00;0.00;0;0;0
0;8;0.00;0.00;0;0;0
0;8;0.00;0.00;0;0;0
0;8;0.00;0.00;0;0;0
0;8;0.00;0.00;0;0;0
0;9;0.00;0.00;0;0;0
0;8;-0.01;0.02;0;0;1
0;8;0.00;0.00;0;0;0
0;8;0.00;0.00;0;0;0
0;8;0.00;0.00;0;0;0
0;9;0.00;0.00;0;0;0
0;8;-0.02;0.00;-1;0;0
0;8;0.00;0.00;0;0;0
0;10;-0.01;0.02;0;0;1
0;6;0.00;0.00;0;0;0
0;9;0.00;0.00;0;0;0
0;9;0.00;0.00;0;0;0
0;9;0.00;0.00;0;0;0
0;6;0.00;0.00;0;0;0
0;10;-0.04;0.02;-1;0;1
0;7;0.00;0.00;0;0;0
0;8;0.00;0.00;0;0;0
0;8;0.00;0.00;0;0;0
0;8;0.00;0.00;0;0;0
0;8;0.00;0.00;0;0;0
0;14;-0.02;0.00;-1;0;0
0;33;-0.01;0.02;0;0;1
0;7;0.00;0.00;0;0;0
0;15;-0.02;0.00;-1;0;0
0;9;-0.01;0.02;0;0;1
0;8;0.00;0.00;0;0;0
0;12;0.00;0.00;0;0;0
0;16;0.00;0.00;0;0;0
0;5;0.00;0.00;0;0;0
0;13;-0.01;0.02;0;0;1
0;15;0.00;0.00;0;0;0
0;5;0.00;0.00;0;0;0
0;9;0.00;0.00;0;0;0
0;7;0.00;0.00;0;0;0
0;12;-0.01;0.02;0;0;1
0;9;0.00;0.00;0;0;0
0;8;0.00;0.00;0;0;0
0;10;0.00;0.00;0;0;0
0;9;0.00;0.00;0;0;0
0;17;0.00;0.00;0;0;0
0;11;-0.01;0.02;0;0;1
0;6;0.00;0.00;0;0;0
0;8;0.00;0.00;0;0;0
0;11;0.00;0.00;0;0;0
0;17;0.00;0.00;0;0;0
0;16;-0.01;0.02;0;0;1
0;9;0.00;0.00;0;0;0
0;5;0.00;0.00;0;0;0
0;8;0.00;0.00;0;0;0
0;8;0.00;0.00;0;0;0
0;9;0.00;0.00;0;0;0
0;7;0.00;0.00;0;0;0
0;9;-0.01;0.02;0;0;1
0;8;0.00;0.00;0;0;0
0;8;0.00;0.00;0;0;0
0;8;0.00;0.00;0;0;0
0;8;0.00;0.00;0;0;0
0;9;0.00;0.00;0;0;0
0;8;-0.01;0.02;0;0;1
0;8;0.00;0.00;0;0;0
0;8;0.00;0.00;0;0;0
0;8;0.00;0.00;0;0;0
0;9;-0.02;0.00;-1;0;0
0;8;0.00;0.00;0;0;0
0;8;0.00;0.00;0;0;0
0;8;-0.01;0.02;0;0;1
0;8;0.00;0.00;0;0;0
0;12;0.00;0.00;0;0;0
0;5;0.00;0.00;0;0;0
0;8;0.00;0.00;0;0;0
0;8;0.00;0.00;0;0;0
0;8;0.00;0.00;0;0;0
0;9;-0.01;0.02;0;0;1
0;8;0.00;0.00;0;0;0
0;8;0.00;0.00;0;0;0
0;8;0.00;0.00;0;0;0
0;8;0.00;0.00;0;0;0
0;11;0.00;0.00;0;0;0
0;6;0.00;0.00;0;0;0
0;11;-0.01;0.02;0;0;1
0;5;0.00;0.00;0;0;0
0;8;0.00;0.00;0;0;0
0;12;0.00;0.00;0;0;0
0;6;0.00;0.00;0;0;0
0;7;0.00;0.00;0;0;0
0;9;-0.01;0.02;0;0;1
0;9;0.00;0.00;0;0;0
0;6;0.00;0.00;0;0;0
0;9;0.00;0.00;0;0;0
0;9;-0.02;0.00;-1;0;0
0;16;0.00;0.00;0;0;0
0;7;-0.01;0.02;0;0;1
0;9;0.00;0.00;0;0;0
0;10;0.00;0.00;0;0;0
0;8;0.00;0.00;0;0;0
0;6;-0.02;0.00;-1;0;0
0;10;0.00;0.00;0;0;0
0;11;0.00;0.00;0;0;0
0;8;-0.01;0.02;0;0;1
0;8;0.00;0.00;0;0;0
0;8;0.00;0.00;0;0;0
0;8;-0.02;0.00;-1;0;0
0;14;0.00;0.00;0;0;0
0;7;0.00;0.00;0;0;0
0;8;0.00;0.00;0;0;0
0;9;-0.01;0.02;0;0;1
0;7;0.00;0.00;0;0;0
0;12;-0.02;0.00;-1;0;0
0;5;0.00;0.00;0;0;0
0;11;0.00;0.00;0;0;0
0;5;0.00;0.00;0;0;0
0;11;-0.01;0.02;0;0;1
0;6;0.00;0.00;0;0;0
0;8;-0.02;0.00;-1;0;0
0;8;0.00;0.00;0;0;0
0;8;0.00;0.00;0;0;0
0;8;0.00;0.00;0;0;0
0;9;0.00;0.00;0;0;0
0;8;0.00;0.00;0;0;0
0;8;-0.04;0.02;-1;0;1
0;8;0.00;0.00;0;0;0
0;8;0.00;0.00;0;0;0
0;9;0.00;0.00;0;0;0
0;8;0.00;0.00;0;0;0
0;8;0.00;0.00;0;0;0
0;8;-0.02;0.00;-1;0;0
0;8;-0.01;0.02;0;0;1
0;8;0.00;0.00;0;0;0
0;9;0.00;0.00;0;0;0
0;8;0.00;0.00;0;0;0
0;8;0.00;0.00;0;0;0
0;8;-0.02;0.00;-1;0;0
0;8;0.00;0.00;0;0;0
0;9;-0.01;0.02;0;0;1
0;8;0.00;0.00;0;0;0
0;8;0.00;0.00;0;0;0
0;10;-0.02;0.00;-1;0;0
0;6;0.00;0.00;0;0;0
0;9;0.00;0.00;0;0;0
0;8;0.00;0.00;0;0;0
0;8;-0.01;0.02;0;0;1
0;8;0.00;0.00;0;0;0
0;10;0.00;0.00;0;0;0
0;7;-0.02;0.00;-1;0;0
0;10;0.00;0.00;0;0;0
0;8;0.00;0.00;0;0;0
0;6;0.00;0.00;0;0;0
0;8;-0.01;0.02;0;0;1
0;9;0.00;0.00;0;0;0
0;8;0.00;0.00;0;0;0
0;10;0.00;0.00;0;0;0
0;7;0.00;0.00;0;0;0
0;7;0.00;0.00;0;0;0
0;8;0.00;0.00;0;0;0
0;12;-0.01;0.02;0;0;1
0;7;0.00;0.00;0;0;0
0;9;0.00;0.00;0;0;0
0;5;0.00;0.00;0;0;0
0;8;0.00;0.00;0;0;0
0;9;0.00;0.00;0;0;0
0;11;0.00;0.00;0;0;0
0;5;-0.01;0.02;0;0;1
0;14;0.00;0.00;0;0;0
0;6;0.00;0.00;0;0;0
0;9;0.00;0.00;0;0;0
0;8;0.00;0.00;0;0;0
0;11;0.00;0.00;0;0;0
0;8;-0.01;0.02;0;0;1
0;11;0.00;0.00;0;0;0
0;12;0.00;0.00;0;0;0
0;7;0.00;0.00;0;0;0
0;9;0.00;0.00;0;0;0
0;10;0.00;0.00;0;0;0
0;9;0.00;0.00;0;0;0
0;5;-0.01;0.02;0;0;1
0;8;0.00;0.00;0;0;0
0;8;0.00;0.00;0;0;0
0;10;0.00;0.00;0;0;0
0;7;0.00;0.00;0;0;0
0;9;0.00;0.00;0;0;0
0;13;-0.01;0.02;0;0;1
0;6;0.00;0.00;0;0;0
0;8;0.00;0.00;0;0;0
0;9;0.00;0.00;0;0;0
0;9;0.00;0.00;0;0;0
0;7;0.00;0.00;0;0;0
0;8;0.00;0.00;0;0;0
0;7;0.00;0.00;0;0;0
0;10;-0.01;0.02;0;0;1
0;7;0.00;0.00;0;0;0
0;9;0.00;0.00;0;0;0
0;20;0.00;0.00;0;0;0
0;9;0.00;0.00;0;0;0
0;8;-0.01;0.02;0;0;1
0;8;0.00;0.00;0;0;0
0;8;0.00;0.00;0;0;0
0;16;0.00;0.00;0;0;0
0;5;0.00;0.00;0;0;0
0;8;0.00;0.00;0;0;0
0;17;-0.01;0.02;0;0;1
0;7;0.00;0.00;0;0;0
0;12;0.00;0.00;0;0;0
0;7;-0.02;0.00;-1;0;0
0;6;0.00;0.00;0;0;0
0;12;0.00;0.00;0;0;0
0;9;0.00;0.00;0;0;0
0;9;-0.01;0.02;0;0;1
0;7;0.00;0.00;0;0;0
0;8;0.00;0.00;0;0;0
0;8;-0.02;0.00;-1;0;0
0;13;0.00;0.00;0;0;0
0;8;0.00;0.00;0;0;0
0;8;-0.01;0.02;0;0;1
0;13;0.00;0.00;0;0;0
0;19;-0.02;0.00;-1;0;0
0;8;0.00;0.00;0;0;0
0;8;-0.01;0.02;0;0;1
0;9;0.00;0.00;0;0;0
0;8;0.00;0.00;0;0;0
0;9;0.00;0.00;0;0;0
0;8;-0.02;0.00;-1;0;0
0;8;0.00;0.00;0;0;0
0;8;0.00;0.00;0;0;0
0;12;-0.01;0.02;0;0;1
0;5;0.00;0.00;0;0;0
0;8;0.00;0.00;0;0;0
0;7;0.00;0.00;0;0;0
0;9;-0.02;0.00;-1;0;0
0;8;0.00;0.00;0;0;0
0;9;-0.01;0.02;0;0;1
0;8;0.00;0.00;0;0;0
0;8;0.00;0.00;0;0;0
0;8;0.00;0.00;0;0;0
0;7;-0.02;0.00;-1;0;0
0;10;0.00;0.00;0;0;0
0;8;0.00;0.00;0;0;0
0;8;-0.01;0.02;0;0;1
0;8;0.00;0.00;0;0;0
0;8;0.00;0.00;0;0;0
0;9;0.00;0.00;0;0;0
0;8;-0.02;0.00;-1;0;0
0;8;0.00;0.00;0;0;0
0;8;0.00;0.00;0;0;0
0;7;0.00;0.00;0;0;0
0;9;0.00;0.00;0;0;0
0;9;0.00;0.00;0;0;0
0;8;0.00;0.00;0;0;0
0;8;-0.02;0.00;-1;0;0
0;8;0.00;0.00;0;0;0
0;8;0.00;0.00;0;0;0
0;8;0.00;0.00;0;0;0
0;9;0.00;0.00;0;0;0
0;14;0.00;0.00;0;0;0
0;7;-0.02;0.00;-1;0;0
0;7;0.00;0.00;0;0;0
0;9;0.00;0.00;0;0;0
0;8;0.00;0.00;0;0;0
0;8;0.00;0.00;0;0;0
0;8;0.00;0.00;0;0;0
0;18;-0.02;0.00;-1;0;0
0;7;0.00;0.00;0;0;0
0;8;0.00;0.00;0;0;0
0;11;0.00;0.00;0;0;0
0;5;0.00;0.00;0;0;0
0;9;0.00;0.00;0;0;0
0;8;0.00;0.00;0;0;0
0;151;-0.11;0.06;-3;0;3
0;23;0.00;0.00;0;0;0
0;17;-0.02;0.00;-1;0;0
0;5;-0.01;0.02;0;0;1
0;28;0.00;0.00;0;0;0
0;11;0.00;0.00;0;0;0
0;9;-0.02;0.00;-1;0;0
0;8;0.00;0.00;0;0;0
0;6;0.00;0.00;0;0;0
0;8;-0.01;0.02;0;0;1
0;8;0.00;0.00;0;0;0
0;11;0.00;0.00;0;0;0
0;6;0.00;0.00;0;0;0
0;8;-0.02;0.00;-1;0;0
0;8;0.00;0.00;0;0;0
0;8;0.00;0.00;0;0;0
0;8;0.00;0.00;0;0;0
0;10;0.00;0.00;0;0;0
0;11;0.00;0.00;0;0;0
0;14;-0.02;0.00;-1;0;0
0;6;0.00;0.00;0;0;0
0;16;0.00;0.00;0;0;0
0;6;0.00;0.00;0;0;0
0;7;0.00;0.00;0;0;0
0;8;0.00;0.00;0;0;0
0;8;0.00;0.00;0;0;0
0;9;-0.02;0.00;-1;0;0
0;8;0.00;0.00;0;0;0
0;8;0.00;0.00;0;0;0
0;8;0.00;0.00;0;0;0
0;7;0.00;0.00;0;0;0
0;10;0.00;0.00;0;0;0
0;8;0.00;0.00;0;0;0
0;7;-0.02;0.00;-1;0;0
0;8;0.00;0.00;0;0;0
0;8;0.00;0.00;0;0;0
0;10;0.00;0.00;0;0;0
0;8;0.00;0.00;0;0;0
0;7;0.00;0.00;0;0;0
0;8;0.00;0.00;0;0;0
0;9;-0.02;0.00;-1;0;0
0;12;0.00;0.00;0;0;0
0;5;0.00;0.00;0;0;0
0;8;0.00;0.00;0;0;0
0;7;0.00;0.00;0;0;0
0;11;0.00;0.00;0;0;0
0;16;0.00;0.00;0;0;0
0;12;-0.02;0.00;-1;0;0
0;13;0.00;0.00;0;0;0
0;10;0.00;0.00;0;0;0
0;13;0.00;0.00;0;0;0
0;25;-0.02;0.00;-1;0;0
0;10;0.00;0.00;0;0;0
0;17;0.00;0.00;0;0;0
0;31;-0.02;0.00;-1;0;0
0;16;0.00;0.00;0;0;0
0;29;-0.02;0.00;-1;0;0
0;8;0.00;0.00;0;0;0
0;7;0.00;0.00;0;0;0
0;7;0.00;0.00;0;0;0
0;10;0.00;0.00;0;0;0
0;22;-0.02;0.00;-1;0;0
0;10;0.00;0.00;0;0;0
0;34;0.00;0.00;0;0;0
0;44;-0.02;0.00;-1;0;0
0;8;0.00;0.00;0;0;0
0;24;0.00;0.00;0;0;0
0;9;-0.02;0.00;-1;0;0
0;13;0.00;0.00;0;0;0
0;13;0.00;0.00;0;0;0
0;37;-0.02;0.00;-1;0;0
0;8;0.00;0.00;0;0;0
0;14;0.00;0.00;0;0;0
0;16;0.00;0.00;0;0;0
0;24;-0.02;0.00;-1;0;0
0;21;0.00;0.00;0;0;0
0;20;0.00;0.00;0;0;0
0;8;-0.02;0.00;-1;0;0
0;6;0.00;0.00;0;0;0
0;8;0.00;0.00;0;0;0
0;24;0.00;0.00;0;0;0
0;5;0.00;0.00;0;0;0
0;17;0.00;0.00;0;0;0
0;8;-0.02;0.00;-1;0;0
0;10;0.00;0.00;0;0;0
0;6;0.00;0.00;0;0;0
0;8;0.00;0.00;0;0;0
0;8;0.00;0.00;0;0;0
0;9;0.00;0.00;0;0;0
0;17;0.00;0.00;0;0;0
0;7;-0.02;0.00;-1;0;0
0;8;0.00;0.00;0;0;0
0;9;0.00;0.00;0;0;0
0;13;0.00;0.00;0;0;0
0;11;0.00;0.00;0;0;0
0;13;0.00;0.00;0;0;0
0;7;0.00;0.00;0;0;0
0;8;0.00;0.00;0;0;0
0;9;-0.02;0.00;-1;0;0
0;70;0.00;0.00;0;0;0
0;16;0.00;0.00;0;0;0
0;11;0.00;0.00;0;0;0
0;15;0.00;0.00;0;0;0
0;12;0.00;0.00;0;0;0
0;7;0.00;0.00;0;0;0
0;8;0.00;0.00;0;0;0
0;11;0.00;0.00;0;0;0
0;11;0.00;0.00;0;0;0
0;85;-0.01;0.02;0;0;1
0;7;0.00;0.00;0;0;0
0;8;0.00;0.00;0;0;0
0;14;0.00;0.00;0;0;0
0;16;0.00;0.00;0;0;0
0;7;0.00;0.00;0;0;0
0;23;0.00;0.00;0;0;0
0;20;0.00;0.00;0;0;0
0;7;0.00;0.00;0;0;0
0;7;0.00;0.00;0;0;0
0;9;0.00;0.00;0;0;0
0;13;0.00;0.00;0;0;0
0;8;0.00;0.00;0;0;0
0;9;0.00;0.00;0;0;0
0;24;0.00;0.00;0;0;0
0;9;0.00;0.00;0;0;0
0;36;0.00;0.00;0;0;0
0;13;0.00;0.00;0;0;0
0;20;0.00;0.00;0;0;0
0;30;0.00;0.00;0;0;0
0;12;0.00;0.00;0;0;0
0;15;0.00;0.00;0;0;0
0;9;0.00;0.00;0;0;0
0;7;0.00;0.00;0;0;0
0;14;0.00;0.00;0;0;0
0;7;0.00;0.00;0;0;0
0;8;0.00;0.00;0;0;0
0;22;0.00;0.00;0;0;0
0;13;0.00;0.00;0;0;0
0;17;0.00;0.00;0;0;0
0;11;0.00;0.00;0;0;0
0;13;0.00;0.00;0;0;0
0;12;0.00;0.00;0;0;0
0;7;0.00;0.00;0;0;0
0;8;0.00;0.00;0;0;0
0;17;0.00;0.00;0;0;0
0;10;0.00;0.00;0;0;0
0;11;0.00;0.00;0;0;0
0;8;0.00;0.00;0;0;0
0;8;0.00;0.00;0;0;0
0;7;0.00;0.00;0;0;0
0;72;0.00;0.00;0;0;0
0;6;0.00;0.00;0;0;0
0;15;0.00;0.00;0;0;0
0;5;0.00;0.00;0;0;0
0;9;0.00;0.00;0;0;0
0;8;0.00;0.00;0;0;0
0;12;0.00;0.00;0;0;0
0;8;0.00;0.00;0;0;0
0;8;0.00;0.00;0;0;0
0;8;0.00;0.00;0;0;0
0;9;0.00;0.00;0;0;0
0;7;0.00;0.00;0;0;0
0;8;0.00;0.00;0;0;0
0;8;0.00;0.00;0;0;0
0;8;0.00;0.00;0;0;0
0;9;0.00;0.00;0;0;0
0;9;0.00;0.00;0;0;0
0;8;0.00;0.00;0;0;0
0;8;0.00;0.00;0;0;0
0;7;0.00;0.00;0;0;0
0;9;0.00;0.00;0;0;0
0;10;0.00;0.00;0;0;0
0;7;0.00;0.00;0;0;0
0;7;0.00;0.00;0;0;0
0;8;0.00;0.00;0;0;0
0;9;0.00;0.00;0;0;0
0;8;0.00;0.00;0;0;0
0;8;0.00;0.00;0;0;0
0;8;0.00;0.00;0;0;0
0;8;0.00;0.00;0;0;0
0;9;0.00;0.00;0;0;0
0;8;0.00;0.00;0;0;0
0;14;0.00;0.00;0;0;0
0;7;0.00;0.00;0;0;0
0;8;0.00;0.00;0;0;0
0;8;0.00;0.00;0;0;0
0;8;0.00;0.00;0;0;0
0;8;0.00;0.00;0;0;0
0;8;0.00;0.00;0;0;0
0;8;0.00;0.00;0;0;0
0;12;0.00;0.00;0;0;0
0;6;0.00;0.00;0;0;0
0;8;0.00;0.00;0;0;0
0;7;0.00;0.00;0;0;0
0;9;0.00;0.00;0;0;0
0;9;0.00;0.00;0;0;0
0;8;0.00;0.00;0;0;0
0;7;0.00;0.00;0;0;0
0;8;0.00;0.00;0;0;0
0;8;0.00;0.00;0;0;0
0;9;0.00;0.00;0;0;0
0;9;0.00;0.00;0;0;0
0;7;0.00;0.00;0;0;0
0;11;0.00;0.00;0;0;0
0;6;0.00;0.00;0;0;0
0;7;0.00;0.00;0;0;0
0;9;0.00;0.00;0;0;0
0;8;0.00;0.00;0;0;0
0;8;0.00;0.00;0;0;0
0;8;0.00;0.00;0;0;0
0;8;0.00;0.00;0;0;0
0;12;0.00;0.00;0;0;0
0;6;0.00;0.00;0;0;0
0;7;0.00;0.00;0;0;0
0;8;0.00;0.00;0;0;0
0;9;0.00;0.00;0;0;0
0;9;0.00;0.00;0;0;0
0;7;0.00;0.00;0;0;0
0;8;0.00;0.00;0;0;0
0;10;0.00;0.00;0;0;0
0;7;0.00;0.00;0;0;0
0;8;0.00;0.00;0;0;0
0;10;0.00;0.00;0;0;0
0;12;0.00;0.00;0;0;0
0;7;0.00;0.00;0;0;0
0;7;0.00;0.00;0;0;0
0;12;0.00;0.00;0;0;0
0;6;0.00;0.00;0;0;0
0;7;0.00;0.00;0;0;0
0;8;0.00;0.00;0;0;0
0;8;0.00;0.00;0;0;0
0;8;0.00;0.00;0;0;0
0;9;0.00;0.00;0;0;0
0;8;0.00;0.00;0;0;0
0;14;0.00;0.00;0;0;0
0;7;0.00;0.00;0;0;0
0;8;0.00;0.00;0;0;0
0;8;0.00;0.00;0;0;0
0;8;0.00;0.00;0;0;0
0;8;0.00;0.00;0;0;0
0;8;0.00;0.00;0;0;0
0;11;0.00;0.00;0;0;0
0;8;0.00;0.00;0;0;0
0;7;0.00;0.00;0;0;0
0;8;0.00;0.00;0;0;0
0;7;0.00;0.00;0;0;0
0;8;0.00;0.00;0;0;0
0;16;0.00;0.00;0;0;0
0;6;0.00;0.00;0;0;0
0;7;0.00;0.00;0;0;0
0;8;0.00;0.00;0;0;0
0;12;0.00;0.00;0;0;0
0;6;0.00;0.00;0;0;0
0;10;0.00;0.00;0;0;0
0;6;0.00;0.00;0;0;0
0;8;0.00;0.00;0;0;0
0;9;0.00;0.00;0;0;0
0;7;0.00;0.00;0;0;0
0;8;0.00;0.00;0;0;0
0;8;0.00;0.00;0;0;0
0;9;0.00;0.00;0;0;0
0;8;0.00;0.00;0;0;0
0;10;0.00;0.00;0;0;0
0;6;0.00;0.00;0;0;0
0;8;0.00;0.00;0;0;0
0;8;0.00;0.00;0;0;0
0;8;0.00;0.00;0;0;0
0;11;0.00;0.00;0;0;0
0;7;0.00;0.00;0;0;0
0;7;0.00;0.00;0;0;0
0;9;0.00;0.00;0;0;0
0;7;0.00;0.00;0;0;0
0;9;0.00;0.00;0;0;0
0;8;0.00;0.00;0;0;0
0;11;0.00;0.00;0;0;0
0;6;0.00;0.00;0;0;0
0;7;0.00;0.00;0;0;0
0;14;0.00;0.00;0;0;0
0;8;0.00;0.00;0;0;0
0;11;0.00;0.00;0;0;0
0;8;0.00;0.00;0;0;0
0;8;0.00;0.00;0;0;0
0;9;0.00;0.00;0;0;0
0;8;0.00;0.00;0;0;0
0;8;0.00;0.00;0;0;0
0;8;0.00;0.00;0;0;0
0;8;0.00;0.00;0;0;0
0;11;0.00;0.00;0;0;0
0;7;0.00;0.00;0;0;0
0;7;0.00;0.00;0;0;0
0;8;0.00;0.00;0;0;0
0;8;0.00;0.00;0;0;0
0;9;0.00;0.00;0;0;0
0;8;0.00;0.00;0;0;0
0;8;0.00;0.00;0;0;0
0;8;0.00;0.00;0;0;0
0;8;0.00;0.00;0;0;0
0;9;0.00;0.00;0;0;0
0;8;0.00;0.00;0;0;0
0;8;0.00;0.00;0;0;0
0;8;0.00;0.00;0;0;0
0;8;0.00;0.00;0;0;0
0;9;0.00;0.00;0;0;0
0;8;0.00;0.00;0;0;0
0;8;0.00;0.00;0;0;0
0;8;0.00;0.00;0;0;0
0;8;0.00;0.00;0;0;0
0;8;0.00;0.00;0;0;0
0;9;0.00;0.00;0;0;0
0;8;0.00;0.00;0;0;0
0;8;0.00;0.00;0;0;0
0;8;0.00;0.00;0;0;0
0;8;0.00;0.00;0;0;0
0;9;0.00;0.00;0;0;0
0;8;0.00;0.00;0;0;0
0;8;0.00;0.00;0;0;0
0;8;0.00;0.00;0;0;0
0;8;0.00;0.00;0;0;0
0;9;0.00;0.00;0;0;0
0;8;0.00;0.00;0;0;0
0;8;0.00;0.00;0;0;0
0;8;0.00;0.00;0;0;0
0;8;0.00;0.00;0;0;0
0;17;0.00;0.00;0;0;0
0;5;0.00;0.00;0;0;0
0;26;0.00;0.00;0;0;0
0;8;0.00;0.00;0;0;0
0;11;0.00;0.00;0;0;0
0;8;0.00;0.00;0;0;0
0;7;0.00;0.00;0;0;0
0;8;0.00;0.00;0;0;0
0;9;0.00;0.00;0;0;0
0;8;0.00;0.00;0;0;0
0;8;0.00;0.00;0;0;0
0;8;0.00;0.00;0;0;0
0;8;0.00;0.00;0;0;0
0;9;0.00;0.00;0;0;0
0;8;0.00;0.00;0;0;0
0;8;-0.02;0.00;-1;0;0
0;8;0.00;0.00;0;0;0
0;8;0.00;0.00;0;0;0
0;9;0.00;0.00;0;0;0
0;8;0.00;0.00;0;0;0
0;8;0.00;0.00;0;0;0
0;8;0.00;0.00;0;0;0
0;8;0.00;0.00;0;0;0
0;9;0.00;0.00;0;0;0
0;8;0.00;0.00;0;0;0
0;8;0.00;0.00;0;0;0
0;8;0.00;0.00;0;0;0
0;8;0.00;0.00;0;0;0
0;8;0.00;0.00;0;0;0
0;9;0.00;0.00;0;0;0
0;8;0.00;0.00;0;0;0
0;8;0.00;0.00;0;0;0
0;8;0.00;0.00;0;0;0
0;8;0.00;0.00;0;0;0
0;9;0.00;0.00;0;0;0
0;8;0.00;0.00;0;0;0
0;8;0.00;0.00;0;0;0
0;8;0.00;0.00;0;0;0
0;8;0.00;0.00;0;0;0
0;9;0.00;0.00;0;0;0
0;8;0.00;0.00;0;0;0
0;8;0.00;0.00;0;0;0
0;11;0.00;0.00;0;0;0
0;6;0.00;0.00;0;0;0
0;8;0.00;0.00;0;0;0
0;14;0.00;0.00;0;0;0
0;7;0.00;0.00;0;0;0
0;7;0.00;0.00;0;0;0
0;8;0.00;0.00;0;0;0
0;9;0.00;0.00;0;0;0
0;8;0.00;0.00;0;0;0
0;8;0.00;0.00;0;0;0
0;11;-0.02;0.00;-1;0;0
0;9;0.00;0.00;0;0;0
0;6;0.00;0.00;0;0;0
0;7;0.00;0.00;0;0;0
0;9;0.00;0.00;0;0;0
0;13;0.00;0.00;0;0;0
0;7;0.00;0.00;0;0;0
0;8;0.00;0.00;0;0;0
0;11;0.00;0.00;0;0;0
0;6;0.00;0.00;0;0;0
0;7;0.00;0.00;0;0;0
0;8;0.00;0.00;0;0;0
0;9;0.00;0.00;0;0;0
0;11;0.00;0.00;0;0;0
0;9;0.00;0.00;0;0;0
0;5;0.00;0.00;0;0;0
0;7;0.00;0.00;0;0;0
0;9;0.00;0.00;0;0;0
0;8;0.00;0.00;0;0;0
0;8;0.00;0.00;0;0;0
0;8;0.00;0.00;0;0;0
0;9;0.00;0.00;0;0;0
0;12;0.00;0.00;0;0;0
0;5;0.00;0.00;0;0;0
0;7;0.00;0.00;0;0;0
0;8;0.00;0.00;0;0;0
0;8;0.00;0.00;0;0;0
0;9;0.00;0.00;0;0;0
0;8;0.00;0.00;0;0;0
0;11;0.00;0.00;0;0;0
0;9;0.00;0.00;0;0;0
0;8;0.00;0.00;0;0;0
0;9;0.00;0.00;0;0;0
0;11;0.00;0.00;0;0;0
0;6;0.00;0.00;0;0;0
0;7;0.00;0.00;0;0;0
0;10;0.00;0.00;0;0;0
0;11;0.00;0.00;0;0;0
0;8;0.00;0.00;0;0;0
0;8;0.00;0.00;0;0;0
0;9;0.00;0.00;0;0;0
0;9;0.00;0.00;0;0;0
0;8;0.00;0.00;0;0;0
0;7;0.00;0.00;0;0;0
0;8;0.00;0.00;0;0;0
0;9;0.00;0.00;0;0;0
0;7;0.00;0.00;0;0;0
0;12;0.00;0.00;0;0;0
0;5;0.00;0.00;0;0;0
0;8;0.00;0.00;0;0;0
0;8;0.00;0.00;0;0;0
0;11;0.00;0.00;0;0;0
0;5;0.00;0.00;0;0;0
0;10;0.00;0.00;0;0;0
0;7;0.00;0.00;0;0;0
0;8;0.00;0.00;0;0;0
0;12;0.00;0.00;0;0;0
0;9;0.00;0.00;0;0;0
0;8;0.00;0.00;0;0;0
0;8;0.00;0.00;0;0;0
0;8;0.00;0.00;0;0;0
0;12;0.00;0.00;0;0;0
0;9;0.00;0.00;0;0;0
0;8;0.00;0.00;0;0;0
0;8;0.00;0.00;0;0;0
0;11;0.00;0.00;0;0;0
0;5;0.00;0.00;0;0;0
0;9;0.00;0.00;0;0;0
0;12;0.00;0.00;0;0;0
0;8;0.00;0.00;0;0;0
0;8;0.00;0.00;0;0;0
0;8;0.00;0.00;0;0;0
0;16;0.00;0.00;0;0;0
0;5;0.00;0.00;0;0;0
0;8;0.00;0.00;0;0;0
0;15;0.00;0.00;0;0;0
0;6;0.00;0.00;0;0;0
0;9;0.00;0.00;0;0;0
0;7;0.00;0.00;0;0;0
0;9;0.00;0.00;0;0;0
0;7;0.00;0.00;0;0;0
0;9;0.00;0.00;0;0;0
0;9;0.00;0.00;0;0;0
0;11;0.00;0.00;0;0;0
0;4;0.00;0.00;0;0;0
0;8;0.00;0.00;0;0;0
0;13;0.00;0.00;0;0;0
0;8;0.00;0.00;0;0;0
0;8;0.00;0.00;0;0;0
0;11;0.00;0.00;0;0;0
0;9;0.00;0.00;0;0;0
0;9;0.00;0.00;0;0;0
0;8;0.00;0.00;0;0;0
0;9;0.00;0.00;0;0;0
0;11;0.00;0.00;0;0;0
0;8;0.00;0.00;0;0;0
0;11;0.00;0.00;0;0;0
0;11;0.00;0.00;0;0;0
0;7;0.00;0.00;0;0;0
0;8;0.00;0.00;0;0;0
0;12;0.00;0.00;0;0;0
0;6;0.00;0.00;0;0;0
0;8;0.00;0.00;0;0;0
0;7;0.00;0.00;0;0;0
0;8;0.00;0.00;0;0;0
0;13;0.00;0.00;0;0;0
0;12;0.00;0.00;0;0;0
0;9;0.00;0.00;0;0;0
0;27;0.00;0.00;0;0;0
0;6;0.00;0.00;0;0;0
0;7;0.00;0.00;0;0;0
0;8;0.00;0.00;0;0;0
0;8;0.00;0.00;0;0;0
0;9;0.00;0.00;0;0;0
0;8;0.00;0.00;0;0;0
0;8;0.00;0.00;0;0;0
0;8;0.00;0.00;0;0;0
0;8;0.00;0.00;0;0;0
0;9;0.00;0.00;0;0;0
0;8;0.00;0.00;0;0;0
0;8;0.00;0.00;0;0;0
0;8;0.00;0.00;0;0;0
0;10;0.00;0.00;0;0;0
0;8;0.00;0.00;0;0;0
0;8;0.00;0.00;0;0;0
0;7;0.00;0.00;0;0;0
0;8;0.00;0.00;0;0;0
0;8;0.00;0.00;0;0;0
0;8;0.00;0.00;0;0;0
0;9;-0.02;0.00;-1;0;0
0;14;0.00;0.00;0;0;0
0;7;0.00;0.00;0;0;0
0;7;0.00;0.00;0;0;0
0;9;0.00;0.00;0;0;0
0;8;0.00;0.00;0;0;0
0;8;0.00;0.00;0;0;0
0;8;0.00;0.00;0;0;0
0;8;-0.02;0.00;-1;0;0
0;9;0.00;0.00;0;0;0
0;8;0.00;0.00;0;0;0
0;8;0.00;0.00;0;0;0
0;9;0.00;0.00;0;0;0
0;9;0.00;0.00;0;0;0
0;7;0.00;0.00;0;0;0
0;8;0.00;0.00;0;0;0
0;11;-0.02;0.00;-1;0;0
0;6;0.00;0.00;0;0;0
0;7;0.00;0.00;0;0;0
0;9;0.00;0.00;0;0;0
0;8;0.00;0.00;0;0;0
0;8;0.00;0.00;0;0;0
0;9;0.00;0.00;0;0;0
0;8;-0.02;0.00;-1;0;0
0;7;0.00;0.00;0;0;0
0;9;0.00;0.00;0;0;0
0;8;0.00;0.00;0;0;0
0;8;0.00;0.00;0;0;0
0;8;0.00;0.00;0;0;0
0;8;0.00;0.00;0;0;0
0;9;-0.02;0.00;-1;0;0
0;8;0.00;0.00;0;0;0
0;8;0.00;0.00;0;0;0
0;8;0.00;0.00;0;0;0
0;9;0.00;0.00;0;0;0
0;9;0.00;0.00;0;0;0
0;7;0.00;0.00;0;0;0
0;8;-0.02;0.00;-1;0;0
0;9;0.00;0.00;0;0;0
0;10;0.00;0.00;0;0;0
0;6;0.00;0.00;0;0;0
0;9;0.00;0.00;0;0;0
0;7;0.00;0.00;0;0;0
0;11;-0.02;0.00;-1;0;0
0;6;0.00;0.00;0;0;0
0;7;0.00;0.00;0;0;0
0;9;0.00;0.00;0;0;0
0;8;0.00;0.00;0;0;0
0;8;0.00;0.00;0;0;0
0;9;0.00;0.00;0;0;0
0;7;-0.02;0.00;-1;0;0
0;9;0.00;0.00;0;0;0
0;8;0.00;0.00;0;0;0
0;8;0.00;0.00;0;0;0
0;8;0.00;0.00;0;0;0
0;8;0.00;0.00;0;0;0
0;9;-0.02;0.00;-1;0;0
0;8;0.00;0.00;0;0;0
0;8;0.00;0.00;0;0;0
0;8;0.00;0.00;0;0;0
0;8;0.00;0.00;0;0;0
0;8;0.00;0.00;0;0;0
0;9;0.00;0.00;0;0;0
0;8;-0.02;0.00;-1;0;0
0;8;0.00;0.00;0;0;0
0;8;0.00;0.00;0;0;0
0;8;0.00;0.00;0;0;0
0;9;0.00;0.00;0;0;0
0;8;0.00;0.00;0;0;0
0;8;-0.02;0.00;-1;0;0
0;8;0.00;0.00;0;0;0
0;9;0.00;0.00;0;0;0
0;8;0.00;0.00;0;0;0
0;8;0.00;0.00;0;0;0
0;8;0.00;0.00;0;0;0
0;8;-0.02;0.00;-1;0;0
0;9;0.00;0.00;0;0;0
0;8;0.00;0.00;0;0;0
0;12;0.00;0.00;0;0;0
0;4;-0.02;0.00;-1;0;0
0;8;0.00;0.00;0;0;0
0;8;0.00;0.00;0;0;0
0;9;0.00;0.00;0;0;0
0;9;0.00;0.00;0;0;0
0;7;0.00;0.00;0;0;0
0;8;-0.02;0.00;-1;0;0
0;8;0.00;0.00;0;0;0
0;11;0.00;0.00;0;0;0
0;7;0.00;0.00;0;0;0
0;7;0.00;0.00;0;0;0
0;10;0.00;0.00;0;0;0
0;7;-0.02;0.00;-1;0;0
0;7;0.00;0.00;0;0;0
0;9;0.00;0.00;0;0;0
0;9;0.00;0.00;0;0;0
0;12;0.00;0.00;0;0;0
0;9;-0.02;0.00;-1;0;0
0;8;0.00;0.00;0;0;0
0;7;0.00;0.00;0;0;0
0;8;0.00;0.00;0;0;0
0;8;0.00;0.00;0;0;0
0;11;0.00;0.00;0;0;0
0;5;-0.02;0.00;-1;0;0
0;9;0.00;0.00;0;0;0
0;8;0.00;0.00;0;0;0
0;8;0.00;0.00;0;0;0
0;8;0.00;0.00;0;0;0
0;8;0.00;0.00;0;0;0
0;9;-0.02;0.00;-1;0;0
0;8;0.00;0.00;0;0;0
0;8;0.00;0.00;0;0;0
0;10;0.00;0.00;0;0;0
0;7;0.00;0.00;0;0;0
0;9;0.00;0.00;0;0;0
0;7;0.00;0.00;0;0;0
0;9;-0.02;0.00;-1;0;0
0;8;0.00;0.00;0;0;0
0;7;0.00;0.00;0;0;0
0;9;0.00;0.00;0;0;0
0;8;0.00;0.00;0;0;0
0;9;0.00;0.00;0;0;0
0;7;-0.02;0.00;-1;0;0
0;9;0.00;0.00;0;0;0
0;12;0.00;0.00;0;0;0
0;8;0.00;0.00;0;0;0
0;8;0.00;0.00;0;0;0
0;8;-0.02;0.00;-1;0;0
0;8;0.00;0.00;0;0;0
0;9;0.00;0.00;0;0;0
0;8;0.00;0.00;0;0;0
0;8;0.00;0.00;0;0;0
0;8;0.00;0.00;0;0;0
0;9;-0.02;0.00;-1;0;0
0;8;0.00;0.00;0;0;0
0;9;0.00;0.00;0;0;0
0;7;0.00;0.00;0;0;0
0;10;0.00;0.00;0;0;0
0;7;0.00;0.00;0;0;0
0;12;-0.02;0.00;-1;0;0
0;9;0.00;0.00;0;0;0
0;7;0.00;0.00;0;0;0
0;25;0.00;0.00;0;0;0
0;9;-0.02;0.00;-1;0;0
0;14;0.00;0.00;0;0;0
0;6;0.00;0.00;0;0;0
0;7;0.00;0.00;0;0;0
0;10;0.00;0.00;0;0;0
0;7;-0.02;0.00;-1;0;0
0;9;0.00;0.00;0;0;0
0;8;0.00;0.00;0;0;0
0;18;0.00;0.00;0;0;0
0;12;0.00;0.00;0;0;0
0;17;-0.02;0.00;-1;0;0
0;6;0.00;0.00;0;0;0
0;8;0.00;0.00;0;0;0
0;8;0.00;0.00;0;0;0
0;8;0.00;0.00;0;0;0
0;8;-0.02;0.00;-1;0;0
0;9;0.00;0.00;0;0;0
0;9;0.00;0.00;0;0;0
0;8;0.00;0.00;0;0;0
0;7;0.00;0.00;0;0;0
0;9;0.00;0.00;0;0;0
0;17;-0.02;0.00;-1;0;0
0;7;0.00;0.00;0;0;0
0;8;0.00;0.00;0;0;0
0;11;0.00;0.00;0;0;0
0;6;0.00;0.00;0;0;0
0;7;-0.02;0.00;-1;0;0
0;9;0.00;0.00;0;0;0
0;13;0.00;0.00;0;0;0
0;7;0.00;0.00;0;0;0
0;12;0.00;0.00;0;0;0
0;8;-0.02;0.00;-1;0;0
0;5;0.00;0.00;0;0;0
0;9;0.00;0.00;0;0;0
0;10;0.00;0.00;0;0;0
0;6;0.00;0.00;0;0;0
0;7;0.00;0.00;0;0;0
0;9;-0.01;0.02;0;0;1
0;8;-0.02;0.00;-1;0;0
0;8;0.00;0.00;0;0;0
0;8;0.00;0.00;0;0;0
0;8;0.00;0.00;0;0;0
0;10;0.00;0.00;0;0;0
0;8;0.00;0.00;0;0;0
0;8;0.00;0.00;0;0;0
0;7;-0.02;0.00;-1;0;0
0;11;0.00;0.00;0;0;0
0;6;0.00;0.00;0;0;0
0;8;0.00;0.00;0;0;0
0;8;0.00;0.00;0;0;0
0;8;0.00;0.00;0;0;0
0;8;-0.04;0.02;-1;0;1
0;9;0.00;0.00;0;0;0
0;8;0.00;0.00;0;0;0
0;8;0.00;0.00;0;0;0
0;8;0.00;0.00;0;0;0
0;8;0.00;0.00;0;0;0
0;9;-0.02;0.00;-1;0;0
0;10;-0.01;0.02;0;0;1
0;6;0.00;0.00;0;0;0
0;8;0.00;0.00;0;0;0
0;8;0.00;0.00;0;0;0
0;13;0.00;0.00;0;0;0
0;8;-0.02;0.00;-1;0;0
0;8;-0.01;0.02;0;0;1
0;8;0.00;0.00;0;0;0
0;9;0.00;0.00;0;0;0
0;8;0.00;0.00;0;0;0
0;8;0.00;0.00;0;0;0
0;8;-0.02;0.00;-1;0;0
0;8;0.00;0.00;0;0;0
0;8;-0.01;0.02;0;0;1
0;9;0.00;0.00;0;0;0
0;8;0.00;0.00;0;0;0
0;10;0.00;0.00;0;0;0
0;8;-0.02;0.00;-1;0;0
0;13;0.00;0.00;0;0;0
0;6;0.00;0.00;0;0;0
0;8;-0.01;0.02;0;0;1
0;9;0.00;0.00;0;0;0
0;9;0.00;0.00;0;0;0
0;7;-0.02;0.00;-1;0;0
0;8;0.00;0.00;0;0;0
0;8;0.00;0.00;0;0;0
0;14;-0.01;0.02;0;0;1
0;6;0.00;0.00;0;0;0
0;9;0.00;0.00;0;0;0
0;9;0.00;0.00;0;0;0
0;7;0.00;0.00;0;0;0
0;8;0.00;0.00;0;0;0
0;8;0.00;0.00;0;0;0
0;8;-0.02;0.00;-1;0;0
0;9;-0.01;0.02;0;0;1
0;8;0.00;0.00;0;0;0
0;14;0.00;0.00;0;0;0
0;6;0.00;0.00;0;0;0
0;8;0.00;0.00;0;0;0
0;9;0.00;0.00;0;0;0
0;8;-0.01;0.02;0;0;1
0;9;0.00;0.00;0;0;0
0;8;0.00;0.00;0;0;0
0;8;-0.02;0.00;-1;0;0
0;13;0.00;0.00;0;0;0
0;7;0.00;0.00;0;0;0
0;15;-0.01;0.02;0;0;1
0;12;0.00;0.00;0;0;0
0;6;0.00;0.00;0;0;0
0;12;0.00;0.00;0;0;0
0;8;0.00;0.00;0;0;0
0;10;-0.04;0.02;-1;0;1
0;7;0.00;0.00;0;0;0
0;8;0.00;0.00;0;0;0
0;8;0.00;0.00;0;0;0
0;16;0.00;0.00;0;0;0
0;8;-0.01;0.02;0;0;1
0;9;-0.02;0.00;-1;0;0
0;8;0.00;0.00;0;0;0
0;8;0.00;0.00;0;0;0
0;8;0.00;0.00;0;0;0
0;8;0.00;0.00;0;0;0
0;9;-0.01;0.02;0;0;1
0;8;-0.02;0.00;-1;0;0
0;8;0.00;0.00;0;0;0
0;8;0.00;0.00;0;0;0
0;8;0.00;0.00;0;0;0
0;9;0.00;0.00;0;0;0
0;8;0.00;0.00;0;0;0
0;8;-0.01;0.02;0;0;1
0;8;-0.02;0.00;-1;0;0
0;8;0.00;0.00;0;0;0
0;9;0.00;0.00;0;0;0
0;8;0.00;0.00;0;0;0
0;8;0.00;0.00;0;0;0
0;8;0.00;0.00;0;0;0
0;10;-0.02;0.00;-1;0;0
0;9;0.00;0.00;0;0;0
0;7;0.00;0.00;0;0;0
0;7;0.00;0.00;0;0;0
0;8;0.00;0.00;0;0;0
0;9;0.00;0.00;0;0;0
0;7;0.00;0.00;0;0;0
0;9;-0.02;0.00;-1;0;0
0;8;0.00;0.00;0;0;0
0;8;0.00;0.00;0;0;0
0;8;0.00;0.00;0;0;0
0;8;0.00;0.00;0;0;0
0;9;0.00;0.00;0;0;0
0;8;-0.02;0.00;-1;0;0
0;8;0.00;0.00;0;0;0
0;8;0.00;0.00;0;0;0
0;8;0.00;0.00;0;0;0
0;9;0.00;0.00;0;0;0
0;8;0.00;0.00;0;0;0
0;8;-0.02;0.00;-1;0;0
0;8;0.00;0.00;0;0;0
0;11;0.00;0.00;0;0;0
0;5;0.00;0.00;0;0;0
0;10;0.00;0.00;0;0;0
0;8;0.00;0.00;0;0;0
0;8;0.00;0.00;0;0;0
0;8;-0.02;0.00;-1;0;0
0;7;0.00;0.00;0;0;0
0;9;0.00;0.00;0;0;0
0;8;0.00;0.00;0;0;0
0;8;0.00;0.00;0;0;0
0;8;0.00;0.00;0;0;0
0;8;0.00;0.00;0;0;0
0;9;0.00;0.00;0;0;0
0;8;-0.02;0.00;-1;0;0
0;8;0.00;0.00;0;0;0
0;8;0.00;0.00;0;0;0
0;8;0.00;0.00;0;0;0
0;9;0.00;0.00;0;0;0
0;8;0.00;0.00;0;0;0
0;8;0.00;0.00;0;0;0
0;8;-0.02;0.00;-1;0;0
0;8;0.00;0.00;0;0;0
0;9;0.00;0.00;0;0;0
0;8;0.00;0.00;0;0;0
0;8;0.00;0.00;0;0;0
0;8;0.00;0.00;0;0;0
0;8;0.00;0.00;0;0;0
0;8;-0.02;0.00;-1;0;0
0;9;0.00;0.00;0;0;0
0;11;-0.01;0.02;0;0;1
0;5;0.00;0.00;0;0;0
0;8;0.00;0.00;0;0;0
0;14;0.00;0.00;0;0;0
0;7;0.00;0.00;0;0;0
0;10;0.00;0.00;0;0;0
0;6;-0.04;0.02;-1;0;1
0;8;0.00;0.00;0;0;0
0;9;0.00;0.00;0;0;0
0;8;0.00;0.00;0;0;0
0;8;0.00;0.00;0;0;0
0;8;0.00;0.00;0;0;0
0;8;-0.01;0.02;0;0;1
0;8;0.00;0.00;0;0;0
0;9;-0.02;0.00;-1;0;0
0;8;0.00;0.00;0;0;0
0;8;0.00;0.00;0;0;0
0;8;0.00;0.00;0;0;0
0;8;0.00;0.00;0;0;0
0;9;-0.01;0.02;0;0;1
0;8;-0.02;0.00;-1;0;0
0;8;0.00;0.00;0;0;0
0;8;0.00;0.00;0;0;0
0;8;0.00;0.00;0;0;0
0;9;0.00;0.00;0;0;0
0;8;-0.01;0.02;0;0;1
0;8;0.00;0.00;0;0;0
0;8;-0.02;0.00;-1;0;0
0;8;0.00;0.00;0;0;0
0;9;0.00;0.00;0;0;0
0;8;0.00;0.00;0;0;0
0;8;0.00;0.00;0;0;0
0;8;-0.01;0.02;0;0;1
0;8;0.00;0.00;0;0;0
0;8;-0.02;0.00;-1;0;0
0;9;0.00;0.00;0;0;0
0;9;0.00;0.00;0;0;0
0;7;0.00;0.00;0;0;0
0;8;-0.01;0.02;0;0;1
0;8;0.00;0.00;0;0;0
0;10;0.00;0.00;0;0;0
0;7;-0.02;0.00;-1;0;0
0;8;0.00;0.00;0;0;0
0;8;0.00;0.00;0;0;0
0;8;-0.01;0.02;0;0;1
0;11;0.00;0.00;0;0;0
0;6;0.00;0.00;0;0;0
0;8;-0.02;0.00;-1;0;0
0;9;0.00;0.00;0;0;0
0;8;0.00;0.00;0;0;0
0;8;-0.01;0.02;0;0;1
0;10;0.00;0.00;0;0;0
0;6;0.00;0.00;0;0;0
0;8;0.00;0.00;0;0;0
0;8;0.00;0.00;0;0;0
0;9;-0.02;0.00;-1;0;0
0;8;0.00;0.00;0;0;0
0;8;-0.01;0.02;0;0;1
0;8;0.00;0.00;0;0;0
0;8;0.00;0.00;0;0;0
0;11;0.00;0.00;0;0;0
0;6;0.00;0.00;0;0;0
0;8;0.00;0.00;0;0;0
0;8;-0.02;0.00;-1;0;0
0;8;0.00;0.00;0;0;0
0;8;0.00;0.00;0;0;0
0;9;0.00;0.00;0;0;0
0;8;0.00;0.00;0;0;0
0;8;0.00;0.00;0;0;0
0;8;0.00;0.00;0;0;0
0;8;-0.02;0.00;-1;0;0
0;9;0.00;0.00;0;0;0
0;8;0.00;0.00;0;0;0
0;11;0.00;0.00;0;0;0
0;5;0.00;0.00;0;0;0
0;8;0.00;0.00;0;0;0
0;9;0.00;0.00;0;0;0
0;9;-0.02;0.00;-1;0;0
0;7;0.00;0.00;0;0;0
0;8;0.00;0.00;0;0;0
0;8;0.00;0.00;0;0;0
0;9;0.00;0.00;0;0;0
0;8;-0.01;0.02;0;0;1
0;9;0.00;0.00;0;0;0
0;7;0.00;0.00;0;0;0
0;10;-0.02;0.00;-1;0;0
0;6;0.00;0.00;0;0;0
0;9;0.00;0.00;0;0;0
0;8;-0.01;0.02;0;0;1
0;8;0.00;0.00;0;0;0
0;9;0.00;0.00;0;0;0
0;7;0.00;0.00;0;0;0
0;12;-0.02;0.00;-1;0;0
0;5;0.00;0.00;0;0;0
0;15;-0.01;0.02;0;0;1
0;6;0.00;0.00;0;0;0
0;7;0.00;0.00;0;0;0
0;9;0.00;0.00;0;0;0
0;8;-0.02;0.00;-1;0;0
0;8;0.00;0.00;0;0;0
0;9;-0.01;0.02;0;0;1
0;7;0.00;0.00;0;0;0
0;9;0.00;0.00;0;0;0
0;8;0.00;0.00;0;0;0
0;8;0.00;0.00;0;0;0
0;8;-0.02;0.00;-1;0;0
0;8;0.00;0.00;0;0;0
0;9;-0.01;0.02;0;0;1
0;8;0.00;0.00;0;0;0
0;8;0.00;0.00;0;0;0
0;8;0.00;0.00;0;0;0
0;8;0.00;0.00;0;0;0
0;9;-0.02;0.00;-1;0;0
0;8;-0.01;0.02;0;0;1
0;8;0.00;0.00;0;0;0
0;8;0.00;0.00;0;0;0
0;8;0.00;0.00;0;0;0
0;9;0.00;0.00;0;0;0
0;8;0.00;0.00;0;0;0
0;8;-0.02;0.00;-1;0;0
0;8;-0.01;0.02;0;0;1
0;11;0.00;0.00;0;0;0
0;7;0.00;0.00;0;0;0
0;7;0.00;0.00;0;0;0
0;8;0.00;0.00;0;0;0
0;8;0.00;0.00;0;0;0
0;8;-0.02;0.00;-1;0;0
0;8;-0.01;0.02;0;0;1
0;10;0.00;0.00;0;0;0
0;8;0.00;0.00;0;0;0
0;7;0.00;0.00;0;0;0
0;8;0.00;0.00;0;0;0
0;11;0.00;0.00;0;0;0
0;6;-0.01;0.02;0;0;1
0;8;-0.02;0.00;-1;0;0
0;8;0.00;0.00;0;0;0
0;8;0.00;0.00;0;0;0
0;8;0.00;0.00;0;0;0
0;9;0.00;0.00;0;0;0
0;8;0.00;0.00;0;0;0
0;8;-0.01;0.02;0;0;1
0;8;-0.02;0.00;-1;0;0
0;8;0.00;0.00;0;0;0
0;9;0.00;0.00;0;0;0
0;8;0.00;0.00;0;0;0
0;8;0.00;0.00;0;0;0
0;8;0.00;0.00;0;0;0
0;8;0.00;0.00;0;0;0
0;10;-0.04;0.02;-1;0;1
0;8;0.00;0.00;0;0;0
0;7;0.00;0.00;0;0;0
0;8;0.00;0.00;0;0;0
0;10;0.00;0.00;0;0;0
0;7;-0.02;0.00;-1;0;0
0;8;0.00;0.00;0;0;0
0;10;-0.01;0.02;0;0;1
0;7;0.00;0.00;0;0;0
0;12;0.00;0.00;0;0;0
0;7;0.00;0.00;0;0;0
0;9;0.00;0.00;0;0;0
0;9;0.00;0.00;0;0;0
0;7;-0.01;0.02;0;0;1
0;11;0.00;0.00;0;0;0
0;5;0.00;0.00;0;0;0
0;10;0.00;0.00;0;0;0
0;8;0.00;0.00;0;0;0
0;7;0.00;0.00;0;0;0
0;10;0.00;0.00;0;0;0
0;7;-0.01;0.02;0;0;1
0;8;0.00;0.00;0;0;0
0;9;0.00;0.00;0;0;0
0;7;0.00;0.00;0;0;0
0;8;0.00;0.00;0;0;0
0;8;0.00;0.00;0;0;0
0;10;0.00;0.00;0;0;0
0;8;-0.01;0.02;0;0;1
0;7;0.00;0.00;0;0;0
0;8;0.00;0.00;0;0;0
0;8;0.00;0.00;0;0;0
0;9;0.00;0.00;0;0;0
0;8;0.00;0.00;0;0;0
0;8;0.00;0.00;0;0;0
0;8;-0.01;0.02;0;0;1
0;8;0.00;0.00;0;0;0
0;8;0.00;0.00;0;0;0
0;9;0.00;0.00;0;0;0
0;8;-0.02;0.00;-1;0;0
0;8;0.00;0.00;0;0;0
0;8;0.00;0.00;0;0;0
0;10;-0.01;0.02;0;0;1
0;7;0.00;0.00;0;0;0
0;8;0.00;0.00;0;0;0
0;8;-0.02;0.00;-1;0;0
0;9;0.00;0.00;0;0;0
0;8;0.00;0.00;0;0;0
0;8;0.00;0.00;0;0;0
0;8;-0.01;0.02;0;0;1
0;9;0.00;0.00;0;0;0
0;7;-0.02;0.00;-1;0;0
0;11;0.00;0.00;0;0;0
0;6;0.00;0.00;0;0;0
0;11;0.00;0.00;0;0;0
0;8;0.00;0.00;0;0;0
0;9;-0.01;0.02;0;0;1
0;8;-0.02;0.00;-1;0;0
0;9;0.00;0.00;0;0;0
0;8;0.00;0.00;0;0;0
0;8;0.00;0.00;0;0;0
0;8;0.00;0.00;0;0;0
0;8;0.00;0.00;0;0;0
0;9;0.00;0.00;0;0;0
0;10;-0.04;0.02;-1;0;1
0;10;0.00;0.00;0;0;0
0;8;0.00;0.00;0;0;0
0;12;0.00;0.00;0;0;0
0;5;0.00;0.00;0;0;0
0;8;0.00;0.00;0;0;0
0;8;-0.04;0.02;-1;0;1
0;8;0.00;0.00;0;0;0
0;8;0.00;0.00;0;0;0
0;9;0.00;0.00;0;0;0
0;10;0.00;0.00;0;0;0
0;6;0.00;0.00;0;0;0
0;8;-0.02;0.00;-1;0;0
0;8;0.00;0.00;0;0;0
0;9;-0.01;0.02;0;0;1
0;8;0.00;0.00;0;0;0
0;11;0.00;0.00;0;0;0
0;5;0.00;0.00;0;0;0
0;12;0.00;0.00;0;0;0
0;9;0.00;0.00;0;0;0
0;8;-0.01;0.02;0;0;1
0;8;-0.02;0.00;-1;0;0
0;8;0.00;0.00;0;0;0
0;8;0.00;0.00;0;0;0
0;9;0.00;0.00;0;0;0
0;8;0.00;0.00;0;0;0
0;8;0.00;0.00;0;0;0
0;8;0.00;0.00;0;0;0
0;8;-0.01;0.02;0;0;1
0;12;0.00;0.00;0;0;0
0;8;0.00;0.00;0;0;0
0;5;0.00;0.00;0;0;0
0;8;0.00;0.00;0;0;0
0;10;0.00;0.00;0;0;0
0;6;0.00;0.00;0;0;0
0;9;0.00;0.00;0;0;0
0;8;-0.01;0.02;0;0;1
0;9;0.00;0.00;0;0;0
0;7;0.00;0.00;0;0;0
0;8;0.00;0.00;0;0;0
0;9;0.00;0.00;0;0;0
0;7;0.00;0.00;0;0;0
0;9;0.00;0.00;0;0;0
0;8;-0.01;0.02;0;0;1
0;8;0.00;0.00;0;0;0
0;9;0.00;0.00;0;0;0
0;8;0.00;0.00;0;0;0
0;8;0.00;0.00;0;0;0
0;8;0.00;0.00;0;0;0
0;8;0.00;0.00;0;0;0
0;9;0.00;0.00;0;0;0
0;8;-0.01;0.02;0;0;1
0;8;0.00;0.00;0;0;0
0;9;0.00;0.00;0;0;0
0;7;0.00;0.00;0;0;0
0;9;-0.02;0.00;-1;0;0
0;8;0.00;0.00;0;0;0
0;8;0.00;0.00;0;0;0
0;8;0.00;0.00;0;0;0
0;8;0.00;0.00;0;0;0
0;8;0.00;0.00;0;0;0
0;9;-0.01;0.02;0;0;1
0;8;-0.02;0.00;-1;0;0
0;8;0.00;0.00;0;0;0
0;8;0.00;0.00;0;0;0
0;8;0.00;0.00;0;0;0
0;9;0.00;0.00;0;0;0
0;8;-0.02;0.00;-1;0;0
0;8;-0.01;0.02;0;0;1
0;9;0.00;0.00;0;0;0
0;10;0.00;0.00;0;0;0
0;6;0.00;0.00;0;0;0
0;8;0.00;0.00;0;0;0
0;10;-0.02;0.00;-1;0;0
0;6;0.00;0.00;0;0;0
0;8;-0.01;0.02;0;0;1
0;9;0.00;0.00;0;0;0
0;8;0.00;0.00;0;0;0
0;9;0.00;0.00;0;0;0
0;7;0.00;0.00;0;0;0
0;8;-0.02;0.00;-1;0;0
0;11;0.00;0.00;0;0;0
0;8;-0.01;0.02;0;0;1
0;6;0.00;0.00;0;0;0
0;8;0.00;0.00;0;0;0
0;8;0.00;0.00;0;0;0
0;8;-0.02;0.00;-1;0;0
0;9;0.00;0.00;0;0;0
0;7;0.00;0.00;0;0;0
0;9;0.00;0.00;0;0;0
0;8;0.00;0.00;0;0;0
0;8;-0.01;0.02;0;0;1
0;9;0.00;0.00;0;0;0
0;8;-0.02;0.00;-1;0;0
0;8;0.00;0.00;0;0;0
0;8;0.00;0.00;0;0;0
0;9;0.00;0.00;0;0;0
0;8;0.00;0.00;0;0;0
0;8;-0.04;0.02;-1;0;1
0;8;0.00;0.00;0;0;0
0;8;0.00;0.00;0;0;0
0;7;0.00;0.00;0;0;0
0;10;0.00;0.00;0;0;0
0;8;0.00;0.00;0;0;0
0;8;-0.04;0.02;-1;0;1
0;8;0.00;0.00;0;0;0
0;8;0.00;0.00;0;0;0
0;7;0.00;0.00;0;0;0
0;7;0.00;0.00;0;0;0
0;7;0.00;0.00;0;0;0
0;8;0.00;0.00;0;0;0
0;8;-0.04;0.02;-1;0;1
0;8;0.00;0.00;0;0;0
0;9;0.00;0.00;0;0;0
0;8;0.00;0.00;0;0;0
0;8;0.00;0.00;0;0;0
0;10;0.00;0.00;0;0;0
0;6;0.00;0.00;0;0;0
0;9;-0.01;0.02;0;0;1
0;8;0.00;0.00;0;0;0
0;8;0.00;0.00;0;0;0
0;8;0.00;0.00;0;0;0
0;8;0.00;0.00;0;0;0
0;8;-0.01;0.02;0;0;1
0;9;-0.02;0.00;-1;0;0
0;8;0.00;0.00;0;0;0
0;8;0.00;0.00;0;0;0
0;7;0.00;0.00;0;0;0
0;9;0.00;0.00;0;0;0
0;8;-0.01;0.02;0;0;1
0;8;0.00;0.00;0;0;0
0;9;0.00;0.00;0;0;0
0;8;0.00;0.00;0;0;0
0;8;0.00;0.00;0;0;0
0;9;0.00;0.00;0;0;0
0;10;-0.01;0.02;0;0;1
0;9;0.00;0.00;0;0;0
0;5;0.00;0.00;0;0;0
0;8;0.00;0.00;0;0;0
0;9;0.00;0.00;0;0;0
0;8;0.00;0.00;0;0;0
0;8;0.00;0.00;0;0;0
0;8;-0.04;0.02;-1;0;1
0;8;0.00;0.00;0;0;0
0;9;0.00;0.00;0;0;0
0;8;0.00;0.00;0;0;0
0;10;0.00;0.00;0;0;0
0;6;0.00;0.00;0;0;0
0;8;0.00;0.00;0;0;0
0;8;-0.02;0.00;-1;0;0
0;9;-0.01;0.02;0;0;1
0;8;0.00;0.00;0;0;0
0;8;0.00;0.00;0;0;0
0;7;0.00;0.00;0;0;0
0;9;0.00;0.00;0;0;0
0;8;-0.02;0.00;-1;0;0
0;9;0.00;0.00;0;0;0
0;9;-0.01;0.02;0;0;1
0;7;0.00;0.00;0;0;0
0;8;0.00;0.00;0;0;0
0;10;0.00;0.00;0;0;0
0;10;-0.02;0.00;-1;0;0
0;5;-0.01;0.02;0;0;1
0;8;0.00;0.00;0;0;0
0;8;0.00;0.00;0;0;0
0;9;0.00;0.00;0;0;0
0;8;0.00;0.00;0;0;0
0;8;-0.02;0.00;-1;0;0
0;8;-0.01;0.02;0;0;1
0;8;0.00;0.00;0;0;0
0;9;0.00;0.00;0;0;0
0;8;0.00;0.00;0;0;0
0;8;0.00;0.00;0;0;0
0;8;-0.02;0.00;-1;0;0
0;7;-0.01;0.02;0;0;1
0;8;0.00;0.00;0;0;0
0;9;0.00;0.00;0;0;0
0;8;0.00;0.00;0;0;0
0;8;-0.02;0.00;-1;0;0
0;8;0.00;0.00;0;0;0
0;7;-0.01;0.02;0;0;1
0;9;0.00;0.00;0;0;0
0;9;0.00;0.00;0;0;0
0;8;0.00;0.00;0;0;0
0;8;-0.02;0.00;-1;0;0
0;7;0.00;0.00;0;0;0
0;10;0.00;0.00;0;0;0
0;7;-0.01;0.02;0;0;1
0;8;0.00;0.00;0;0;0
0;8;0.00;0.00;0;0;0
0;9;-0.02;0.00;-1;0;0
0;9;0.00;0.00;0;0;0
0;8;0.00;0.00;0;0;0
0;8;-0.01;0.02;0;0;1
0;7;0.00;0.00;0;0;0
0;9;0.00;0.00;0;0;0
0;8;0.00;0.00;0;0;0
0;9;0.00;0.00;0;0;0
0;7;-0.01;0.02;0;0;1
0;9;-0.02;0.00;-1;0;0
0;9;0.00;0.00;0;0;0
0;7;0.00;0.00;0;0;0
0;8;0.00;0.00;0;0;0
0;9;0.00;0.00;0;0;0
0;8;-0.01;0.02;0;0;1
0;7;0.00;0.00;0;0;0
0;9;0.00;0.00;0;0;0
0;8;0.00;0.00;0;0;0
0;9;0.00;0.00;0;0;0
0;8;0.00;0.00;0;0;0
0;8;-0.01;0.02;0;0;1
0;7;0.00;0.00;0;0;0
0;10;0.00;0.00;0;0;0
0;8;0.00;0.00;0;0;0
0;8;0.00;0.00;0;0;0
0;7;0.00;0.00;0;0;0
0;9;-0.01;0.02;0;0;1
0;9;0.00;0.00;0;0;0
0;8;0.00;0.00;0;0;0
0;8;0.00;0.00;0;0;0
0;8;0.00;0.00;0;0;0
0;10;0.00;0.00;0;0;0
0;10;-0.01;0.02;0;0;1
0;8;0.00;0.00;0;0;0
0;9;0.00;0.00;0;0;0
0;9;0.00;0.00;0;0;0
0;7;0.00;0.00;0;0;0
0;9;0.00;0.00;0;0;0
0;8;-0.01;0.02;0;0;1
0;8;0.00;0.00;0;0;0
0;9;0.00;0.00;0;0;0
0;7;0.00;0.00;0;0;0
0;14;0.00;0.00;0;0;0
0;8;-0.01;0.02;0;0;1
0;7;0.00;0.00;0;0;0
0;8;0.00;0.00;0;0;0
0;9;0.00;0.00;0;0;0
0;8;0.00;0.00;0;0;0
0;11;0.00;0.00;0;0;0
0;9;-0.01;0.02;0;0;1
0;16;-0.02;0.00;-1;0;0
0;11;0.00;0.00;0;0;0
0;6;0.00;0.00;0;0;0
0;9;-0.01;0.02;0;0;1
0;7;0.00;0.00;0;0;0
0;7;0.00;0.00;0;0;0
0;11;-0.02;0.00;-1;0;0
0;13;0.00;0.00;0;0;0
0;7;0.00;0.00;0;0;0
0;8;-0.01;0.02;0;0;1
0;9;0.00;0.00;0;0;0
0;7;0.00;0.00;0;0;0
0;8;-0.02;0.00;-1;0;0
0;10;0.00;0.00;0;0;0
0;9;0.00;0.00;0;0;0
0;8;-0.01;0.02;0;0;1
0;6;0.00;0.00;0;0;0
0;8;0.00;0.00;0;0;0
0;9;0.00;0.00;0;0;0
0;9;-0.02;0.00;-1;0;0
0;6;0.00;0.00;0;0;0
0;9;0.00;0.00;0;0;0
0;8;-0.01;0.02;0;0;1
0;7;0.00;0.00;0;0;0
0;8;0.00;0.00;0;0;0
0;8;0.00;0.00;0;0;0
0;8;-0.02;0.00;-1;0;0
0;12;0.00;0.00;0;0;0
0;6;-0.01;0.02;0;0;1
0;8;0.00;0.00;0;0;0
0;7;0.00;0.00;0;0;0
0;10;0.00;0.00;0;0;0
0;8;-0.02;0.00;-1;0;0
0;8;0.00;0.00;0;0;0
0;8;-0.01;0.02;0;0;1
0;9;0.00;0.00;0;0;0
0;7;0.00;0.00;0;0;0
0;9;0.00;0.00;0;0;0
0;7;0.00;0.00;0;0;0
0;15;0.00;0.00;0;0;0
0;6;-0.01;0.02;0;0;1
0;8;0.00;0.00;0;0;0
0;12;0.00;0.00;0;0;0
0;5;0.00;0.00;0;0;0
0;8;-0.02;0.00;-1;0;0
0;7;0.00;0.00;0;0;0
0;8;0.00;0.00;0;0;0
0;9;-0.01;0.02;0;0;1
0;8;0.00;0.00;0;0;0
0;8;0.00;0.00;0;0;0
0;12;0.00;0.00;0;0;0
0;5;0.00;0.00;0;0;0
0;9;0.00;0.00;0;0;0
0;7;0.00;0.00;0;0;0
0;13;-0.01;0.02;0;0;1
0;7;0.00;0.00;0;0;0
0;8;0.00;0.00;0;0;0
0;9;0.00;0.00;0;0;0
0;10;0.00;0.00;0;0;0
0;14;-0.01;0.02;0;0;1
0;5;0.00;0.00;0;0;0
0;10;0.00;0.00;0;0;0
0;7;0.00;0.00;0;0;0
0;9;0.00;0.00;0;0;0
0;7;0.00;0.00;0;0;0
0;12;-0.01;0.02;0;0;1
0;26;0.00;0.00;0;0;0
0;8;0.00;0.00;0;0;0
0;9;-0.01;0.02;0;0;1
0;7;0.00;0.00;0;0;0
0;8;0.00;0.00;0;0;0
0;17;0.00;0.00;0;0;0
0;13;0.00;0.00;0;0;0
0;9;0.00;0.00;0;0;0
0;14;-0.04;0.02;-1;0;1
0;7;0.00;0.00;0;0;0
0;8;0.00;0.00;0;0;0
0;9;0.00;0.00;0;0;0
0;8;0.00;0.00;0;0;0
0;8;0.00;0.00;0;0;0
0;8;-0.01;0.02;0;0;1
0;10;-0.02;0.00;-1;0;0
0;8;0.00;0.00;0;0;0
0;8;0.00;0.00;0;0;0
0;7;0.00;0.00;0;0;0
0;9;0.00;0.00;0;0;0
0;7;-0.01;0.02;0;0;1
0;13;-0.02;0.00;-1;0;0
0;5;0.00;0.00;0;0;0
0;8;0.00;0.00;0;0;0
0;8;0.00;0.00;0;0;0
0;8;0.00;0.00;0;0;0
0;7;-0.01;0.02;0;0;1
0;11;0.00;0.00;0;0;0
0;7;0.00;0.00;0;0;0
0;8;0.00;0.00;0;0;0
0;7;0.00;0.00;0;0;0
0;10;0.00;0.00;0;0;0
0;8;0.00;0.00;0;0;0
0;11;-0.01;0.02;0;0;1
0;6;0.00;0.00;0;0;0
0;7;0.00;0.00;0;0;0
0;7;0.00;0.00;0;0;0
0;9;0.00;0.00;0;0;0
0;8;-0.01;0.02;0;0;1
0;8;0.00;0.00;0;0;0
0;8;0.00;0.00;0;0;0
0;8;0.00;0.00;0;0;0
0;8;0.00;0.00;0;0;0
0;9;0.00;0.00;0;0;0
0;9;0.00;0.00;0;0;0
0;8;-0.01;0.02;0;0;1
0;7;0.00;0.00;0;0;0
0;8;0.00;0.00;0;0;0
0;12;0.00;0.00;0;0;0
0;6;0.00;0.00;0;0;0
0;8;0.00;0.00;0;0;0
0;7;0.00;0.00;0;0;0
0;10;-0.01;0.02;0;0;1
0;8;0.00;0.00;0;0;0
0;7;0.00;0.00;0;0;0
0;8;0.00;0.00;0;0;0
0;8;0.00;0.00;0;0;0
0;8;0.00;0.00;0;0;0
0;9;0.00;0.00;0;0;0
0;8;-0.01;0.02;0;0;1
0;8;0.00;0.00;0;0;0
0;10;0.00;0.00;0;0;0
0;11;0.00;0.00;0;0;0
0;12;0.00;0.00;0;0;0
0;5;0.00;0.00;0;0;0
0;8;-0.01;0.02;0;0;1
0;7;0.00;0.00;0;0;0
0;12;0.00;0.00;0;0;0
0;6;0.00;0.00;0;0;0
0;8;0.00;0.00;0;0;0
0;8;0.00;0.00;0;0;0
0;7;-0.02;0.00;-1;0;0
0;8;-0.01;0.02;0;0;1
0;13;0.00;0.00;0;0;0
0;5;0.00;0.00;0;0;0
0;14;0.00;0.00;0;0;0
0;11;0.00;0.00;0;0;0
0;9;0.00;0.00;0;0;0
0;7;-0.01;0.02;0;0;1
0;7;0.00;0.00;0;0;0
0;9;0.00;0.00;0;0;0
0;7;0.00;0.00;0;0;0
0;8;0.00;0.00;0;0;0
0;10;0.00;0.00;0;0;0
0;8;0.00;0.00;0;0;0
0;8;-0.01;0.02;0;0;1
0;8;0.00;0.00;0;0;0
0;14;0.00;0.00;0;0;0
0;8;0.00;0.00;0;0;0
0;9;0.00;0.00;0;0;0
0;7;0.00;0.00;0;0;0
0;10;-0.01;0.02;0;0;1
0;5;0.00;0.00;0;0;0
0;8;0.00;0.00;0;0;0
0;8;0.00;0.00;0;0;0
0;8;0.00;0.00;0;0;0
0;8;0.00;0.00;0;0;0
0;8;0.00;0.00;0;0;0
0;9;-0.01;0.02;0;0;1
0;10;0.00;0.00;0;0;0
0;7;0.00;0.00;0;0;0
0;8;0.00;0.00;0;0;0
0;7;0.00;0.00;0;0;0
0;10;0.00;0.00;0;0;0
0;8;0.00;0.00;0;0;0
0;7;-0.01;0.02;0;0;1
0;8;0.00;0.00;0;0;0
0;10;0.00;0.00;0;0;0
0;8;0.00;0.00;0;0;0
0;7;0.00;0.00;0;0;0
0;8;0.00;0.00;0;0;0
0;10;0.00;0.00;0;0;0
0;7;-0.01;0.02;0;0;1
0;9;0.00;0.00;0;0;0
0;7;0.00;0.00;0;0;0
0;9;0.00;0.00;0;0;0
0;8;0.00;0.00;0;0;0
0;8;0.00;0.00;0;0;0
0;7;-0.01;0.02;0;0;1
0;11;0.00;0.00;0;0;0
0;7;0.00;0.00;0;0;0
0;8;0.00;0.00;0;0;0
0;8;0.00;0.00;0;0;0
0;8;0.00;0.00;0;0;0
0;9;0.00;0.00;0;0;0
0;10;-0.01;0.02;0;0;1
0;9;0.00;0.00;0;0;0
0;5;0.00;0.00;0;0;0
0;7;0.00;0.00;0;0;0
0;9;0.00;0.00;0;0;0
0;8;0.00;0.00;0;0;0
0;8;0.00;0.00;0;0;0
0;11;-0.01;0.02;0;0;1
0;6;0.00;0.00;0;0;0
0;8;0.00;0.00;0;0;0
0;11;0.00;0.00;0;0;0
0;6;0.00;0.00;0;0;0
0;8;0.00;0.00;0;0;0
0;7;0.00;0.00;0;0;0
0;10;-0.01;0.02;0;0;1
0;7;0.00;0.00;0;0;0
0;9;0.00;0.00;0;0;0
0;8;0.00;0.00;0;0;0
0;8;0.00;0.00;0;0;0
0;11;0.00;0.00;0;0;0
0;6;0.00;0.00;0;0;0
0;8;-0.01;0.02;0;0;1
0;13;0.00;0.00;0;0;0
0;7;0.00;0.00;0;0;0
0;9;0.00;0.00;0;0;0
0;8;0.00;0.00;0;0;0
0;9;0.00;0.00;0;0;0
0;8;0.00;0.00;0;0;0
0;7;-0.01;0.02;0;0;1
0;7;0.00;0.00;0;0;0
0;11;0.00;0.00;0;0;0
0;7;0.00;0.00;0;0;0
0;7;0.00;0.00;0;0;0
0;8;0.00;0.00;0;0;0
0;8;0.00;0.00;0;0;0
0;10;-0.01;0.02;0;0;1
0;7;0.00;0.00;0;0;0
0;8;0.00;0.00;0;0;0
0;15;0.00;0.00;0;0;0
0;7;0.00;0.00;0;0;0
0;8;0.00;0.00;0;0;0
0;8;0.00;0.00;0;0;0
0;8;-0.01;0.02;0;0;1
0;8;0.00;0.00;0;0;0
0;7;0.00;0.00;0;0;0
0;12;0.00;0.00;0;0;0
0;6;0.00;0.00;0;0;0
0;7;0.00;0.00;0;0;0
0;8;0.00;0.00;0;0;0
0;8;0.00;0.00;0;0;0
0;9;-0.01;0.02;0;0;1
0;8;0.00;0.00;0;0;0
0;15;0.00;0.00;0;0;0
0;10;0.00;0.00;0;0;0
0;19;-0.01;0.02;0;0;1
0;6;0.00;0.00;0;0;0
0;8;0.00;0.00;0;0;0
0;7;0.00;0.00;0;0;0
0;9;0.00;0.00;0;0;0
0;8;0.00;0.00;0;0;0
0;8;0.00;0.00;0;0;0
0;9;-0.01;0.02;0;0;1
0;7;0.00;0.00;0;0;0
0;8;0.00;0.00;0;0;0
0;9;0.00;0.00;0;0;0
0;8;0.00;0.00;0;0;0
0;8;0.00;0.00;0;0;0
0;8;0.00;0.00;0;0;0
0;8;-0.01;0.02;0;0;1
0;10;0.00;0.00;0;0;0
0;8;0.00;0.00;0;0;0
0;7;0.00;0.00;0;0;0
0;8;0.00;0.00;0;0;0
0;8;0.00;0.00;0;0;0
0;10;0.00;0.00;0;0;0
0;9;0.00;0.00;0;0;0
0;10;-0.01;0.02;0;0;1
0;18;0.00;0.00;0;0;0
0;8;0.00;0.00;0;0;0
0;8;0.00;0.00;0;0;0
0;7;0.00;0.00;0;0;0
0;8;0.00;0.00;0;0;0
0;8;-0.01;0.02;0;0;1
0;14;0.00;0.00;0;0;0
0;8;0.00;0.00;0;0;0
0;8;0.00;0.00;0;0;0
0;8;0.00;0.00;0;0;0
0;7;0.00;0.00;0;0;0
0;9;0.00;0.00;0;0;0
0;8;-0.01;0.02;0;0;1
0;8;0.00;0.00;0;0;0
0;8;0.00;0.00;0;0;0
0;8;0.00;0.00;0;0;0
0;9;0.00;0.00;0;0;0
0;10;0.00;0.00;0;0;0
0;7;0.00;0.00;0;0;0
0;7;-0.01;0.02;0;0;1
0;9;0.00;0.00;0;0;0
0;8;0.00;0.00;0;0;0
0;8;0.00;0.00;0;0;0
0;8;0.00;0.00;0;0;0
0;8;0.00;0.00;0;0;0
0;8;0.00;0.00;0;0;0
0;9;0.00;0.00;0;0;0
0;9;-0.01;0.02;0;0;1
0;8;0.00;0.00;0;0;0
0;7;0.00;0.00;0;0;0
0;8;0.00;0.00;0;0;0
0;12;0.00;0.00;0;0;0
0;6;0.00;0.00;0;0;0
0;8;0.00;0.00;0;0;0
0;7;-0.01;0.02;0;0;1
0;10;0.00;0.00;0;0;0
0;7;0.00;0.00;0;0;0
0;8;0.00;0.00;0;0;0
0;8;0.00;0.00;0;0;0
0;9;0.00;0.00;0;0;0
0;7;-0.01;0.02;0;0;1
0;8;0.00;0.00;0;0;0
0;9;0.00;0.00;0;0;0
0;9;0.00;0.00;0;0;0
0;8;0.00;0.00;0;0;0
0;8;0.00;0.00;0;0;0
0;8;0.00;0.00;0;0;0
0;11;-0.01;0.02;0;0;1
0;6;0.00;0.00;0;0;0
0;7;0.00;0.00;0;0;0
0;9;0.00;0.00;0;0;0
0;7;0.00;0.00;0;0;0
0;9;0.00;0.00;0;0;0
0;8;0.00;0.00;0;0;0
0;9;-0.01;0.02;0;0;1
0;8;0.00;0.00;0;0;0
0;8;0.00;0.00;0;0;0
0;10;0.00;0.00;0;0;0
0;12;0.00;0.00;0;0;0
0;7;0.00;0.00;0;0;0
0;8;-0.01;0.02;0;0;1
0;7;0.00;0.00;0;0;0
0;9;0.00;0.00;0;0;0
0;8;0.00;0.00;0;0;0
0;8;0.00;0.00;0;0;0
0;8;0.00;0.00;0;0;0
0;8;0.00;0.00;0;0;0
0;9;-0.01;0.02;0;0;1
0;8;0.00;0.00;0;0;0
0;8;0.00;0.00;0;0;0
0;8;0.00;0.00;0;0;0
0;8;0.00;0.00;0;0;0
0;8;0.00;0.00;0;0;0
0;9;0.00;0.00;0;0;0
0;8;-0.01;0.02;0;0;1
0;8;0.00;0.00;0;0;0
0;8;0.00;0.00;0;0;0
0;8;0.00;0.00;0;0;0
0;9;0.00;0.00;0;0;0
0;8;0.00;0.00;0;0;0
0;8;0.00;0.00;0;0;0
0;8;-0.01;0.02;0;0;1
0;8;0.00;0.00;0;0;0
0;9;0.00;0.00;0;0;0
0;8;0.00;0.00;0;0;0
0;8;0.00;0.00;0;0;0
0;14;0.00;0.00;0;0;0
0;10;-0.01;0.02;0;0;1
0;6;0.00;0.00;0;0;0
0;7;0.00;0.00;0;0;0
0;8;0.00;0.00;0;0;0
0;13;0.00;0.00;0;0;0
0;7;0.00;0.00;0;0;0
0;9;-0.01;0.02;0;0;1
0;8;0.00;0.00;0;0;0
0;9;0.00;0.00;0;0;0
0;8;0.00;0.00;0;0;0
0;7;0.00;0.00;0;0;0
0;9;0.00;0.00;0;0;0
0;8;-0.01;0.02;0;0;1
0;8;0.00;0.00;0;0;0
0;8;0.00;0.00;0;0;0
0;10;0.00;0.00;0;0;0
0;8;0.00;0.00;0;0;0
0;7;0.00;0.00;0;0;0
0;9;-0.01;0.02;0;0;1
0;7;0.00;0.00;0;0;0
0;8;0.00;0.00;0;0;0
0;9;0.00;0.00;0;0;0
0;8;0.00;0.00;0;0;0
0;10;0.00;0.00;0;0;0
0;7;-0.01;0.02;0;0;1
0;7;0.00;0.00;0;0;0
0;9;0.00;0.00;0;0;0
0;8;0.00;0.00;0;0;0
0;8;0.00;0.00;0;0;0
0;8;0.00;0.00;0;0;0
0;8;0.00;0.00;0;0;0
0;8;-0.01;0.02;0;0;1
0;9;0.00;0.00;0;0;0
0;8;0.00;0.00;0;0;0
0;8;0.00;0.00;0;0;0
0;8;0.00;0.00;0;0;0
0;9;0.00;0.00;0;0;0
0;15;-0.01;0.02;0;0;1
0;6;0.00;0.00;0;0;0
0;8;0.00;0.00;0;0;0
0;7;0.00;0.00;0;0;0
0;10;0.00;0.00;0;0;0
0;7;0.00;0.00;0;0;0
0;8;-0.01;0.02;0;0;1
0;8;0.00;0.00;0;0;0
0;8;0.00;0.00;0;0;0
0;9;0.00;0.00;0;0;0
0;12;0.00;0.00;0;0;0
0;6;-0.01;0.02;0;0;1
0;7;0.00;0.00;0;0;0
0;7;0.00;0.00;0;0;0
0;8;0.00;0.00;0;0;0
0;9;0.00;0.00;0;0;0
0;8;0.00;0.00;0;0;0
0;8;0.00;0.00;0;0;0
0;8;0.00;0.00;0;0;0
0;8;0.00;0.00;0;0;0
0;9;-0.01;0.02;0;0;1
0;9;0.00;0.00;0;0;0
0;22;0.00;0.00;0;0;0
0;6;0.00;0.00;0;0;0
0;8;0.00;0.00;0;0;0
0;9;0.00;0.00;0;0;0
0;8;0.00;0.00;0;0;0
0;7;0.00;0.00;0;0;0
0;9;0.00;0.00;0;0;0
0;9;0.00;0.00;0;0;0
0;7;0.00;0.00;0;0;0
0;8;0.00;0.00;0;0;0
0;8;0.00;0.00;0;0;0
0;8;0.00;0.00;0;0;0
0;9;0.00;0.00;0;0;0
0;8;0.00;0.00;0;0;0
0;8;0.00;0.00;0;0;0
0;8;0.00;0.00;0;0;0
0;8;0.00;0.00;0;0;0
0;9;0.00;0.00;0;0;0
0;8;0.00;0.00;0;0;0
0;8;0.00;0.00;0;0;0
0;8;0.00;0.00;0;0;0
0;8;0.00;0.00;0;0;0
0;8;0.00;0.00;0;0;0
0;9;0.00;0.00;0;0;0
0;8;0.00;0.00;0;0;0
0;8;0.00;0.00;0;0;0
0;8;0.00;0.00;0;0;0
0;8;0.00;0.00;0;0;0
0;9;0.00;0.00;0;0;0
0;8;0.00;0.00;0;0;0
0;8;0.00;0.00;0;0;0
0;8;0.00;0.00;0;0;0
0;8;0.00;0.00;0;0;0
0;9;0.00;0.00;0;0;0
0;8;0.00;0.00;0;0;0
0;8;0.00;0.00;0;0;0
0;11;0.00;0.00;0;0;0
0;6;0.00;0.00;0;0;0
0;9;0.00;0.00;0;0;0
0;8;0.00;0.00;0;0;0
0;7;0.00;0.00;0;0;0
0;8;0.00;0.00;0;0;0
0;8;0.00;0.00;0;0;0
0;9;0.00;0.00;0;0;0
0;8;0.00;0.00;0;0;0
0;8;0.00;0.00;0;0;0
0;8;0.00;0.00;0;0;0
0;8;0.00;0.00;0;0;0
0;8;0.00;0.00;0;0;0
0;9;0.00;0.00;0;0;0
0;8;0.00;0.00;0;0;0
0;9;0.00;0.00;0;0;0
0;8;0.00;0.00;0;0;0
0;7;0.00;0.00;0;0;0
0;9;0.00;0.00;0;0;0
0;10;0.00;0.00;0;0;0
0;7;0.00;0.00;0;0;0
0;7;0.00;0.00;0;0;0
0;8;0.00;0.00;0;0;0
0;9;0.00;0.00;0;0;0
0;8;0.00;0.00;0;0;0
0;8;0.00;0.00;0;0;0
0;8;0.00;0.00;0;0;0
0;8;0.00;0.00;0;0;0
0;9;0.00;0.00;0;0;0
0;8;0.00;0.00;0;0;0
0;8;0.00;0.00;0;0;0
0;8;0.00;0.00;0;0;0
0;8;0.00;0.00;0;0;0
0;12;0.00;0.00;0;0;0
0;6;0.00;0.00;0;0;0
0;7;0.00;0.00;0;0;0
0;8;0.00;0.00;0;0;0
0;8;0.00;0.00;0;0;0
0;8;0.00;0.00;0;0;0
0;9;0.00;0.00;0;0;0
0;9;0.00;0.00;0;0;0
0;12;0.00;0.00;0;0;0
0;8;0.00;0.00;0;0;0
0;16;0.00;0.00;0;0;0
0;8;0.00;0.00;0;0;0
0;8;0.00;0.00;0;0;0
0;8;0.00;0.00;0;0;0
0;8;0.00;0.00;0;0;0
0;9;0.00;0.00;0;0;0
0;8;0.00;0.00;0;0;0
0;9;0.00;0.00;0;0;0
0;9;0.00;0.00;0;0;0
0;7;0.00;0.00;0;0;0
0;9;0.00;0.00;0;0;0
0;8;0.00;0.00;0;0;0
0;11;0.00;0.00;0;0;0
0;8;0.00;0.00;0;0;0
0;8;0.00;0.00;0;0;0
0;10;0.00;0.00;0;0;0
0;14;0.00;0.00;0;0;0
0;7;0.00;0.00;0;0;0
0;7;0.00;0.00;0;0;0
0;9;0.00;0.00;0;0;0
0;7;0.00;0.00;0;0;0
0;8;0.00;0.00;0;0;0
0;31;0.00;0.00;0;0;0
0;20;0.00;0.00;0;0;0
0;7;0.00;0.00;0;0;0
0;7;0.00;0.00;0;0;0
0;9;0.00;0.00;0;0;0
0;14;0.00;0.00;0;0;0
0;7;0.00;0.00;0;0;0
0;7;0.00;0.00;0;0;0
0;10;0.00;0.00;0;0;0
0;8;0.00;0.00;0;0;0
0;7;0.00;0.00;0;0;0
0;8;0.00;0.00;0;0;0
0;10;0.00;0.00;0;0;0
0;8;0.00;0.00;0;0;0
0;10;0.00;0.00;0;0;0
0;6;0.00;0.00;0;0;0
0;12;0.00;0.00;0;0;0
0;9;0.00;0.00;0;0;0
0;8;0.00;0.00;0;0;0
0;7;0.00;0.00;0;0;0
0;13;0.00;0.00;0;0;0
0;8;0.00;0.00;0;0;0
0;7;0.00;0.00;0;0;0
0;9;0.00;0.00;0;0;0
0;8;0.00;0.00;0;0;0
0;9;0.00;0.00;0;0;0
0;8;0.00;0.00;0;0;0
0;8;0.00;0.00;0;0;0
0;10;0.00;0.00;0;0;0
0;8;0.00;0.00;0;0;0
0;7;0.00;0.00;0;0;0
0;10;0.00;0.00;0;0;0
0;6;0.00;0.00;0;0;0
0;9;0.00;0.00;0;0;0
0;9;0.00;0.00;0;0;0
0;7;0.00;0.00;0;0;0
0;9;0.00;0.00;0;0;0
0;7;0.00;0.00;0;0;0
0;8;0.00;0.00;0;0;0
0;9;0.00;0.00;0;0;0
0;18;0.00;0.00;0;0;0
0;5;0.00;0.00;0;0;0
0;8;0.00;0.00;0;0;0
0;15;0.00;0.00;0;0;0
0;6;0.00;0.00;0;0;0
0;8;0.00;0.00;0;0;0
0;8;0.00;0.00;0;0;0
0;10;0.00;0.00;0;0;0
0;7;0.00;0.00;0;0;0
0;8;0.00;0.00;0;0;0
0;8;0.00;0.00;0;0;0
0;8;0.00;0.00;0;0;0
0;8;0.00;0.00;0;0;0
0;9;0.00;0.00;0;0;0
0;8;0.00;0.00;0;0;0
0;8;0.00;0.00;0;0;0
0;11;0.00;0.00;0;0;0
0;5;0.00;0.00;0;0;0
0;9;0.00;0.00;0;0;0
0;8;0.00;0.00;0;0;0
0;8;0.00;0.00;0;0;0
0;8;0.00;0.00;0;0;0
0;8;0.00;0.00;0;0;0
0;9;0.00;0.00;0;0;0
0;8;0.00;0.00;0;0;0
0;8;0.00;0.00;0;0;0
0;8;0.00;0.00;0;0;0
0;8;0.00;0.00;0;0;0
0;10;0.00;0.00;0;0;0
0;7;0.00;0.00;0;0;0
0;8;0.00;0.00;0;0;0
0;8;0.00;0.00;0;0;0
0;8;0.00;0.00;0;0;0
0;8;0.00;0.00;0;0;0
0;10;0.00;0.00;0;0;0
0;8;0.00;0.00;0;0;0
0;7;0.00;0.00;0;0;0
0;8;0.00;0.00;0;0;0
0;8;0.00;0.00;0;0;0
0;9;0.00;0.00;0;0;0
0;9;0.00;0.00;0;0;0
0;7;0.00;0.00;0;0;0
0;8;0.00;0.00;0;0;0
0;14;0.00;0.00;0;0;0
0;14;0.00;0.00;0;0;0
0;7;0.00;0.00;0;0;0
0;7;0.00;0.00;0;0;0
0;7;0.00;0.00;0;0;0
0;9;0.00;0.00;0;0;0
0;8;0.00;0.00;0;0;0
0;10;0.00;0.00;0;0;0
0;6;0.00;0.00;0;0;0
0;8;0.00;0.00;0;0;0
0;9;0.00;0.00;0;0;0
0;12;0.00;0.00;0;0;0
0;8;0.00;0.00;0;0;0
0;8;0.00;0.00;0;0;0
0;10;0.00;0.00;0;0;0
0;12;0.00;0.00;0;0;0
0;7;0.00;0.00;0;0;0
0;8;0.00;0.00;0;0;0
0;8;0.00;0.00;0;0;0
0;8;0.00;0.00;0;0;0
0;9;0.00;0.00;0;0;0
0;8;0.00;0.00;0;0;0
0;8;0.00;0.00;0;0;0
0;11;0.00;0.00;0;0;0
0;6;0.00;0.00;0;0;0
0;8;0.00;0.00;0;0;0
0;8;0.00;0.00;0;0;0
0;8;0.00;0.00;0;0;0
0;9;0.00;0.00;0;0;0
0;8;0.00;0.00;0;0;0
0;8;0.00;0.00;0;0;0
0;9;0.00;0.00;0;0;0
0;12;0.00;0.00;0;0;0
0;8;0.00;0.00;0;0;0
0;7;0.00;0.00;0;0;0
0;10;-0.02;0.00;-1;0;0
0;8;0.00;0.00;0;0;0
0;7;0.00;0.00;0;0;0
0;8;0.00;0.00;0;0;0
0;10;0.00;0.00;0;0;0
0;7;0.00;0.00;0;0;0
0;8;0.00;0.00;0;0;0
0;8;-0.02;0.00;-1;0;0
0;8;0.00;0.00;0;0;0
0;8;0.00;0.00;0;0;0
0;9;0.00;0.00;0;0;0
0;8;0.00;0.00;0;0;0
0;8;0.00;0.00;0;0;0
0;8;0.00;0.00;0;0;0
0;8;-0.02;0.00;-1;0;0
0;8;0.00;0.00;0;0;0
0;9;0.00;0.00;0;0;0
0;9;0.00;0.00;0;0;0
0;7;0.00;0.00;0;0;0
0;8;0.00;0.00;0;0;0
0;8;0.00;0.00;0;0;0
0;11;0.00;0.00;0;0;0
0;6;-0.02;0.00;-1;0;0
0;12;0.00;0.00;0;0;0
0;8;0.00;0.00;0;0;0
0;8;0.00;0.00;0;0;0
0;10;0.00;0.00;0;0;0
0;9;0.00;0.00;0;0;0
0;8;0.00;0.00;0;0;0
0;8;-0.02;0.00;-1;0;0
0;13;0.00;0.00;0;0;0
0;18;0.00;0.00;0;0;0
0;13;0.00;0.00;0;0;0
0;9;0.00;0.00;0;0;0
0;8;-0.02;0.00;-1;0;0
0;7;0.00;0.00;0;0;0
0;18;0.00;0.00;0;0;0
0;13;0.00;0.00;0;0;0
0;9;0.00;0.00;0;0;0
0;8;0.00;0.00;0;0;0
0;8;-0.02;0.00;-1;0;0
0;8;0.00;0.00;0;0;0
0;9;0.00;0.00;0;0;0
0;8;0.00;0.00;0;0;0
0;8;0.00;0.00;0;0;0
0;8;0.00;0.00;0;0;0
0;8;0.00;0.00;0;0;0
0;9;0.00;0.00;0;0;0
0;8;-0.02;0.00;-1;0;0
0;8;0.00;0.00;0;0;0
0;8;0.00;0.00;0;0;0
0;8;0.00;0.00;0;0;0
0;9;0.00;0.00;0;0;0
0;9;0.00;0.00;0;0;0
0;8;0.00;0.00;0;0;0
0;10;0.00;0.00;0;0;0
0;7;-0.02;0.00;-1;0;0
0;8;0.00;0.00;0;0;0
0;7;0.00;0.00;0;0;0
0;12;0.00;0.00;0;0;0
0;8;0.00;0.00;0;0;0
0;12;0.00;0.00;0;0;0
0;9;-0.02;0.00;-1;0;0
0;10;0.00;0.00;0;0;0
0;6;0.00;0.00;0;0;0
0;8;0.00;0.00;0;0;0
0;16;0.00;0.00;0;0;0
0;5;0.00;0.00;0;0;0
0;8;0.00;0.00;0;0;0
0;8;-0.02;0.00;-1;0;0
0;8;0.00;0.00;0;0;0
0;8;0.00;0.00;0;0;0
0;9;0.00;0.00;0;0;0
0;8;0.00;0.00;0;0;0
0;8;0.00;0.00;0;0;0
0;8;0.00;0.00;0;0;0
0;15;-0.02;0.00;-1;0;0
0;8;0.00;0.00;0;0;0
0;6;0.00;0.00;0;0;0
0;10;0.00;0.00;0;0;0
0;10;0.00;0.00;0;0;0
0;9;0.00;0.00;0;0;0
0;8;0.00;0.00;0;0;0
0;8;-0.02;0.00;-1;0;0
0;8;0.00;0.00;0;0;0
0;8;0.00;0.00;0;0;0
0;9;0.00;0.00;0;0;0
0;8;0.00;0.00;0;0;0
0;8;0.00;0.00;0;0;0
0;8;0.00;0.00;0;0;0
0;10;0.00;0.00;0;0;0
0;9;-0.02;0.00;-1;0;0
0;9;0.00;0.00;0;0;0
0;5;0.00;0.00;0;0;0
0;11;0.00;0.00;0;0;0
0;5;0.00;0.00;0;0;0
0;8;0.00;0.00;0;0;0
0;10;0.00;0.00;0;0;0
0;7;0.00;0.00;0;0;0
0;8;-0.02;0.00;-1;0;0
0;8;0.00;0.00;0;0;0
0;8;0.00;0.00;0;0;0
0;13;0.00;0.00;0;0;0
0;8;0.00;0.00;0;0;0
0;8;0.00;0.00;0;0;0
0;13;0.00;0.00;0;0;0
0;8;-0.02;0.00;-1;0;0
0;8;0.00;0.00;0;0;0
0;8;0.00;0.00;0;0;0
0;8;0.00;0.00;0;0;0
0;8;0.00;0.00;0;0;0
0;9;0.00;0.00;0;0;0
0;8;0.00;0.00;0;0;0
0;8;-0.02;0.00;-1;0;0
0;8;0.00;0.00;0;0;0
0;8;0.00;0.00;0;0;0
0;12;0.00;0.00;0;0;0
0;5;0.00;0.00;0;0;0
0;8;0.00;0.00;0;0;0
0;16;0.00;0.00;0;0;0
0;7;-0.02;0.00;-1;0;0
0;6;0.00;0.00;0;0;0
0;9;0.00;0.00;0;0;0
0;7;0.00;0.00;0;0;0
0;14;0.00;0.00;0;0;0
0;24;-0.02;0.00;-1;0;0
0;7;0.00;0.00;0;0;0
0;9;0.00;0.00;0;0;0
0;7;0.00;0.00;0;0;0
0;9;0.00;0.00;0;0;0
0;8;0.00;0.00;0;0;0
0;23;-0.02;0.00;-1;0;0
0;7;0.00;0.00;0;0;0
0;19;0.00;0.00;0;0;0
0;8;-0.02;0.00;-1;0;0
0;27;0.00;0.00;0;0;0
0;11;0.00;0.00;0;0;0
0;8;0.00;0.00;0;0;0
0;7;0.00;0.00;0;0;0
0;38;-0.02;0.00;-1;0;0
0;9;0.00;0.00;0;0;0
0;7;0.00;0.00;0;0;0
0;8;0.00;0.00;0;0;0
0;8;0.00;0.00;0;0;0
0;8;-0.02;0.00;-1;0;0
0;8;0.00;0.00;0;0;0
0;9;0.00;0.00;0;0;0
0;8;0.00;0.00;0;0;0
0;8;0.00;0.00;0;0;0
0;8;0.00;0.00;0;0;0
0;8;0.00;0.00;0;0;0
0;9;-0.02;0.00;-1;0;0
0;8;0.00;0.00;0;0;0
0;8;0.00;0.00;0;0;0
0;8;0.00;0.00;0;0;0
0;8;0.00;0.00;0;0;0
0;8;0.00;0.00;0;0;0
0;9;-0.02;0.00;-1;0;0
0;8;0.00;0.00;0;0;0
0;8;0.00;0.00;0;0;0
0;8;0.00;0.00;0;0;0
0;8;0.00;0.00;0;0;0
0;9;0.00;0.00;0;0;0
0;8;0.00;0.00;0;0;0
0;9;0.00;0.00;0;0;0
0;7;0.00;0.00;0;0;0
0;8;0.00;0.00;0;0;0
0;11;0.00;0.00;0;0;0
0;6;0.00;0.00;0;0;0
0;8;0.00;0.00;0;0;0
0;11;0.00;0.00;0;0;0
0;6;0.00;0.00;0;0;0
0;8;0.00;0.00;0;0;0
0;8;0.00;0.00;0;0;0
0;8;0.00;0.00;0;0;0
0;11;0.00;0.00;0;0;0
0;5;0.00;0.00;0;0;0
0;9;0.00;0.00;0;0;0
0;8;0.00;0.00;0;0;0
0;8;0.00;0.00;0;0;0
0;8;0.00;0.00;0;0;0
0;8;0.00;0.00;0;0;0
0;8;0.00;0.00;0;0;0
0;9;0.00;0.00;0;0;0
0;9;0.00;0.00;0;0;0
0;7;0.00;0.00;0;0;0
0;8;0.00;0.00;0;0;0
0;8;0.00;0.00;0;0;0
0;9;0.00;0.00;0;0;0
0;8;0.00;0.00;0;0;0
0;10;0.00;0.00;0;0;0
0;6;0.00;0.00;0;0;0
0;8;0.00;0.00;0;0;0
0;9;0.00;0.00;0;0;0
0;8;0.00;0.00;0;0;0
0;8;0.00;0.00;0;0;0
0;8;0.00;0.00;0;0;0
0;8;0.00;0.00;0;0;0
0;14;0.00;0.00;0;0;0
0;7;0.00;0.00;0;0;0
0;10;0.00;0.00;0;0;0
0;13;0.00;0.00;0;0;0
0;6;0.00;0.00;0;0;0
0;8;0.00;0.00;0;0;0
0;8;0.00;0.00;0;0;0
0;8;0.00;0.00;0;0;0
0;9;0.00;0.00;0;0;0
0;19;0.00;0.00;0;0;0
0;14;0.00;0.00;0;0;0
0;12;0.00;0.00;0;0;0
0;11;0.00;0.00;0;0;0
0;5;0.00;0.00;0;0;0
0;15;0.00;0.00;0;0;0
0;6;0.00;0.00;0;0;0
0;7;0.00;0.00;0;0;0
0;9;0.00;0.00;0;0;0
0;8;0.00;0.00;0;0;0
0;8;0.00;0.00;0;0;0
0;8;0.00;0.00;0;0;0
0;8;0.00;0.00;0;0;0
0;9;0.00;0.00;0;0;0
0;8;0.00;0.00;0;0;0
0;8;0.00;0.00;0;0;0
0;8;0.00;0.00;0;0;0
0;8;0.00;0.00;0;0;0
0;9;0.00;0.00;0;0;0
0;8;0.00;0.00;0;0;0
0;10;0.00;0.00;0;0;0
0;6;0.00;0.00;0;0;0
0;8;0.00;0.00;0;0;0
0;13;0.00;0.00;0;0;0
0;28;0.00;0.00;0;0;0
0;8;0.00;0.00;0;0;0
0;9;0.00;0.00;0;0;0
0;8;0.00;0.00;0;0;0
0;8;0.00;0.00;0;0;0
0;36;0.00;0.00;0;0;0
0;5;0.00;0.00;0;0;0
0;8;0.00;0.00;0;0;0
0;8;0.00;0.00;0;0;0
0;9;0.00;0.00;0;0;0
0;8;0.00;0.00;0;0;0
0;8;0.00;0.00;0;0;0
0;8;0.00;0.00;0;0;0
0;8;0.00;0.00;0;0;0
0;8;0.00;0.00;0;0;0
0;9;0.00;0.00;0;0;0
0;9;0.00;0.00;0;0;0
0;7;0.00;0.00;0;0;0
0;8;0.00;0.00;0;0;0
0;8;0.00;0.00;0;0;0
0;9;0.00;0.00;0;0;0
0;8;0.00;0.00;0;0;0
0;8;0.00;0.00;0;0;0
0;8;0.00;0.00;0;0;0
0;9;0.00;0.00;0;0;0
0;8;0.00;0.00;0;0;0
0;10;0.00;0.00;0;0;0
0;9;0.00;0.00;0;0;0
0;7;0.00;0.00;0;0;0
0;7;0.00;0.00;0;0;0
0;13;0.00;0.00;0;0;0
0;7;0.00;0.00;0;0;0
0;9;0.00;0.00;0;0;0
0;7;0.00;0.00;0;0;0
0;8;0.00;0.00;0;0;0
0;10;0.00;0.00;0;0;0
0;7;0.00;0.00;0;0;0
0;8;0.00;0.00;0;0;0
0;8;0.00;0.00;0;0;0
0;9;0.00;0.00;0;0;0
0;8;0.00;0.00;0;0;0
0;8;0.00;0.00;0;0;0
0;8;0.00;0.00;0;0;0
0;8;0.00;0.00;0;0;0
0;10;0.00;0.00;0;0;0
0;11;0.00;0.00;0;0;0
0;8;0.00;0.00;0;0;0
0;8;0.00;0.00;0;0;0
0;8;0.00;0.00;0;0;0
0;8;0.00;0.00;0;0;0
0;15;0.00;0.00;0;0;0
0;9;0.00;0.00;0;0;0
0;5;0.00;0.00;0;0;0
0;8;0.00;0.00;0;0;0
0;8;0.00;0.00;0;0;0
0;9;0.00;0.00;0;0;0
0;8;0.00;0.00;0;0;0
0;8;0.00;0.00;0;0;0
0;8;0.00;0.00;0;0;0
0;8;0.00;0.00;0;0;0
0;9;0.00;0.00;0;0;0
0;8;0.00;0.00;0;0;0
0;8;0.00;0.00;0;0;0
0;8;0.00;0.00;0;0;0
0;8;0.00;0.00;0;0;0
0;9;0.00;0.00;0;0;0
0;8;0.00;0.00;0;0;0
0;8;0.00;0.00;0;0;0
0;8;0.00;0.00;0;0;0
0;8;0.00;0.00;0;0;0
0;9;0.00;0.00;0;0;0
0;8;0.00;0.00;0;0;0
0;8;0.00;0.00;0;0;0
0;8;0.00;0.00;0;0;0
0;8;0.00;0.00;0;0;0
0;8;0.00;0.00;0;0;0
0;9;0.00;0.00;0;0;0
0;8;0.00;0.00;0;0;0
0;8;0.00;0.00;0;0;0
0;8;0.00;0.00;0;0;0
0;8;0.00;0.00;0;0;0
0;9;0.00;0.00;0;0;0
0;8;0.00;0.00;0;0;0
0;9;0.00;0.00;0;0;0
0;9;0.00;0.00;0;0;0
0;7;0.00;0.00;0;0;0
0;16;0.00;0.00;0;0;0
0;13;0.00;0.00;0;0;0
0;7;0.00;0.00;0;0;0
0;12;0.00;0.00;0;0;0
0;5;0.00;0.00;0;0;0
0;8;0.00;0.00;0;0;0
0;8;0.00;0.00;0;0;0
0;9;0.00;0.00;0;0;0
0;7;0.00;0.00;0;0;0
0;12;0.00;0.00;0;0;0
0;5;0.00;0.00;0;0;0
0;8;0.00;0.00;0;0;0
0;8;0.00;0.00;0;0;0
0;11;0.00;0.00;0;0;0
0;6;0.00;0.00;0;0;0
0;14;0.00;0.00;0;0;0
0;6;0.00;0.00;0;0;0
0;8;0.00;0.00;0;0;0
0;9;0.00;0.00;0;0;0
0;8;0.00;0.00;0;0;0
0;8;0.00;0.00;0;0;0
0;8;0.00;0.00;0;0;0
0;8;0.00;0.00;0;0;0
0;8;0.00;0.00;0;0;0
0;9;0.00;0.00;0;0;0
0;8;0.00;0.00;0;0;0
0;8;0.00;0.00;0;0;0
0;23;0.00;0.00;0;0;0
0;6;0.00;0.00;0;0;0
0;8;0.00;0.00;0;0;0
0;14;0.00;0.00;0;0;0
0;30;0.00;0.00;0;0;0
0;74;-0.02;0.00;-1;0;0
0;5;0.00;0.00;0;0;0
0;73;0.00;0.00;0;0;0
0;118;0.00;0.00;0;0;0
0;6;0.00;0.00;0;0;0
0;8;0.00;0.00;0;0;0
0;8;0.00;0.00;0;0;0
0;8;0.00;0.00;0;0;0
0;8;0.00;0.00;0;0;0
0;8;0.00;0.00;0;0;0
0;8;0.00;0.00;0;0;0
0;9;0.00;0.00;0;0;0
0;8;0.00;0.00;0;0;0
0;8;0.00;0.00;0;0;0
0;8;0.00;0.00;0;0;0
0;8;0.00;0.00;0;0;0
0;9;0.00;0.00;0;0;0
0;9;0.00;0.00;0;0;0
0;10;0.00;0.00;0;0;0
0;8;0.00;0.00;0;0;0
0;5;0.00;0.00;0;0;0
0;9;0.00;0.00;0;0;0
0;8;0.00;0.00;0;0;0
0;8;0.00;0.00;0;0;0
0;8;0.00;0.00;0;0;0
0;8;0.00;0.00;0;0;0
0;9;0.00;0.00;0;0;0
0;12;0.00;0.00;0;0;0
0;8;0.00;0.00;0;0;0
0;11;0.00;0.00;0;0;0
0;13;0.00;0.00;0;0;0
0;5;0.00;0.00;0;0;0
0;8;0.00;0.00;0;0;0
0;8;0.00;0.00;0;0;0
0;8;0.00;0.00;0;0;0
0;8;0.00;0.00;0;0;0
0;9;0.00;0.00;0;0;0
0;8;0.00;0.00;0;0;0
0;8;0.00;0.00;0;0;0
0;8;0.00;0.00;0;0;0
0;8;0.00;0.00;0;0;0
0;13;0.00;0.00;0;0;0
0;8;0.00;0.00;0;0;0
0;8;0.00;0.00;0;0;0
0;8;0.00;0.00;0;0;0
0;13;0.00;0.00;0;0;0
0;8;0.00;0.00;0;0;0
0;8;0.00;0.00;0;0;0
0;8;0.00;0.00;0;0;0
0;8;0.00;0.00;0;0;0
0;9;0.00;0.00;0;0;0
0;8;0.00;0.00;0;0;0
0;8;0.00;0.00;0;0;0
0;8;0.00;0.00;0;0;0
0;11;0.00;0.00;0;0;0
0;6;0.00;0.00;0;0;0
0;8;0.00;0.00;0;0;0
0;8;0.00;0.00;0;0;0
0;8;0.00;0.00;0;0;0
0;8;0.00;0.00;0;0;0
0;8;0.00;0.00;0;0;0
0;9;0.00;0.00;0;0;0
0;10;0.00;0.00;0;0;0
0;7;0.00;0.00;0;0;0
0;7;0.00;0.00;0;0;0
0;8;0.00;0.00;0;0;0
0;10;0.00;0.00;0;0;0
0;10;0.00;0.00;0;0;0
0;5;0.00;0.00;0;0;0
0;11;0.00;0.00;0;0;0
0;5;0.00;0.00;0;0;0
0;9;0.00;0.00;0;0;0
0;8;0.00;0.00;0;0;0
0;8;0.00;0.00;0;0;0
0;8;0.00;0.00;0;0;0
0;8;0.00;0.00;0;0;0
0;9;0.00;0.00;0;0;0
0;8;0.00;0.00;0;0;0
0;8;0.00;0.00;0;0;0
0;8;0.00;0.00;0;0;0
0;8;0.00;0.00;0;0;0
0;17;0.00;0.00;0;0;0
0;8;0.00;0.00;0;0;0
0;8;0.00;0.00;0;0;0
0;8;0.00;0.00;0;0;0
0;8;0.00;0.00;0;0;0
0;9;0.00;0.00;0;0;0
0;8;0.00;0.00;0;0;0
0;8;0.00;0.00;0;0;0
0;8;0.00;0.00;0;0;0
0;8;0.00;0.00;0;0;0
0;9;0.00;0.00;0;0;0
0;51;0.00;0.00;0;0;0
0;10;0.00;0.00;0;0;0
0;16;0.00;0.00;0;0;0
0;12;0.00;0.00;0;0;0
0;17;-0.01;-0.02;0;1;0
0;39;0.00;0.00;0;0;0
0;19;0.00;0.00;0;0;0
0;13;0.00;0.00;0;0;0
0;56;-0.01;-0.02;0;1;0
0;15;0.00;0.00;0;0;0
0;12;0.00;0.00;0;0;0
0;16;0.00;0.00;0;0;0
0;32;-0.01;-0.02;0;1;0
0;9;0.00;0.00;0;0;0
0;11;0.00;0.00;0;0;0
0;10;0.00;0.00;0;0;0
0;16;0.00;0.00;0;0;0
0;7;0.00;0.00;0;0;0
0;11;0.00;0.00;0;0;0
0;9;0.00;0.00;0;0;0
0;8;0.00;0.00;0;0;0
0;8;0.00;0.00;0;0;0
0;11;0.00;0.00;0;0;0
0;5;0.00;0.00;0;0;0
0;9;0.00;0.00;0;0;0
0;8;0.00;0.00;0;0;0
0;8;0.00;0.00;0;0;0
0;12;0.00;0.00;0;0;0
0;11;0.00;0.00;0;0;0
0;11;0.00;0.00;0;0;0
0;9;0.00;0.00;0;0;0
0;8;0.00;0.00;0;0;0
0;8;0.00;0.00;0;0;0
0;6;0.00;0.00;0;0;0
0;9;0.00;0.00;0;0;0
0;11;0.00;0.00;0;0;0
0;9;0.00;0.00;0;0;0
0;8;0.00;0.00;0;0;0
0;10;0.00;0.00;0;0;0
0;7;0.00;0.00;0;0;0
0;8;0.00;0.00;0;0;0
0;8;0.00;0.00;0;0;0
0;10;0.00;0.00;0;0;0
0;6;0.00;0.00;0;0;0
0;9;0.00;0.00;0;0;0
0;8;0.00;0.00;0;0;0
0;8;0.00;0.00;0;0;0
0;8;0.00;0.00;0;0;0
0;8;0.00;0.00;0;0;0
0;9;0.00;0.00;0;0;0
0;13;0.00;0.00;0;0;0
0;9;0.00;0.00;0;0;0
0;6;0.00;0.00;0;0;0
0;8;0.00;0.00;0;0;0
0;14;0.00;0.00;0;0;0
0;11;0.00;0.00;0;0;0
0;8;0.00;0.00;0;0;0
0;9;0.00;0.00;0;0;0
0;8;-0.01;-0.02;0;1;0
0;8;0.00;0.00;0;0;0
0;8;0.00;0.00;0;0;0
0;8;0.00;0.00;0;0;0
0;8;0.00;0.00;0;0;0
0;9;0.00;0.00;0;0;0
0;8;0.00;0.00;0;0;0
0;8;0.00;0.00;0;0;0
0;8;0.00;0.00;0;0;0
0;8;0.00;0.00;0;0;0
0;9;0.00;0.00;0;0;0
0;10;0.00;0.00;0;0;0
0;6;0.00;0.00;0;0;0
0;8;0.00;0.00;0;0;0
0;8;0.00;0.00;0;0;0
0;8;0.00;0.00;0;0;0
0;9;0.00;0.00;0;0;0
0;8;0.00;0.00;0;0;0
0;8;0.00;0.00;0;0;0
0;8;0.00;0.00;0;0;0
0;7;0.00;0.00;0;0;0
0;10;0.00;0.00;0;0;0
0;8;0.00;0.00;0;0;0
0;8;0.00;0.00;0;0;0
0;8;0.00;0.00;0;0;0
0;8;0.00;0.00;0;0;0
0;9;0.00;0.00;0;0;0
0;8;0.00;0.00;0;0;0
0;8;0.00;0.00;0;0;0
0;8;0.00;0.00;0;0;0
0;8;0.00;0.00;0;0;0
0;9;0.00;0.00;0;0;0
0;12;0.00;0.00;0;0;0
0;8;0.00;0.00;0;0;0
0;8;0.00;0.00;0;0;0
0;17;0.00;0.00;0;0;0
0;8;0.00;0.00;0;0;0
0;8;0.00;0.00;0;0;0
0;17;0.00;0.00;0;0;0
0;8;0.00;0.00;0;0;0
0;8;0.00;0.00;0;0;0
0;8;0.00;0.00;0;0;0
0;8;0.00;0.00;0;0;0
0;11;0.00;0.00;0;0;0
0;17;0.00;0.00;0;0;0
0;5;0.00;0.00;0;0;0
0;8;0.00;0.00;0;0;0
0;8;0.00;0.00;0;0;0
0;14;0.00;0.00;0;0;0
0;10;0.00;0.00;0;0;0
0;5;0.00;0.00;0;0;0
0;15;0.00;0.00;0;0;0
0;5;0.00;0.00;0;0;0
0;11;0.00;0.00;0;0;0
0;16;0.00;0.00;0;0;0
0;8;0.00;0.00;0;0;0
0;11;0.00;0.00;0;0;0
0;9;0.00;0.00;0;0;0
0;8;0.00;0.00;0;0;0
0;7;0.00;0.00;0;0;0
0;8;0.00;0.00;0;0;0
0;7;0.00;0.00;0;0;0
0;19;0.00;0.00;0;0;0
0;35;0.00;0.00;0;0;0
0;6;0.00;0.00;0;0;0
0;7;0.00;0.00;0;0;0
0;18;0.00;0.00;0;0;0
0;10;0.00;0.00;0;0;0
0;5;0.00;0.00;0;0;0
0;12;0.00;0.00;0;0;0
0;8;0.00;0.00;0;0;0
0;8;0.00;0.00;0;0;0
0;9;0.00;0.00;0;0;0
0;12;0.00;0.00;0;0;0
0;8;0.00;0.00;0;0;0
0;8;0.00;0.00;0;0;0
0;9;0.00;0.00;0;0;0
0;8;0.00;0.00;0;0;0
0;10;0.00;0.00;0;0;0
0;6;0.00;0.00;0;0;0
0;11;0.00;0.00;0;0;0
0;6;0.00;0.00;0;0;0
0;12;0.00;0.00;0;0;0
0;8;0.00;0.00;0;0;0
0;8;0.00;0.00;0;0;0
0;8;0.00;0.00;0;0;0
0;7;0.00;0.00;0;0;0
0;9;0.00;0.00;0;0;0
0;13;0.00;0.00;0;0;0
0;9;0.00;0.00;0;0;0
0;11;0.00;0.00;0;0;0
0;10;0.00;0.00;0;0;0
0;7;0.00;0.00;0;0;0
0;9;0.00;0.00;0;0;0
0;8;0.00;0.00;0;0;0
0;14;0.00;0.00;0;0;0
0;6;-0.01;-0.02;0;1;0
0;8;0.00;0.00;0;0;0
0;7;0.00;0.00;0;0;0
0;9;0.00;0.00;0;0;0
0;12;0.00;0.00;0;0;0
0;5;0.00;0.00;0;0;0
0;13;0.00;0.00;0;0;0
0;10;0.00;0.00;0;0;0
0;7;0.00;0.00;0;0;0
0;14;0.00;0.00;0;0;0
0;9;-0.01;-0.02;0;1;0
0;22;-0.01;0.02;0;0;1
0;10;0.00;0.00;0;0;0
0;8;0.00;0.00;0;0;0
0;5;0.00;0.00;0;0;0
0;8;0.00;0.00;0;0;0
0;8;-0.01;-0.02;0;1;0
0;20;0.00;0.00;0;0;0
0;9;0.00;0.00;0;0;0
0;12;0.00;0.00;0;0;0
0;9;0.00;0.00;0;0;0
0;8;-0.01;-0.02;0;1;0
0;17;0.00;0.00;0;0;0
0;21;0.00;0.00;0;0;0
0;12;0.00;0.00;0;0;0
0;12;0.00;0.00;0;0;0
0;13;0.00;0.00;0;0;0
0;7;0.00;0.00;0;0;0
0;8;0.00;0.00;0;0;0
0;7;0.00;0.00;0;0;0
0;9;0.00;0.00;0;0;0
0;7;0.00;0.00;0;0;0
0;10;0.00;0.00;0;0;0
0;8;0.00;0.00;0;0;0
0;18;0.00;0.00;0;0;0
0;10;0.00;0.00;0;0;0
0;9;0.00;0.00;0;0;0
0;13;0.00;0.00;0;0;0
0;8;0.00;0.00;0;0;0
0;11;0.00;0.00;0;0;0
0;9;0.00;0.00;0;0;0
0;9;0.00;0.00;0;0;0
0;7;0.00;0.00;0;0;0
0;8;0.00;0.00;0;0;0
0;9;0.00;0.00;0;0;0
0;8;0.00;0.00;0;0;0
0;9;0.00;0.00;0;0;0
0;8;0.00;0.00;0;0;0
0;21;0.00;0.00;0;0;0
0;7;0.00;0.00;0;0;0
0;8;0.00;0.00;0;0;0
0;7;0.00;0.00;0;0;0
0;9;0.00;0.00;0;0;0
0;7;0.00;0.00;0;0;0
0;9;0.00;0.00;0;0;0
0;10;0.00;0.00;0;0;0
0;8;0.00;0.00;0;0;0
0;7;0.00;0.00;0;0;0
0;7;0.00;0.00;0;0;0
0;11;0.00;0.00;0;0;0
0;7;0.00;0.00;0;0;0
0;8;0.00;0.00;0;0;0
0;8;0.00;0.00;0;0;0
0;12;0.00;0.00;0;0;0
0;9;0.00;0.00;0;0;0
0;8;0.00;0.00;0;0;0
0;8;0.00;0.00;0;0;0
0;10;0.00;0.00;0;0;0
0;6;0.00;0.00;0;0;0
0;9;0.00;0.00;0;0;0
0;9;0.00;0.00;0;0;0
0;7;0.00;0.00;0;0;0
0;8;0.00;0.00;0;0;0
0;8;0.00;0.00;0;0;0
0;18;0.00;0.00;0;0;0
0;7;0.00;0.00;0;0;0
0;10;0.00;0.00;0;0;0
0;6;0.00;0.00;0;0;0
0;76;0.00;0.00;0;0;0
0;7;0.00;0.00;0;0;0
0;7;0.00;0.00;0;0;0
0;9;0.00;0.00;0;0;0
0;8;0.00;0.00;0;0;0
0;19;0.00;0.00;0;0;0
0;7;0.00;0.00;0;0;0
0;7;0.00;0.00;0;0;0
0;20;0.00;0.00;0;0;0
0;38;0.00;0.00;0;0;0
0;19;0.00;0.00;0;0;0
0;16;0.00;0.00;0;0;0
0;8;0.00;0.00;0;0;0
0;9;0.00;0.00;0;0;0
0;9;0.01;-0.02;0;0;-1
0;8;0.00;0.00;0;0;0
0;13;0.00;0.00;0;0;0
0;7;0.00;0.00;0;0;0
0;10;0.00;0.00;0;0;0
0;7;0.00;0.00;0;0;0
0;8;0.00;0.00;0;0;0
0;12;0.00;0.00;0;0;0
0;16;0.01;-0.02;0;0;-1
0;13;0.00;0.00;0;0;0
0;8;0.00;0.00;0;0;0
0;22;0.00;0.00;0;0;0
0;9;0.00;0.00;0;0;0
0;10;0.00;0.00;0;0;0
0;8;0.00;0.00;0;0;0
0;7;0.01;-0.02;0;0;-1
0;9;0.00;0.00;0;0;0
0;23;0.00;0.00;0;0;0
0;7;0.00;0.00;0;0;0
0;8;0.00;0.00;0;0;0
0;9;0.01;-0.02;0;0;-1
0;7;0.00;0.00;0;0;0
0;8;0.00;0.00;0;0;0
0;7;0.00;0.00;0;0;0
0;8;0.00;0.00;0;0;0
0;9;0.00;0.00;0;0;0
0;8;0.00;0.00;0;0;0
0;9;0.00;0.00;0;0;0
0;8;0.01;-0.02;0;0;-1
0;7;0.00;0.00;0;0;0
0;8;0.00;0.00;0;0;0
0;8;0.00;0.00;0;0;0
0;9;0.00;0.00;0;0;0
0;11;0.00;0.00;0;0;0
0;6;0.00;0.00;0;0;0
0;8;0.01;-0.02;0;0;-1
0;7;0.00;0.00;0;0;0
0;10;0.00;0.00;0;0;0
0;7;0.00;0.00;0;0;0
0;8;0.00;0.00;0;0;0
0;8;0.00;0.00;0;0;0
0;9;0.00;0.00;0;0;0
0;9;0.01;-0.02;0;0;-1
0;7;0.00;0.00;0;0;0
0;8;0.00;0.00;0;0;0
0;9;0.00;0.00;0;0;0
0;10;0.00;0.00;0;0;0
0;7;0.00;0.00;0;0;0
0;8;0.00;0.00;0;0;0
0;13;0.00;0.00;0;0;0
0;7;0.00;0.00;0;0;0
0;8;0.00;0.00;0;0;0
0;16;0.00;0.00;0;0;0
0;8;0.00;0.00;0;0;0
0;8;0.00;0.00;0;0;0
0;9;0.00;0.00;0;0;0
0;9;0.00;0.00;0;0;0
0;8;0.00;0.00;0;0;0
0;7;0.00;0.00;0;0;0
0;9;0.00;0.00;0;0;0
0;8;0.00;0.00;0;0;0
0;10;0.00;0.00;0;0;0
0;7;0.00;0.00;0;0;0
0;11;0.00;0.00;0;0;0
0;9;0.00;0.00;0;0;0
0;11;0.00;0.00;0;0;0
0;6;0.00;0.00;0;0;0
0;8;0.00;0.00;0;0;0
0;7;0.00;0.00;0;0;0
0;8;0.00;0.00;0;0;0
0;9;0.00;0.00;0;0;0
0;9;0.00;0.00;0;0;0
0;7;0.00;0.00;0;0;0
0;8;0.00;0.00;0;0;0
0;8;0.00;0.00;0;0;0
0;8;0.00;0.00;0;0;0
0;8;0.00;0.00;0;0;0
0;9;0.00;0.00;0;0;0
0;8;0.00;0.00;0;0;0
0;8;0.00;0.00;0;0;0
0;9;0.00;0.00;0;0;0
0;7;0.00;0.00;0;0;0
0;9;0.00;0.00;0;0;0
0;8;0.00;0.00;0;0;0
0;8;0.00;0.00;0;0;0
0;8;0.00;0.00;0;0;0
0;8;0.00;0.00;0;0;0
0;10;0.00;0.00;0;0;0
0;14;0.00;0.00;0;0;0
0;6;0.00;0.00;0;0;0
0;8;0.00;0.00;0;0;0
0;8;0.00;0.00;0;0;0
0;8;0.00;0.00;0;0;0
0;8;0.00;0.00;0;0;0
0;9;0.00;0.00;0;0;0
0;7;0.00;0.00;0;0;0
0;9;0.00;0.00;0;0;0
0;9;0.00;0.00;0;0;0
0;8;0.00;0.00;0;0;0
0;8;0.00;0.00;0;0;0
0;8;0.00;0.00;0;0;0
0;8;0.00;0.00;0;0;0
0;9;0.00;0.00;0;0;0
0;10;0.00;0.00;0;0;0
0;6;0.00;0.00;0;0;0
0;8;0.00;0.00;0;0;0
0;7;0.00;0.00;0;0;0
0;16;0.00;0.00;0;0;0
0;6;0.00;0.00;0;0;0
0;8;0.00;0.00;0;0;0
0;8;0.00;0.00;0;0;0
0;23;0.00;0.00;0;0;0
0;7;0.00;0.00;0;0;0
0;8;0.00;0.00;0;0;0
0;7;0.00;0.00;0;0;0
0;8;0.00;0.00;0;0;0
0;9;0.00;0.00;0;0;0
0;8;0.00;0.00;0;0;0
0;7;0.00;0.00;0;0;0
0;8;0.00;0.00;0;0;0
0;8;0.00;0.00;0;0;0
0;10;0.00;0.00;0;0;0
0;12;0.00;0.00;0;0;0
0;9;0.00;0.00;0;0;0
0;7;0.00;0.00;0;0;0
0;7;0.00;0.00;0;0;0
0;10;0.00;0.00;0;0;0
0;7;0.00;0.00;0;0;0
0;7;0.00;0.00;0;0;0
0;8;0.00;0.00;0;0;0
0;8;0.00;0.00;0;0;0
0;9;0.00;0.00;0;0;0
0;8;0.00;0.00;0;0;0
0;8;0.00;0.00;0;0;0
0;9;0.00;0.00;0;0;0
0;8;0.01;-0.02;0;0;-1
0;8;0.00;0.00;0;0;0
0;8;0.00;0.00;0;0;0
0;9;0.00;0.00;0;0;0
0;8;0.00;0.00;0;0;0
0;8;0.00;0.00;0;0;0
0;10;0.00;0.00;0;0;0
0;7;0.00;0.00;0;0;0
0;7;-0.02;0.00;-1;0;0
0;8;0.00;0.00;0;0;0
0;9;0.01;-0.02;0;0;-1
0;8;0.00;0.00;0;0;0
0;9;0.00;0.00;0;0;0
0;8;0.00;0.00;0;0;0
0;10;0.00;0.00;0;0;0
0;7;0.00;0.00;0;0;0
0;7;0.00;0.00;0;0;0
0;8;0.00;0.00;0;0;0
0;13;0.01;-0.02;0;0;-1
0;8;0.00;0.00;0;0;0
0;7;0.00;0.00;0;0;0
0;8;0.00;0.00;0;0;0
0;7;0.00;0.00;0;0;0
0;8;0.00;0.00;0;0;0
0;8;0.01;-0.02;0;0;-1
0;11;0.00;0.00;0;0;0
0;7;0.00;0.00;0;0;0
0;8;0.00;0.00;0;0;0
0;8;0.00;0.00;0;0;0
0;8;0.00;0.00;0;0;0
0;9;0.00;0.00;0;0;0
0;12;0.01;-0.02;0;0;-1
0;8;0.00;0.00;0;0;0
0;11;0.00;0.00;0;0;0
0;10;0.00;0.00;0;0;0
0;10;0.00;0.00;0;0;0
0;11;0.00;0.00;0;0;0
0;7;0.00;0.00;0;0;0
0;9;0.01;-0.02;0;0;-1
0;9;0.00;0.00;0;0;0
0;6;0.00;0.00;0;0;0
0;14;0.00;0.00;0;0;0
0;12;0.00;0.00;0;0;0
0;56;0.02;-0.04;0;0;-2
0;13;0.00;0.00;0;0;0
0;35;0.01;-0.02;0;0;-1
0;85;0.01;-0.02;0;0;-1
0;13;0.00;0.00;0;0;0
0;15;0.00;0.00;0;0;0
0;38;0.01;-0.02;0;0;-1
0;10;0.00;0.00;0;0;0
0;7;0.00;0.00;0;0;0
0;9;0.01;-0.02;0;0;-1
0;10;0.00;0.00;0;0;0
0;7;0.00;0.00;0;0;0
0;7;0.00;0.00;0;0;0
0;8;0.00;0.00;0;0;0
0;13;0.00;0.00;0;0;0
0;8;0.01;-0.02;0;0;-1
0;8;0.00;0.00;0;0;0
0;8;0.00;0.00;0;0;0
0;9;0.00;0.00;0;0;0
0;8;0.00;0.00;0;0;0
0;8;0.00;0.00;0;0;0
0;8;0.00;0.00;0;0;0
0;8;0.00;0.00;0;0;0
0;8;0.01;-0.02;0;0;-1
0;9;0.00;0.00;0;0;0
0;16;0.00;0.00;0;0;0
0;9;0.00;0.00;0;0;0
0;9;0.00;0.00;0;0;0
0;11;0.00;0.00;0;0;0
0;7;0.00;0.00;0;0;0
0;5;0.00;0.00;0;0;0
0;8;0.01;-0.02;0;0;-1
0;14;0.00;0.00;0;0;0
0;10;0.00;0.00;0;0;0
0;6;0.00;0.00;0;0;0
0;14;0.00;0.00;0;0;0
0;6;0.00;0.00;0;0;0
0;7;0.01;-0.02;0;0;-1
0;9;0.00;0.00;0;0;0
0;18;0.00;0.00;0;0;0
0;8;0.00;0.00;0;0;0
0;12;0.00;0.00;0;0;0
0;13;0.01;-0.02;0;0;-1
0;7;0.00;0.00;0;0;0
0;15;0.00;0.00;0;0;0
0;13;0.00;0.00;0;0;0
0;7;0.00;0.00;0;0;0
0;10;0.00;0.00;0;0;0
0;28;0.01;-0.02;0;0;-1
0;12;0.00;0.00;0;0;0
0;8;0.00;0.00;0;0;0
0;8;0.00;0.00;0;0;0
0;6;0.00;0.00;0;0;0
0;7;0.00;0.00;0;0;0
0;12;0.01;-0.02;0;0;-1
0;10;0.00;0.00;0;0;0
0;14;0.00;0.00;0;0;0
0;13;0.00;0.00;0;0;0
0;14;0.01;-0.02;0;0;-1
0;10;0.00;0.00;0;0;0
0;13;0.02;0.00;1;0;0
0;5;0.00;0.00;0;0;0
0;7;0.00;0.00;0;0;0
0;22;0.01;-0.02;0;0;-1
0;9;0.00;0.00;0;0;0
0;15;0.02;0.00;1;0;0
0;8;0.00;0.00;0;0;0
0;8;0.00;0.00;0;0;0
0;14;0.00;0.00;0;0;0
0;7;0.00;0.00;0;0;0
0;7;0.01;-0.02;0;0;-1
0;8;0.00;0.00;0;0;0
0;10;0.02;0.00;1;0;0
0;7;0.00;0.00;0;0;0
0;8;0.00;0.00;0;0;0
0;8;0.00;0.00;0;0;0
0;9;0.01;-0.02;0;0;-1
0;7;0.00;0.00;0;0;0
0;9;0.00;0.00;0;0;0
0;8;0.02;0.00;1;0;0
0;8;0.00;0.00;0;0;0
0;11;0.00;0.00;0;0;0
0;6;0.00;0.00;0;0;0
0;9;0.00;0.00;0;0;0
0;8;0.00;0.00;0;0;0
0;7;0.01;-0.02;0;0;-1
0;9;0.00;0.00;0;0;0
0;7;0.02;0.00;1;0;0
0;10;0.00;0.00;0;0;0
0;7;0.00;0.00;0;0;0
0;8;0.00;0.00;0;0;0
0;8;0.00;0.00;0;0;0
0;8;0.00;0.00;0;0;0
0;9;0.01;-0.02;0;0;-1
0;10;0.02;0.00;1;0;0
0;7;0.00;0.00;0;0;0
0;7;0.00;0.00;0;0;0
0;10;0.00;0.00;0;0;0
0;8;-0.01;-0.02;0;1;0
0;7;0.00;0.00;0;0;0
0;8;0.01;-0.02;0;0;-1
0;8;0.00;0.00;0;0;0
0;8;0.02;0.00;1;0;0
0;8;0.00;0.00;0;0;0
0;10;0.00;0.00;0;0;0
0;13;0.01;-0.02;0;0;-1
0;7;0.00;0.00;0;0;0
0;7;0.00;0.00;0;0;0
0;9;0.00;0.00;0;0;0
0;8;0.02;0.00;1;0;0
0;8;0.00;0.00;0;0;0
0;8;0.00;0.00;0;0;0
0;8;0.00;0.00;0;0;0
0;8;0.01;-0.02;0;0;-1
0;9;0.00;0.00;0;0;0
0;8;0.00;0.00;0;0;0
0;8;0.00;0.00;0;0;0
0;8;0.02;0.00;1;0;0
0;8;0.00;0.00;0;0;0
0;9;0.00;0.00;0;0;0
0;16;0.00;0.00;0;0;0
0;5;0.01;-0.02;0;0;-1
0;8;0.00;0.00;0;0;0
0;10;0.00;0.00;0;0;0
0;6;0.02;0.00;1;0;0
0;8;0.00;0.00;0;0;0
0;9;0.00;0.00;0;0;0
0;7;0.00;0.00;0;0;0
0;8;0.01;-0.02;0;0;-1
0;9;0.00;0.00;0;0;0
0;8;0.00;0.00;0;0;0
0;16;0.04;-0.02;1;0;-1
0;9;0.00;0.00;0;0;0
0;9;0.01;-0.02;0;0;-1
0;10;0.00;0.00;0;0;0
0;7;0.01;-0.02;0;0;-1
0;7;0.00;0.00;0;0;0
0;7;0.01;-0.02;0;0;-1
0;9;0.00;0.00;0;0;0
0;8;0.01;-0.02;0;0;-1
0;8;0.02;0.00;1;0;0
0;8;0.00;0.00;0;0;0
0;8;0.01;-0.02;0;0;-1
0;16;0.01;-0.02;0;0;-1
0;10;0.02;0.00;1;0;0
0;7;0.01;-0.02;0;0;-1
0;8;0.00;0.00;0;0;0
0;16;0.01;-0.02;0;0;-1
0;6;0.01;-0.02;0;0;-1
0;7;0.00;0.00;0;0;0
0;8;0.04;-0.02;1;0;-1
0;8;0.00;0.00;0;0;0
0;9;0.01;-0.02;0;0;-1
0;8;0.00;0.00;0;0;0
0;11;0.01;-0.02;0;0;-1
0;9;0.00;0.00;0;0;0
0;9;0.04;-0.02;1;0;-1
0;12;0.00;0.00;0;0;0
0;23;0.01;-0.02;0;0;-1
0;13;0.00;0.00;0;0;0
0;6;0.00;0.00;0;0;0
0;18;0.04;-0.02;1;0;-1
0;20;0.00;0.00;0;0;0
0;11;0.00;0.00;0;0;0
0;15;0.04;-0.02;1;0;-1
0;8;0.00;0.00;0;0;0
0;9;0.00;0.00;0;0;0
0;10;0.00;0.00;0;0;0
0;6;0.00;0.00;0;0;0
0;8;0.00;0.00;0;0;0
0;8;0.00;0.00;0;0;0
0;10;0.02;0.00;1;0;0
0;7;0.00;0.00;0;0;0
0;8;0.00;0.00;0;0;0
0;8;0.01;-0.02;0;0;-1
0;8;0.00;0.00;0;0;0
0;11;0.00;0.00;0;0;0
0;7;0.00;0.00;0;0;0
0;7;0.00;0.00;0;0;0
0;8;0.00;0.00;0;0;0
0;11;0.04;-0.02;1;0;-1
0;6;0.00;0.00;0;0;0
0;9;0.00;0.00;0;0;0
0;8;0.00;0.00;0;0;0
0;11;0.00;0.00;0;0;0
0;6;0.00;0.00;0;0;0
0;7;0.01;-0.02;0;0;-1
0;10;0.02;0.00;1;0;0
0;18;0.00;0.00;0;0;0
0;7;0.00;0.00;0;0;0
0;9;0.00;0.00;0;0;0
0;20;0.01;-0.02;0;0;-1
0;6;0.01;-0.02;0;0;-1
0;11;0.02;0.00;1;0;0
0;19;0.01;-0.02;0;0;-1
0;9;0.01;-0.02;0;0;-1
0;9;0.00;0.00;0;0;0
0;15;0.01;-0.02;0;0;-1
0;26;0.05;-0.04;1;0;-2
0;24;0.02;-0.04;0;0;-2
0;10;0.04;-0.02;1;0;-1
0;31;0.02;-0.04;0;0;-2
0;10;0.01;-0.02;0;0;-1
0;11;0.01;-0.02;0;0;-1
0;11;0.02;0.00;1;0;0
0;7;0.00;0.00;0;0;0
0;7;0.01;-0.02;0;0;-1
0;8;0.00;0.00;0;0;0
0;8;0.00;0.00;0;0;0
0;8;0.01;-0.02;1;1;0
0;9;0.00;0.00;0;0;0
0;8;0.01;-0.02;0;0;-1
0;8;0.00;0.00;0;0;0
0;8;0.00;0.00;0;0;0
0;8;0.00;0.00;0;0;0
0;8;0.00;0.00;0;0;0
0;12;0.02;0.00;1;0;0
0;8;0.00;0.00;0;0;0
0;5;0.00;0.00;0;0;0
0;7;0.00;0.00;0;0;0
0;8;0.00;0.00;0;0;0
0;9;0.00;0.00;0;0;0
0;8;0.00;0.00;0;0;0
0;8;0.00;0.00;0;0;0
0;8;0.00;0.00;0;0;0
0;8;0.01;-0.02;0;0;-1
0;9;0.02;0.00;1;0;0
0;8;0.00;0.00;0;0;0
0;8;0.00;0.00;0;0;0
0;10;0.00;0.00;0;0;0
0;7;0.00;0.00;0;0;0
0;8;0.01;-0.02;0;0;-1
0;8;0.00;0.00;0;0;0
0;8;0.00;0.00;0;0;0
0;8;0.02;0.00;1;0;0
0;9;0.00;0.00;0;0;0
0;9;0.00;0.00;0;0;0
0;7;0.01;-0.02;0;0;-1
0;8;0.00;0.00;0;0;0
0;8;0.00;0.00;0;0;0
0;10;0.00;0.00;0;0;0
0;7;0.00;0.00;0;0;0
0;8;0.00;0.00;0;0;0
0;8;0.04;-0.02;1;0;-1
0;8;0.00;0.00;0;0;0
0;8;0.00;0.00;0;0;0
0;8;0.00;0.00;0;0;0
0;9;0.00;0.00;0;0;0
0;8;0.01;-0.02;0;0;-1
0;8;0.00;0.00;0;0;0
0;8;0.00;0.00;0;0;0
0;8;0.04;-0.02;1;0;-1
0;12;0.00;0.00;0;0;0
0;5;0.01;-0.02;0;0;-1
0;8;0.00;0.00;0;0;0
0;12;0.01;-0.02;0;0;-1
0;14;0.01;-0.02;0;0;-1
0;7;0.02;0.00;1;0;0
0;8;0.01;-0.02;0;0;-1
0;8;0.00;0.00;0;0;0
0;8;0.01;-0.02;0;0;-1
0;8;0.00;0.00;0;0;0
0;9;0.01;-0.02;0;0;-1
0;8;0.02;0.00;1;0;0
0;10;0.01;-0.02;0;0;-1
0;6;0.00;0.00;0;0;0
0;8;0.01;-0.02;0;0;-1
0;11;0.00;0.00;0;0;0
0;9;0.04;-0.02;1;0;-1
0;8;0.00;0.00;0;0;0
0;5;0.00;0.00;0;0;0
0;8;0.01;-0.02;0;0;-1
0;14;0.00;0.00;0;0;0
0;7;0.02;0.00;1;0;0
0;8;0.00;0.00;0;0;0
0;10;0.00;0.00;0;0;0
0;6;0.01;-0.02;0;0;-1
0;9;0.00;0.00;0;0;0
0;8;0.00;0.00;0;0;0
0;10;0.02;0.00;1;0;0
0;7;0.00;0.00;0;0;0
0;8;0.00;0.00;0;0;0
0;9;0.00;0.00;0;0;0
0;11;0.00;0.00;0;0;0
0;4;0.00;0.00;0;0;0
0;10;0.00;0.00;0;0;0
0;6;0.00;0.00;0;0;0
0;10;0.04;-0.02;1;0;-1
0;8;0.00;0.00;0;0;0
0;7;0.00;0.00;0;0;0
0;8;0.00;0.00;0;0;0
0;11;0.00;0.00;0;0;0
0;6;0.00;0.00;0;0;0
0;8;0.00;0.00;0;0;0
0;8;0.01;-0.02;0;0;-1
0;22;0.02;0.00;1;0;0
0;8;0.00;0.00;0;0;0
0;11;0.00;0.00;0;0;0
0;8;0.01;-0.02;0;0;-1
0;9;0.02;0.00;1;0;0
0;7;0.00;0.00;0;0;0
0;14;0.00;0.00;0;0;0
0;7;0.00;0.00;0;0;0
0;9;0.01;-0.02;0;0;-1
0;23;0.02;0.00;1;0;0
0;7;0.00;0.00;0;0;0
0;7;0.00;0.00;0;0;0
0;7;0.00;0.00;0;0;0
0;8;0.04;-0.02;1;0;-1
0;11;0.00;0.00;0;0;0
0;6;0.00;0.00;0;0;0
0;8;0.00;0.00;0;0;0
0;8;0.00;0.00;0;0;0
0;8;0.00;0.00;0;0;0
0;9;0.02;0.00;1;0;0
0;8;0.01;-0.02;0;0;-1
0;8;0.00;0.00;0;0;0
0;8;0.00;0.00;0;0;0
0;9;0.01;-0.02;0;0;-1
0;10;0.00;0.00;0;0;0
0;7;0.02;0.00;1;0;0
0;7;0.00;0.00;0;0;0
0;8;0.01;-0.02;0;0;-1
0;8;0.00;0.00;0;0;0
0;9;0.00;0.00;0;0;0
0;8;0.00;0.00;0;0;0
0;8;0.00;0.00;0;0;0
0;8;0.04;-0.02;1;0;-1
0;8;0.00;0.00;0;0;0
0;8;0.00;0.00;0;0;0
0;9;0.00;0.00;0;0;0
0;8;0.02;0.00;1;0;0
0;19;0.01;-0.02;0;0;-1
0;6;0.00;0.00;0;0;0
0;9;0.00;0.00;0;0;0
0;9;0.00;0.00;0;0;0
0;6;0.02;0.00;1;0;0
0;8;0.00;0.00;0;0;0
0;8;0.00;0.00;0;0;0
0;9;0.00;0.00;0;0;0
0;8;0.01;-0.02;0;0;-1
0;8;0.02;0.00;1;0;0
0;8;0.00;0.00;0;0;0
0;27;0.00;0.00;0;0;0
0;13;0.00;0.00;0;0;0
0;5;0.04;-0.02;1;0;-1
0;8;0.00;0.00;0;0;0
0;9;0.00;0.00;0;0;0
0;15;0.00;0.00;0;0;0
0;7;0.00;0.00;0;0;0
0;7;0.00;0.00;0;0;0
0;20;0.04;-0.02;1;0;-1
0;28;0.00;0.00;0;0;0
0;9;0.02;0.00;1;0;0
0;8;0.00;0.00;0;0;0
0;8;0.01;-0.02;0;0;-1
0;8;0.00;0.00;0;0;0
0;8;0.00;0.00;0;0;0
0;9;0.02;0.00;1;0;0
0;8;0.01;-0.02;0;0;-1
0;8;0.00;0.00;0;0;0
0;8;0.01;-0.02;0;0;-1
0;8;0.00;0.00;0;0;0
0;9;0.00;0.00;0;0;0
0;8;0.04;-0.02;1;0;-1
0;13;0.00;0.00;0;0;0
0;7;0.01;-0.02;0;0;-1
0;8;0.00;0.00;0;0;0
0;16;0.01;-0.02;0;0;-1
0;7;0.04;-0.02;1;0;-1
0;7;0.00;0.00;0;0;0
0;7;0.00;0.00;0;0;0
0;8;0.01;-0.02;0;0;-1
0;9;0.00;0.00;0;0;0
0;8;0.02;0.00;1;0;0
0;8;0.01;-0.02;0;0;-1
0;16;0.00;0.00;0;0;0
0;5;0.00;0.00;0;0;0
0;8;0.02;0.00;1;0;0
0;12;0.00;0.00;0;0;0
0;5;0.01;-0.02;0;0;-1
0;7;0.00;0.00;0;0;0
0;8;0.02;0.00;1;0;0
0;9;0.00;0.00;0;0;0
0;8;0.00;0.00;0;0;0
0;8;0.00;0.00;0;0;0
0;8;0.00;0.00;0;0;0
0;12;0.00;0.00;0;0;0
0;19;0.02;0.00;1;0;0
0;16;0.01;-0.02;0;0;-1
0;12;0.00;0.00;0;0;0
0;7;0.00;0.00;0;0;0
0;11;0.02;0.00;1;0;0
0;12;0.00;0.00;0;0;0
0;5;0.00;0.00;0;0;0
0;9;0.01;-0.02;0;0;-1
0;12;0.00;0.00;0;0;0
0;7;0.00;0.00;0;0;0
0;13;0.02;0.00;1;0;0
0;11;0.00;0.00;0;0;0
0;7;0.01;-0.02;0;0;-1
0;7;0.00;0.00;0;0;0
0;8;0.00;0.00;0;0;0
0;8;0.00;0.00;0;0;0
0;10;0.02;0.00;1;0;0
0;7;0.00;0.00;0;0;0
0;8;0.00;0.00;0;0;0
0;8;0.01;-0.02;0;0;-1
0;8;0.00;0.00;0;0;0
0;9;0.00;0.00;0;0;0
0;8;0.02;0.00;1;0;0
0;11;0.00;0.00;0;0;0
0;7;0.00;0.00;0;0;0
0;7;0.00;0.00;0;0;0
0;7;0.00;0.00;0;0;0
0;10;0.01;-0.02;0;0;-1
0;7;0.02;0.00;1;0;0
0;9;0.00;0.00;0;0;0
0;7;0.00;0.00;0;0;0
0;9;0.00;0.00;0;0;0
0;8;0.00;0.00;0;0;0
0;10;0.00;0.00;0;0;0
0;7;0.04;-0.02;1;0;-1
0;35;0.00;0.00;0;0;0
0;7;0.00;0.00;0;0;0
0;6;0.00;0.00;0;0;0
0;8;0.04;-0.02;1;0;-1
0;8;0.00;0.00;0;0;0
0;9;0.00;0.00;0;0;0
0;8;0.00;0.00;0;0;0
0;8;0.00;0.00;0;0;0
0;8;0.01;-0.02;0;0;-1
0;8;0.00;0.00;0;0;0
0;9;0.02;0.00;1;0;0
0;8;0.00;0.00;0;0;0
0;8;0.00;0.00;0;0;0
0;8;0.01;-0.02;0;0;-1
0;8;0.00;0.00;0;0;0
0;9;0.00;0.00;0;0;0
0;8;0.04;-0.02;1;0;-1
0;12;0.00;0.00;0;0;0
0;8;0.01;-0.02;0;0;-1
0;8;0.00;0.00;0;0;0
0;9;0.00;0.00;0;0;0
0;8;0.01;-0.02;0;0;-1
0;12;0.00;0.00;0;0;0
0;17;0.02;0.00;1;0;0
0;8;0.01;-0.02;0;0;-1
0;8;0.00;0.00;0;0;0
0;8;0.00;0.00;0;0;0
0;8;0.02;0.00;1;0;0
0;10;0.00;0.00;0;0;0
0;10;0.01;-0.02;0;0;-1
0;5;0.00;0.00;0;0;0
0;8;0.00;0.00;0;0;0
0;8;0.00;0.00;0;0;0
0;8;0.02;0.00;1;0;0
0;9;0.00;0.00;0;0;0
0;8;0.00;0.00;0;0;0
0;15;0.00;0.00;0;0;0
0;17;0.00;0.00;0;0;0
0;8;0.02;0.00;1;0;0
0;14;0.01;-0.02;0;0;-1
0;7;0.00;0.00;0;0;0
0;8;0.00;0.00;0;0;0
0;17;0.00;0.00;0;0;0
0;5;0.00;0.00;0;0;0
0;7;0.02;0.00;1;0;0
0;12;0.01;-0.02;0;0;-1
0;11;0.02;0.00;1;0;0
0;6;0.00;0.00;0;0;0
0;8;0.00;0.00;0;0;0
0;9;0.02;0.00;1;0;0
0;7;0.00;0.00;0;0;0
0;9;0.04;-0.02;1;0;-1
0;8;0.00;0.00;0;0;0
0;8;0.00;0.00;0;0;0
0;8;0.02;0.00;1;0;0
0;8;0.00;0.00;0;0;0
0;9;0.02;0.00;1;0;0
0;11;0.04;-0.02;1;0;-1
0;9;0.00;0.00;0;0;0
0;8;0.02;0.00;1;0;0
0;8;0.00;0.00;0;0;0
0;9;0.02;0.00;1;0;0
0;9;0.01;-0.02;0;0;-1
0;7;0.02;0.00;1;0;0
0;8;0.00;0.00;0;0;0
0;11;0.02;0.00;1;0;0
0;6;0.00;0.00;0;0;0
0;8;0.04;-0.02;1;0;-1
0;8;0.00;0.00;0;0;0
0;10;0.00;0.00;0;0;0
0;6;0.00;0.00;0;0;0
0;9;0.02;0.00;1;0;0
0;8;0.01;-0.02;0;0;-1
0;11;0.00;0.00;0;0;0
0;5;0.00;0.00;0;0;0
0;12;0.00;0.00;0;0;0
0;12;0.01;-0.02;0;0;-1
0;6;0.02;0.00;1;0;0
0;7;0.00;0.00;0;0;0
0;10;0.00;0.00;0;0;0
0;6;0.00;0.00;0;0;0
0;9;0.00;0.00;0;0;0
0;8;0.00;0.00;0;0;0
0;8;0.00;0.00;0;0;0
0;12;0.01;-0.02;0;0;-1
0;18;0.02;0.00;1;0;0
0;9;0.00;0.00;0;0;0
0;9;0.00;0.00;0;0;0
0;5;0.00;0.00;0;0;0
0;12;0.00;0.00;0;0;0
0;9;0.01;-0.02;0;0;-1
0;9;0.00;0.00;0;0;0
0;8;0.02;0.00;1;0;0
0;7;0.00;0.00;0;0;0
0;12;0.00;0.00;0;0;0
0;9;0.01;-0.02;0;0;-1
0;10;0.00;0.00;0;0;0
0;6;0.02;0.00;1;0;0
0;9;0.00;0.00;0;0;0
0;7;0.00;0.00;0;0;0
0;9;0.04;-0.02;1;0;-1
0;8;0.00;0.00;0;0;0
0;8;0.00;0.00;0;0;0
0;8;0.02;0.00;1;0;0
0;9;0.00;0.00;0;0;0
0;9;0.02;0.00;1;0;0
0;10;0.01;-0.02;0;0;-1
0;19;0.02;0.00;1;0;0
0;6;0.02;0.00;1;0;0
0;9;0.00;0.00;0;0;0
0;17;0.04;-0.02;1;0;-1
0;7;0.02;0.00;1;0;0
0;8;0.00;0.00;0;0;0
0;12;0.02;0.00;1;0;0
0;6;0.01;-0.02;0;0;-1
0;7;0.00;0.00;0;0;0
0;8;0.02;0.00;1;0;0
0;8;0.00;0.00;0;0;0
0;9;0.00;0.00;0;0;0
0;8;0.02;0.00;1;0;0
0;11;0.01;-0.02;0;0;-1
0;6;0.02;0.00;1;0;0
0;7;0.00;0.00;0;0;0
0;9;0.00;0.00;0;0;0
0;9;0.02;0.00;1;0;0
0;10;0.01;-0.02;0;0;-1
0;6;0.02;0.00;1;0;0
0;7;0.00;0.00;0;0;0
0;12;0.02;0.00;1;0;0
0;5;0.00;0.00;0;0;0
0;8;0.00;0.00;0;0;0
0;8;0.02;0.00;1;0;0
0;20;0.01;-0.02;0;0;-1
0;13;0.02;0.00;1;0;0
0;8;0.00;0.00;0;0;0
0;8;0.00;0.00;0;0;0
0;8;0.01;-0.02;0;0;-1
0;9;0.00;0.00;0;0;0
0;8;0.00;0.00;0;0;0
0;8;0.02;0.00;1;0;0
0;8;0.00;0.00;0;0;0
0;8;0.01;-0.02;0;0;-1
0;9;0.00;0.00;0;0;0
0;9;0.00;0.00;0;0;0
0;20;0.00;0.00;0;0;0
0;7;0.00;0.00;0;0;0
0;9;0.02;0.00;1;0;0
0;9;0.01;-0.02;0;0;-1
0;7;0.00;0.00;0;0;0
0;9;0.00;0.00;0;0;0
0;8;0.00;0.00;0;0;0
0;9;0.00;0.00;0;0;0
0;7;0.02;0.00;1;0;0
0;8;0.00;0.00;0;0;0
0;8;0.00;0.00;0;0;0
0;8;0.02;0.00;1;0;0
0;9;0.01;-0.02;0;0;-1
0;8;0.00;0.00;0;0;0
0;8;0.02;0.00;1;0;0
0;8;0.00;0.00;0;0;0
0;8;0.02;0.00;1;0;0
0;9;0.00;0.00;0;0;0
0;9;0.02;0.00;1;0;0
0;7;0.00;0.00;0;0;0
0;8;0.02;0.00;1;0;0
0;8;0.01;-0.02;0;0;-1
0;8;0.02;0.00;1;0;0
0;9;0.00;0.00;0;0;0
0;8;0.02;0.00;1;0;0
0;8;0.04;-0.02;1;0;-1
0;8;0.00;0.00;0;0;0
0;8;0.02;0.00;1;0;0
0;9;0.00;0.00;0;0;0
0;8;0.02;0.00;1;0;0
0;8;0.01;-0.02;0;0;-1
0;8;0.02;0.00;1;0;0
0;8;0.00;0.00;0;0;0
0;9;0.02;0.00;1;0;0
0;8;0.02;0.00;1;0;0
0;8;0.01;-0.02;0;0;-1
0;8;0.02;0.00;1;0;0
0;8;0.00;0.00;0;0;0
0;10;0.00;0.00;0;0;0
0;7;0.00;0.00;0;0;0
0;9;0.02;0.00;1;0;0
0;8;0.01;-0.02;0;0;-1
0;11;0.00;0.00;0;0;0
0;9;0.00;0.00;0;0;0
0;8;0.02;0.00;1;0;0
0;10;0.00;0.00;0;0;0
0;6;0.01;-0.02;0;0;-1
0;10;0.00;0.00;0;0;0
0;7;0.00;0.00;0;0;0
0;8;0.00;0.00;0;0;0
0;8;0.00;0.00;0;0;0
0;15;0.02;0.00;1;0;0
0;5;0.00;0.00;0;0;0
0;13;0.01;-0.02;0;0;-1
0;8;0.00;0.00;0;0;0
0;8;0.00;0.00;0;0;0
0;8;0.00;0.00;0;0;0
0;11;0.00;0.00;0;0;0
0;6;0.00;0.00;0;0;0
0;8;0.02;0.00;1;0;0
0;8;0.00;0.00;0;0;0
0;11;0.01;-0.02;0;0;-1
0;5;0.00;0.00;0;0;0
0;10;0.00;0.00;0;0;0
0;8;0.00;0.00;0;0;0
0;12;0.02;0.00;1;0;0
0;7;0.00;0.00;0;0;0
0;8;0.00;0.00;0;0;0
0;9;0.01;-0.02;0;0;-1
0;9;0.00;0.00;0;0;0
0;7;0.00;0.00;0;0;0
0;8;0.02;0.00;1;0;0
0;8;0.00;0.00;0;0;0
0;11;0.00;0.00;0;0;0
0;8;0.00;0.00;0;0;0
0;6;0.01;-0.02;0;0;-1
0;8;0.00;0.00;0;0;0
0;10;0.00;0.00;0;0;0
0;9;0.00;0.00;0;0;0
0;7;0.02;0.00;1;0;0
0;16;0.01;-0.02;0;0;-1
0;7;0.02;0.00;1;0;0
0;9;0.00;0.00;0;0;0
0;12;0.00;0.00;0;0;0
0;8;0.02;0.00;1;0;0
0;8;0.00;0.00;0;0;0
0;8;0.02;0.00;1;0;0
0;14;0.04;-0.02;1;0;-1
0;8;0.00;0.00;0;0;0
0;8;0.02;0.00;1;0;0
0;9;0.00;0.00;0;0;0
0;11;0.02;0.00;1;0;0
0;9;0.04;-0.02;1;0;-1
0;7;0.00;0.00;0;0;0
0;9;0.02;0.00;1;0;0
0;9;0.02;0.00;1;0;0
0;16;0.02;0.00;1;0;0
0;9;0.01;-0.02;0;0;-1
0;10;0.02;0.00;1;0;0
0;8;0.02;0.00;1;0;0
0;10;0.00;0.00;0;0;0
0;15;0.04;-0.02;1;0;-1
0;12;0.00;0.00;0;0;0
0;8;0.02;0.00;1;0;0
0;18;0.00;0.00;0;0;0
0;7;0.00;0.00;0;0;0
0;8;0.00;0.00;0;0;0
0;9;0.00;0.00;0;0;0
0;8;0.01;0.02;0;-1;0
0;8;0.02;0.00;1;0;0
0;8;0.00;0.00;0;0;0
0;8;0.00;0.00;0;0;0
0;9;0.00;0.00;0;0;0
0;10;0.00;0.00;0;0;0
0;6;0.00;0.00;0;0;0
0;11;0.01;0.02;0;-1;0
0;5;0.00;0.00;0;0;0
0;8;0.00;0.00;0;0;0
0;9;0.00;0.00;0;0;0
0;10;0.00;0.00;0;0;0
0;6;0.00;0.00;0;0;0
0;8;0.02;0.00;1;0;0
0;8;0.00;0.00;0;0;0
0;13;0.00;0.00;0;0;0
0;8;0.01;0.02;0;-1;0
0;8;0.00;0.00;0;0;0
0;15;0.02;0.00;1;0;0
0;5;0.00;0.00;0;0;0
0;9;0.00;0.00;0;0;0
0;8;0.00;0.00;0;0;0
0;9;0.00;0.00;0;0;0
0;7;0.01;0.02;0;-1;0
0;8;0.00;0.00;0;0;0
0;23;0.02;0.00;1;0;0
0;6;0.00;0.00;0;0;0
0;8;0.00;0.00;0;0;0
0;8;0.00;0.00;0;0;0
0;9;0.01;0.02;0;-1;0
0;11;0.00;0.00;0;0;0
0;5;0.02;0.00;1;0;0
0;8;0.00;0.00;0;0;0
0;8;0.00;0.00;0;0;0
0;9;0.02;0.00;1;0;0
0;8;0.00;0.00;0;0;0
0;8;0.01;0.02;0;-1;0
0;8;0.02;0.00;1;0;0
0;8;0.00;0.00;0;0;0
0;9;0.00;0.00;0;0;0
0;8;0.02;0.00;1;0;0
0;8;0.00;0.00;0;0;0
0;9;0.02;0.00;1;0;0
0;7;0.00;0.00;0;0;0
0;9;0.02;0.00;1;0;0
0;9;0.01;0.02;0;-1;0
0;7;0.02;0.00;1;0;0
0;8;0.00;0.00;0;0;0
0;8;0.02;0.00;1;0;0
0;10;0.00;0.00;0;0;0
0;7;0.02;0.00;1;0;0
0;8;0.01;0.02;0;-1;0
0;8;0.00;0.00;0;0;0
0;9;0.02;0.00;1;0;0
0;10;0.00;0.00;0;0;0
0;6;0.02;0.00;1;0;0
0;8;0.00;0.00;0;0;0
0;8;0.00;0.00;0;0;0
0;9;0.01;0.02;0;-1;0
0;7;0.02;0.00;1;0;0
0;9;0.00;0.00;0;0;0
0;8;0.00;0.00;0;0;0
0;8;0.00;0.00;0;0;0
0;11;0.00;0.00;0;0;0
0;5;0.00;0.00;0;0;0
0;12;0.01;0.02;0;-1;0
0;6;0.00;0.00;0;0;0
0;8;0.00;0.00;0;0;0
0;7;0.04;-0.02;1;0;-1
0;16;0.00;0.00;0;0;0
0;6;0.00;0.00;0;0;0
0;11;0.01;0.02;0;-1;0
0;12;0.00;0.00;0;0;0
0;8;0.00;0.00;0;0;0
0;10;0.00;0.00;0;0;0
0;7;0.02;0.00;1;0;0
0;8;0.00;0.00;0;0;0
0;10;0.00;0.00;0;0;0
0;7;0.01;0.02;0;-1;0
0;8;0.00;0.00;0;0;0
0;11;0.00;0.00;0;0;0
0;10;0.02;0.00;1;0;0
0;7;0.00;0.00;0;0;0
0;8;0.00;0.00;0;0;0
0;13;0.04;0.02;1;-1;0
0;9;0.00;0.00;0;0;0
0;7;0.00;0.00;0;0;0
0;9;0.02;0.00;1;0;0
0;12;0.00;0.00;0;0;0
0;8;0.02;0.00;1;0;0
0;9;0.01;0.02;0;-1;0
0;11;0.02;0.00;1;0;0
0;14;0.02;0.00;1;0;0
0;7;0.00;0.00;0;0;0
0;13;0.02;0.00;1;0;0
0;10;0.04;0.02;1;-1;0
0;5;0.00;0.00;0;0;0
0;9;0.00;0.00;0;0;0
0;12;0.00;0.00;0;0;0
0;8;0.02;0.00;1;0;0
0;8;0.00;0.00;0;0;0
0;14;0.04;0.02;1;-1;0
0;8;0.00;0.00;0;0;0
0;7;0.02;0.00;1;0;0
0;13;0.00;0.00;0;0;0
0;6;0.02;0.00;1;0;0
0;11;0.00;0.00;0;0;0
0;5;0.02;0.00;1;0;0
0;13;0.01;0.02;0;-1;0
0;7;0.02;0.00;1;0;0
0;8;0.00;0.00;0;0;0
0;13;0.00;0.00;0;0;0
0;8;0.02;0.00;1;0;0
0;11;0.01;0.02;0;-1;0
0;5;0.00;0.00;0;0;0
0;10;0.00;0.00;0;0;0
0;7;0.02;0.00;1;0;0
0;11;0.00;0.00;0;0;0
0;5;0.00;0.00;0;0;0
0;11;0.00;0.00;0;0;0
0;9;0.01;0.02;0;-1;0
0;6;0.00;0.00;0;0;0
0;7;0.00;0.00;0;0;0
0;10;0.02;0.00;1;0;0
0;11;0.00;0.00;0;0;0
0;8;0.00;0.00;0;0;0
0;8;0.00;0.00;0;0;0
0;8;0.01;0.02;0;-1;0
0;9;0.00;0.00;0;0;0
0;12;0.00;0.00;0;0;0
0;8;0.00;0.00;0;0;0
0;11;0.02;0.00;1;0;0
0;11;0.01;0.02;0;-1;0
0;6;0.00;0.00;0;0;0
0;8;0.00;0.00;0;0;0
0;9;0.00;0.00;0;0;0
0;9;0.00;0.00;0;0;0
0;20;0.02;0.00;1;0;0
0;8;0.00;0.00;0;0;0
0;9;0.01;0.02;0;-1;0
0;7;0.00;0.00;0;0;0
0;8;0.00;0.00;0;0;0
0;8;0.00;0.00;0;0;0
0;8;0.00;0.00;0;0;0
0;9;0.02;0.00;1;0;0
0;8;0.00;0.00;0;0;0
0;8;0.01;0.02;0;-1;0
0;8;0.02;0.00;1;0;0
0;8;0.00;0.00;0;0;0
0;13;0.02;0.00;1;0;0
0;8;0.00;0.00;0;0;0
0;8;0.02;0.00;1;0;0
0;8;0.00;0.00;0;0;0
0;8;0.02;0.00;1;0;0
0;9;0.00;0.00;0;0;0
0;8;0.04;0.02;1;-1;0
0;8;0.00;0.00;0;0;0
0;8;0.02;0.00;1;0;0
0;8;0.02;0.00;1;0;0
0;9;0.00;0.00;0;0;0
0;8;0.02;0.00;1;0;0
0;8;0.00;0.00;0;0;0
0;8;0.04;0.02;1;-1;0
0;8;0.02;0.00;1;0;0
0;9;0.00;0.00;0;0;0
0;8;0.02;0.00;1;0;0
0;8;0.02;0.00;1;0;0
0;8;0.01;0.02;0;-1;0
0;8;0.02;0.00;1;0;0
0;10;0.02;0.00;1;0;0
0;13;0.02;0.00;1;0;0
0;7;0.00;0.00;0;0;0
0;7;0.04;0.02;1;-1;0
0;8;0.00;0.00;0;0;0
0;10;0.00;0.00;0;0;0
0;7;0.02;0.00;1;0;0
0;8;0.00;0.00;0;0;0
0;13;0.00;0.00;0;0;0
0;11;0.02;0.00;1;0;0
0;5;0.01;0.02;0;-1;0
0;10;0.00;0.00;0;0;0
0;6;0.00;0.00;0;0;0
0;17;0.00;0.00;0;0;0
0;12;0.00;0.00;0;0;0
0;8;0.00;0.00;0;0;0
0;8;0.01;0.02;0;-1;0
0;8;0.00;0.00;0;0;0
0;17;0.00;0.00;0;0;0
0;8;0.00;0.00;0;0;0
0;7;0.00;0.00;0;0;0
0;11;0.02;0.00;1;0;0
0;6;0.00;0.00;0;0;0
0;9;0.00;0.00;0;0;0
0;8;0.00;0.00;0;0;0
0;8;0.01;0.02;0;-1;0
0;8;0.00;0.00;0;0;0
0;8;0.02;0.00;1;0;0
0;9;0.00;0.00;0;0;0
0;11;0.00;0.00;0;0;0
0;10;0.00;0.00;0;0;0
0;7;0.00;0.00;0;0;0
0;16;0.04;0.02;1;-1;0
0;5;0.00;0.00;0;0;0
0;8;0.00;0.00;0;0;0
0;8;0.00;0.00;0;0;0
0;8;0.00;0.00;0;0;0
0;9;0.00;0.00;0;0;0
0;8;0.00;0.00;0;0;0
0;8;0.02;0.00;1;0;0
0;7;0.01;0.02;0;-1;0
0;10;0.00;0.00;0;0;0
0;10;0.00;0.00;0;0;0
0;5;0.00;0.00;0;0;0
0;8;0.00;0.00;0;0;0
0;10;0.02;0.00;1;0;0
0;9;0.00;0.00;0;0;0
0;7;0.00;0.00;0;0;0
0;10;0.01;0.02;0;-1;0
0;7;0.00;0.00;0;0;0
0;6;0.00;0.00;0;0;0
0;8;0.02;0.00;1;0;0
0;8;0.00;0.00;0;0;0
0;12;0.00;0.00;0;0;0
0;5;0.00;0.00;0;0;0
0;8;0.00;0.00;0;0;0
0;9;0.01;0.02;0;-1;0
0;9;0.02;0.00;1;0;0
0;13;0.00;0.00;0;0;0
0;6;0.00;0.00;0;0;0
0;9;0.00;0.00;0;0;0
0;7;0.00;0.00;0;0;0
0;13;0.01;0.02;0;-1;0
0;8;0.00;0.00;0;0;0
0;12;0.02;0.00;1;0;0
0;8;0.00;0.00;0;0;0
0;8;0.00;0.00;0;0;0
0;14;0.02;0.00;1;0;0
0;7;0.00;0.00;0;0;0
0;8;0.01;0.02;0;-1;0
0;17;0.02;0.00;1;0;0
0;8;0.00;0.00;0;0;0
0;8;0.02;0.00;1;0;0
0;11;0.00;0.00;0;0;0
0;5;0.00;0.00;0;0;0
0;8;0.00;0.00;0;0;0
0;9;0.02;0.00;1;0;0
0;9;0.00;0.00;0;0;0
0;9;0.01;0.02;0;-1;0
0;13;0.02;0.00;1;0;0
0;9;0.00;0.00;0;0;0
0;8;0.00;0.00;0;0;0
0;9;0.01;0.02;0;-1;0
0;16;0.00;0.00;0;0;0
0;17;0.02;0.00;1;0;0
0;10;0.00;0.00;0;0;0
0;6;0.01;0.02;0;-1;0
0;8;0.00;0.00;0;0;0
0;12;0.00;0.00;0;0;0
0;9;0.00;0.00;0;0;0
0;7;0.00;0.00;0;0;0
0;9;0.04;0.02;1;-1;0
0;11;0.00;0.00;0;0;0
0;7;0.00;0.00;0;0;0
0;7;0.00;0.00;0;0;0
0;8;0.00;0.00;0;0;0
0;7;0.00;0.00;0;0;0
0;8;0.02;0.00;1;0;0
0;8;0.01;0.02;0;-1;0
0;9;0.00;0.00;0;0;0
0;8;0.00;0.00;0;0;0
0;9;0.00;0.00;0;0;0
0;10;0.00;0.00;0;0;0
0;7;0.02;0.00;1;0;0
0;8;0.00;0.00;0;0;0
0;8;0.01;0.02;0;-1;0
0;8;0.00;0.00;0;0;0
0;13;0.00;0.00;0;0;0
0;9;0.02;0.00;1;0;0
0;7;0.00;0.00;0;0;0
0;9;0.00;0.00;0;0;0
0;7;0.00;0.00;0;0;0
0;8;0.01;0.02;0;-1;0
0;7;0.00;0.00;0;0;0
0;14;0.02;0.00;1;0;0
0;9;0.00;0.00;0;0;0
0;7;0.00;0.00;0;0;0
0;8;0.01;0.02;0;-1;0
0;10;0.00;0.00;0;0;0
0;7;0.00;0.00;0;0;0
0;8;0.00;0.00;0;0;0
0;8;0.02;0.00;1;0;0
0;8;0.00;0.00;0;0;0
0;7;0.00;0.00;0;0;0
0;9;0.01;0.02;0;-1;0
0;9;0.00;0.00;0;0;0
0;8;0.00;0.00;0;0;0
0;7;0.00;0.00;0;0;0
0;9;0.02;0.00;1;0;0
0;9;0.00;0.00;0;0;0
0;8;0.01;0.02;0;-1;0
0;8;0.00;0.00;0;0;0
0;8;0.00;0.00;0;0;0
0;7;0.00;0.00;0;0;0
0;10;0.02;0.00;1;0;0
0;8;0.00;0.00;0;0;0
0;8;0.01;0.02;0;-1;0
0;8;0.00;0.00;0;0;0
0;7;0.00;0.00;0;0;0
0;10;0.00;0.00;0;0;0
0;8;0.00;0.00;0;0;0
0;8;0.02;0.00;1;0;0
0;8;0.01;0.02;0;-1;0
0;8;0.00;0.00;0;0;0
0;9;0.00;0.00;0;0;0
0;8;0.00;0.00;0;0;0
0;7;0.00;0.00;0;0;0
0;8;0.02;0.00;1;0;0
0;11;0.01;0.02;0;-1;0
0;6;0.00;0.00;0;0;0
0;9;0.00;0.00;0;0;0
0;7;0.00;0.00;0;0;0
0;8;0.00;0.00;0;0;0
0;8;0.01;0.02;0;-1;0
0;8;0.02;0.00;1;0;0
0;14;0.00;0.00;0;0;0
0;8;0.00;0.00;0;0;0
0;8;0.00;0.00;0;0;0
0;12;0.01;0.02;0;-1;0
0;19;0.02;0.00;1;0;0
0;14;0.00;0.00;0;0;0
0;8;0.00;0.00;0;0;0
0;9;0.01;0.02;0;-1;0
0;13;0.00;0.00;0;0;0
0;8;0.02;0.00;1;0;0
0;9;0.00;0.00;0;0;0
0;6;0.00;0.00;0;0;0
0;10;0.00;0.00;0;0;0
0;7;0.01;0.02;0;-1;0
0;8;0.00;0.00;0;0;0
0;8;0.00;0.00;0;0;0
0;11;0.02;0.00;1;0;0
0;6;0.00;0.00;0;0;0
0;8;0.00;0.00;0;0;0
0;7;0.01;0.02;0;-1;0
0;11;0.00;0.00;0;0;0
0;6;0.00;0.00;0;0;0
0;7;0.00;0.00;0;0;0
0;14;0.02;0.00;1;0;0
0;8;0.01;0.02;0;-1;0
0;17;0.00;0.00;0;0;0
0;8;0.00;0.00;0;0;0
0;8;0.00;0.00;0;0;0
0;11;0.00;0.00;0;0;0
0;6;0.01;0.02;0;-1;0
0;7;0.02;0.00;1;0;0
0;9;0.00;0.00;0;0;0
0;8;0.00;0.00;0;0;0
0;8;0.00;0.00;0;0;0
0;7;0.00;0.00;0;0;0
0;8;0.01;0.02;0;-1;0
0;9;0.00;0.00;0;0;0
0;12;0.02;0.00;1;0;0
0;5;0.00;0.00;0;0;0
0;11;0.00;0.00;0;0;0
0;11;0.00;0.00;0;0;0
0;7;0.01;0.02;0;-1;0
0;7;0.00;0.00;0;0;0
0;9;0.00;0.00;0;0;0
0;7;0.02;0.00;1;0;0
0;9;0.00;0.00;0;0;0
0;7;0.00;0.00;0;0;0
0;17;0.01;0.02;0;-1;0
0;5;0.00;0.00;0;0;0
0;9;0.00;0.00;0;0;0
0;10;0.00;0.00;0;0;0
0;6;0.02;0.00;1;0;0
0;8;0.00;0.00;0;0;0
0;8;0.01;0.02;0;-1;0
0;15;0.00;0.00;0;0;0
0;5;0.00;0.00;0;0;0
0;9;0.00;0.00;0;0;0
0;7;0.00;0.00;0;0;0
0;10;0.01;0.02;0;-1;0
0;7;0.00;0.00;0;0;0
0;9;0.02;0.00;1;0;0
0;8;0.00;0.00;0;0;0
0;8;0.00;0.00;0;0;0
0;7;0.00;0.00;0;0;0
0;10;0.00;0.00;0;0;0
0;7;0.01;0.02;0;-1;0
0;10;0.00;0.00;0;0;0
0;8;0.02;0.00;1;0;0
0;7;0.00;0.00;0;0;0
0;7;0.00;0.00;0;0;0
0;7;0.00;0.00;0;0;0
0;8;0.01;0.02;0;-1;0
0;10;0.00;0.00;0;0;0
0;11;0.00;0.00;0;0;0
0;7;0.00;0.00;0;0;0
0;8;0.02;0.00;1;0;0
0;6;0.00;0.00;0;0;0
0;10;0.01;0.02;0;-1;0
0;7;0.00;0.00;0;0;0
0;12;0.00;0.00;0;0;0
0;9;0.00;0.00;0;0;0
0;8;0.00;0.00;0;0;0
0;14;0.02;0.00;1;0;0
0;6;0.01;0.02;0;-1;0
0;14;0.00;0.00;0;0;0
0;10;0.00;0.00;0;0;0
0;5;0.00;0.00;0;0;0
0;8;0.00;0.00;0;0;0
0;8;0.00;0.00;0;0;0
0;8;0.01;0.02;0;-1;0
0;8;0.00;0.00;0;0;0
0;10;0.00;0.00;0;0;0
0;7;0.02;0.00;1;0;0
0;8;0.00;0.00;0;0;0
0;8;0.00;0.00;0;0;0
0;7;0.00;0.00;0;0;0
0;10;0.01;0.02;0;-1;0
0;13;0.00;0.00;0;0;0
0;8;0.00;0.00;0;0;0
0;7;0.00;0.00;0;0;0
0;8;0.02;0.00;1;0;0
0;9;0.01;0.02;0;-1;0
0;8;0.00;0.00;0;0;0
0;7;0.00;0.00;0;0;0
0;8;0.00;0.00;0;0;0
0;8;0.00;0.00;0;0;0
0;9;0.00;0.00;0;0;0
0;8;0.00;0.00;0;0;0
0;8;0.04;0.02;1;-1;0
0;8;0.00;0.00;0;0;0
0;8;0.00;0.00;0;0;0
0;10;0.00;0.00;0;0;0
0;8;0.00;0.00;0;0;0
0;8;0.00;0.00;0;0;0
0;8;0.00;0.00;0;0;0
0;8;0.04;0.02;1;-1;0
0;8;0.00;0.00;0;0;0
0;8;0.00;0.00;0;0;0
0;8;0.00;0.00;0;0;0
0;9;0.00;0.00;0;0;0
0;7;0.00;0.00;0;0;0
0;8;0.00;0.00;0;0;0
0;9;0.04;0.02;1;-1;0
0;9;0.00;0.00;0;0;0
0;8;0.00;0.00;0;0;0
0;9;0.00;0.00;0;0;0
0;11;0.00;0.00;0;0;0
0;5;0.00;0.00;0;0;0
0;10;0.01;0.02;0;-1;0
0;12;0.00;0.00;0;0;0
0;6;0.00;0.00;0;0;0
0;12;0.02;0.00;1;0;0
0;5;0.00;0.00;0;0;0
0;8;0.00;0.00;0;0;0
0;8;0.01;0.02;0;-1;0
0;7;0.00;0.00;0;0;0
0;9;0.00;0.00;0;0;0
0;14;0.02;0.00;1;0;0
0;7;0.00;0.00;0;0;0
0;7;0.00;0.00;0;0;0
0;8;0.00;0.00;0;0;0
0;10;0.01;0.02;0;-1;0
0;8;0.00;0.00;0;0;0
0;8;0.02;0.00;1;0;0
0;7;0.00;0.00;0;0;0
0;8;0.00;0.00;0;0;0
0;8;0.00;0.00;0;0;0
0;12;0.01;0.02;0;-1;0
0;11;0.02;0.00;1;0;0
0;7;0.00;0.00;0;0;0
0;8;0.00;0.00;0;0;0
0;9;0.00;0.00;0;0;0
0;14;0.00;0.00;0;0;0
0;6;0.01;0.02;0;-1;0
0;8;0.00;0.00;0;0;0
0;11;0.00;0.00;0;0;0
0;8;0.00;0.00;0;0;0
0;6;0.00;0.00;0;0;0
0;8;0.02;0.00;1;0;0
0;7;0.00;0.00;0;0;0
0;8;0.01;0.02;0;-1;0
0;9;0.00;0.00;0;0;0
0;9;0.00;0.00;0;0;0
0;9;0.00;0.00;0;0;0
0;10;0.00;0.00;0;0;0
0;8;0.02;0.00;1;0;0
0;6;0.00;0.00;0;0;0
0;7;0.01;0.02;0;-1;0
0;12;0.00;0.00;0;0;0
0;8;0.00;0.00;0;0;0
0;8;0.00;0.00;0;0;0
0;9;0.02;0.00;1;0;0
0;12;0.00;0.00;0;0;0
0;5;0.01;0.02;0;-1;0
0;8;0.00;0.00;0;0;0
0;8;0.00;0.00;0;0;0
0;13;0.02;0.00;1;0;0
0;13;0.00;0.00;0;0;0
0;16;0.01;0.02;0;-1;0
0;7;0.00;0.00;0;0;0
0;9;0.00;0.00;0;0;0
0;7;0.02;0.00;1;0;0
0;12;0.00;0.00;0;0;0
0;5;0.00;0.00;0;0;0
0;7;0.00;0.00;0;0;0
0;9;0.01;0.02;0;-1;0
0;11;0.00;0.00;0;0;0
0;14;0.02;0.00;1;0;0
0;8;0.00;0.00;0;0;0
0;11;0.00;0.00;0;0;0
0;6;0.01;0.02;0;-1;0
0;8;0.00;0.00;0;0;0
0;8;0.00;0.00;0;0;0
0;8;0.02;0.00;1;0;0
0;8;0.00;0.00;0;0;0
0;8;0.00;0.00;0;0;0
0;8;0.00;0.00;0;0;0
0;9;0.01;0.02;0;-1;0
0;7;0.02;0.00;1;0;0
0;10;0.00;0.00;0;0;0
0;9;0.00;0.00;0;0;0
0;8;0.00;0.00;0;0;0
0;7;0.00;0.00;0;0;0
0;7;0.02;0.00;1;0;0
0;8;0.01;0.02;0;-1;0
0;10;0.00;0.00;0;0;0
0;8;0.00;0.00;0;0;0
0;8;0.00;0.00;0;0;0
0;7;0.00;0.00;0;0;0
0;8;0.00;0.00;0;0;0
0;9;0.00;0.00;0;0;0
0;8;0.04;0.02;1;-1;0
0;8;0.00;0.00;0;0;0
0;11;0.00;0.00;0;0;0
0;6;0.00;0.00;0;0;0
0;8;0.00;0.00;0;0;0
0;8;0.00;0.00;0;0;0
0;8;0.00;0.00;0;0;0
0;8;0.04;0.02;1;-1;0
0;8;0.00;0.00;0;0;0
0;9;0.00;0.00;0;0;0
0;8;0.00;0.00;0;0;0
0;8;0.00;0.00;0;0;0
0;8;0.02;0.00;1;0;0
0;8;0.01;0.02;0;-1;0
0;10;0.00;0.00;0;0;0
0;11;0.00;0.00;0;0;0
0;8;0.00;0.00;0;0;0
0;8;0.00;0.00;0;0;0
0;9;0.02;0.00;1;0;0
0;11;0.00;0.00;0;0;0
0;8;0.01;0.02;0;-1;0
0;6;0.00;0.00;0;0;0
0;9;0.00;0.00;0;0;0
0;7;0.00;0.00;0;0;0
0;9;0.00;0.00;0;0;0
0;8;0.02;0.00;1;0;0
0;8;0.00;0.00;0;0;0
0;8;0.01;0.02;0;-1;0
0;7;0.00;0.00;0;0;0
0;8;0.00;0.00;0;0;0
0;9;0.00;0.00;0;0;0
0;8;0.00;0.00;0;0;0
0;8;0.02;0.00;1;0;0
0;8;0.00;0.00;0;0;0
0;8;0.01;0.02;0;-1;0
0;10;0.00;0.00;0;0;0
0;7;0.00;0.00;0;0;0
0;8;0.00;0.00;0;0;0
0;8;0.02;0.00;1;0;0
0;8;0.00;0.00;0;0;0
0;9;0.00;0.00;0;0;0
0;12;0.01;0.02;0;-1;0
0;9;0.00;0.00;0;0;0
0;7;0.02;0.00;1;0;0
0;8;0.00;0.00;0;0;0
0;9;0.00;0.00;0;0;0
0;10;0.00;0.00;0;0;0
0;7;0.00;0.00;0;0;0
0;8;0.01;0.02;0;-1;0
0;8;0.02;0.00;1;0;0
0;9;0.00;0.00;0;0;0
0;8;0.00;0.00;0;0;0
0;7;0.01;0.02;0;-1;0
0;8;0.00;0.00;0;0;0
0;9;0.01;0.02;0;-1;0
0;9;0.02;0.00;1;0;0
0;8;0.00;0.00;0;0;0
0;8;0.01;0.02;0;-1;0
0;7;0.00;0.00;0;0;0
0;8;0.01;0.02;0;-1;0
0;9;0.00;0.00;0;0;0
0;8;0.00;0.00;0;0;0
0;8;0.04;0.02;1;-1;0
0;8;0.00;0.00;0;0;0
0;8;0.01;0.02;0;-1;0
0;8;0.00;0.00;0;0;0
0;9;0.02;0.00;1;0;0
0;17;0.01;0.02;0;-1;0
0;8;0.01;0.02;0;-1;0
0;14;0.02;0.00;1;0;0
0;7;0.01;0.02;0;-1;0
0;7;0.00;0.00;0;0;0
0;8;0.01;0.02;0;-1;0
0;18;0.01;0.02;0;-1;0
0;8;0.02;0.00;1;0;0
0;7;0.01;0.02;0;-1;0
0;15;0.00;0.00;0;0;0
0;6;0.01;0.02;0;-1;0
0;9;0.00;0.00;0;0;0
0;8;0.04;0.02;1;-1;0
0;7;0.00;0.00;0;0;0
0;8;0.01;0.02;0;-1;0
0;8;0.00;0.00;0;0;0
0;9;0.00;0.00;0;0;0
0;8;0.00;0.00;0;0;0
0;8;0.04;0.02;1;-1;0
0;8;0.00;0.00;0;0;0
0;8;0.00;0.00;0;0;0
0;9;0.00;0.00;0;0;0
0;9;0.00;0.00;0;0;0
0;11;0.02;0.00;1;0;0
0;5;0.01;0.02;0;-1;0
0;8;0.00;0.00;0;0;0
0;7;0.00;0.00;0;0;0
0;9;0.00;0.00;0;0;0
0;8;0.00;0.00;0;0;0
0;8;0.02;0.00;1;0;0
0;11;0.00;0.00;0;0;0
0;11;0.00;0.00;0;0;0
0;7;0.01;0.02;0;-1;0
0;12;0.00;0.00;0;0;0
0;5;0.00;0.00;0;0;0
0;7;0.01;0.02;0;-1;0
0;8;0.00;0.00;0;0;0
0;9;0.01;0.02;0;-1;0
0;9;0.02;0.00;1;0;0
0;7;0.00;0.00;0;0;0
0;8;0.01;0.02;0;-1;0
0;16;0.01;0.02;0;-1;0
0;10;0.00;0.00;0;0;0
0;7;0.01;0.02;0;-1;0
0;14;0.04;0.02;1;-1;0
0;11;0.00;0.00;0;0;0
0;5;0.01;0.02;0;-1;0
0;20;0.01;0.02;0;-1;0
0;9;0.04;0.02;1;-1;0
0;8;0.00;0.00;0;0;0
0;21;0.02;0.04;0;-2;0
0;8;0.02;0.00;1;0;0
0;17;0.01;0.02;0;-1;0
0;7;0.00;0.00;0;0;0
0;7;0.00;0.00;0;0;0
0;18;0.04;0.02;1;-1;0
0;8;0.00;0.00;0;0;0
0;8;0.00;0.00;0;0;0
0;8;0.00;0.00;0;0;0
0;7;0.01;0.02;0;-1;0
0;8;0.02;0.00;1;0;0
0;8;0.00;0.00;0;0;0
0;9;0.00;0.00;0;0;0
0;10;0.00;0.00;0;0;0
0;7;0.00;0.00;0;0;0
0;7;0.00;0.00;0;0;0
0;8;0.00;0.00;0;0;0
0;9;0.01;0.02;0;-1;0
0;9;0.00;0.00;0;0;0
0;8;0.00;0.00;0;0;0
0;7;0.00;0.00;0;0;0
0;8;0.00;0.00;0;0;0
0;10;0.00;0.00;0;0;0
0;8;0.00;0.00;0;0;0
0;8;0.01;0.02;0;-1;0
0;7;0.00;0.00;0;0;0
0;8;0.00;0.00;0;0;0
0;10;0.00;0.00;0;0;0
0;7;0.00;0.00;0;0;0
0;8;0.00;0.00;0;0;0
0;8;0.00;0.00;0;0;0
0;8;0.00;0.00;0;0;0
0;9;0.01;0.02;0;-1;0
0;19;0.00;0.00;0;0;0
0;6;0.02;0.00;1;0;0
0;7;0.00;0.00;0;0;0
0;11;0.01;0.02;0;-1;0
0;7;0.00;0.00;0;0;0
0;8;0.00;0.00;0;0;0
0;7;0.00;0.00;0;0;0
0;16;0.02;0.00;1;0;0
0;10;0.00;0.00;0;0;0
0;8;0.01;0.02;0;-1;0
0;20;0.00;0.00;0;0;0
0;7;0.00;0.00;0;0;0
0;9;0.00;0.00;0;0;0
0;8;0.02;0.00;1;0;0
0;8;0.01;0.02;0;-1;0
0;8;0.00;0.00;0;0;0
0;8;0.00;0.00;0;0;0
0;14;0.00;0.00;0;0;0
0;7;0.00;0.00;0;0;0
0;8;0.01;0.02;0;-1;0
0;13;0.02;0.00;1;0;0
0;12;0.00;0.00;0;0;0
0;9;0.00;0.00;0;0;0
0;11;0.00;0.00;0;0;0
0;4;0.00;0.00;0;0;0
0;9;0.04;0.02;1;-1;0
0;8;0.00;0.00;0;0;0
0;8;0.00;0.00;0;0;0
0;8;0.00;0.00;0;0;0
0;10;0.00;0.00;0;0;0
0;12;0.01;0.02;0;-1;0
0;11;0.02;0.00;1;0;0
0;8;0.00;0.00;0;0;0
0;8;0.00;0.00;0;0;0
0;11;0.00;0.00;0;0;0
0;6;0.00;0.00;0;0;0
0;8;0.01;0.02;0;-1;0
0;8;0.00;0.00;0;0;0
0;8;0.00;0.00;0;0;0
0;11;0.00;0.00;0;0;0
0;12;0.00;0.00;0;0;0
0;7;0.00;0.00;0;0;0
0;7;0.00;0.04;0;-1;1
0;9;0.00;0.00;0;0;0
0;8;0.00;0.00;0;0;0
0;8;0.00;0.00;0;0;0
0;8;0.00;0.00;0;0;0
0;8;0.00;0.00;0;0;0
0;8;0.00;0.00;0;0;0
0;8;0.00;0.04;0;-1;1
0;9;0.00;0.00;0;0;0
0;8;0.00;0.00;0;0;0
0;8;0.01;0.02;0;-1;0
0;8;0.00;0.00;0;0;0
0;8;0.01;0.02;0;-1;0
0;13;0.00;0.00;0;0;0
0;8;0.00;0.04;0;-1;1
0;8;0.00;0.00;0;0;0
0;9;0.01;0.02;0;-1;0
0;7;0.00;0.00;0;0;0
0;14;0.01;0.02;0;-1;0
0;8;0.01;0.02;0;-1;0
0;10;0.01;0.02;0;-1;0
0;6;0.00;0.00;0;0;0
0;7;-0.01;0.02;0;0;1
0;12;0.01;0.02;0;-1;0
0;6;0.00;0.00;0;0;0
0;8;0.00;0.00;0;0;0
0;7;0.00;0.00;0;0;0
0;15;0.01;0.02;0;-1;0
0;7;-0.01;0.02;0;0;1
0;13;0.00;0.00;0;0;0
0;7;0.00;0.00;0;0;0
0;7;0.00;0.00;0;0;0
0;9;0.01;0.02;0;-1;0
0;8;0.00;0.00;0;0;0
0;8;0.00;0.00;0;0;0
0;8;0.00;0.00;0;0;0
0;19;0.00;0.00;0;0;0
0;7;0.00;0.00;0;0;0
0;8;0.01;0.02;0;-1;0
0;8;0.00;0.00;0;0;0
0;7;0.00;0.00;0;0;0
0;8;0.00;0.00;0;0;0
0;15;0.00;0.00;0;0;0
0;8;0.01;0.02;0;-1;0
0;7;0.00;0.00;0;0;0
0;8;0.00;0.00;0;0;0
0;8;0.00;0.00;0;0;0
0;9;0.00;0.00;0;0;0
0;11;0.00;0.00;0;0;0
0;8;-0.01;0.02;0;0;1
0;6;0.01;0.02;0;-1;0
0;8;0.00;0.00;0;0;0
0;7;0.00;0.00;0;0;0
0;11;0.00;0.00;0;0;0
0;10;0.00;0.00;0;0;0
0;7;0.00;0.00;0;0;0
0;9;0.00;0.00;0;0;0
0;8;0.00;0.04;0;-1;1
0;8;0.00;0.00;0;0;0
0;8;0.00;0.00;0;0;0
0;8;0.00;0.00;0;0;0
0;9;0.00;0.00;0;0;0
0;10;0.00;0.00;0;0;0
0;6;-0.01;0.02;0;0;1
0;11;0.04;0.02;1;-1;0
0;12;0.00;0.00;0;0;0
0;11;0.00;0.00;0;0;0
0;11;0.00;0.00;0;0;0
0;10;0.00;0.00;0;0;0
0;9;0.00;0.04;0;-1;1
0;7;0.00;0.00;0;0;0
0;10;0.00;0.00;0;0;0
0;6;0.00;0.00;0;0;0
0;8;0.00;0.00;0;0;0
0;12;0.00;0.00;0;0;0
0;9;0.00;0.04;0;-1;1
0;20;0.00;0.00;0;0;0
0;8;0.00;0.00;0;0;0
0;7;0.00;0.00;0;0;0
0;9;0.00;0.00;0;0;0
0;9;0.00;0.04;0;-1;1
0;10;0.00;0.00;0;0;0
0;5;0.00;0.00;0;0;0
0;17;0.00;0.00;0;0;0
0;16;0.00;0.00;0;0;0
0;12;0.00;0.04;0;-1;1
0;12;0.00;0.00;0;0;0
0;6;0.00;0.00;0;0;0
0;27;0.00;0.00;0;0;0
0;5;-0.01;0.02;0;0;1
0;16;0.01;0.02;0;-1;0
0;8;0.00;0.00;0;0;0
0;8;0.00;0.00;0;0;0
0;13;0.00;0.00;0;0;0
0;8;0.00;0.00;0;0;0
0;8;-0.01;0.02;0;0;1
0;8;0.01;0.02;0;-1;0
0;9;0.00;0.00;0;0;0
0;7;0.00;0.00;0;0;0
0;9;0.00;0.00;0;0;0
0;8;0.00;0.00;0;0;0
0;13;-0.01;0.02;0;0;1
0;7;0.00;0.00;0;0;0
0;8;0.01;0.02;0;-1;0
0;9;0.00;0.00;0;0;0
0;8;0.00;0.00;0;0;0
0;8;0.00;0.00;0;0;0
0;8;0.00;0.00;0;0;0
0;9;-0.01;0.02;0;0;1
0;9;0.00;0.00;0;0;0
0;7;0.00;0.00;0;0;0
0;8;0.01;0.02;0;-1;0
0;9;0.00;0.00;0;0;0
0;7;0.00;0.00;0;0;0
0;9;0.00;0.00;0;0;0
0;8;-0.01;0.02;0;0;1
0;8;0.01;0.02;0;-1;0
0;8;0.00;0.00;0;0;0
0;10;0.00;0.00;0;0;0
0;10;0.01;0.02;0;-1;0
0;5;0.00;0.00;0;0;0
0;9;0.00;0.00;0;0;0
0;8;0.00;0.04;0;-1;1
0;7;0.00;0.00;0;0;0
0;9;0.01;0.02;0;-1;0
0;8;0.00;0.00;0;0;0
0;8;0.01;0.02;0;-1;0
0;8;0.00;0.00;0;0;0
0;8;0.00;0.00;0;0;0
0;8;0.00;0.04;0;-1;1
0;11;0.00;0.00;0;0;0
0;7;0.01;0.02;0;-1;0
0;7;0.00;0.00;0;0;0
0;21;0.00;0.04;0;-1;1
0;8;0.00;0.00;0;0;0
0;8;0.00;0.00;0;0;0
0;20;0.00;0.00;0;0;0
0;9;-0.01;0.02;0;0;1
0;11;0.01;0.02;0;-1;0
0;5;0.00;0.00;0;0;0
0;8;0.00;0.00;0;0;0
0;8;0.00;0.00;0;0;0
0;27;-0.01;0.02;0;0;1
0;7;0.00;0.00;0;0;0
0;13;0.00;0.00;0;0;0
0;7;0.01;0.02;0;-1;0
0;10;-0.01;0.02;0;0;1
0;6;0.00;0.00;0;0;0
0;23;0.00;0.00;0;0;0
0;19;0.00;0.04;0;-1;1
0;7;0.00;0.00;0;0;0
0;8;0.00;0.00;0;0;0
0;12;0.00;0.00;0;0;0
0;9;0.00;0.00;0;0;0
0;8;0.00;0.00;0;0;0
0;8;0.01;0.02;0;-1;0
0;12;0.00;0.00;0;0;0
0;5;0.00;0.00;0;0;0
0;8;0.00;0.00;0;0;0
0;8;0.00;0.00;0;0;0
0;8;0.00;0.00;0;0;0
0;11;0.00;0.00;0;0;0
0;6;0.01;0.02;0;-1;0
0;8;0.00;0.00;0;0;0
0;8;0.00;0.00;0;0;0
0;15;0.00;0.00;0;0;0
0;6;0.00;0.00;0;0;0
0;8;0.00;0.00;0;0;0
0;12;0.00;0.00;0;0;0
0;6;0.01;0.02;0;-1;0
0;8;0.00;0.00;0;0;0
0;6;0.00;0.00;0;0;0
0;13;0.00;0.00;0;0;0
0;8;0.00;0.00;0;0;0
0;9;0.00;0.00;0;0;0
0;7;0.00;0.00;0;0;0
0;11;0.00;0.00;0;0;0
0;6;0.00;0.00;0;0;0
0;8;0.01;0.02;0;-1;0
0;8;0.00;0.00;0;0;0
0;16;0.00;0.00;0;0;0
0;12;0.00;0.00;0;0;0
0;6;0.00;0.00;0;0;0
0;16;0.01;0.02;0;-1;0
0;8;0.00;0.00;0;0;0
0;8;-0.01;0.02;0;0;1
0;9;0.00;0.00;0;0;0
0;7;0.00;0.00;0;0;0
0;9;0.00;0.00;0;0;0
0;7;0.00;0.00;0;0;0
0;14;0.01;0.02;0;-1;0
0;8;-0.01;0.02;0;0;1
0;7;0.00;0.00;0;0;0
0;8;0.00;0.00;0;0;0
0;9;0.00;0.00;0;0;0
0;8;0.00;0.00;0;0;0
0;8;0.01;0.02;0;-1;0
0;8;-0.01;0.02;0;0;1
0;13;0.00;0.00;0;0;0
0;13;0.00;0.00;0;0;0
0;7;0.00;0.00;0;0;0
0;8;0.01;0.02;0;-1;0
0;8;0.00;0.00;0;0;0
0;8;-0.01;0.02;0;0;1
0;8;0.00;0.00;0;0;0
0;10;0.00;0.00;0;0;0
0;11;0.00;0.00;0;0;0
0;4;0.00;0.00;0;0;0
0;8;0.00;0.00;0;0;0
0;8;0.01;0.02;0;-1;0
0;9;-0.01;0.02;0;0;1
0;8;0.00;0.00;0;0;0
0;8;0.00;0.00;0;0;0
0;8;0.00;0.00;0;0;0
0;8;0.00;0.00;0;0;0
0;9;0.00;0.00;0;0;0
0;8;0.01;0.02;0;-1;0
0;8;-0.01;0.02;0;0;1
0;10;0.00;0.00;0;0;0
0;8;0.00;0.00;0;0;0
0;7;0.00;0.00;0;0;0
0;19;0.00;0.00;0;0;0
0;7;0.00;0.04;0;-1;1
0;6;0.00;0.00;0;0;0
0;12;0.00;0.00;0;0;0
0;5;0.00;0.00;0;0;0
0;10;0.00;0.00;0;0;0
0;6;0.00;0.00;0;0;0
0;11;0.00;0.04;0;-1;1
0;5;0.00;0.00;0;0;0
0;9;0.00;0.00;0;0;0
0;8;0.00;0.00;0;0;0
0;9;0.00;0.00;0;0;0
0;8;0.00;0.00;0;0;0
0;7;0.00;0.00;0;0;0
0;9;0.00;0.04;0;-1;1
0;8;0.00;0.00;0;0;0
0;8;0.00;0.00;0;0;0
0;8;0.00;0.00;0;0;0
0;8;0.00;0.00;0;0;0
0;9;0.00;0.00;0;0;0
0;8;0.00;0.00;0;0;0
0;8;0.00;0.04;0;-1;1
0;8;0.00;0.00;0;0;0
0;9;0.00;0.00;0;0;0
0;8;0.01;0.02;0;-1;0
0;8;0.00;0.00;0;0;0
0;8;0.00;0.00;0;0;0
0;8;0.01;0.02;0;-1;0
0;8;-0.01;0.02;0;0;1
0;8;0.01;0.02;0;-1;0
0;9;0.00;0.00;0;0;0
0;8;0.01;0.02;0;-1;0
0;8;0.00;0.00;0;0;0
0;9;0.00;0.00;0;0;0
0;8;0.00;0.04;0;-1;1
0;8;0.00;0.00;0;0;0
0;11;0.00;0.00;0;0;0
0;5;0.00;0.00;0;0;0
0;11;0.01;0.02;0;-1;0
0;5;-0.01;0.02;0;0;1
0;12;0.00;0.00;0;0;0
0;5;0.00;0.00;0;0;0
0;11;0.00;0.00;0;0;0
0;6;0.00;0.00;0;0;0
0;16;0.01;0.02;0;-1;0
0;12;0.00;0.00;0;0;0
0;4;0.00;0.00;0;0;0
0;14;0.00;0.00;0;0;0
0;7;-0.01;0.02;0;0;1
0;8;0.01;0.02;0;-1;0
0;8;0.00;0.00;0;0;0
0;10;0.00;0.00;0;0;0
0;6;0.00;0.00;0;0;0
0;8;0.00;0.00;0;0;0
0;9;0.00;0.00;0;0;0
0;8;0.00;0.00;0;0;0
0;8;0.01;0.02;0;-1;0
0;10;0.00;0.00;0;0;0
0;7;0.00;0.00;0;0;0
0;8;-0.01;0.02;0;0;1
0;8;0.00;0.00;0;0;0
0;8;0.00;0.00;0;0;0
0;10;0.01;0.02;0;-1;0
0;10;0.00;0.00;0;0;0
0;10;-0.01;0.02;0;0;1
0;7;0.00;0.00;0;0;0
0;10;0.00;0.00;0;0;0
0;6;0.01;0.02;0;-1;0
0;8;0.00;0.00;0;0;0
0;9;0.00;0.00;0;0;0
0;8;-0.01;0.02;0;0;1
0;9;0.00;0.00;0;0;0
0;7;0.00;0.00;0;0;0
0;8;0.01;0.02;0;-1;0
0;10;0.00;0.00;0;0;0
0;10;0.00;0.00;0;0;0
0;14;-0.01;0.02;0;0;1
0;7;0.00;0.00;0;0;0
0;8;0.01;0.02;0;-1;0
0;9;0.00;0.00;0;0;0
0;8;0.00;0.00;0;0;0
0;8;0.00;0.00;0;0;0
0;15;-0.01;0.02;0;0;1
0;11;0.01;0.02;0;-1;0
0;7;0.00;0.00;0;0;0
0;15;0.00;0.00;0;0;0
0;7;0.00;0.00;0;0;0
0;6;-0.01;0.02;0;0;1
0;9;0.00;0.00;0;0;0
0;13;0.01;0.02;0;-1;0
0;7;0.00;0.00;0;0;0
0;8;0.00;0.00;0;0;0
0;9;0.00;0.00;0;0;0
0;8;-0.01;0.02;0;0;1
0;11;0.00;0.00;0;0;0
0;6;0.01;0.02;0;-1;0
0;12;0.00;0.00;0;0;0
0;12;0.00;0.00;0;0;0
0;8;-0.01;0.02;0;0;1
0;12;0.00;0.00;0;0;0
0;8;0.01;0.02;0;-1;0
0;9;0.00;0.00;0;0;0
0;23;0.00;0.00;0;0;0
0;6;-0.01;0.02;0;0;1
0;7;0.01;0.02;0;-1;0
0;18;0.00;0.00;0;0;0
0;7;0.00;0.00;0;0;0
0;8;0.00;0.00;0;0;0
0;24;0.00;0.04;0;-1;1
0;6;0.00;0.00;0;0;0
0;12;0.00;0.00;0;0;0
0;7;0.00;0.00;0;0;0
0;13;0.00;0.00;0;0;0
0;8;-0.01;0.02;0;0;1
0;8;0.01;0.02;0;-1;0
0;11;0.00;0.00;0;0;0
0;6;0.00;0.00;0;0;0
0;9;0.00;0.00;0;0;0
0;10;0.02;0.00;1;0;0
0;10;-0.01;0.02;0;0;1
0;7;0.01;0.02;0;-1;0
0;8;0.00;0.00;0;0;0
0;10;0.00;0.00;0;0;0
0;7;0.00;0.00;0;0;0
0;8;0.00;0.00;0;0;0
0;8;0.00;0.00;0;0;0
0;8;0.00;0.04;0;-1;1
0;9;0.00;0.00;0;0;0
0;8;0.00;0.00;0;0;0
0;8;0.00;0.00;0;0;0
0;8;0.00;0.00;0;0;0
0;8;0.00;0.00;0;0;0
0;9;0.01;0.02;0;-1;0
0;8;-0.01;0.02;0;0;1
0;9;0.00;0.00;0;0;0
0;7;0.00;0.00;0;0;0
0;10;0.00;0.00;0;0;0
0;8;0.00;0.00;0;0;0
0;10;0.01;0.02;0;-1;0
0;6;0.00;0.00;0;0;0
0;7;-0.01;0.02;0;0;1
0;8;0.00;0.00;0;0;0
0;15;0.00;0.00;0;0;0
0;13;0.01;0.02;0;-1;0
0;6;0.00;0.00;0;0;0
0;8;0.00;0.00;0;0;0
0;7;-0.01;0.02;0;0;1
0;9;0.00;0.00;0;0;0
0;8;0.01;0.02;0;-1;0
0;8;0.00;0.00;0;0;0
0;8;0.00;0.00;0;0;0
0;8;0.00;0.00;0;0;0
0;12;0.00;0.00;0;0;0
0;9;0.00;0.00;0;0;0
0;13;0.00;0.04;0;-1;1
0;28;0.00;0.00;0;0;0
0;8;0.00;0.00;0;0;0
0;8;0.01;0.02;0;-1;0
0;24;-0.01;0.02;0;0;1
0;8;0.00;0.00;0;0;0
0;5;0.00;0.00;0;0;0
0;13;0.01;0.02;0;-1;0
0;8;0.00;0.00;0;0;0
0;17;-0.01;0.02;0;0;1
0;10;0.00;0.00;0;0;0
0;5;0.00;0.00;0;0;0
0;9;0.00;0.00;0;0;0
0;11;0.01;0.02;0;-1;0
0;5;0.00;0.00;0;0;0
0;8;-0.01;0.02;0;0;1
0;8;0.00;0.00;0;0;0
0;16;0.00;0.00;0;0;0
0;5;0.00;0.00;0;0;0
0;11;0.01;0.02;0;-1;0
0;12;0.00;0.00;0;0;0
0;20;-0.01;0.02;0;0;1
0;9;0.00;0.00;0;0;0
0;9;0.01;0.02;0;-1;0
0;8;0.00;0.00;0;0;0
0;9;0.00;0.00;0;0;0
0;9;-0.01;0.02;0;0;1
0;7;0.00;0.00;0;0;0
0;8;0.00;0.00;0;0;0
0;8;0.01;0.02;0;-1;0
0;14;0.00;0.00;0;0;0
0;9;0.00;0.00;0;0;0
0;10;-0.01;0.02;0;0;1
0;16;0.01;0.02;0;-1;0
0;5;0.00;0.00;0;0;0
0;8;0.00;0.00;0;0;0
0;8;0.00;0.00;0;0;0
0;8;0.00;0.00;0;0;0
0;8;0.01;0.02;0;-1;0
0;9;-0.01;0.02;0;0;1
0;8;0.00;0.00;0;0;0
0;8;0.00;0.00;0;0;0
0;8;0.00;0.00;0;0;0
0;8;0.00;0.00;0;0;0
0;9;0.00;0.00;0;0;0
0;8;0.00;0.00;0;0;0
0;8;0.00;0.04;0;-1;1
0;8;0.00;0.00;0;0;0
0;8;0.00;0.00;0;0;0
0;9;0.00;0.00;0;0;0
0;8;0.00;0.00;0;0;0
0;8;0.00;0.00;0;0;0
0;8;0.00;0.00;0;0;0
0;8;0.00;0.04;0;-1;1
0;8;0.00;0.00;0;0;0
0;9;0.00;0.00;0;0;0
0;8;0.00;0.00;0;0;0
0;8;0.00;0.00;0;0;0
0;9;0.00;0.00;0;0;0
0;8;0.00;0.00;0;0;0
0;8;0.00;0.04;0;-1;1
0;8;0.00;0.00;0;0;0
0;8;0.00;0.00;0;0;0
0;8;0.00;0.00;0;0;0
0;8;0.00;0.00;0;0;0
0;9;0.00;0.00;0;0;0
0;8;0.00;0.00;0;0;0
0;8;0.01;0.02;0;-1;0
0;8;-0.01;0.02;0;0;1
0;8;0.00;0.00;0;0;0
0;9;0.00;0.00;0;0;0
0;8;0.00;0.00;0;0;0
0;8;0.00;0.00;0;0;0
0;8;0.00;0.00;0;0;0
0;8;0.01;0.02;0;-1;0
0;9;0.00;0.00;0;0;0
0;8;-0.01;0.02;0;0;1
0;12;0.00;0.00;0;0;0
0;8;0.00;0.00;0;0;0
0;8;0.00;0.00;0;0;0
0;9;0.00;0.00;0;0;0
0;17;0.01;0.02;0;-1;0
0;7;-0.01;0.02;0;0;1
0;12;0.00;0.00;0;0;0
0;9;0.00;0.00;0;0;0
0;8;0.00;0.00;0;0;0
0;8;0.01;0.02;0;-1;0
0;8;0.00;0.00;0;0;0
0;8;0.00;0.00;0;0;0
0;9;0.00;0.00;0;0;0
0;11;-0.01;0.02;0;0;1
0;5;0.00;0.00;0;0;0
0;8;0.00;0.00;0;0;0
0;16;0.01;0.02;0;-1;0
0;6;0.00;0.00;0;0;0
0;16;0.00;0.00;0;0;0
0;7;-0.01;0.02;0;0;1
0;8;0.00;0.00;0;0;0
0;9;0.01;0.02;0;-1;0
0;13;0.00;0.00;0;0;0
0;7;0.00;0.00;0;0;0
0;8;0.00;0.00;0;0;0
0;8;0.00;0.00;0;0;0
0;9;0.00;0.00;0;0;0
0;12;0.00;0.04;0;-1;1
0;8;0.00;0.00;0;0;0
0;14;0.00;0.00;0;0;0
0;8;0.00;0.00;0;0;0
0;7;0.00;0.00;0;0;0
0;8;0.00;0.00;0;0;0
0;13;0.01;0.02;0;-1;0
0;12;-0.01;0.02;0;0;1
0;8;0.00;0.00;0;0;0
0;8;0.00;0.00;0;0;0
0;8;0.00;0.00;0;0;0
0;8;0.00;0.00;0;0;0
0;15;0.01;0.02;0;-1;0
0;6;0.00;0.00;0;0;0
0;12;-0.01;0.02;0;0;1
0;8;0.00;0.00;0;0;0
0;8;0.00;0.00;0;0;0
0;9;0.01;0.02;0;-1;0
0;8;0.00;0.00;0;0;0
0;8;0.00;0.00;0;0;0
0;8;0.00;0.00;0;0;0
0;8;-0.01;0.02;0;0;1
0;9;0.00;0.00;0;0;0
0;11;0.00;0.00;0;0;0
0;5;0.01;0.02;0;-1;0
0;8;0.00;0.00;0;0;0
0;9;0.00;0.00;0;0;0
0;8;0.00;0.00;0;0;0
0;8;-0.01;0.02;0;0;1
0;8;0.00;0.00;0;0;0
0;8;0.00;0.00;0;0;0
0;8;0.01;0.02;0;-1;0
0;9;0.00;0.00;0;0;0
0;8;-0.01;0.02;0;0;1
0;8;0.00;0.00;0;0;0
0;8;-0.01;0.02;0;0;1
0;8;0.00;0.00;0;0;0
0;10;0.00;0.00;0;0;0
0;8;-0.01;0.02;0;0;1
0;7;0.01;0.02;0;-1;0
0;11;-0.01;0.02;0;0;1
0;7;0.00;0.00;0;0;0
0;6;-0.01;0.02;0;0;1
0;9;0.00;0.00;0;0;0
0;8;-0.01;0.02;0;0;1
0;8;-0.01;0.02;0;0;1
0;8;0.00;0.00;0;0;0
0;8;0.00;0.04;0;-1;1
0;12;0.00;0.00;0;0;0
0;5;-0.01;0.02;0;0;1
0;8;0.00;0.00;0;0;0
0;8;-0.01;0.02;0;0;1
0;15;-0.01;0.02;0;0;1
0;9;0.01;0.02;0;-1;0
0;5;-0.01;0.02;0;0;1
0;8;0.00;0.00;0;0;0
0;14;-0.01;0.02;0;0;1
0;7;0.00;0.00;0;0;0
0;8;0.01;0.02;0;-1;0
0;16;-0.01;0.02;0;0;1
0;4;0.00;0.00;0;0;0
0;8;0.00;0.00;0;0;0
0;13;0.00;0.00;0;0;0
0;8;0.01;0.02;0;-1;0
0;12;0.00;0.00;0;0;0
0;10;-0.01;0.02;0;0;1
0;8;0.00;0.00;0;0;0
0;7;0.00;0.00;0;0;0
0;8;0.00;0.00;0;0;0
0;8;0.00;0.00;0;0;0
0;14;0.01;0.02;0;-1;0
0;7;0.00;0.00;0;0;0
0;8;0.00;0.00;0;0;0
0;10;0.00;0.00;0;0;0
0;6;0.00;0.00;0;0;0
0;8;-0.01;0.02;0;0;1
0;9;0.00;0.00;0;0;0
0;8;0.00;0.00;0;0;0
0;8;0.00;0.00;0;0;0
0;8;0.01;0.02;0;-1;0
0;8;0.00;0.00;0;0;0
0;9;0.00;0.00;0;0;0
0;8;-0.01;0.02;0;0;1
0;8;0.00;0.00;0;0;0
0;10;0.00;0.00;0;0;0
0;7;0.00;0.00;0;0;0
0;11;0.00;0.00;0;0;0
0;5;0.01;0.02;0;-1;0
0;9;-0.01;0.02;0;0;1
0;7;0.00;0.00;0;0;0
0;16;0.00;0.00;0;0;0
0;9;0.00;0.00;0;0;0
0;8;0.00;0.00;0;0;0
0;10;-0.01;0.02;0;0;1
0;6;0.00;0.00;0;0;0
0;8;0.01;0.02;0;-1;0
0;9;0.00;0.00;0;0;0
0;9;0.00;0.00;0;0;0
0;7;0.00;0.00;0;0;0
0;9;-0.01;0.02;0;0;1
0;7;0.00;0.00;0;0;0
0;9;0.00;0.00;0;0;0
0;14;0.00;0.00;0;0;0
0;6;0.01;0.02;0;-1;0
0;8;0.00;0.00;0;0;0
0;10;-0.01;0.02;0;0;1
0;7;0.00;0.00;0;0;0
0;8;0.00;0.00;0;0;0
0;12;0.00;0.00;0;0;0
0;8;0.00;0.00;0;0;0
0;8;0.01;0.02;0;-1;0
0;10;-0.01;0.02;0;0;1
0;12;0.00;0.00;0;0;0
0;7;0.00;0.00;0;0;0
0;9;0.00;0.00;0;0;0
0;13;0.00;0.00;0;0;0
0;7;-0.01;0.02;0;0;1
0;12;0.01;0.02;0;-1;0
0;8;0.00;0.00;0;0;0
0;12;0.00;0.00;0;0;0
0;5;0.00;0.00;0;0;0
0;8;-0.01;0.02;0;0;1
0;8;0.00;0.00;0;0;0
0;8;0.00;0.00;0;0;0
0;8;0.01;0.02;0;-1;0
0;9;0.00;0.00;0;0;0
0;8;0.00;0.00;0;0;0
0;16;-0.01;0.02;0;0;1
0;14;0.00;0.00;0;0;0
0;7;0.00;0.00;0;0;0
0;8;0.01;0.02;0;-1;0
0;8;-0.01;0.02;0;0;1
0;8;0.00;0.00;0;0;0
0;8;0.00;0.00;0;0;0
0;22;0.00;0.00;0;0;0
0;8;0.00;0.00;0;0;0
0;13;0.00;0.04;0;-1;1
0;12;0.00;0.00;0;0;0
0;9;0.00;0.00;0;0;0
0;10;0.00;0.00;0;0;0
0;8;-0.01;0.02;0;0;1
0;12;0.01;0.02;0;-1;0
0;5;0.00;0.00;0;0;0
0;13;0.00;0.00;0;0;0
0;8;0.00;0.00;0;0;0
0;7;0.00;0.00;0;0;0
0;16;0.00;0.04;0;-1;1
0;5;0.00;0.00;0;0;0
0;12;0.00;0.00;0;0;0
0;10;0.00;0.00;0;0;0
0;7;0.00;0.00;0;0;0
0;8;0.00;0.00;0;0;0
0;8;-0.01;0.02;0;0;1
0;8;0.00;0.00;0;0;0
0;8;0.00;0.00;0;0;0
0;9;0.01;0.02;0;-1;0
0;8;0.00;0.00;0;0;0
0;11;-0.01;0.02;0;0;1
0;6;0.00;0.00;0;0;0
0;7;0.00;0.00;0;0;0
0;9;0.00;0.00;0;0;0
0;18;0.00;0.00;0;0;0
0;6;0.00;0.04;0;-1;1
0;8;0.00;0.00;0;0;0
0;8;0.00;0.00;0;0;0
0;8;0.00;0.00;0;0;0
0;10;0.00;0.00;0;0;0
0;7;0.00;0.00;0;0;0
0;8;0.01;0.02;0;-1;0
0;8;-0.01;0.02;0;0;1
0;9;0.00;0.00;0;0;0
0;8;0.00;0.00;0;0;0
0;7;0.00;0.00;0;0;0
0;23;0.01;0.02;0;-1;0
0;7;-0.01;0.02;0;0;1
0;8;0.00;0.00;0;0;0
0;8;0.00;0.00;0;0;0
0;8;0.00;0.00;0;0;0
0;8;0.01;0.02;0;-1;0
0;9;0.00;0.00;0;0;0
0;9;-0.01;0.02;0;0;1
0;7;0.00;0.00;0;0;0
0;8;0.00;0.00;0;0;0
0;8;0.00;0.00;0;0;0
0;9;0.01;0.02;0;-1;0
0;8;0.00;0.00;0;0;0
0;8;0.00;0.00;0;0;0
0;8;-0.01;0.02;0;0;1
0;9;0.00;0.00;0;0;0
0;8;0.00;0.00;0;0;0
0;8;0.01;0.02;0;-1;0
0;11;0.00;0.00;0;0;0
0;5;0.00;0.00;0;0;0
0;8;-0.01;0.02;0;0;1
0;9;0.00;0.00;0;0;0
0;8;0.00;0.00;0;0;0
0;8;0.01;0.02;0;-1;0
0;8;0.00;0.00;0;0;0
0;13;0.00;0.00;0;0;0
0;10;-0.01;0.02;0;0;1
0;6;0.00;0.00;0;0;0
0;12;0.01;0.02;0;-1;0
0;8;0.00;0.00;0;0;0
0;8;0.00;0.00;0;0;0
0;9;0.00;0.00;0;0;0
0;8;-0.01;0.02;0;0;1
0;10;0.01;0.02;0;-1;0
0;6;0.00;0.00;0;0;0
0;8;0.00;0.00;0;0;0
0;9;0.00;0.00;0;0;0
0;9;-0.01;0.02;0;0;1
0;12;0.00;0.00;0;0;0
0;7;0.01;0.02;0;-1;0
0;8;0.00;0.00;0;0;0
0;9;0.00;0.00;0;0;0
0;8;-0.01;0.02;0;0;1
0;8;0.00;0.00;0;0;0
0;8;0.00;0.00;0;0;0
0;8;0.01;0.02;0;-1;0
0;9;0.00;0.00;0;0;0
0;8;0.00;0.00;0;0;0
0;8;0.00;0.00;0;0;0
0;7;-0.01;0.02;0;0;1
0;17;0.01;0.02;0;-1;0
0;10;0.00;0.00;0;0;0
0;7;0.00;0.00;0;0;0
0;18;0.00;0.00;0;0;0
0;7;-0.01;0.02;0;0;1
0;8;0.01;0.02;0;-1;0
0;8;0.00;0.00;0;0;0
0;8;0.00;0.00;0;0;0
0;8;0.00;0.00;0;0;0
0;9;0.00;0.00;0;0;0
0;10;0.00;0.00;0;0;0
0;6;-0.01;0.02;0;0;1
0;10;0.01;0.02;0;-1;0
0;6;0.00;0.00;0;0;0
0;13;0.00;0.00;0;0;0
0;8;0.00;0.00;0;0;0
0;9;0.00;0.00;0;0;0
0;12;0.00;0.04;0;-1;1
0;7;0.00;0.00;0;0;0
0;9;0.00;0.00;0;0;0
0;8;0.00;0.00;0;0;0
0;12;0.00;0.00;0;0;0
0;7;0.00;0.00;0;0;0
0;9;0.00;0.04;0;-1;1
0;13;0.00;0.00;0;0;0
0;9;0.00;0.00;0;0;0
0;7;0.00;0.00;0;0;0
0;12;0.00;0.00;0;0;0
0;9;0.01;0.02;0;-1;0
0;7;-0.01;0.02;0;0;1
0;11;0.00;0.00;0;0;0
0;11;0.00;0.00;0;0;0
0;8;0.00;0.00;0;0;0
0;12;0.01;0.02;0;-1;0
0;7;0.00;0.00;0;0;0
0;18;-0.01;0.02;0;0;1
0;7;0.00;0.00;0;0;0
0;8;0.00;0.00;0;0;0
0;8;0.00;0.00;0;0;0
0;9;0.01;0.02;0;-1;0
0;12;-0.01;0.02;0;0;1
0;8;0.00;0.00;0;0;0
0;12;0.00;0.00;0;0;0
0;9;0.00;0.00;0;0;0
0;7;0.01;0.02;0;-1;0
0;21;-0.01;0.02;0;0;1
0;10;0.00;0.00;0;0;0
0;6;0.00;0.00;0;0;0
0;13;0.01;0.02;0;-1;0
0;9;0.00;0.00;0;0;0
0;7;0.00;0.00;0;0;0
0;10;-0.01;0.02;0;0;1
0;7;0.00;0.00;0;0;0
0;8;0.00;0.00;0;0;0
0;8;0.01;0.02;0;-1;0
0;14;0.00;0.00;0;0;0
0;6;0.00;0.00;0;0;0
0;12;-0.01;0.02;0;0;1
0;8;0.00;0.00;0;0;0
0;9;0.01;0.02;0;-1;0
0;10;0.00;0.00;0;0;0
0;6;0.00;0.00;0;0;0
0;18;0.00;0.00;0;0;0
0;7;-0.01;0.02;0;0;1
0;8;0.00;0.00;0;0;0
0;8;0.01;0.02;0;-1;0
0;8;0.00;0.00;0;0;0
0;8;0.00;0.00;0;0;0
0;9;0.00;0.00;0;0;0
0;30;0.00;0.04;0;-1;1
0;7;0.00;0.00;0;0;0
0;9;0.00;0.00;0;0;0
0;9;0.00;0.00;0;0;0
0;6;0.00;0.00;0;0;0
0;8;0.00;0.04;0;-1;1
0;12;0.00;0.00;0;0;0
0;12;0.00;0.00;0;0;0
0;5;0.00;0.00;0;0;0
0;8;0.00;0.00;0;0;0
0;14;0.01;0.02;0;-1;0
0;12;-0.01;0.02;0;0;1
0;10;0.00;0.00;0;0;0
0;11;0.00;0.00;0;0;0
0;7;0.00;0.00;0;0;0
0;8;0.00;0.00;0;0;0
0;8;0.01;0.02;0;-1;0
0;9;-0.01;0.02;0;0;1
0;7;0.00;0.00;0;0;0
0;8;-0.01;0.02;0;0;1
0;9;0.00;0.00;0;0;0
0;13;-0.01;0.02;0;0;1
0;8;0.00;0.04;0;-1;1
0;10;0.00;0.00;0;0;0
0;11;0.00;0.00;0;0;0
0;7;-0.01;0.02;0;0;1
0;8;0.00;0.00;0;0;0
0;7;-0.01;0.02;0;0;1
0;9;0.01;0.02;0;-1;0
0;8;0.00;0.00;0;0;0
0;9;-0.01;0.02;0;0;1
0;7;0.00;0.00;0;0;0
0;9;-0.01;0.02;0;0;1
0;8;0.00;0.00;0;0;0
0;12;0.00;0.04;0;-1;1
0;11;0.00;0.00;0;0;0
0;9;-0.01;0.02;0;0;1
0;10;0.00;0.00;0;0;0
0;13;-0.01;0.02;0;0;1
0;9;0.01;0.02;0;-1;0
0;11;-0.01;0.02;0;0;1
0;9;-0.01;0.02;0;0;1
0;6;0.00;0.00;0;0;0
0;9;0.00;0.00;0;0;0
0;8;-0.01;0.02;0;0;1
0;11;0.01;0.02;0;-1;0
0;7;-0.01;0.02;0;0;1
0;9;0.00;0.00;0;0;0
0;12;-0.01;0.02;0;0;1
0;6;0.00;0.00;0;0;0
0;14;0.00;0.04;0;-1;1
0;6;0.00;0.00;0;0;0
0;8;-0.01;0.02;0;0;1
0;17;-0.01;0.02;0;0;1
0;8;0.00;0.00;0;0;0
0;8;0.00;0.04;0;-1;1
0;8;0.00;0.00;0;0;0
0;19;-0.01;0.02;0;0;1
0;10;0.00;0.04;0;-1;1
0;10;0.00;0.00;0;0;0
0;6;-0.01;0.02;0;0;1
0;12;0.00;0.00;0;0;0
0;20;0.00;0.04;0;-1;1
0;8;0.00;0.00;0;0;0
0;6;0.00;0.00;0;0;0
0;11;0.00;0.00;0;0;0
0;8;0.00;0.00;0;0;0
0;6;-0.01;0.02;0;0;1
0;7;0.00;0.00;0;0;0
0;14;0.00;0.00;0;0;0
0;8;0.00;0.00;0;0;0
0;7;0.00;0.00;0;0;0
0;8;0.00;0.00;0;0;0
0;7;0.00;0.00;0;0;0
0;9;0.00;0.00;0;0;0
0;8;0.00;0.00;0;0;0
0;8;0.00;0.00;0;0;0
0;13;-0.01;0.02;0;0;1
0;8;0.00;0.00;0;0;0
0;8;0.00;0.00;0;0;0
0;9;0.00;0.00;0;0;0
0;8;0.00;0.00;0;0;0
0;8;0.00;0.00;0;0;0
0;8;0.00;0.00;0;0;0
0;9;-0.01;0.02;0;0;1
0;8;0.00;0.00;0;0;0
0;8;0.00;0.00;0;0;0
0;13;0.00;0.00;0;0;0
0;11;0.00;0.00;0;0;0
0;11;0.00;0.00;0;0;0
0;7;-0.01;0.02;0;0;1
0;7;0.00;0.00;0;0;0
0;8;0.00;0.00;0;0;0
0;10;0.00;0.00;0;0;0
0;7;0.00;0.00;0;0;0
0;8;0.00;0.00;0;0;0
0;7;0.00;0.00;0;0;0
0;8;-0.01;0.02;0;0;1
0;9;0.00;0.00;0;0;0
0;9;0.00;0.00;0;0;0
0;7;0.00;0.00;0;0;0
0;9;0.00;0.00;0;0;0
0;8;0.01;0.02;0;-1;0
0;8;0.00;0.00;0;0;0
0;9;-0.01;0.02;0;0;1
0;7;0.00;0.00;0;0;0
0;8;0.00;0.00;0;0;0
0;9;0.00;0.00;0;0;0
0;7;0.00;0.00;0;0;0
0;9;0.00;0.04;0;-1;1
0;8;0.00;0.00;0;0;0
0;8;0.00;0.00;0;0;0
0;8;-0.01;0.02;0;0;1
0;9;0.00;0.00;0;0;0
0;9;-0.01;0.02;0;0;1
0;8;0.00;0.00;0;0;0
0;8;-0.01;0.02;0;0;1
0;8;0.01;0.02;0;-1;0
0;8;-0.01;0.02;0;0;1
0;8;0.00;0.00;0;0;0
0;8;-0.01;0.02;0;0;1
0;8;-0.01;0.02;0;0;1
0;8;0.00;0.00;0;0;0
0;8;-0.01;0.02;0;0;1
0;8;0.01;0.02;0;-1;0
0;9;-0.01;0.02;0;0;1
0;8;0.00;0.00;0;0;0
0;8;-0.01;0.02;0;0;1
0;11;-0.02;0.00;-1;0;0
0;6;0.00;0.00;0;0;0
0;9;-0.01;0.02;0;0;1
0;8;0.00;0.00;0;0;0
0;13;0.00;0.00;0;0;0
0;7;-0.04;0.02;-1;0;1
0;12;0.00;0.00;0;0;0
0;8;0.00;0.00;0;0;0
0;9;0.00;0.00;0;0;0
0;13;-0.01;0.02;0;0;1
0;7;0.00;0.00;0;0;0
0;12;0.00;0.00;0;0;0
0;11;0.00;0.00;0;0;0
0;6;0.00;0.00;0;0;0
0;8;0.00;0.00;0;0;0
0;13;-0.01;0.02;0;0;1
0;9;0.00;0.00;0;0;0
0;7;0.00;0.00;0;0;0
0;13;0.00;0.00;0;0;0
0;11;0.00;0.00;0;0;0
0;5;0.00;0.00;0;0;0
0;8;-0.01;0.02;0;0;1
0;11;0.00;0.00;0;0;0
0;5;0.00;0.00;0;0;0
0;8;0.00;0.00;0;0;0
0;8;0.00;0.00;0;0;0
0;10;0.00;0.00;0;0;0
0;7;0.00;0.00;0;0;0
0;9;-0.01;0.02;0;0;1
0;8;0.00;0.00;0;0;0
0;14;0.00;0.00;0;0;0
0;7;0.00;0.00;0;0;0
0;7;0.00;0.00;0;0;0
0;16;-0.01;0.02;0;0;1
0;9;0.00;0.00;0;0;0
0;8;0.00;0.00;0;0;0
0;14;0.00;0.00;0;0;0
0;6;0.00;0.00;0;0;0
0;8;0.00;0.00;0;0;0
0;9;0.00;0.00;0;0;0
0;9;-0.01;0.02;0;0;1
0;9;0.00;0.00;0;0;0
0;12;0.00;0.00;0;0;0
0;10;0.00;0.00;0;0;0
0;8;0.00;0.00;0;0;0
0;10;-0.01;0.02;0;0;1
0;7;0.00;0.00;0;0;0
0;16;0.00;0.00;0;0;0
0;5;0.00;0.00;0;0;0
0;8;0.00;0.00;0;0;0
0;8;0.00;0.00;0;0;0
0;8;0.00;0.00;0;0;0
0;22;-0.01;0.02;0;0;1
0;7;0.00;0.00;0;0;0
0;7;0.00;0.00;0;0;0
0;9;0.00;0.00;0;0;0
0;9;0.01;0.02;0;-1;0
0;9;-0.01;0.02;0;0;1
0;7;0.00;0.00;0;0;0
0;7;-0.01;0.02;0;0;1
0;8;0.00;0.00;0;0;0
0;8;-0.01;0.02;0;0;1
0;9;0.00;0.00;0;0;0
0;9;0.00;0.00;0;0;0
0;7;0.00;0.04;0;-1;1
0;9;0.00;0.00;0;0;0
0;7;-0.01;0.02;0;0;1
0;9;0.00;0.00;0;0;0
0;8;-0.02;0.00;-1;0;0
0;8;-0.01;0.02;0;0;1
0;10;0.00;0.00;0;0;0
0;6;0.00;0.04;0;-1;1
0;9;0.00;0.00;0;0;0
0;7;-0.01;0.02;0;0;1
0;9;0.00;0.00;0;0;0
0;7;-0.04;0.02;-1;0;1
0;10;0.00;0.00;0;0;0
0;8;-0.01;0.02;0;0;1
0;8;0.01;0.02;0;-1;0
0;8;0.00;0.00;0;0;0
0;8;-0.01;0.02;0;0;1
0;8;0.00;0.00;0;0;0
0;8;0.00;0.00;0;0;0
0;9;0.00;0.00;0;0;0
0;7;0.00;0.00;0;0;0
0;8;0.00;0.00;0;0;0
0;8;-0.01;0.02;0;0;1
0;8;0.00;0.00;0;0;0
0;10;0.00;0.00;0;0;0
0;7;0.00;0.00;0;0;0
0;16;0.00;0.00;0;0;0
0;5;-0.01;0.02;0;0;1
0;10;0.00;0.00;0;0;0
0;8;0.00;0.00;0;0;0
0;7;0.00;0.00;0;0;0
0;8;0.00;0.00;0;0;0
0;7;0.00;0.00;0;0;0
0;9;-0.01;0.02;0;0;1
0;8;0.00;0.00;0;0;0
0;9;0.00;0.00;0;0;0
0;8;0.00;0.00;0;0;0
0;8;0.00;0.00;0;0;0
0;12;0.00;0.00;0;0;0
0;8;0.00;0.00;0;0;0
0;9;0.00;0.00;0;0;0
0;12;-0.01;0.02;0;0;1
0;9;0.00;0.00;0;0;0
0;8;0.00;0.00;0;0;0
0;7;0.00;0.00;0;0;0
0;9;0.00;0.00;0;0;0
0;9;0.00;0.00;0;0;0
0;7;-0.01;0.02;0;0;1
0;9;0.00;0.00;0;0;0
0;13;0.00;0.00;0;0;0
0;12;0.00;0.00;0;0;0
0;7;0.00;0.00;0;0;0
0;12;0.00;0.00;0;0;0
0;8;-0.01;0.02;0;0;1
0;8;0.00;0.00;0;0;0
0;8;0.00;0.00;0;0;0
0;10;0.00;0.00;0;0;0
0;8;0.00;0.00;0;0;0
0;7;0.01;0.02;0;-1;0
0;8;-0.01;0.02;0;0;1
0;9;0.00;0.00;0;0;0
0;8;0.00;0.00;0;0;0
0;7;0.00;0.00;0;0;0
0;9;0.00;0.00;0;0;0
0;17;0.01;0.02;0;-1;0
0;10;-0.01;0.02;0;0;1
0;10;0.00;0.00;0;0;0
0;8;0.00;0.00;0;0;0
0;8;0.00;0.00;0;0;0
0;9;0.00;0.00;0;0;0
0;11;0.01;0.02;0;-1;0
0;6;0.00;0.00;0;0;0
0;8;-0.01;0.02;0;0;1
0;7;0.00;0.00;0;0;0
0;19;-0.01;0.02;0;0;1
0;6;-0.01;0.02;0;0;1
0;10;0.01;0.02;0;-1;0
0;7;-0.01;0.02;0;0;1
0;7;0.00;0.00;0;0;0
0;9;-0.01;0.02;0;0;1
0;12;0.00;0.00;0;0;0
0;5;0.00;0.00;0;0;0
0;8;-0.01;0.02;0;0;1
0;7;0.01;0.02;0;-1;0
0;9;0.00;0.00;0;0;0
0;7;-0.01;0.02;0;0;1
0;20;-0.01;0.02;0;0;1
0;6;0.00;0.00;0;0;0
0;7;-0.01;0.02;0;0;1
0;16;0.01;0.02;0;-1;0
0;7;-0.01;0.02;0;0;1
0;7;0.00;0.00;0;0;0
0;7;-0.01;0.02;0;0;1
0;9;0.00;0.00;0;0;0
0;7;0.00;0.00;0;0;0
0;9;-0.01;0.02;0;0;1
0;8;0.01;0.02;0;-1;0
0;9;-0.01;0.02;0;0;1
0;11;0.00;0.00;0;0;0
0;5;-0.01;0.02;0;0;1
0;8;0.00;0.00;0;0;0
0;8;0.00;0.00;0;0;0
0;9;-0.01;0.02;0;0;1
0;9;0.01;0.02;0;-1;0
0;12;-0.01;0.02;0;0;1
0;9;0.00;0.00;0;0;0
0;7;-0.01;0.02;0;0;1
0;7;0.00;0.00;0;0;0
0;11;-0.01;0.02;0;0;1
0;6;0.00;0.00;0;0;0
0;9;0.00;0.04;0;-1;1
0;7;0.00;0.00;0;0;0
0;21;-0.01;0.02;0;0;1
0;12;-0.01;0.02;0;0;1
0;5;0.00;0.00;0;0;0
0;7;0.00;0.04;0;-1;1
0;8;0.00;0.00;0;0;0
0;8;-0.01;0.02;0;0;1
0;8;0.00;0.00;0;0;0
0;9;0.00;0.00;0;0;0
0;8;-0.01;0.02;0;0;1
0;8;0.00;0.00;0;0;0
0;8;0.01;0.02;0;-1;0
0;8;-0.01;0.02;0;0;1
0;12;0.00;0.00;0;0;0
0;12;0.00;0.00;0;0;0
0;6;-0.01;0.02;0;0;1
0;8;0.00;0.00;0;0;0
0;7;0.01;0.02;0;-1;0
0;9;0.00;0.00;0;0;0
0;8;0.00;0.00;0;0;0
0;8;-0.02;0.00;-1;0;0
0;8;-0.01;0.02;0;0;1
0;8;0.00;0.00;0;0;0
0;9;0.00;0.00;0;0;0
0;8;0.00;0.00;0;0;0
0;8;0.00;0.00;0;0;0
0;8;0.00;0.00;0;0;0
0;8;0.00;0.00;0;0;0
0;9;0.00;0.00;0;0;0
0;8;0.00;0.00;0;0;0
0;8;-0.01;0.02;0;0;1
0;8;0.00;0.00;0;0;0
0;8;0.00;0.00;0;0;0
0;8;0.00;0.00;0;0;0
0;9;0.00;0.00;0;0;0
0;8;0.00;0.00;0;0;0
0;8;0.00;0.00;0;0;0
0;8;-0.01;0.02;0;0;1
0;8;0.00;0.00;0;0;0
0;9;0.00;0.00;0;0;0
0;8;0.00;0.00;0;0;0
0;8;-0.02;0.00;-1;0;0
0;8;0.00;0.00;0;0;0
0;8;0.00;0.00;0;0;0
0;9;-0.01;0.02;0;0;1
0;9;0.00;0.00;0;0;0
0;8;-0.01;0.02;0;0;1
0;7;0.00;0.00;0;0;0
0;8;-0.02;0.00;-1;0;0
0;9;-0.01;0.02;0;0;1
0;8;0.01;0.02;0;-1;0
0;8;-0.01;0.02;0;0;1
0;11;0.00;0.00;0;0;0
0;6;-0.01;0.02;0;0;1
0;9;0.00;0.00;0;0;0
0;8;-0.01;0.02;0;0;1
0;7;0.00;0.00;0;0;0
0;8;-0.01;0.02;0;0;1
0;10;-0.02;0.00;-1;0;0
0;8;0.00;0.00;0;0;0
0;7;-0.01;0.02;0;0;1
0;12;0.00;0.00;0;0;0
0;7;0.00;0.00;0;0;0
0;6;0.00;0.04;0;-1;1
0;9;-0.02;0.00;-1;0;0
0;18;0.00;0.00;0;0;0
0;10;-0.01;0.02;0;0;1
0;15;0.00;0.00;0;0;0
0;12;-0.02;0.00;-1;0;0
0;9;0.00;0.00;0;0;0
0;11;0.00;0.00;0;0;0
0;6;0.00;0.00;0;0;0
0;9;-0.01;0.02;0;0;1
0;7;0.00;0.00;0;0;0
0;12;0.00;0.00;0;0;0
0;5;0.00;0.00;0;0;0
0;12;0.00;0.00;0;0;0
0;14;0.00;0.00;0;0;0
0;7;-0.01;0.02;0;0;1
0;7;0.00;0.00;0;0;0
0;8;0.00;0.00;0;0;0
0;8;0.00;0.00;0;0;0
0;9;0.00;0.00;0;0;0
0;8;0.00;0.00;0;0;0
0;8;0.00;0.00;0;0;0
0;10;0.00;0.00;0;0;0
0;7;0.00;0.00;0;0;0
0;8;-0.01;0.02;0;0;1
0;8;0.00;0.00;0;0;0
0;8;0.00;0.00;0;0;0
0;8;0.00;0.00;0;0;0
0;8;0.00;0.00;0;0;0
0;12;-0.01;0.02;0;0;1
0;5;0.00;0.00;0;0;0
0;8;-0.01;0.02;0;0;1
0;8;0.00;0.00;0;0;0
0;8;0.00;0.00;0;0;0
0;9;-0.04;0.02;-1;0;1
0;10;0.01;0.02;0;-1;0
0;7;-0.01;0.02;0;0;1
0;7;0.00;0.00;0;0;0
0;8;-0.01;0.02;0;0;1
0;9;0.00;0.00;0;0;0
0;8;-0.01;0.02;0;0;1
0;8;0.00;0.00;0;0;0
0;12;-0.02;0.04;-1;-1;1
0;12;-0.01;0.02;0;0;1
0;9;-0.01;0.02;0;0;1
0;10;0.00;0.00;0;0;0
0;10;-0.04;0.02;-1;0;1
0;5;0.01;0.02;0;-1;0
0;8;-0.01;0.02;0;0;1
0;28;-0.04;0.02;-1;0;1
0;14;0.00;0.00;0;0;0
0;9;-0.01;0.02;0;0;1
0;9;0.00;0.00;0;0;0
0;6;0.00;0.00;0;0;0
0;8;0.00;0.00;0;0;0
0;9;0.00;0.00;0;0;0
0;7;0.00;0.00;0;0;0
0;8;-0.01;0.02;0;0;1
0;8;0.00;0.00;0;0;0
0;8;0.00;0.00;0;0;0
0;8;0.00;0.00;0;0;0
0;8;0.00;0.00;0;0;0
0;9;-0.01;0.02;0;0;1
0;9;0.00;0.00;0;0;0
0;7;0.00;0.00;0;0;0
0;8;0.00;0.00;0;0;0
0;8;0.00;0.00;0;0;0
0;15;-0.01;0.02;0;0;1
0;7;0.00;0.00;0;0;0
0;7;0.00;0.00;0;0;0
0;11;0.00;0.00;0;0;0
0;7;0.00;0.00;0;0;0
0;8;0.00;0.00;0;0;0
0;8;0.00;0.00;0;0;0
0;10;0.00;0.00;0;0;0
0;6;-0.01;0.02;0;0;1
0;7;0.00;0.00;0;0;0
0;9;0.00;0.00;0;0;0
0;10;0.00;0.00;0;0;0
0;7;0.00;0.00;0;0;0
0;7;0.00;0.00;0;0;0
0;8;0.00;0.00;0;0;0
0;12;-0.01;0.02;0;0;1
0;6;0.00;0.00;0;0;0
0;7;0.00;0.00;0;0;0
0;8;0.00;0.00;0;0;0
0;17;0.00;0.00;0;0;0
0;13;-0.01;0.02;0;0;1
0;8;0.00;0.00;0;0;0
0;19;0.00;0.00;0;0;0
0;9;0.00;0.00;0;0;0
0;8;0.00;0.00;0;0;0
0;10;-0.01;0.02;0;0;1
0;13;0.00;0.00;0;0;0
0;7;0.00;0.00;0;0;0
0;7;0.00;0.00;0;0;0
0;13;0.00;0.00;0;0;0
0;10;0.00;0.00;0;0;0
0;6;-0.01;0.02;0;0;1
0;13;0.00;0.00;0;0;0
0;9;0.00;0.00;0;0;0
0;6;0.00;0.00;0;0;0
0;9;0.00;0.00;0;0;0
0;10;0.00;0.00;0;0;0
0;6;-0.01;0.02;0;0;1
0;8;0.00;0.00;0;0;0
0;8;0.00;0.00;0;0;0
0;8;0.00;0.00;0;0;0
0;8;0.00;0.00;0;0;0
0;9;0.00;0.00;0;0;0
0;8;0.00;0.00;0;0;0
0;10;-0.04;0.02;-1;0;1
0;7;0.00;0.00;0;0;0
0;7;0.00;0.00;0;0;0
0;14;0.00;0.00;0;0;0
0;8;0.00;0.00;0;0;0
0;7;0.00;0.00;0;0;0
0;8;-0.01;0.02;0;0;1
0;12;0.00;0.00;0;0;0
0;5;-0.02;0.00;-1;0;0
0;8;0.00;0.00;0;0;0
0;8;0.00;0.00;0;0;0
0;8;0.00;0.00;0;0;0
0;8;0.00;0.00;0;0;0
0;9;0.00;0.00;0;0;0
0;8;-0.04;0.02;-1;0;1
0;8;0.00;0.00;0;0;0
0;8;0.00;0.00;0;0;0
0;10;0.00;0.00;0;0;0
0;8;0.00;0.00;0;0;0
0;8;0.00;0.00;0;0;0
0;7;0.00;0.00;0;0;0
0;15;-0.04;0.02;-1;0;1
0;6;0.00;0.00;0;0;0
0;8;0.00;0.00;0;0;0
0;18;0.00;0.00;0;0;0
0;7;0.00;0.00;0;0;0
0;7;-0.04;0.02;-1;0;1
0;10;0.00;0.00;0;0;0
0;11;0.00;0.00;0;0;0
0;8;0.00;0.00;0;0;0
0;15;0.00;0.00;0;0;0
0;11;-0.01;0.02;0;0;1
0;7;0.00;0.00;0;0;0
0;11;0.00;0.00;0;0;0
0;11;0.00;0.00;0;0;0
0;8;0.00;0.00;0;0;0
0;10;-0.01;0.02;0;0;1
0;6;0.00;0.00;0;0;0
0;12;0.01;0.02;0;-1;0
0;7;0.00;0.00;0;0;0
0;11;0.00;0.00;0;0;0
0;7;0.00;0.00;0;0;0
0;12;-0.01;0.02;0;0;1
0;9;0.00;0.00;0;0;0
0;6;-0.01;0.02;0;0;1
0;11;0.00;0.00;0;0;0
0;12;-0.02;0.04;-1;-1;1
0;7;0.00;0.00;0;0;0
0;8;-0.01;0.02;0;0;1
0;8;0.00;0.00;0;0;0
0;13;-0.01;0.02;0;0;1
0;12;-0.02;0.00;-1;0;0
0;11;0.00;0.04;0;-1;1
0;12;-0.01;0.02;0;0;1
0;5;0.00;0.00;0;0;0
0;8;0.00;0.00;0;0;0
0;8;-0.04;0.02;-1;0;1
0;13;0.00;0.00;0;0;0
0;8;-0.01;0.02;0;0;1
0;8;0.00;0.00;0;0;0
0;9;0.00;0.04;0;-1;1
0;11;-0.02;0.00;-1;0;0
0;5;-0.01;0.02;0;0;1
0;9;0.00;0.00;0;0;0
0;7;0.00;0.00;0;0;0
0;8;-0.01;0.02;0;0;1
0;11;-0.01;0.02;0;0;1
0;7;-0.02;0.00;-1;0;0
0;7;0.01;0.02;0;-1;0
0;9;-0.01;0.02;0;0;1
0;11;0.00;0.00;0;0;0
0;8;-0.01;0.02;0;0;1
0;8;0.00;0.00;0;0;0
0;9;-0.01;0.02;0;0;1
0;8;0.01;0.02;0;-1;0
0;12;-0.01;0.02;0;0;1
0;8;0.00;0.00;0;0;0
0;11;0.00;0.00;0;0;0
0;6;-0.01;0.02;0;0;1
0;8;0.00;0.00;0;0;0
0;8;0.00;0.00;0;0;0
0;8;0.01;0.02;0;-1;0
0;8;0.00;0.00;0;0;0
0;9;0.00;0.00;0;0;0
0;8;0.00;0.00;0;0;0
0;8;-0.01;0.02;0;0;1
0;9;0.00;0.00;0;0;0
0;7;0.00;0.00;0;0;0
0;10;0.00;0.00;0;0;0
0;7;0.00;0.00;0;0;0
0;8;0.00;0.00;0;0;0
0;8;0.00;0.00;0;0;0
0;17;-0.01;0.02;0;0;1
0;5;0.00;0.00;0;0;0
0;9;0.00;0.00;0;0;0
0;13;0.00;0.00;0;0;0
0;6;0.00;0.00;0;0;0
0;8;0.00;0.00;0;0;0
0;8;0.00;0.00;0;0;0
0;9;-0.01;0.02;0;0;1
0;11;0.00;0.00;0;0;0
0;5;0.00;0.00;0;0;0
0;7;0.00;0.00;0;0;0
0;10;0.00;0.00;0;0;0
0;7;0.00;0.00;0;0;0
0;8;0.00;0.00;0;0;0
0;8;-0.01;0.02;0;0;1
0;8;0.00;0.00;0;0;0
0;9;0.00;0.00;0;0;0
0;9;0.00;0.00;0;0;0
0;8;0.00;0.00;0;0;0
0;7;0.00;0.00;0;0;0
0;8;0.00;0.00;0;0;0
0;11;-0.01;0.02;0;0;1
0;7;0.00;0.00;0;0;0
0;7;0.00;0.00;0;0;0
0;8;0.00;0.00;0;0;0
0;10;0.00;0.00;0;0;0
0;7;0.00;0.00;0;0;0
0;8;0.00;0.00;0;0;0
0;8;0.00;0.00;0;0;0
0;11;-0.01;0.02;0;0;1
0;6;0.00;0.00;0;0;0
0;7;0.00;0.00;0;0;0
0;9;0.00;0.00;0;0;0
0;8;0.00;0.00;0;0;0
0;10;0.01;0.02;0;-1;0
0;7;0.00;0.00;0;0;0
0;11;-0.01;0.02;0;0;1
0;6;0.00;0.00;0;0;0
0;8;0.00;0.00;0;0;0
0;7;0.00;0.00;0;0;0
0;9;0.00;0.00;0;0;0
0;8;0.00;0.00;0;0;0
0;8;0.01;0.02;0;-1;0
0;8;-0.01;0.02;0;0;1
0;12;0.00;0.00;0;0;0
0;5;0.00;0.00;0;0;0
0;15;0.00;0.00;0;0;0
0;9;-0.01;0.02;0;0;1
0;10;0.01;0.02;0;-1;0
0;6;0.00;0.00;0;0;0
0;9;-0.01;0.02;0;0;1
0;13;0.00;0.00;0;0;0
0;7;-0.01;0.02;0;0;1
0;8;0.00;0.00;0;0;0
0;10;-0.01;0.02;0;0;1
0;8;-0.01;0.02;0;0;1
0;8;0.00;0.00;0;0;0
0;7;-0.01;0.02;0;0;1
0;14;0.01;0.02;0;-1;0
0;6;-0.01;0.02;0;0;1
0;8;0.00;0.00;0;0;0
0;9;-0.01;0.02;0;0;1
0;14;0.00;0.00;0;0;0
0;12;0.00;0.04;0;-1;1
0;7;0.00;0.00;0;0;0
0;8;0.00;0.00;0;0;0
0;13;-0.01;0.02;0;0;1
0;10;0.00;0.00;0;0;0
0;6;0.00;0.00;0;0;0
0;7;0.00;0.00;0;0;0
0;9;0.00;0.00;0;0;0
0;8;-0.01;0.02;0;0;1
0;8;0.00;0.00;0;0;0
0;8;0.00;0.00;0;0;0
0;8;0.00;0.00;0;0;0
0;9;0.00;0.00;0;0;0
0;8;0.00;0.00;0;0;0
0;8;0.00;0.00;0;0;0
0;8;-0.01;0.02;0;0;1
0;8;0.00;0.00;0;0;0
0;9;0.00;0.00;0;0;0
0;8;0.00;0.00;0;0;0
0;11;0.00;0.00;0;0;0
0;5;0.00;0.00;0;0;0
0;9;0.00;0.00;0;0;0
0;8;0.00;0.00;0;0;0
0;13;0.00;0.00;0;0;0
0;8;-0.01;0.02;0;0;1
0;7;0.00;0.00;0;0;0
0;8;0.00;0.00;0;0;0
0;9;0.00;0.00;0;0;0
0;9;0.00;0.00;0;0;0
0;7;0.00;0.00;0;0;0
0;8;-0.01;0.02;0;0;1
0;8;0.00;0.00;0;0;0
0;9;0.00;0.00;0;0;0
0;8;0.00;0.00;0;0;0
0;8;-0.02;0.00;-1;0;0
0;9;0.00;0.00;0;0;0
0;7;0.00;0.00;0;0;0
0;9;-0.01;0.02;0;0;1
0;8;0.00;0.00;0;0;0
0;8;0.00;0.00;0;0;0
0;8;0.00;0.00;0;0;0
0;8;-0.02;0.00;-1;0;0
0;9;0.00;0.00;0;0;0
0;8;0.00;0.00;0;0;0
0;8;-0.01;0.02;0;0;1
0;8;0.00;0.00;0;0;0
0;9;0.00;0.00;0;0;0
0;12;-0.02;0.00;-1;0;0
0;12;0.00;0.00;0;0;0
0;8;0.00;0.00;0;0;0
0;8;-0.01;0.02;0;0;1
0;10;0.00;0.00;0;0;0
0;7;0.00;0.00;0;0;0
0;8;0.00;0.00;0;0;0
0;8;-0.02;0.00;-1;0;0
0;8;0.00;0.00;0;0;0
0;8;-0.01;0.02;0;0;1
0;9;0.00;0.00;0;0;0
0;8;0.00;0.00;0;0;0
0;8;0.00;0.00;0;0;0
0;8;-0.02;0.00;-1;0;0
0;8;0.00;0.00;0;0;0
0;16;-0.01;0.02;0;0;1
0;8;0.00;0.00;0;0;0
0;6;0.00;0.00;0;0;0
0;7;0.00;0.00;0;0;0
0;8;0.00;0.04;0;-1;1
0;9;-0.02;0.00;-1;0;0
0;10;-0.01;0.02;0;0;1
0;6;0.00;0.00;0;0;0
0;12;0.00;0.00;0;0;0
0;8;-0.01;0.02;0;0;1
0;9;0.00;0.00;0;0;0
0;14;-0.04;0.02;-1;0;1
0;7;0.01;0.02;0;-1;0
0;7;-0.01;0.02;0;0;1
0;13;-0.01;0.02;0;0;1
0;4;0.00;0.00;0;0;0
0;10;-0.01;0.02;0;0;1
0;7;0.00;0.00;0;0;0
0;13;-0.02;0.04;-1;-1;1
0;8;0.00;0.00;0;0;0
0;8;0.00;0.00;0;0;0
0;7;0.00;0.00;0;0;0
0;10;-0.01;0.02;0;0;1
0;7;0.00;0.00;0;0;0
0;15;0.00;0.00;0;0;0
0;5;0.00;0.00;0;0;0
0;8;0.01;0.02;0;-1;0
0;8;0.00;0.00;0;0;0
0;8;-0.01;0.02;0;0;1
0;9;0.00;0.00;0;0;0
0;8;0.00;0.00;0;0;0
0;10;0.00;0.00;0;0;0
0;10;0.00;0.00;0;0;0
0;5;-0.01;0.02;0;0;1
0;8;0.00;0.00;0;0;0
0;10;0.00;0.00;0;0;0
0;9;0.00;0.00;0;0;0
0;5;0.00;0.00;0;0;0
0;16;-0.01;0.02;0;0;1
0;9;0.00;0.00;0;0;0
0;8;0.00;0.00;0;0;0
0;8;0.00;0.00;0;0;0
0;8;0.00;0.00;0;0;0
0;13;0.00;0.00;0;0;0
0;5;0.00;0.00;0;0;0
0;12;-0.01;0.02;0;0;1
0;9;0.00;0.00;0;0;0
0;7;0.00;0.00;0;0;0
0;23;0.00;0.00;0;0;0
0;6;0.00;0.00;0;0;0
0;7;-0.01;0.02;0;0;1
0;9;0.00;0.00;0;0;0
0;8;0.00;0.00;0;0;0
0;8;0.00;0.00;0;0;0
0;8;0.00;0.00;0;0;0
0;8;0.00;0.00;0;0;0
0;9;0.00;0.00;0;0;0
0;8;-0.01;0.02;0;0;1
0;8;0.00;0.00;0;0;0
0;9;0.00;0.00;0;0;0
0;7;0.00;0.00;0;0;0
0;12;0.00;0.00;0;0;0
0;5;0.00;0.00;0;0;0
0;8;-0.01;0.02;0;0;1
0;8;0.00;0.00;0;0;0
0;8;0.00;0.00;0;0;0
0;8;0.00;0.00;0;0;0
0;8;0.00;0.00;0;0;0
0;9;0.00;0.00;0;0;0
0;8;0.00;0.00;0;0;0
0;13;-0.01;0.02;0;0;1
0;9;0.00;0.00;0;0;0
0;6;0.00;0.00;0;0;0
0;9;0.00;0.00;0;0;0
0;8;0.00;0.00;0;0;0
0;8;0.00;0.00;0;0;0
0;8;-0.01;0.02;0;0;1
0;8;0.00;0.00;0;0;0
0;9;0.00;0.00;0;0;0
0;8;0.00;0.00;0;0;0
0;10;-0.02;0.00;-1;0;0
0;10;0.00;0.00;0;0;0
0;8;0.00;0.00;0;0;0
0;9;-0.01;0.02;0;0;1
0;9;0.00;0.00;0;0;0
0;8;-0.02;0.00;-1;0;0
0;7;0.00;0.00;0;0;0
0;14;0.00;0.00;0;0;0
0;7;0.00;0.00;0;0;0
0;8;0.00;0.00;0;0;0
0;8;-0.01;0.02;0;0;1
0;9;0.00;0.00;0;0;0
0;14;-0.02;0.00;-1;0;0
0;6;0.00;0.00;0;0;0
0;11;0.00;0.00;0;0;0
0;6;0.00;0.00;0;0;0
0;8;-0.01;0.02;0;0;1
0;8;0.00;0.00;0;0;0
0;12;-0.02;0.00;-1;0;0
0;8;0.00;0.00;0;0;0
0;8;0.00;0.00;0;0;0
0;8;0.00;0.00;0;0;0
0;11;-0.01;0.02;0;0;1
0;6;0.00;0.00;0;0;0
0;8;-0.02;0.00;-1;0;0
0;14;0.00;0.00;0;0;0
0;6;0.00;0.00;0;0;0
0;12;0.00;0.00;0;0;0
0;5;-0.01;0.02;0;0;1
0;11;0.00;0.00;0;0;0
0;5;0.00;0.00;0;0;0
0;8;-0.02;0.00;-1;0;0
0;9;0.00;0.00;0;0;0
0;9;0.00;0.00;0;0;0
0;7;0.00;0.00;0;0;0
0;8;-0.01;0.02;0;0;1
0;8;0.00;0.00;0;0;0
0;9;0.00;0.00;0;0;0
0;9;-0.02;0.00;-1;0;0
0;8;0.00;0.00;0;0;0
0;7;0.00;0.00;0;0;0
0;8;0.00;0.00;0;0;0
0;9;-0.01;0.02;0;0;1
0;10;0.00;0.00;0;0;0
0;7;-0.02;0.00;-1;0;0
0;7;0.00;0.00;0;0;0
0;11;-0.01;0.02;0;0;1
0;7;0.00;0.00;0;0;0
0;7;-0.01;0.02;0;0;1
0;8;0.00;0.00;0;0;0
0;11;-0.01;0.02;0;0;1
0;10;-0.02;0.00;-1;0;0
0;8;-0.01;0.02;0;0;1
0;9;0.00;0.00;0;0;0
0;8;-0.01;0.02;0;0;1
0;11;0.00;0.00;0;0;0
0;8;-0.01;0.02;0;0;1
0;13;-0.02;0.00;-1;0;0
0;8;-0.01;0.02;0;0;1
0;8;0.00;0.00;0;0;0
0;8;0.00;0.00;0;0;0
0;15;-0.01;0.02;0;0;1
0;9;-0.04;0.02;-1;0;1
0;6;0.00;0.00;0;0;0
0;8;0.00;0.00;0;0;0
0;7;0.00;0.00;0;0;0
0;9;-0.01;0.02;0;0;1
0;11;0.00;0.00;0;0;0
0;6;0.00;0.00;0;0;0
0;7;-0.02;0.00;-1;0;0
0;13;0.00;0.00;0;0;0
0;13;-0.01;0.02;0;0;1
0;7;0.00;0.00;0;0;0
0;8;0.00;0.00;0;0;0
0;15;-0.02;0.00;-1;0;0
0;7;0.00;0.00;0;0;0
0;7;0.00;0.00;0;0;0
0;11;0.00;0.00;0;0;0
0;10;0.00;0.00;0;0;0
0;7;-0.04;0.02;-1;0;1
0;12;0.00;0.00;0;0;0
0;5;0.00;0.00;0;0;0
0;9;0.00;0.00;0;0;0
0;10;0.00;0.00;0;0;0
0;7;0.00;0.00;0;0;0
0;7;0.00;0.00;0;0;0
0;8;-0.02;0.00;-1;0;0
0;28;-0.01;0.02;0;0;1
0;9;0.00;0.00;0;0;0
0;8;0.00;0.00;0;0;0
0;10;0.00;0.00;0;0;0
0;6;-0.02;0.00;-1;0;0
0;20;-0.01;0.02;0;0;1
0;11;0.00;0.00;0;0;0
0;10;0.00;0.00;0;0;0
0;12;-0.02;0.00;-1;0;0
0;10;0.00;0.00;0;0;0
0;7;0.00;0.00;0;0;0
0;11;-0.01;0.02;0;0;1
0;6;0.00;0.00;0;0;0
0;7;0.00;0.00;0;0;0
0;9;0.00;0.00;0;0;0
0;11;-0.02;0.00;-1;0;0
0;5;0.00;0.00;0;0;0
0;9;0.00;0.00;0;0;0
0;8;-0.01;0.02;0;0;1
0;10;0.00;0.00;0;0;0
0;6;0.00;0.00;0;0;0
0;8;0.00;0.00;0;0;0
0;8;-0.02;0.00;-1;0;0
0;8;-0.01;0.02;0;0;1
0;9;0.00;0.00;0;0;0
0;8;0.00;0.00;0;0;0
0;8;-0.01;0.02;0;0;1
0;12;0.00;0.00;0;0;0
0;4;0.00;0.00;0;0;0
0;8;-0.01;0.02;0;0;1
0;9;-0.02;0.00;-1;0;0
0;8;-0.01;0.02;0;0;1
0;8;0.00;0.00;0;0;0
0;8;-0.01;0.02;0;0;1
0;8;0.00;0.00;0;0;0
0;9;-0.01;0.02;0;0;1
0;8;0.00;0.00;0;0;0
0;8;0.00;0.00;0;0;0
0;8;-0.04;0.02;-1;0;1
0;10;0.00;0.00;0;0;0
0;7;-0.01;0.02;0;0;1
0;8;0.00;0.00;0;0;0
0;8;-0.01;0.02;0;0;1
0;8;0.00;0.00;0;0;0
0;8;-0.04;0.02;-1;0;1
0;12;0.00;0.00;0;0;0
0;5;-0.01;0.02;0;0;1
0;9;0.00;0.00;0;0;0
0;12;0.00;0.00;0;0;0
0;9;-0.01;0.02;0;0;1
0;7;0.00;0.00;0;0;0
0;8;-0.02;0.00;-1;0;0
0;9;0.00;0.00;0;0;0
0;7;-0.01;0.02;0;0;1
0;8;0.00;0.00;0;0;0
0;11;0.00;0.00;0;0;0
0;8;0.00;0.00;0;0;0
0;7;-0.02;0.00;-1;0;0
0;7;-0.01;0.02;0;0;1
0;9;0.00;0.00;0;0;0
0;8;0.00;0.00;0;0;0
0;13;0.00;0.00;0;0;0
0;7;0.00;0.00;0;0;0
0;11;0.00;0.00;0;0;0
0;6;0.00;0.00;0;0;0
0;8;-0.04;0.02;-1;0;1
0;8;0.00;0.00;0;0;0
0;9;0.00;0.00;0;0;0
0;7;0.00;0.00;0;0;0
0;9;0.00;0.00;0;0;0
0;12;0.00;0.00;0;0;0
0;8;0.00;0.00;0;0;0
0;8;-0.01;0.02;0;0;1
0;7;-0.02;0.00;-1;0;0
0;11;0.00;0.00;0;0;0
0;6;0.00;0.00;0;0;0
0;9;0.00;0.00;0;0;0
0;7;0.00;0.00;0;0;0
0;9;0.00;0.00;0;0;0
0;7;-0.01;0.02;0;0;1
0;11;-0.02;0.00;-1;0;0
0;7;0.00;0.00;0;0;0
0;12;0.00;0.00;0;0;0
0;7;0.00;0.00;0;0;0
0;8;0.00;0.00;0;0;0
0;12;-0.01;0.02;0;0;1
0;11;0.00;0.00;0;0;0
0;6;0.00;0.00;0;0;0
0;8;0.00;0.00;0;0;0
0;8;-0.02;0.00;-1;0;0
0;9;0.00;0.00;0;0;0
0;9;-0.01;0.02;0;0;1
0;8;0.00;0.00;0;0;0
0;7;0.00;0.00;0;0;0
0;13;0.00;0.00;0;0;0
0;5;0.00;0.00;0;0;0
0;11;-0.01;0.02;0;0;1
0;9;0.00;0.00;0;0;0
0;7;-0.02;0.00;-1;0;0
0;10;0.00;0.00;0;0;0
0;7;0.00;0.00;0;0;0
0;8;0.00;0.00;0;0;0
0;11;-0.01;0.02;0;0;1
0;9;0.00;0.00;0;0;0
0;9;0.00;0.00;0;0;0
0;8;-0.02;0.00;-1;0;0
0;9;0.00;0.00;0;0;0
0;11;0.00;0.00;0;0;0
0;8;-0.01;0.02;0;0;1
0;27;0.00;0.00;0;0;0
0;16;-0.02;0.00;-1;0;0
0;11;-0.01;0.02;0;0;1
0;8;0.00;0.00;0;0;0
0;8;0.00;0.00;0;0;0
0;8;0.00;0.00;0;0;0
0;8;0.00;0.00;0;0;0
0;9;0.00;0.00;0;0;0
0;15;-0.04;0.02;-1;0;1
0;5;0.00;0.00;0;0;0
0;9;0.00;0.00;0;0;0
0;8;0.00;0.00;0;0;0
0;9;0.00;0.00;0;0;0
0;7;0.00;0.00;0;0;0
0;8;-0.01;0.02;0;0;1
0;8;0.00;0.00;0;0;0
0;8;-0.02;0.00;-1;0;0
0;9;0.00;0.00;0;0;0
0;8;0.00;0.00;0;0;0
0;8;0.00;0.00;0;0;0
0;8;-0.01;0.02;0;0;1
0;8;0.00;0.00;0;0;0
0;9;0.00;0.00;0;0;0
0;8;-0.02;0.00;-1;0;0
0;8;0.00;0.00;0;0;0
0;9;0.00;0.00;0;0;0
0;7;-0.01;0.02;0;0;1
0;9;0.00;0.00;0;0;0
0;8;0.00;0.00;0;0;0
0;8;0.00;0.00;0;0;0
0;8;-0.02;0.00;-1;0;0
0;8;0.00;0.00;0;0;0
0;9;-0.01;0.02;0;0;1
0;8;0.00;0.00;0;0;0
0;8;0.00;0.00;0;0;0
0;8;0.00;0.00;0;0;0
0;8;0.00;0.00;0;0;0
0;8;-0.02;0.00;-1;0;0
0;9;-0.01;0.02;0;0;1
0;8;0.00;0.00;0;0;0
0;8;0.00;0.00;0;0;0
0;8;0.00;0.00;0;0;0
0;12;0.00;0.00;0;0;0
0;5;0.00;0.00;0;0;0
0;10;-0.04;0.02;-1;0;1
0;6;0.00;0.00;0;0;0
0;10;0.00;0.00;0;0;0
0;6;0.00;0.00;0;0;0
0;16;0.00;0.00;0;0;0
0;5;0.00;0.00;0;0;0
0;8;-0.01;0.02;0;0;1
0;9;-0.02;0.00;-1;0;0
0;12;0.00;0.00;0;0;0
0;8;0.00;0.00;0;0;0
0;8;0.00;0.00;0;0;0
0;11;-0.01;0.02;0;0;1
0;5;0.00;0.00;0;0;0
0;9;0.00;0.00;0;0;0
0;8;-0.02;0.00;-1;0;0
0;12;0.00;0.00;0;0;0
0;8;0.00;0.00;0;0;0
0;8;-0.01;0.02;0;0;1
0;10;0.00;0.00;0;0;0
0;11;0.00;0.00;0;0;0
0;8;-0.02;0.00;-1;0;0
0;8;0.00;0.00;0;0;0
0;9;-0.01;0.02;0;0;1
0;8;0.00;0.00;0;0;0
0;8;0.00;0.00;0;0;0
0;8;0.00;0.00;0;0;0
0;8;0.00;0.00;0;0;0
0;9;-0.02;0.00;-1;0;0
0;9;0.00;0.00;0;0;0
0;7;-0.01;0.02;0;0;1
0;8;0.00;0.00;0;0;0
0;8;0.00;0.00;0;0;0
0;13;0.00;0.00;0;0;0
0;8;0.00;0.00;0;0;0
0;8;-0.04;0.02;-1;0;1
0;8;0.00;0.00;0;0;0
0;8;0.00;0.00;0;0;0
0;8;0.00;0.00;0;0;0
0;9;0.00;0.00;0;0;0
0;8;0.00;0.00;0;0;0
0;8;-0.01;0.02;0;0;1
0;8;-0.02;0.00;-1;0;0
0;8;0.00;0.00;0;0;0
0;11;0.00;0.00;0;0;0
0;6;0.00;0.00;0;0;0
0;9;0.00;0.00;0;0;0
0;7;0.00;0.00;0;0;0
0;9;-0.04;0.02;-1;0;1
0;8;0.00;0.00;0;0;0
0;8;0.00;0.00;0;0;0
0;8;0.00;0.00;0;0;0
0;8;0.00;0.00;0;0;0
0;8;0.00;0.00;0;0;0
0;10;-0.02;0.00;-1;0;0
0;7;-0.01;0.02;0;0;1
0;11;0.00;0.00;0;0;0
0;5;0.00;0.00;0;0;0
0;8;0.00;0.00;0;0;0
0;12;0.00;0.00;0;0;0
0;10;-0.02;0.00;-1;0;0
0;12;-0.01;0.02;0;0;1
0;10;0.00;0.00;0;0;0
0;6;0.00;0.00;0;0;0
0;8;0.00;0.00;0;0;0
0;9;0.00;0.00;0;0;0
0;15;-0.04;0.02;-1;0;1
0;8;0.00;0.00;0;0;0
0;11;0.00;0.00;0;0;0
0;13;0.00;0.00;0;0;0
0;6;0.00;0.00;0;0;0
0;7;-0.04;0.02;-1;0;1
0;8;0.00;0.00;0;0;0
0;9;0.00;0.00;0;0;0
0;8;0.00;0.00;0;0;0
0;9;0.00;0.00;0;0;0
0;7;0.00;0.00;0;0;0
0;8;-0.02;0.00;-1;0;0
0;9;0.00;0.00;0;0;0
0;8;-0.01;0.02;0;0;1
0;9;0.00;0.00;0;0;0
0;8;0.00;0.00;0;0;0
0;11;0.00;0.00;0;0;0
0;14;-0.02;0.00;-1;0;0
0;7;-0.01;0.02;0;0;1
0;13;0.00;0.00;0;0;0
0;12;0.00;0.00;0;0;0
0;8;0.00;0.00;0;0;0
0;11;0.00;0.00;0;0;0
0;5;-0.01;0.02;0;0;1
0;12;-0.02;0.00;-1;0;0
0;9;0.00;0.00;0;0;0
0;9;0.00;0.00;0;0;0
0;7;0.00;0.00;0;0;0
0;8;0.00;0.00;0;0;0
0;8;-0.01;0.02;0;0;1
0;8;-0.02;0.00;-1;0;0
0;8;0.00;0.00;0;0;0
0;8;0.00;0.00;0;0;0
0;8;0.00;0.00;0;0;0
0;10;0.00;0.00;0;0;0
0;6;0.00;0.00;0;0;0
0;9;-0.04;0.02;-1;0;1
0;10;0.00;0.00;0;0;0
0;9;0.00;0.00;0;0;0
0;5;0.00;0.00;0;0;0
0;8;0.00;0.00;0;0;0
0;14;-0.02;0.00;-1;0;0
0;7;-0.01;0.02;0;0;1
0;9;0.00;0.00;0;0;0
0;7;0.00;0.00;0;0;0
0;13;0.00;0.00;0;0;0
0;8;0.00;0.00;0;0;0
0;8;-0.01;0.02;0;0;1
0;11;-0.02;0.00;-1;0;0
0;8;0.00;0.00;0;0;0
0;6;0.00;0.00;0;0;0
0;12;0.00;0.00;0;0;0
0;8;0.00;0.00;0;0;0
0;13;-0.04;0.02;-1;0;1
0;11;0.00;0.00;0;0;0
0;5;0.00;0.00;0;0;0
0;8;0.00;0.00;0;0;0
0;11;-0.02;0.00;-1;0;0
0;5;0.00;0.00;0;0;0
0;8;-0.01;0.02;0;0;1
0;9;0.00;0.00;0;0;0
0;11;0.00;0.00;0;0;0
0;8;-0.02;0.00;-1;0;0
0;5;0.00;0.00;0;0;0
0;8;0.00;0.00;0;0;0
0;9;-0.01;0.02;0;0;1
0;10;0.00;0.00;0;0;0
0;7;0.00;0.00;0;0;0
0;10;-0.02;0.00;-1;0;0
0;5;0.00;0.00;0;0;0
0;11;0.00;0.00;0;0;0
0;7;-0.01;0.02;0;0;1
0;11;0.00;0.00;0;0;0
0;8;0.00;0.00;0;0;0
0;16;-0.02;0.00;-1;0;0
0;11;0.00;0.00;0;0;0
0;7;-0.01;0.02;0;0;1
0;10;0.00;0.00;0;0;0
0;6;0.00;0.00;0;0;0
0;13;-0.02;0.00;-1;0;0
0;7;0.00;0.00;0;0;0
0;8;0.00;0.00;0;0;0
0;8;0.00;0.00;0;0;0
0;8;-0.01;0.02;0;0;1
0;9;-0.02;0.00;-1;0;0
0;8;0.00;0.00;0;0;0
0;14;0.00;0.00;0;0;0
0;7;0.00;0.00;0;0;0
0;9;0.00;0.00;0;0;0
0;8;-0.04;0.02;-1;0;1
0;9;0.00;0.00;0;0;0
0;6;0.00;0.00;0;0;0
0;9;0.00;0.00;0;0;0
0;11;0.00;0.00;0;0;0
0;5;0.00;0.00;0;0;0
0;8;-0.02;0.00;-1;0;0
0;8;-0.01;0.02;0;0;1
0;8;0.00;0.00;0;0;0
0;8;0.00;0.00;0;0;0
0;9;0.00;0.00;0;0;0
0;10;-0.02;0.00;-1;0;0
0;6;0.00;0.00;0;0;0
0;8;-0.01;0.02;0;0;1
0;8;0.00;0.00;0;0;0
0;11;0.00;0.00;0;0;0
0;6;0.00;0.00;0;0;0
0;8;-0.02;0.00;-1;0;0
0;10;0.00;0.00;0;0;0
0;6;0.00;0.00;0;0;0
0;9;-0.01;0.02;0;0;1
0;8;0.00;0.00;0;0;0
0;8;0.00;0.00;0;0;0
0;8;-0.02;0.00;-1;0;0
0;8;0.00;0.00;0;0;0
0;9;0.00;0.00;0;0;0
0;10;0.00;0.00;0;0;0
0;6;-0.01;0.02;0;0;1
0;8;0.00;0.00;0;0;0
0;8;0.00;0.00;0;0;0
0;8;-0.02;0.00;-1;0;0
0;9;0.00;0.00;0;0;0
0;8;0.00;0.00;0;0;0
0;8;0.00;0.00;0;0;0
0;8;-0.01;0.02;0;0;1
0;8;0.00;0.00;0;0;0
0;9;-0.02;0.00;-1;0;0
0;8;0.00;0.00;0;0;0
0;8;0.00;0.00;0;0;0
0;8;0.00;0.00;0;0;0
0;11;-0.01;0.02;0;0;1
0;9;0.00;0.00;0;0;0
0;8;-0.02;0.00;-1;0;0
0;10;0.00;0.00;0;0;0
0;7;0.00;0.00;0;0;0
0;8;0.00;0.00;0;0;0
0;9;0.00;0.00;0;0;0
0;8;0.00;0.00;0;0;0
0;8;-0.04;0.02;-1;0;1
0;8;0.00;0.00;0;0;0
0;8;0.00;0.00;0;0;0
0;9;0.00;0.00;0;0;0
0;8;0.00;0.00;0;0;0
0;8;0.00;0.00;0;0;0
0;8;-0.02;0.00;-1;0;0
0;8;-0.01;0.02;0;0;1
0;9;0.00;0.00;0;0;0
0;8;0.00;0.00;0;0;0
0;8;0.00;0.00;0;0;0
0;8;0.00;0.00;0;0;0
0;8;-0.02;0.00;-1;0;0
0;9;0.00;0.00;0;0;0
0;8;-0.01;0.02;0;0;1
0;8;0.00;0.00;0;0;0
0;8;0.00;0.00;0;0;0
0;8;0.00;0.00;0;0;0
0;10;-0.02;0.00;-1;0;0
0;7;0.00;0.00;0;0;0
0;8;0.00;0.00;0;0;0
0;8;0.00;0.00;0;0;0
0;8;-0.01;0.02;0;0;1
0;8;0.00;0.00;0;0;0
0;9;-0.02;0.00;-1;0;0
0;8;0.00;0.00;0;0;0
0;11;0.00;0.00;0;0;0
0;5;0.00;0.00;0;0;0
0;8;0.00;0.00;0;0;0
0;9;0.00;0.00;0;0;0
0;8;-0.04;0.02;-1;0;1
0;8;0.00;0.00;0;0;0
0;9;0.00;0.00;0;0;0
0;7;0.00;0.00;0;0;0
0;9;0.00;0.00;0;0;0
0;8;0.00;0.00;0;0;0
0;8;-0.02;0.00;-1;0;0
0;8;0.00;0.00;0;0;0
0;9;-0.01;0.02;0;0;1
0;8;0.00;0.00;0;0;0
0;8;0.00;0.00;0;0;0
0;10;0.00;0.00;0;0;0
0;12;-0.02;0.00;-1;0;0
0;8;0.00;0.00;0;0;0
0;7;0.00;0.00;0;0;0
0;22;-0.01;0.02;0;0;1
0;8;-0.02;0.00;-1;0;0
0;6;0.00;0.00;0;0;0
0;12;0.00;0.00;0;0;0
0;9;0.00;0.00;0;0;0
0;8;0.00;0.00;0;0;0
0;8;0.00;0.00;0;0;0
0;8;-0.04;0.02;-1;0;1
0;9;0.00;0.00;0;0;0
0;10;0.00;0.00;0;0;0
0;6;0.00;0.00;0;0;0
0;8;0.00;0.00;0;0;0
0;12;0.00;0.00;0;0;0
0;5;-0.02;0.00;-1;0;0
0;8;-0.01;0.02;0;0;1
0;8;0.00;0.00;0;0;0
0;10;0.00;0.00;0;0;0
0;6;0.00;0.00;0;0;0
0;9;0.00;0.00;0;0;0
0;8;0.00;0.00;0;0;0
0;8;-0.02;0.00;-1;0;0
0;8;-0.01;0.02;0;0;1
0;8;0.00;0.00;0;0;0
0;9;0.00;0.00;0;0;0
0;10;0.00;0.00;0;0;0
0;7;0.00;0.00;0;0;0
0;11;-0.02;0.00;-1;0;0
0;11;-0.01;0.02;0;0;1
0;6;0.00;0.00;0;0;0
0;8;0.00;0.00;0;0;0
0;8;0.00;0.00;0;0;0
0;8;0.00;0.00;0;0;0
0;8;-0.02;0.00;-1;0;0
0;9;0.00;0.00;0;0;0
0;8;0.00;0.00;0;0;0
0;11;-0.01;0.02;0;0;1
0;5;0.00;0.00;0;0;0
0;8;0.00;0.00;0;0;0
0;9;-0.02;0.00;-1;0;0
0;8;0.00;0.00;0;0;0
0;8;0.00;0.00;0;0;0
0;8;0.00;0.00;0;0;0
0;8;-0.01;0.02;0;0;1
0;8;0.00;0.00;0;0;0
0;9;0.00;0.00;0;0;0
0;8;-0.02;0.00;-1;0;0
0;7;0.00;0.00;0;0;0
0;9;0.00;0.00;0;0;0
0;7;0.00;0.00;0;0;0
0;10;0.00;0.00;0;0;0
0;8;-0.01;0.02;0;0;1
0;8;0.00;0.00;0;0;0
0;8;-0.02;0.00;-1;0;0
0;8;0.00;0.00;0;0;0
0;9;0.00;0.00;0;0;0
0;8;0.00;0.00;0;0;0
0;8;0.00;0.00;0;0;0
0;8;-0.01;0.02;0;0;1
0;8;0.00;0.00;0;0;0
0;9;-0.02;0.00;-1;0;0
0;8;0.00;0.00;0;0;0
0;8;0.00;0.00;0;0;0
0;8;0.00;0.00;0;0;0
0;7;0.00;0.00;0;0;0
0;10;0.00;0.00;0;0;0
0;9;0.00;0.00;0;0;0
0;9;-0.01;0.02;0;0;1
0;6;-0.02;0.00;-1;0;0
0;8;0.00;0.00;0;0;0
0;8;0.00;0.00;0;0;0
0;9;0.00;0.00;0;0;0
0;7;0.00;0.00;0;0;0
0;9;0.00;0.00;0;0;0
0;8;-0.01;0.02;0;0;1
0;8;-0.02;0.00;-1;0;0
0;9;0.00;0.00;0;0;0
0;8;0.00;0.00;0;0;0
0;8;0.00;0.00;0;0;0
0;8;0.00;0.00;0;0;0
0;8;0.00;0.00;0;0;0
0;9;-0.01;0.02;0;0;1
0;8;0.00;0.00;0;0;0
0;8;-0.02;0.00;-1;0;0
0;7;0.00;0.00;0;0;0
0;12;0.00;0.00;0;0;0
0;10;0.00;0.00;0;0;0
0;7;-0.01;0.02;0;0;1
0;11;0.00;0.00;0;0;0
0;5;-0.02;0.00;-1;0;0
0;9;0.00;0.00;0;0;0
0;8;0.00;0.00;0;0;0
0;12;0.00;0.00;0;0;0
0;9;-0.01;0.02;0;0;1
0;7;0.00;0.00;0;0;0
0;8;0.00;0.00;0;0;0
0;9;-0.02;0.00;-1;0;0
0;8;0.00;0.00;0;0;0
0;8;0.00;0.00;0;0;0
0;8;0.00;0.00;0;0;0
0;8;0.00;0.00;0;0;0
0;9;-0.01;0.02;0;0;1
0;7;0.00;0.00;0;0;0
0;12;-0.02;0.00;-1;0;0
0;30;-0.01;0.02;0;0;1
0;10;0.00;0.00;0;0;0
0;7;0.00;0.00;0;0;0
0;7;0.00;0.00;0;0;0
0;9;-0.02;0.00;-1;0;0
0;9;0.00;0.00;0;0;0
0;10;-0.01;0.02;0;0;1
0;6;0.00;0.00;0;0;0
0;7;0.00;0.00;0;0;0
0;15;0.00;0.00;0;0;0
0;6;0.00;0.00;0;0;0
0;18;-0.04;0.02;-1;0;1
0;13;0.00;0.00;0;0;0
0;8;0.00;0.00;0;0;0
0;6;0.00;0.00;0;0;0
0;19;0.00;0.00;0;0;0
0;11;-0.04;0.02;-1;0;1
0;7;0.00;0.00;0;0;0
0;9;0.00;0.00;0;0;0
0;7;0.00;0.00;0;0;0
0;16;0.00;0.00;0;0;0
0;34;-0.04;0.02;-1;0;1
0;9;0.00;0.00;0;0;0
0;11;0.00;0.00;0;0;0
0;12;-0.01;0.02;0;0;1
0;12;-0.02;0.00;-1;0;0
0;9;0.00;0.00;0;0;0
0;11;0.00;0.00;0;0;0
0;12;-0.01;0.02;0;0;1
0;6;0.00;0.00;0;0;0
0;9;0.00;0.00;0;0;0
0;9;-0.02;0.00;-1;0;0
0;9;0.00;0.00;0;0;0
0;5;0.00;0.00;0;0;0
0;8;-0.01;0.02;0;0;1
0;7;0.00;0.00;0;0;0
0;11;0.00;0.00;0;0;0
0;7;0.00;0.00;0;0;0
0;9;-0.02;0.00;-1;0;0
0;7;0.00;0.00;0;0;0
0;8;0.00;0.00;0;0;0
0;7;-0.01;0.02;0;0;1
0;10;0.00;0.00;0;0;0
0;7;0.00;0.00;0;0;0
0;8;0.00;0.00;0;0;0
0;8;0.00;0.00;0;0;0
0;9;-0.04;0.02;-1;0;1
0;8;0.00;0.00;0;0;0
0;8;0.00;0.00;0;0;0
0;9;0.00;0.00;0;0;0
0;8;0.00;0.00;0;0;0
0;8;0.00;0.00;0;0;0
0;8;0.00;0.00;0;0;0
0;11;-0.01;0.02;0;0;1
0;7;-0.02;0.00;-1;0;0
0;7;0.00;0.00;0;0;0
0;8;0.00;0.00;0;0;0
0;12;0.00;0.00;0;0;0
0;10;-0.01;0.02;0;0;1
0;8;0.00;0.00;0;0;0
0;9;0.00;0.00;0;0;0
0;6;-0.02;0.00;-1;0;0
0;10;0.00;0.00;0;0;0
0;7;0.00;0.00;0;0;0
0;12;-0.01;0.02;0;0;1
0;11;0.00;0.00;0;0;0
0;6;0.00;0.00;0;0;0
0;8;-0.02;0.00;-1;0;0
0;10;0.00;0.00;0;0;0
0;6;0.00;0.00;0;0;0
0;8;0.00;0.00;0;0;0
0;7;-0.01;0.02;0;0;1
0;11;0.00;0.00;0;0;0
0;7;0.00;0.00;0;0;0
0;8;-0.02;0.00;-1;0;0
0;8;0.00;0.00;0;0;0
0;8;0.00;0.00;0;0;0
0;8;-0.01;0.02;0;0;1
0;12;0.00;0.00;0;0;0
0;30;-0.01;0.02;0;0;1
0;11;-0.02;0.00;-1;0;0
0;18;0.00;0.00;0;0;0
0;8;0.00;0.00;0;0;0
0;8;0.00;0.00;0;0;0
0;8;-0.01;0.02;0;0;1
0;8;0.00;0.00;0;0;0
0;7;0.00;0.00;0;0;0
0;8;-0.02;0.00;-1;0;0
0;9;0.00;0.00;0;0;0
0;8;0.00;0.00;0;0;0
0;8;0.00;0.00;0;0;0
0;8;0.00;0.00;0;0;0
0;8;-0.01;0.02;0;0;1
0;8;-0.02;0.00;-1;0;0
0;11;0.00;0.00;0;0;0
0;7;0.00;0.00;0;0;0
0;18;0.00;0.00;0;0;0
0;10;-0.01;0.02;0;0;1
0;8;-0.02;0.00;-1;0;0
0;10;0.00;0.00;0;0;0
0;7;0.00;0.00;0;0;0
0;11;0.00;0.00;0;0;0
0;6;-0.01;0.02;0;0;1
0;9;0.00;0.00;0;0;0
0;7;0.00;0.00;0;0;0
0;8;-0.02;0.00;-1;0;0
0;7;0.00;0.00;0;0;0
0;8;0.00;0.00;0;0;0
0;9;-0.01;0.02;0;0;1
0;9;0.00;0.00;0;0;0
0;8;0.00;0.00;0;0;0
0;9;0.00;0.00;0;0;0
0;7;0.00;0.00;0;0;0
0;10;-0.04;0.02;-1;0;1
0;13;0.00;0.00;0;0;0
0;6;0.00;0.00;0;0;0
0;9;0.00;0.00;0;0;0
0;8;0.00;0.00;0;0;0
0;9;-0.02;0.00;-1;0;0
0;7;-0.01;0.02;0;0;1
0;8;0.00;0.00;0;0;0
0;8;0.00;0.00;0;0;0
0;7;0.00;0.00;0;0;0
0;9;0.00;0.00;0;0;0
0;9;-0.02;0.00;-1;0;0
0;8;0.00;0.00;0;0;0
0;8;-0.01;0.02;0;0;1
0;8;0.00;0.00;0;0;0
0;8;0.00;0.00;0;0;0
0;8;-0.02;0.00;-1;0;0
0;8;0.00;0.00;0;0;0
0;9;-0.01;0.02;0;0;1
0;7;0.00;0.00;0;0;0
0;9;0.00;0.00;0;0;0
0;8;0.00;0.00;0;0;0
0;12;-0.02;0.00;-1;0;0
0;11;0.00;0.00;0;0;0
0;6;0.00;0.00;0;0;0
0;11;0.00;0.00;0;0;0
0;9;0.00;0.00;0;0;0
0;9;0.00;0.00;0;0;0
0;8;-0.02;0.00;-1;0;0
0;9;-0.01;0.02;0;0;1
0;8;0.00;0.00;0;0;0
0;10;0.00;0.00;0;0;0
0;6;0.00;0.00;0;0;0
0;11;0.00;0.00;0;0;0
0;5;0.00;0.00;0;0;0
0;9;-0.04;0.02;-1;0;1
0;8;0.00;0.00;0;0;0
0;14;0.00;0.00;0;0;0
0;11;0.00;0.00;0;0;0
0;14;-0.04;0.02;-1;0;1
0;7;0.00;0.00;0;0;0
0;7;0.00;0.00;0;0;0
0;8;0.00;0.00;0;0;0
0;7;0.00;0.00;0;0;0
0;9;0.00;0.00;0;0;0
0;8;-0.04;0.02;-1;0;1
0;8;0.00;0.00;0;0;0
0;8;0.00;0.00;0;0;0
0;8;0.00;0.00;0;0;0
0;9;0.00;0.00;0;0;0
0;8;0.00;0.00;0;0;0
0;8;0.00;0.00;0;0;0
0;9;-0.04;0.02;-1;0;1
0;8;0.00;0.00;0;0;0
0;8;0.00;0.00;0;0;0
0;9;0.00;0.00;0;0;0
0;7;0.00;0.00;0;0;0
0;8;0.00;0.00;0;0;0
0;8;-0.04;0.02;-1;0;1
0;9;0.00;0.00;0;0;0
0;8;0.00;0.00;0;0;0
0;8;0.00;0.00;0;0;0
0;9;0.00;0.00;0;0;0
0;8;0.00;0.00;0;0;0
0;7;-0.04;0.02;-1;0;1
0;10;0.00;0.00;0;0;0
0;7;0.00;0.00;0;0;0
0;8;0.00;0.00;0;0;0
0;8;0.00;0.00;0;0;0
0;9;-0.02;0.00;-1;0;0
0;8;0.00;0.00;0;0;0
0;8;-0.01;0.02;0;0;1
0;8;0.00;0.00;0;0;0
0;8;0.00;0.00;0;0;0
0;8;-0.02;0.00;-1;0;0
0;9;0.00;0.00;0;0;0
0;9;0.00;0.00;0;0;0
0;7;0.00;0.00;0;0;0
0;8;-0.01;0.02;0;0;1
0;9;0.00;0.00;0;0;0
0;12;-0.02;0.00;-1;0;0
0;5;0.00;0.00;0;0;0
0;9;0.00;0.00;0;0;0
0;7;0.00;0.00;0;0;0
0;8;0.00;0.00;0;0;0
0;9;0.00;0.00;0;0;0
0;7;0.00;0.00;0;0;0
0;8;-0.02;0.00;-1;0;0
0;8;0.00;0.00;0;0;0
0;8;0.00;0.00;0;0;0
0;11;0.00;0.00;0;0;0
0;7;0.00;0.00;0;0;0
0;18;-0.02;0.00;-1;0;0
0;6;0.00;0.00;0;0;0
0;7;0.00;0.00;0;0;0
0;10;0.00;0.00;0;0;0
0;7;0.00;0.00;0;0;0
0;8;-0.02;0.00;-1;0;0
0;8;0.00;0.00;0;0;0
0;16;0.00;0.00;0;0;0
0;9;0.00;0.00;0;0;0
0;5;0.00;0.00;0;0;0
0;8;0.00;0.00;0;0;0
0;8;-0.02;0.00;-1;0;0
0;8;0.00;0.00;0;0;0
0;8;0.00;0.00;0;0;0
0;8;0.00;0.00;0;0;0
0;14;0.00;0.00;0;0;0
0;7;0.00;0.00;0;0;0
0;8;-0.02;0.00;-1;0;0
0;10;0.00;0.00;0;0;0
0;7;0.00;0.00;0;0;0
0;7;0.00;0.00;0;0;0
0;8;0.00;0.00;0;0;0
0;8;0.00;0.00;0;0;0
0;9;-0.02;0.00;-1;0;0
0;8;0.00;0.00;0;0;0
0;9;0.00;0.00;0;0;0
0;8;0.00;0.00;0;0;0
0;7;0.00;0.00;0;0;0
0;9;0.00;0.00;0;0;0
0;8;-0.02;0.00;-1;0;0
0;8;0.00;0.00;0;0;0
0;12;0.00;0.00;0;0;0
0;5;0.00;0.00;0;0;0
0;9;0.00;0.00;0;0;0
0;7;0.00;0.00;0;0;0
0;9;-0.02;0.00;-1;0;0
0;13;0.00;0.00;0;0;0
0;7;0.00;0.00;0;0;0
0;9;0.00;0.00;0;0;0
0;10;0.00;0.00;0;0;0
0;6;0.00;0.00;0;0;0
0;8;0.00;0.00;0;0;0
0;7;-0.02;0.00;-1;0;0
0;9;0.00;0.00;0;0;0
0;8;0.00;0.00;0;0;0
0;10;0.00;0.00;0;0;0
0;9;0.00;0.00;0;0;0
0;9;-0.02;0.00;-1;0;0
0;10;0.00;0.00;0;0;0
0;7;0.00;0.00;0;0;0
0;20;0.00;0.00;0;0;0
0;10;0.00;0.00;0;0;0
0;7;-0.02;0.00;-1;0;0
0;8;0.00;0.00;0;0;0
0;8;0.00;0.00;0;0;0
0;11;0.00;0.00;0;0;0
0;11;0.00;0.00;0;0;0
0;7;0.00;0.00;0;0;0
0;8;-0.02;0.00;-1;0;0
0;8;0.00;0.00;0;0;0
0;8;0.00;0.00;0;0;0
0;10;0.00;0.00;0;0;0
0;7;0.00;0.00;0;0;0
0;8;0.00;0.00;0;0;0
0;8;-0.02;0.00;-1;0;0
0;8;0.00;0.00;0;0;0
0;8;0.00;0.00;0;0;0
0;7;0.00;0.00;0;0;0
0;8;0.00;0.00;0;0;0
0;11;-0.02;0.00;-1;0;0
0;7;0.00;0.00;0;0;0
0;7;0.00;0.00;0;0;0
0;8;0.00;0.00;0;0;0
0;8;0.00;0.00;0;0;0
0;8;0.00;0.00;0;0;0
0;10;0.00;0.00;0;0;0
0;7;-0.02;0.00;-1;0;0
0;10;0.00;0.00;0;0;0
0;7;0.00;0.00;0;0;0
0;7;0.00;0.00;0;0;0
0;8;0.00;0.00;0;0;0
0;8;0.00;0.00;0;0;0
0;9;-0.02;0.00;-1;0;0
0;8;0.00;0.00;0;0;0
0;8;0.00;0.00;0;0;0
0;11;0.00;0.00;0;0;0
0;6;0.00;0.00;0;0;0
0;8;0.00;0.00;0;0;0
0;8;-0.04;-0.02;-1;1;0
0;15;0.00;0.00;0;0;0
0;6;0.00;0.00;0;0;0
0;8;0.00;0.00;0;0;0
0;12;0.00;0.00;0;0;0
0;5;0.00;0.00;0;0;0
0;9;-0.04;-0.02;-1;1;0
0;7;0.00;0.00;0;0;0
0;12;0.00;0.00;0;0;0
0;8;0.00;0.00;0;0;0
0;8;0.00;0.00;0;0;0
0;8;0.00;0.00;0;0;0
0;22;-0.04;-0.02;-1;1;0
0;12;0.00;0.00;0;0;0
0;9;0.00;0.00;0;0;0
0;7;0.00;0.00;0;0;0
0;8;-0.02;0.00;-1;0;0
0;8;-0.01;-0.02;0;1;0
0;10;0.00;0.00;0;0;0
0;7;0.00;0.00;0;0;0
0;7;0.00;0.00;0;0;0
0;8;0.00;0.00;0;0;0
0;9;-0.02;0.00;-1;0;0
0;8;0.00;0.00;0;0;0
0;8;0.00;0.00;0;0;0
0;8;0.00;0.00;0;0;0
0;8;-0.01;-0.02;0;1;0
0;8;0.00;0.00;0;0;0
0;9;-0.02;0.00;-1;0;0
0;8;0.00;0.00;0;0;0
0;8;0.00;0.00;0;0;0
0;8;0.00;0.00;0;0;0
0;8;0.00;0.00;0;0;0
0;11;-0.01;-0.02;0;1;0
0;7;-0.02;0.00;-1;0;0
0;8;0.00;0.00;0;0;0
0;8;0.00;0.00;0;0;0
0;7;0.00;0.00;0;0;0
0;9;0.00;0.00;0;0;0
0;9;0.00;0.00;0;0;0
0;7;-0.01;-0.02;0;1;0
0;8;-0.02;0.00;-1;0;0
0;8;0.00;0.00;0;0;0
0;9;0.00;0.00;0;0;0
0;8;0.00;0.00;0;0;0
0;8;0.00;0.00;0;0;0
0;8;-0.01;-0.02;0;1;0
0;12;-0.02;0.00;-1;0;0
0;6;0.00;0.00;0;0;0
0;7;0.00;0.00;0;0;0
0;8;0.00;0.00;0;0;0
0;9;0.00;0.00;0;0;0
0;8;0.00;0.00;0;0;0
0;7;-0.02;0.00;-1;0;0
0;9;-0.01;-0.02;0;1;0
0;15;0.00;0.00;0;0;0
0;6;0.00;0.00;0;0;0
0;10;0.00;0.00;0;0;0
0;13;-0.02;0.00;-1;0;0
0;6;0.00;0.00;0;0;0
0;8;-0.01;-0.02;0;1;0
0;7;0.00;0.00;0;0;0
0;15;0.00;0.00;0;0;0
0;7;0.00;0.00;0;0;0
0;9;-0.04;0.02;-1;0;1
0;8;0.00;0.00;0;0;0
0;7;0.00;0.00;0;0;0
0;7;-0.01;-0.02;0;1;0
0;10;0.00;0.00;0;0;0
0;9;0.00;0.00;0;0;0
0;9;0.00;0.00;0;0;0
0;6;-0.02;0.00;-1;0;0
0;8;0.00;0.00;0;0;0
0;8;0.00;0.00;0;0;0
0;9;-0.01;-0.02;0;1;0
0;8;0.00;0.00;0;0;0
0;12;0.00;0.00;0;0;0
0;15;-0.02;0.00;-1;0;0
0;6;0.00;0.00;0;0;0
0;8;0.00;0.00;0;0;0
0;8;0.00;0.00;0;0;0
0;12;-0.01;-0.02;0;1;0
0;8;-0.02;0.00;-1;0;0
0;10;0.00;0.00;0;0;0
0;7;0.00;0.00;0;0;0
0;10;0.00;0.00;0;0;0
0;6;0.00;0.00;0;0;0
0;9;0.00;0.00;0;0;0
0;8;0.00;0.00;0;0;0
0;8;-0.04;-0.02;-1;1;0
0;14;0.00;0.00;0;0;0
0;6;0.00;0.00;0;0;0
0;10;0.00;0.00;0;0;0
0;8;0.00;0.00;0;0;0
0;8;0.00;0.00;0;0;0
0;7;-0.02;0.00;-1;0;0
0;9;-0.01;-0.02;0;1;0
0;8;0.00;0.00;0;0;0
0;7;0.00;0.00;0;0;0
0;8;0.00;0.00;0;0;0
0;11;0.00;0.00;0;0;0
0;6;0.00;0.00;0;0;0
0;10;-0.02;0.00;-1;0;0
0;7;-0.01;-0.02;0;1;0
0;7;0.00;0.00;0;0;0
0;8;0.00;0.00;0;0;0
0;8;0.00;0.00;0;0;0
0;9;0.00;0.00;0;0;0
0;11;0.00;0.00;0;0;0
0;6;-0.02;0.00;-1;0;0
0;8;0.00;0.00;0;0;0
0;8;-0.01;-0.02;0;1;0
0;11;0.00;0.00;0;0;0
0;6;0.00;0.00;0;0;0
0;8;0.00;0.00;0;0;0
0;8;0.00;0.00;0;0;0
0;8;0.00;0.00;0;0;0
0;8;-0.02;0.00;-1;0;0
0;9;0.00;0.00;0;0;0
0;7;-0.01;-0.02;0;1;0
0;8;0.00;0.00;0;0;0
0;8;0.00;0.00;0;0;0
0;8;0.00;0.00;0;0;0
0;9;0.00;0.00;0;0;0
0;8;-0.02;0.00;-1;0;0
0;8;0.00;0.00;0;0;0
0;8;0.00;0.00;0;0;0
0;9;-0.01;-0.02;0;1;0
0;8;0.00;0.00;0;0;0
0;10;0.00;0.00;0;0;0
0;7;0.00;0.00;0;0;0
0;7;-0.02;0.00;-1;0;0
0;8;0.00;0.00;0;0;0
0;9;0.00;0.00;0;0;0
0;8;0.00;0.00;0;0;0
0;8;-0.01;-0.02;0;1;0
0;8;0.00;0.00;0;0;0
0;13;0.00;0.00;0;0;0
0;9;-0.02;0.00;-1;0;0
0;8;0.00;0.00;0;0;0
0;17;0.00;0.00;0;0;0
0;7;-0.01;-0.02;0;1;0
0;8;0.00;0.00;0;0;0
0;8;0.00;0.00;0;0;0
0;8;-0.02;0.00;-1;0;0
0;8;0.00;0.00;0;0;0
0;8;0.00;0.00;0;0;0
0;14;0.00;0.00;0;0;0
0;8;-0.01;-0.02;0;1;0
0;7;0.00;0.00;0;0;0
0;8;0.00;0.00;0;0;0
0;17;0.00;0.00;0;0;0
0;8;0.00;0.00;0;0;0
0;8;0.00;0.00;0;0;0
0;10;0.00;0.00;0;0;0
0;7;-0.01;-0.02;0;1;0
0;10;0.00;0.00;0;0;0
0;9;-0.02;0.00;-1;0;0
0;7;0.00;0.00;0;0;0
0;7;0.00;0.00;0;0;0
0;9;0.00;0.00;0;0;0
0;11;0.00;0.00;0;0;0
0;11;-0.01;-0.02;0;1;0
0;6;0.00;0.00;0;0;0
0;8;0.00;0.00;0;0;0
0;8;0.00;0.00;0;0;0
0;9;0.00;0.00;0;0;0
0;8;0.00;0.00;0;0;0
0;7;0.00;0.00;0;0;0
0;8;-0.01;-0.02;0;1;0
0;8;0.00;0.00;0;0;0
0;9;0.00;0.00;0;0;0
0;8;0.00;0.00;0;0;0
0;8;0.00;0.00;0;0;0
0;9;0.00;0.00;0;0;0
0;8;0.00;0.00;0;0;0
0;8;-0.01;-0.02;0;1;0
0;9;0.00;0.00;0;0;0
0;9;0.00;0.00;0;0;0
0;8;0.00;0.00;0;0;0
0;7;0.00;0.00;0;0;0
0;7;0.00;0.00;0;0;0
0;10;0.00;0.00;0;0;0
0;7;0.00;0.00;0;0;0
0;10;-0.01;-0.02;0;1;0
0;6;0.00;0.00;0;0;0
0;12;0.00;0.00;0;0;0
0;7;0.00;0.00;0;0;0
0;8;0.00;0.00;0;0;0
0;7;0.00;0.00;0;0;0
0;11;0.00;0.00;0;0;0
0;8;0.00;0.00;0;0;0
0;9;0.00;0.00;0;0;0
0;8;0.00;0.00;0;0;0
0;9;0.00;0.00;0;0;0
0;7;0.00;0.00;0;0;0
0;9;0.00;0.00;0;0;0
0;9;0.00;0.00;0;0;0
0;7;0.00;0.00;0;0;0
0;8;0.00;0.00;0;0;0
0;8;0.00;0.00;0;0;0
0;8;0.00;0.00;0;0;0
0;9;0.00;0.00;0;0;0
0;8;0.00;0.00;0;0;0
0;8;0.00;0.00;0;0;0
0;8;0.00;0.00;0;0;0
0;8;0.00;0.00;0;0;0
0;8;0.00;0.00;0;0;0
0;9;0.00;0.00;0;0;0
0;8;0.00;0.00;0;0;0
0;10;0.00;0.00;0;0;0
0;7;0.00;0.00;0;0;0
0;8;0.00;0.00;0;0;0
0;10;0.00;0.00;0;0;0
0;6;0.00;0.00;0;0;0
0;8;0.00;0.00;0;0;0
0;8;0.00;0.00;0;0;0
0;8;0.00;0.00;0;0;0
0;11;0.00;0.00;0;0;0
0;7;0.00;0.00;0;0;0
0;8;0.00;0.00;0;0;0
0;7;0.00;0.00;0;0;0
0;8;0.00;0.00;0;0;0
0;9;0.00;0.00;0;0;0
0;8;0.00;0.00;0;0;0
0;8;0.00;0.00;0;0;0
0;8;0.00;0.00;0;0;0
0;14;0.00;0.00;0;0;0
0;11;0.00;0.00;0;0;0
0;13;0.00;0.00;0;0;0
0;7;0.00;0.00;0;0;0
0;9;0.00;0.00;0;0;0
0;8;0.00;0.00;0;0;0
0;14;0.00;0.00;0;0;0
0;8;0.00;0.00;0;0;0
0;12;0.00;0.00;0;0;0
0;14;0.00;0.00;0;0;0
0;6;0.00;0.00;0;0;0
0;7;0.00;0.00;0;0;0
0;12;0.00;0.00;0;0;0
0;7;0.00;0.00;0;0;0
0;7;0.00;0.00;0;0;0
0;10;0.00;0.00;0;0;0
0;14;0.00;0.00;0;0;0
0;7;0.00;0.00;0;0;0
0;9;0.00;0.00;0;0;0
0;11;0.00;0.00;0;0;0
0;6;0.00;0.00;0;0;0
0;7;0.00;0.00;0;0;0
0;8;0.00;0.00;0;0;0
0;10;0.00;0.00;0;0;0
0;7;0.00;0.00;0;0;0
0;8;0.00;0.00;0;0;0
0;10;0.00;0.00;0;0;0
0;13;0.00;0.00;0;0;0
0;7;0.00;0.00;0;0;0
0;7;0.00;0.00;0;0;0
0;12;0.00;0.00;0;0;0
0;13;0.00;0.00;0;0;0
0;10;0.00;0.00;0;0;0
0;6;0.00;0.00;0;0;0
0;24;0.00;0.00;0;0;0
0;10;0.00;0.00;0;0;0
0;8;0.00;0.00;0;0;0
0;9;0.00;0.00;0;0;0
0;8;0.00;0.00;0;0;0
0;6;0.00;0.00;0;0;0
0;8;0.00;0.00;0;0;0
0;15;0.00;0.00;0;0;0
0;7;0.00;0.00;0;0;0
0;7;0.00;0.00;0;0;0
0;8;0.00;0.00;0;0;0
0;11;0.00;0.00;0;0;0
0;6;0.00;0.00;0;0;0
0;12;0.00;0.00;0;0;0
0;8;0.00;0.00;0;0;0
0;7;0.00;0.00;0;0;0
0;9;0.00;0.00;0;0;0
0;8;0.00;0.00;0;0;0
0;8;0.00;0.00;0;0;0
0;8;0.00;0.00;0;0;0
0;8;0.00;0.00;0;0;0
0;9;0.00;0.00;0;0;0
0;8;0.00;0.00;0;0;0
0;8;0.00;0.00;0;0;0
0;8;0.00;0.00;0;0;0
0;8;0.00;0.00;0;0;0
0;8;0.00;0.00;0;0;0
0;9;0.00;0.00;0;0;0
0;8;0.00;0.00;0;0;0
0;8;0.00;0.00;0;0;0
0;8;0.00;0.00;0;0;0
0;8;0.00;0.00;0;0;0
0;9;0.00;0.00;0;0;0
0;8;0.00;0.00;0;0;0
0;8;0.00;0.00;0;0;0
0;8;0.00;0.00;0;0;0
0;8;0.00;0.00;0;0;0
0;9;0.00;0.00;0;0;0
0;8;0.00;0.00;0;0;0
0;8;0.00;0.00;0;0;0
0;8;0.00;0.00;0;0;0
0;14;0.00;0.00;0;0;0
0;8;0.00;0.00;0;0;0
0;8;0.00;0.00;0;0;0
0;7;0.00;0.00;0;0;0
0;8;0.00;0.00;0;0;0
0;8;0.00;0.00;0;0;0
0;10;0.00;0.00;0;0;0
0;7;0.00;0.00;0;0;0
0;8;0.00;0.00;0;0;0
0;13;0.00;0.00;0;0;0
0;7;0.00;0.00;0;0;0
0;9;0.00;0.00;0;0;0
0;8;0.00;0.00;0;0;0
0;13;0.00;0.00;0;0;0
0;10;0.00;0.00;0;0;0
0;7;0.00;0.00;0;0;0
0;10;0.00;0.00;0;0;0
0;6;0.00;0.00;0;0;0
0;8;0.00;0.00;0;0;0
0;7;0.00;0.00;0;0;0
0;19;0.00;0.00;0;0;0
0;7;0.00;0.00;0;0;0
0;11;0.00;0.00;0;0;0
0;9;0.00;0.00;0;0;0
0;8;0.00;0.00;0;0;0
0;9;0.00;0.00;0;0;0
0;7;0.00;0.00;0;0;0
0;9;0.00;0.00;0;0;0
0;7;0.00;0.00;0;0;0
0;8;0.00;0.00;0;0;0
0;9;0.00;0.00;0;0;0
0;8;0.00;0.00;0;0;0
0;8;0.00;0.00;0;0;0
0;8;0.00;0.00;0;0;0
0;8;0.00;0.00;0;0;0
0;9;0.00;0.00;0;0;0
0;8;0.00;0.00;0;0;0
0;8;0.00;0.00;0;0;0
0;8;0.00;0.00;0;0;0
0;11;0.00;0.00;0;0;0
0;7;0.00;0.00;0;0;0
0;7;0.00;0.00;0;0;0
0;8;0.00;0.00;0;0;0
0;9;0.00;0.00;0;0;0
0;7;0.00;0.00;0;0;0
0;10;0.00;0.00;0;0;0
0;8;0.00;0.00;0;0;0
0;8;0.00;0.00;0;0;0
0;7;0.00;0.00;0;0;0
0;8;0.00;0.00;0;0;0
0;11;0.00;0.00;0;0;0
0;17;0.00;0.00;0;0;0
0;7;0.00;0.00;0;0;0
0;7;0.00;0.00;0;0;0
0;11;-0.02;0.00;-1;0;0
0;9;0.00;0.00;0;0;0
0;8;0.00;0.00;0;0;0
0;8;0.00;0.00;0;0;0
0;18;0.00;0.00;0;0;0
0;7;0.00;0.00;0;0;0
0;8;0.00;0.00;0;0;0
0;8;0.00;0.00;0;0;0
0;8;-0.02;0.00;-1;0;0
0;9;0.00;0.00;0;0;0
0;8;0.00;0.00;0;0;0
0;9;0.00;0.00;0;0;0
0;7;0.00;0.00;0;0;0
0;9;0.00;0.00;0;0;0
0;7;0.00;0.00;0;0;0
0;10;0.00;0.00;0;0;0
0;7;-0.02;0.00;-1;0;0
0;9;0.00;0.00;0;0;0
0;7;0.00;0.00;0;0;0
0;18;0.00;0.00;0;0;0
0;8;0.00;0.00;0;0;0
0;9;0.00;0.00;0;0;0
0;12;0.00;0.00;0;0;0
0;6;-0.02;0.00;-1;0;0
0;9;0.00;0.00;0;0;0
0;11;0.00;0.00;0;0;0
0;5;0.00;0.00;0;0;0
0;9;0.00;0.00;0;0;0
0;12;0.00;0.00;0;0;0
0;8;0.00;0.00;0;0;0
0;5;0.00;0.00;0;0;0
0;11;-0.02;0.00;-1;0;0
0;8;0.00;0.00;0;0;0
0;8;0.00;0.00;0;0;0
0;9;0.00;0.00;0;0;0
0;12;0.00;0.00;0;0;0
0;8;0.00;0.00;0;0;0
0;12;0.00;0.00;0;0;0
0;10;0.00;0.00;0;0;0
0;15;-0.02;0.00;-1;0;0
0;9;0.00;0.00;0;0;0
0;9;0.00;0.00;0;0;0
0;8;0.00;0.00;0;0;0
0;7;0.00;0.00;0;0;0
0;8;0.00;0.00;0;0;0
0;8;-0.02;0.00;-1;0;0
0;8;0.00;0.00;0;0;0
0;9;0.00;0.00;0;0;0
0;8;0.00;0.00;0;0;0
0;8;0.00;0.00;0;0;0
0;8;0.00;0.00;0;0;0
0;8;0.00;0.00;0;0;0
0;9;0.00;0.00;0;0;0
0;8;-0.02;0.00;-1;0;0
0;8;0.00;0.00;0;0;0
0;8;0.00;0.00;0;0;0
0;8;0.00;0.00;0;0;0
0;8;0.00;0.00;0;0;0
0;9;0.00;0.00;0;0;0
0;8;0.00;0.00;0;0;0
0;10;0.00;0.00;0;0;0
0;6;0.00;0.00;0;0;0
0;8;0.00;0.00;0;0;0
0;10;0.00;0.00;0;0;0
0;8;0.00;0.00;0;0;0
0;7;0.00;0.00;0;0;0
0;8;0.00;0.00;0;0;0
0;8;-0.02;0.00;-1;0;0
0;10;0.00;0.00;0;0;0
0;7;0.00;0.00;0;0;0
0;8;0.00;0.00;0;0;0
0;8;0.00;0.00;0;0;0
0;9;0.00;0.00;0;0;0
0;8;0.00;0.00;0;0;0
0;9;0.00;0.00;0;0;0
0;8;-0.02;0.00;-1;0;0
0;8;0.00;0.00;0;0;0
0;7;0.00;0.00;0;0;0
0;10;0.00;0.00;0;0;0
0;11;0.00;0.00;0;0;0
0;9;0.00;0.00;0;0;0
0;7;0.00;0.00;0;0;0
0;14;-0.02;0.00;-1;0;0
0;7;0.00;0.00;0;0;0
0;11;0.00;0.00;0;0;0
0;5;0.00;0.00;0;0;0
0;8;0.00;0.00;0;0;0
0;8;0.00;0.00;0;0;0
0;10;-0.02;0.00;-1;0;0
0;16;0.00;0.00;0;0;0
0;7;0.00;0.00;0;0;0
0;8;0.00;0.00;0;0;0
0;9;0.00;0.00;0;0;0
0;16;0.00;0.00;0;0;0
0;20;-0.02;0.00;-1;0;0
0;12;0.00;0.00;0;0;0
0;10;0.00;0.00;0;0;0
0;9;0.00;0.00;0;0;0
0;8;0.00;0.00;0;0;0
0;7;-0.02;0.00;-1;0;0
0;12;0.00;0.00;0;0;0
0;9;0.00;0.00;0;0;0
0;7;0.00;0.00;0;0;0
0;12;0.00;0.00;0;0;0
0;10;0.00;0.00;0;0;0
0;7;0.00;0.00;0;0;0
0;8;0.00;0.00;0;0;0
0;14;-0.02;0.00;-1;0;0
0;7;0.00;0.00;0;0;0
0;10;0.00;0.00;0;0;0
0;9;0.00;0.00;0;0;0
0;6;0.00;0.00;0;0;0
0;7;0.00;0.00;0;0;0
0;8;0.00;0.00;0;0;0
0;14;-0.02;0.00;-1;0;0
0;17;0.00;0.00;0;0;0
0;14;0.00;0.00;0;0;0
0;5;0.00;0.00;0;0;0
0;8;-0.02;0.00;-1;0;0
0;8;0.00;0.00;0;0;0
0;8;0.00;0.00;0;0;0
0;8;0.00;0.00;0;0;0
0;9;0.00;0.00;0;0;0
0;8;-0.02;0.00;-1;0;0
0;8;0.00;0.00;0;0;0
0;8;0.00;0.00;0;0;0
0;8;0.00;0.00;0;0;0
0;9;0.00;0.00;0;0;0
0;8;0.00;0.00;0;0;0
0;8;0.00;0.00;0;0;0
0;8;0.00;0.00;0;0;0
0;8;-0.02;0.00;-1;0;0
0;9;0.00;0.00;0;0;0
0;8;0.00;0.00;0;0;0
0;8;0.00;0.00;0;0;0
0;8;0.00;0.00;0;0;0
0;8;0.00;0.00;0;0;0
0;8;0.00;0.00;0;0;0
0;9;-0.02;0.00;-1;0;0
0;8;0.00;0.00;0;0;0
0;8;0.00;0.00;0;0;0
0;9;0.00;0.00;0;0;0
0;7;0.00;0.00;0;0;0
0;9;0.00;0.00;0;0;0
0;8;-0.02;0.00;-1;0;0
0;8;0.00;0.00;0;0;0
0;8;0.00;0.00;0;0;0
0;8;0.00;0.00;0;0;0
0;9;0.00;0.00;0;0;0
0;9;0.00;0.00;0;0;0
0;7;-0.02;0.00;-1;0;0
0;8;0.00;0.00;0;0;0
0;8;0.00;0.00;0;0;0
0;10;0.00;0.00;0;0;0
0;8;0.00;0.00;0;0;0
0;9;0.00;0.00;0;0;0
0;7;0.00;0.00;0;0;0
0;7;-0.02;0.00;-1;0;0
0;9;0.00;0.00;0;0;0
0;8;0.00;0.00;0;0;0
0;8;0.00;0.00;0;0;0
0;8;0.00;0.00;0;0;0
0;8;0.00;0.00;0;0;0
0;8;-0.02;0.00;-1;0;0
0;9;0.00;0.00;0;0;0
0;8;0.00;0.00;0;0;0
0;8;0.00;0.00;0;0;0
0;8;0.00;0.00;0;0;0
0;8;0.00;0.00;0;0;0
0;9;-0.02;0.00;-1;0;0
0;8;0.00;0.00;0;0;0
0;8;-0.01;0.02;0;0;1
0;8;0.00;0.00;0;0;0
0;8;0.00;0.00;0;0;0
0;9;0.00;0.00;0;0;0
0;8;0.00;0.00;0;0;0
0;8;-0.02;0.00;-1;0;0
0;8;-0.01;0.02;0;0;1
0;11;0.00;0.00;0;0;0
0;6;0.00;0.00;0;0;0
0;8;0.00;0.00;0;0;0
0;8;0.00;0.00;0;0;0
0;8;-0.02;0.00;-1;0;0
0;8;0.00;0.00;0;0;0
0;9;-0.01;0.02;0;0;1
0;8;0.00;0.00;0;0;0
0;14;0.00;0.00;0;0;0
0;8;0.00;0.00;0;0;0
0;6;-0.02;0.00;-1;0;0
0;11;0.00;0.00;0;0;0
0;7;0.00;0.00;0;0;0
0;7;-0.01;0.02;0;0;1
0;8;0.00;0.00;0;0;0
0;18;-0.02;0.00;-1;0;0
0;9;0.00;0.00;0;0;0
0;6;0.00;0.00;0;0;0
0;22;0.00;0.00;0;0;0
0;8;-0.02;0.00;-1;0;0
0;7;0.00;0.00;0;0;0
0;11;0.00;0.00;0;0;0
0;5;0.00;0.00;0;0;0
0;8;0.00;0.00;0;0;0
0;9;0.00;0.00;0;0;0
0;13;-0.02;0.00;-1;0;0
0;7;0.00;0.00;0;0;0
0;8;0.00;0.00;0;0;0
0;15;0.00;0.00;0;0;0
0;8;0.00;0.00;0;0;0
0;11;0.00;0.00;0;0;0
0;14;-0.02;0.00;-1;0;0
0;5;0.00;0.00;0;0;0
0;10;0.00;0.00;0;0;0
0;12;0.00;0.00;0;0;0
0;14;-0.01;0.02;0;0;1
0;7;-0.02;0.00;-1;0;0
0;8;0.00;0.00;0;0;0
0;7;0.00;0.00;0;0;0
0;14;0.00;0.00;0;0;0
0;6;0.00;0.00;0;0;0
0;11;-0.01;0.02;0;0;1
0;6;-0.02;0.00;-1;0;0
0;11;0.00;0.00;0;0;0
0;5;0.00;0.00;0;0;0
0;8;0.00;0.00;0;0;0
0;14;-0.02;0.00;-1;0;0
0;7;0.00;0.00;0;0;0
0;8;-0.01;0.02;0;0;1
0;13;0.00;0.00;0;0;0
0;7;0.00;0.00;0;0;0
0;9;0.00;0.00;0;0;0
0;8;0.00;0.00;0;0;0
0;12;0.00;0.00;0;0;0
0;8;-0.01;0.02;0;0;1
0;8;0.00;0.00;0;0;0
0;10;0.00;0.00;0;0;0
0;13;-0.01;-0.02;0;1;0
0;8;0.00;0.00;0;0;0
0;6;0.00;0.00;0;0;0
0;14;-0.01;0.02;0;0;1
0;7;0.00;0.00;0;0;0
0;8;0.00;0.00;0;0;0
0;8;0.00;0.00;0;0;0
0;15;0.00;0.00;0;0;0
0;6;0.00;0.00;0;0;0
0;11;-0.01;0.02;0;0;1
0;5;0.00;0.00;0;0;0
0;8;0.00;0.00;0;0;0
0;8;0.00;0.00;0;0;0
0;9;0.00;0.00;0;0;0
0;8;0.00;0.00;0;0;0
0;8;0.00;0.00;0;0;0
0;12;-0.01;0.02;0;0;1
0;8;0.00;0.00;0;0;0
0;9;0.00;0.00;0;0;0
0;8;0.00;0.00;0;0;0
0;8;0.00;0.00;0;0;0
0;8;0.00;0.00;0;0;0
0;9;-0.01;0.02;0;0;1
0;9;0.00;0.00;0;0;0
0;9;-0.02;0.00;-1;0;0
0;6;0.00;0.00;0;0;0
0;8;0.00;0.00;0;0;0
0;10;0.00;0.00;0;0;0
0;8;0.00;0.00;0;0;0
0;9;0.00;0.00;0;0;0
0;8;-0.01;0.02;0;0;1
0;10;-0.02;0.00;-1;0;0
0;8;0.00;0.00;0;0;0
0;9;0.00;0.00;0;0;0
0;8;0.00;0.00;0;0;0
0;8;0.00;0.00;0;0;0
0;8;0.00;0.00;0;0;0
0;8;-0.01;0.02;0;0;1
0;9;-0.02;0.00;-1;0;0
0;8;0.00;0.00;0;0;0
0;8;0.00;0.00;0;0;0
0;8;0.00;0.00;0;0;0
0;8;0.00;0.00;0;0;0
0;9;0.00;0.00;0;0;0
0;8;-0.04;0.02;-1;0;1
0;8;0.00;0.00;0;0;0
0;12;0.00;0.00;0;0;0
0;8;0.00;0.00;0;0;0
0;9;0.00;0.00;0;0;0
0;8;-0.02;0.00;-1;0;0
0;12;-0.01;0.02;0;0;1
0;9;0.00;0.00;0;0;0
0;7;0.00;0.00;0;0;0
0;14;0.00;0.00;0;0;0
0;7;-0.02;0.00;-1;0;0
0;8;0.00;0.00;0;0;0
0;8;0.00;0.00;0;0;0
0;9;-0.01;0.02;0;0;1
0;8;0.00;0.00;0;0;0
0;8;0.00;0.00;0;0;0
0;11;-0.02;0.00;-1;0;0
0;6;0.00;0.00;0;0;0
0;8;0.00;0.00;0;0;0
0;8;0.00;0.00;0;0;0
0;8;-0.01;0.02;0;0;1
0;8;0.00;0.00;0;0;0
0;8;-0.02;0.00;-1;0;0
0;12;0.00;0.00;0;0;0
0;7;0.00;0.00;0;0;0
0;6;0.00;0.00;0;0;0
0;8;0.00;0.00;0;0;0
0;8;-0.01;0.02;0;0;1
0;8;-0.02;0.00;-1;0;0
0;10;0.00;0.00;0;0;0
0;11;0.00;0.00;0;0;0
0;8;0.00;0.00;0;0;0
0;8;0.00;0.00;0;0;0
0;8;-0.02;0.00;-1;0;0
0;9;-0.01;0.02;0;0;1
0;9;0.00;0.00;0;0;0
0;9;0.00;0.00;0;0;0
0;12;0.00;0.00;0;0;0
0;8;0.00;0.00;0;0;0
0;8;-0.02;0.00;-1;0;0
0;15;0.00;0.00;0;0;0
0;9;-0.01;0.02;0;0;1
0;7;0.00;0.00;0;0;0
0;9;0.00;0.00;0;0;0
0;8;0.00;0.00;0;0;0
0;8;-0.02;0.00;-1;0;0
0;8;0.00;0.00;0;0;0
0;16;0.00;0.00;0;0;0
0;5;-0.01;0.02;0;0;1
0;10;0.00;0.00;0;0;0
0;6;-0.02;0.00;-1;0;0
0;20;0.00;0.00;0;0;0
0;8;0.00;0.00;0;0;0
0;6;0.00;0.00;0;0;0
0;10;0.00;0.00;0;0;0
0;9;-0.04;0.02;-1;0;1
0;22;0.00;0.00;0;0;0
0;10;0.00;0.00;0;0;0
0;7;0.00;0.00;0;0;0
0;10;0.00;0.00;0;0;0
0;8;-0.02;0.00;-1;0;0
0;5;-0.01;0.02;0;0;1
0;8;0.00;0.00;0;0;0
0;14;0.00;0.00;0;0;0
0;6;0.00;0.00;0;0;0
0;9;0.00;0.00;0;0;0
0;8;-0.02;0.00;-1;0;0
0;16;0.00;0.00;0;0;0
0;4;-0.01;0.02;0;0;1
0;9;0.00;0.00;0;0;0
0;10;0.00;0.00;0;0;0
0;8;0.00;0.00;0;0;0
0;6;-0.02;0.00;-1;0;0
0;8;0.00;0.00;0;0;0
0;9;0.00;0.00;0;0;0
0;8;0.00;0.00;0;0;0
0;13;-0.01;0.02;0;0;1
0;7;0.00;0.00;0;0;0
0;8;-0.02;0.00;-1;0;0
0;22;0.00;0.00;0;0;0
0;7;0.00;0.00;0;0;0
0;8;-0.01;0.02;0;0;1
0;11;-0.02;0.00;-1;0;0
0;6;0.00;0.00;0;0;0
0;8;0.00;0.00;0;0;0
0;13;0.00;0.00;0;0;0
0;7;0.00;0.00;0;0;0
0;8;0.00;0.00;0;0;0
0;10;-0.04;0.02;-1;0;1
0;13;0.00;0.00;0;0;0
0;6;0.00;0.00;0;0;0
0;8;0.00;0.00;0;0;0
0;9;0.00;0.00;0;0;0
0;9;0.00;0.00;0;0;0
0;7;-0.02;0.00;-1;0;0
0;14;-0.01;0.02;0;0;1
0;15;0.00;0.00;0;0;0
0;8;0.00;0.00;0;0;0
0;29;-0.02;0.00;-1;0;0
0;9;-0.01;0.02;0;0;1
0;18;0.00;0.00;0;0;0
0;5;0.00;0.00;0;0;0
0;8;-0.02;0.00;-1;0;0
0;10;0.00;0.00;0;0;0
0;11;-0.01;0.02;0;0;1
0;8;0.00;0.00;0;0;0
0;8;0.00;0.00;0;0;0
0;8;0.00;0.00;0;0;0
0;9;-0.02;0.00;-1;0;0
0;8;0.00;0.00;0;0;0
0;8;0.00;0.00;0;0;0
0;8;0.00;0.00;0;0;0
0;8;-0.01;0.02;0;0;1
0;9;0.00;0.00;0;0;0
0;8;0.00;0.00;0;0;0
0;8;-0.02;0.00;-1;0;0
0;8;0.00;0.00;0;0;0
0;8;0.00;0.00;0;0;0
0;9;0.00;0.00;0;0;0
0;8;0.00;0.00;0;0;0
0;12;-0.01;0.02;0;0;1
0;8;-0.02;0.00;-1;0;0
0;8;0.00;0.00;0;0;0
0;9;0.00;0.00;0;0;0
0;8;0.00;0.00;0;0;0
0;10;0.00;0.00;0;0;0
0;6;-0.01;0.02;0;0;1
0;8;0.00;0.00;0;0;0
0;13;-0.02;0.00;-1;0;0
0;8;0.00;0.00;0;0;0
0;8;0.00;0.00;0;0;0
0;8;0.00;0.00;0;0;0
0;8;-0.01;0.02;0;0;1
0;9;0.00;0.00;0;0;0
0;8;-0.02;0.00;-1;0;0
0;9;0.00;0.00;0;0;0
0;18;0.00;0.00;0;0;0
0;6;-0.01;0.02;0;0;1
0;11;0.00;0.00;0;0;0
0;9;-0.02;0.00;-1;0;0
0;11;0.00;0.00;0;0;0
0;10;0.00;0.00;0;0;0
0;8;-0.01;0.02;0;0;1
0;8;0.00;0.00;0;0;0
0;8;-0.02;0.00;-1;0;0
0;14;0.00;0.00;0;0;0
0;7;0.00;0.00;0;0;0
0;8;0.00;0.00;0;0;0
0;9;0.00;0.00;0;0;0
0;7;-0.01;0.02;0;0;1
0;8;0.00;0.00;0;0;0
0;12;-0.02;0.00;-1;0;0
0;16;0.00;0.00;0;0;0
0;9;0.00;0.00;0;0;0
0;8;-0.01;0.02;0;0;1
0;9;0.00;0.00;0;0;0
0;16;-0.02;0.00;-1;0;0
0;8;0.00;0.00;0;0;0
0;8;0.00;0.00;0;0;0
0;12;-0.01;0.02;0;0;1
0;5;0.00;0.00;0;0;0
0;8;0.00;0.00;0;0;0
0;9;0.00;0.00;0;0;0
0;9;-0.02;0.00;-1;0;0
0;7;0.00;0.00;0;0;0
0;8;0.00;0.00;0;0;0
0;8;-0.01;0.02;0;0;1
0;15;0.00;0.00;0;0;0
0;11;0.00;0.00;0;0;0
0;8;-0.02;0.00;-1;0;0
0;8;0.00;0.00;0;0;0
0;7;-0.01;0.02;0;0;1
0;8;0.00;0.00;0;0;0
0;8;0.00;0.00;0;0;0
0;20;0.00;0.00;0;0;0
0;5;-0.02;0.00;-1;0;0
0;8;-0.01;0.02;0;0;1
0;13;0.00;0.00;0;0;0
0;8;0.00;0.00;0;0;0
0;8;0.00;0.00;0;0;0
0;8;0.00;0.00;0;0;0
0;8;0.00;0.00;0;0;0
0;9;-0.04;0.02;-1;0;1
0;8;0.00;0.00;0;0;0
0;11;0.00;0.00;0;0;0
0;5;0.00;0.00;0;0;0
0;8;0.00;0.00;0;0;0
0;8;0.00;0.00;0;0;0
0;10;-0.04;0.02;-1;0;1
0;7;0.00;0.00;0;0;0
0;8;0.00;0.00;0;0;0
0;8;0.00;0.00;0;0;0
0;17;-0.01;0.02;0;0;1
0;8;0.00;0.00;0;0;0
0;8;-0.02;0.00;-1;0;0
0;8;0.00;0.00;0;0;0
0;8;0.00;0.00;0;0;0
0;9;0.00;0.00;0;0;0
0;11;-0.01;0.02;0;0;1
0;6;0.00;0.00;0;0;0
0;7;-0.02;0.00;-1;0;0
0;9;0.00;0.00;0;0;0
0;8;0.00;0.00;0;0;0
0;8;0.00;0.00;0;0;0
0;8;-0.01;0.02;0;0;1
0;8;0.00;0.00;0;0;0
0;8;0.00;0.00;0;0;0
0;8;0.00;0.00;0;0;0
0;9;-0.02;0.00;-1;0;0
0;8;0.00;0.00;0;0;0
0;8;-0.01;0.02;0;0;1
0;8;0.00;0.00;0;0;0
0;8;0.00;0.00;0;0;0
0;10;0.00;0.00;0;0;0
0;7;0.00;0.00;0;0;0
0;8;-0.02;0.00;-1;0;0
0;9;-0.01;0.02;0;0;1
0;7;0.00;0.00;0;0;0
0;9;0.00;0.00;0;0;0
0;8;0.00;0.00;0;0;0
0;8;0.00;0.00;0;0;0
0;8;0.00;0.00;0;0;0
0;8;-0.02;0.00;-1;0;0
0;9;-0.01;0.02;0;0;1
0;8;0.00;0.00;0;0;0
0;8;0.00;0.00;0;0;0
0;8;0.00;0.00;0;0;0
0;8;0.00;0.00;0;0;0
0;9;0.00;0.00;0;0;0
0;8;-0.02;0.00;-1;0;0
0;8;-0.01;0.02;0;0;1
0;8;0.00;0.00;0;0;0
0;8;0.00;0.00;0;0;0
0;8;0.00;0.00;0;0;0
0;9;0.00;0.00;0;0;0
0;8;0.00;0.00;0;0;0
0;10;-0.04;0.02;-1;0;1
0;6;0.00;0.00;0;0;0
0;8;0.00;0.00;0;0;0
0;9;0.00;0.00;0;0;0
0;8;0.00;0.00;0;0;0
0;8;-0.01;0.02;0;0;1
0;8;0.00;0.00;0;0;0
0;8;0.00;0.00;0;0;0
0;14;-0.02;0.00;-1;0;0
0;7;0.00;0.00;0;0;0
0;8;0.00;0.00;0;0;0
0;8;-0.01;0.02;0;0;1
0;8;0.00;0.00;0;0;0
0;9;0.00;0.00;0;0;0
0;8;-0.02;0.00;-1;0;0
0;12;0.00;0.00;0;0;0
0;8;0.00;0.00;0;0;0
0;9;-0.01;0.02;0;0;1
0;8;0.00;0.00;0;0;0
0;8;0.00;0.00;0;0;0
0;8;0.00;0.00;0;0;0
0;8;0.00;0.00;0;0;0
0;8;-0.02;0.00;-1;0;0
0;9;-0.01;0.02;0;0;1
0;8;0.00;0.00;0;0;0
0;8;0.00;0.00;0;0;0
0;8;0.00;0.00;0;0;0
0;8;0.00;0.00;0;0;0
0;11;-0.01;0.02;0;0;1
0;7;0.00;0.00;0;0;0
0;7;0.00;0.00;0;0;0
0;8;0.00;0.00;0;0;0
0;9;0.00;0.00;0;0;0
0;10;-0.01;0.02;0;0;1
0;7;0.00;0.00;0;0;0
0;7;0.00;0.00;0;0;0
0;11;0.00;0.00;0;0;0
0;9;0.00;0.00;0;0;0
0;9;0.00;0.00;0;0;0
0;9;0.00;0.00;0;0;0
0;7;-0.01;0.02;0;0;1
0;8;0.00;0.00;0;0;0
0;8;0.00;0.00;0;0;0
0;9;0.00;0.00;0;0;0
0;8;0.00;0.00;0;0;0
0;8;0.00;0.00;0;0;0
0;8;-0.01;0.02;0;0;1
0;26;0.00;0.00;0;0;0
0;7;0.00;0.00;0;0;0
0;19;-0.01;0.02;0;0;1
0;37;0.00;0.00;0;0;0
0;5;0.00;0.00;0;0;0
0;9;0.00;0.00;0;0;0
0;8;-0.01;0.02;0;0;1
0;8;0.00;0.00;0;0;0
0;15;0.00;0.00;0;0;0
0;7;0.00;0.00;0;0;0
0;7;0.00;0.00;0;0;0
0;9;-0.01;0.02;0;0;1
0;10;0.00;0.00;0;0;0
0;10;0.00;0.00;0;0;0
0;14;0.00;0.00;0;0;0
0;8;0.00;0.00;0;0;0
0;7;-0.01;0.02;0;0;1
0;10;0.00;0.00;0;0;0
0;6;0.00;0.00;0;0;0
0;9;0.00;0.00;0;0;0
0;8;0.00;0.00;0;0;0
0;19;-0.01;0.02;0;0;1
0;8;0.00;0.00;0;0;0
0;9;0.00;0.00;0;0;0
0;15;0.00;0.00;0;0;0
0;5;0.00;0.00;0;0;0
0;8;0.00;0.00;0;0;0
0;8;-0.01;0.02;0;0;1
0;9;0.00;0.00;0;0;0
0;8;0.00;0.00;0;0;0
0;8;0.00;0.00;0;0;0
0;8;0.00;0.00;0;0;0
0;12;-0.01;0.02;0;0;1
0;5;0.00;0.00;0;0;0
0;8;0.00;0.00;0;0;0
0;8;0.00;0.00;0;0;0
0;9;0.00;0.00;0;0;0
0;7;0.00;0.00;0;0;0
0;9;0.00;0.00;0;0;0
0;8;-0.01;0.02;0;0;1
0;8;0.00;0.00;0;0;0
0;7;0.00;0.00;0;0;0
0;9;0.00;0.00;0;0;0
0;9;0.00;0.00;0;0;0
0;10;0.00;0.00;0;0;0
0;6;-0.01;0.02;0;0;1
0;8;0.00;0.00;0;0;0
0;12;0.00;0.00;0;0;0
0;9;0.00;0.00;0;0;0
0;8;0.00;0.00;0;0;0
0;9;0.00;0.00;0;0;0
0;7;0.00;0.00;0;0;0
0;8;0.00;0.00;0;0;0
0;9;0.00;0.00;0;0;0
0;9;0.00;0.00;0;0;0
0;7;0.00;0.00;0;0;0
0;8;0.00;0.00;0;0;0
0;8;0.00;0.00;0;0;0
0;9;0.00;0.00;0;0;0
0;8;0.00;0.00;0;0;0
0;8;0.00;0.00;0;0;0
0;8;0.00;0.00;0;0;0
0;8;0.00;0.00;0;0;0
0;10;0.00;0.00;0;0;0
0;7;0.00;0.00;0;0;0
0;8;0.00;0.00;0;0;0
0;10;0.00;0.00;0;0;0
0;7;0.00;0.00;0;0;0
0;9;0.00;0.00;0;0;0
0;7;0.00;0.00;0;0;0
0;8;0.00;0.00;0;0;0
0;8;0.00;0.00;0;0;0
0;13;0.00;0.00;0;0;0
0;9;0.00;0.00;0;0;0
0;7;0.00;0.00;0;0;0
0;8;0.00;0.00;0;0;0
0;8;0.00;0.00;0;0;0
0;8;0.00;0.00;0;0;0
0;8;0.00;0.00;0;0;0
0;9;0.00;0.00;0;0;0
0;7;0.00;0.00;0;0;0
0;8;0.00;0.00;0;0;0
0;8;0.00;0.00;0;0;0
0;10;0.00;0.00;0;0;0
0;8;0.00;0.00;0;0;0
0;8;0.00;0.00;0;0;0
0;8;0.00;0.00;0;0;0
0;8;0.00;0.00;0;0;0
0;8;0.00;0.00;0;0;0
0;9;0.00;0.00;0;0;0
0;8;0.00;0.00;0;0;0
0;8;0.00;0.00;0;0;0
0;8;0.00;0.00;0;0;0
0;7;0.00;0.00;0;0;0
0;10;0.00;0.00;0;0;0
0;8;0.00;0.00;0;0;0
0;8;0.00;0.00;0;0;0
0;7;0.00;0.00;0;0;0
0;8;0.00;0.00;0;0;0
0;9;0.00;0.00;0;0;0
0;9;0.00;0.00;0;0;0
0;8;0.00;0.00;0;0;0
0;8;0.00;0.00;0;0;0
0;8;0.00;0.00;0;0;0
0;8;0.00;0.00;0;0;0
0;9;0.00;0.00;0;0;0
0;8;0.00;0.00;0;0;0
0;7;0.00;0.00;0;0;0
0;9;0.00;0.00;0;0;0
0;8;0.00;0.00;0;0;0
0;8;0.00;0.00;0;0;0
0;9;0.00;0.00;0;0;0
0;13;0.00;0.00;0;0;0
0;7;0.00;0.00;0;0;0
0;8;0.00;0.00;0;0;0
0;9;0.00;0.00;0;0;0
0;8;0.00;0.00;0;0;0
0;8;0.00;0.00;0;0;0
0;7;0.00;0.00;0;0;0
0;9;0.00;0.00;0;0;0
0;9;0.00;0.00;0;0;0
0;8;0.00;0.00;0;0;0
0;8;0.00;0.00;0;0;0
0;16;0.00;0.00;0;0;0
0;9;0.00;0.00;0;0;0
0;8;0.00;0.00;0;0;0
0;7;0.00;0.00;0;0;0
0;9;0.00;0.00;0;0;0
0;7;0.00;0.00;0;0;0
0;10;0.00;0.00;0;0;0
0;7;0.00;0.00;0;0;0
0;9;0.00;0.00;0;0;0
0;8;0.00;0.00;0;0;0
0;8;0.00;0.00;0;0;0
0;12;0.00;0.00;0;0;0
0;5;0.00;0.00;0;0;0
0;8;0.00;0.00;0;0;0
0;8;0.00;0.00;0;0;0
0;15;0.00;0.00;0;0;0
0;10;0.00;0.00;0;0;0
0;8;0.00;0.00;0;0;0
0;11;-0.01;0.02;0;0;1
0;9;0.00;0.00;0;0;0
0;9;0.00;0.00;0;0;0
0;8;0.00;0.00;0;0;0
0;7;0.00;0.00;0;0;0
0;12;0.00;0.00;0;0;0
0;5;0.00;0.00;0;0;0
0;8;0.00;0.00;0;0;0
0;10;0.00;0.00;0;0;0
0;7;0.00;0.00;0;0;0
0;8;0.00;0.00;0;0;0
0;8;0.00;0.00;0;0;0
0;12;0.00;0.00;0;0;0
0;8;0.00;0.00;0;0;0
0;5;0.00;0.00;0;0;0
0;8;0.00;0.00;0;0;0
0;8;0.00;0.00;0;0;0
0;12;0.00;0.00;0;0;0
0;10;0.00;0.00;0;0;0
0;7;0.00;0.00;0;0;0
0;13;0.00;0.00;0;0;0
0;8;0.00;0.00;0;0;0
0;8;0.00;0.00;0;0;0
0;10;0.00;0.00;0;0;0
0;12;0.00;0.00;0;0;0
0;6;0.00;0.00;0;0;0
0;8;0.00;0.00;0;0;0
0;15;0.00;0.00;0;0;0
0;6;0.00;0.00;0;0;0
0;12;0.00;0.00;0;0;0
0;15;0.00;0.00;0;0;0
0;6;0.00;0.00;0;0;0
0;10;0.00;0.00;0;0;0
0;6;0.00;0.00;0;0;0
0;12;0.00;0.00;0;0;0
0;9;0.00;0.00;0;0;0
0;9;0.00;0.00;0;0;0
0;12;0.00;0.00;0;0;0
0;7;0.00;0.00;0;0;0
0;8;0.00;0.00;0;0;0
0;12;0.00;0.00;0;0;0
0;7;0.00;0.00;0;0;0
0;6;0.00;0.00;0;0;0
0;13;0.00;0.00;0;0;0
0;15;0.00;0.00;0;0;0
0;5;0.00;0.00;0;0;0
0;9;0.00;0.00;0;0;0
0;9;0.00;0.00;0;0;0
0;6;0.00;0.00;0;0;0
0;13;0.00;0.00;0;0;0
0;10;0.00;0.00;0;0;0
0;6;0.00;0.00;0;0;0
0;8;0.00;0.00;0;0;0
0;10;0.00;0.00;0;0;0
0;10;0.00;0.00;0;0;0
0;5;0.00;0.00;0;0;0
0;10;0.00;0.00;0;0;0
0;6;0.00;0.00;0;0;0
0;8;0.00;0.00;0;0;0
0;9;0.00;0.00;0;0;0
0;15;0.00;0.00;0;0;0
0;9;0.00;0.00;0;0;0
0;8;0.00;0.00;0;0;0
0;12;0.00;0.00;0;0;0
0;5;0.00;0.00;0;0;0
0;9;0.00;0.00;0;0;0
0;7;0.00;0.00;0;0;0
0;14;0.00;0.00;0;0;0
0;7;0.00;0.00;0;0;0
0;8;0.00;0.00;0;0;0
0;8;0.00;0.00;0;0;0
0;17;0.00;0.00;0;0;0
0;10;0.00;0.00;0;0;0
0;9;0.00;0.00;0;0;0
0;10;0.00;0.00;0;0;0
0;7;0.00;0.00;0;0;0
0;7;0.00;0.00;0;0;0
0;13;0.00;0.00;0;0;0
0;5;0.00;0.00;0;0;0
0;12;0.00;0.00;0;0;0
0;12;0.00;0.00;0;0;0
0;9;0.00;0.00;0;0;0
0;14;0.00;0.00;0;0;0
0;9;0.00;0.00;0;0;0
0;5;0.00;0.00;0;0;0
0;8;0.00;0.00;0;0;0
0;9;0.00;0.00;0;0;0
0;7;0.00;0.00;0;0;0
0;9;0.00;0.00;0;0;0
0;7;0.00;0.00;0;0;0
0;9;0.00;0.00;0;0;0
0;9;0.00;0.00;0;0;0
0;13;0.00;0.00;0;0;0
0;7;0.00;0.00;0;0;0
0;8;0.00;0.00;0;0;0
0;8;0.00;0.00;0;0;0
0;12;0.00;0.00;0;0;0
0;8;0.00;0.00;0;0;0
0;8;0.00;0.00;0;0;0
0;8;0.00;0.00;0;0;0
0;11;0.00;0.00;0;0;0
0;7;0.00;0.00;0;0;0
0;7;0.00;0.00;0;0;0
0;8;0.00;0.00;0;0;0
0;10;0.00;0.00;0;0;0
0;7;0.00;0.00;0;0;0
0;9;0.00;0.00;0;0;0
0;17;0.00;0.00;0;0;0
0;7;0.00;0.00;0;0;0
0;7;0.00;0.00;0;0;0
0;10;0.00;0.00;0;0;0
0;9;0.00;0.00;0;0;0
0;7;0.00;0.00;0;0;0
0;7;0.00;0.00;0;0;0
0;14;0.00;0.00;0;0;0
0;8;0.00;0.00;0;0;0
0;11;0.00;0.00;0;0;0
0;5;0.00;0.00;0;0;0
0;10;0.00;0.00;0;0;0
0;6;0.00;0.00;0;0;0
0;10;0.00;0.00;0;0;0
0;7;0.00;0.00;0;0;0
0;13;0.00;0.00;0;0;0
0;7;0.00;0.00;0;0;0
0;7;0.00;0.00;0;0;0
0;11;0.00;0.00;0;0;0
0;7;0.00;0.00;0;0;0
0;7;0.00;0.00;0;0;0
0;11;0.00;0.00;0;0;0
0;9;0.00;0.00;0;0;0
0;9;0.00;0.00;0;0;0
0;8;0.00;0.00;0;0;0
0;11;0.00;0.00;0;0;0
0;13;0.00;0.00;0;0;0
0;6;0.00;0.00;0;0;0
0;8;0.00;0.00;0;0;0
0;7;0.00;0.00;0;0;0
0;12;0.00;0.00;0;0;0
0;9;0.00;0.00;0;0;0
0;8;0.00;0.00;0;0;0
0;8;0.00;0.00;0;0;0
0;9;0.00;0.00;0;0;0
0;8;0.00;0.00;0;0;0
0;8;0.00;0.00;0;0;0
0;14;0.00;0.00;0;0;0
0;8;0.00;0.00;0;0;0
0;7;0.00;0.00;0;0;0
0;8;0.00;0.00;0;0;0
0;7;0.00;0.00;0;0;0
0;9;0.00;0.00;0;0;0
0;10;0.00;0.00;0;0;0
0;7;0.00;0.00;0;0;0
0;17;0.00;0.00;0;0;0
0;9;0.00;0.00;0;0;0
0;7;0.00;0.00;0;0;0
0;8;0.00;0.00;0;0;0
0;8;0.00;0.00;0;0;0
0;8;0.00;0.00;0;0;0
0;8;0.00;0.00;0;0;0
0;9;0.00;0.00;0;0;0
0;8;0.00;0.00;0;0;0
0;7;0.00;0.00;0;0;0
0;8;0.00;0.00;0;0;0
0;8;0.00;0.00;0;0;0
0;9;0.00;0.00;0;0;0
0;8;0.00;0.00;0;0;0
0;8;0.00;0.00;0;0;0
0;8;0.00;0.00;0;0;0
0;8;0.00;0.00;0;0;0
0;9;0.00;0.00;0;0;0
0;10;0.00;0.00;0;0;0
0;7;0.00;0.00;0;0;0
0;8;0.00;0.00;0;0;0
0;7;0.00;0.00;0;0;0
0;9;0.00;0.00;0;0;0
0;8;0.00;0.00;0;0;0
0;8;0.00;0.00;0;0;0
0;8;0.00;0.00;0;0;0
0;8;0.00;0.00;0;0;0
0;10;0.00;0.00;0;0;0
0;9;0.00;0.00;0;0;0
0;7;0.00;0.00;0;0;0
0;7;0.00;0.00;0;0;0
0;8;0.00;0.00;0;0;0
0;9;0.00;0.00;0;0;0
0;9;0.00;0.00;0;0;0
0;7;0.00;0.00;0;0;0
0;8;0.00;0.00;0;0;0
0;9;0.00;0.00;0;0;0
0;7;0.00;0.00;0;0;0
0;9;0.00;0.00;0;0;0
0;8;0.00;0.00;0;0;0
0;12;0.00;0.00;0;0;0
0;5;0.00;0.00;0;0;0
0;12;0.00;0.00;0;0;0
0;13;0.00;0.00;0;0;0
0;7;0.00;0.00;0;0;0
0;9;0.00;0.00;0;0;0
0;7;0.00;0.00;0;0;0
0;12;0.00;0.00;0;0;0
0;6;0.00;0.00;0;0;0
0;8;0.00;0.00;0;0;0
0;8;0.00;0.00;0;0;0
0;15;0.00;0.00;0;0;0
0;6;0.00;0.00;0;0;0
0;8;0.00;0.00;0;0;0
0;8;0.00;0.00;0;0;0
0;11;0.00;0.00;0;0;0
0;10;0.00;0.00;0;0;0
0;8;0.00;0.00;0;0;0
0;11;0.00;0.00;0;0;0
0;8;0.00;0.00;0;0;0
0;8;0.00;0.00;0;0;0
0;9;0.00;0.00;0;0;0
0;8;0.00;0.00;0;0;0
0;8;0.00;0.00;0;0;0
0;8;0.00;0.00;0;0;0
0;12;0.00;0.00;0;0;0
0;9;0.00;0.00;0;0;0
0;5;0.00;0.00;0;0;0
0;8;0.00;0.00;0;0;0
0;7;0.00;0.00;0;0;0
0;10;0.00;0.00;0;0;0
0;8;0.00;0.00;0;0;0
0;7;0.00;0.00;0;0;0
0;12;0.00;0.00;0;0;0
0;5;0.00;0.00;0;0;0
0;8;0.00;0.00;0;0;0
0;8;0.00;0.00;0;0;0
0;8;0.00;0.00;0;0;0
0;10;0.00;0.00;0;0;0
0;10;0.00;0.00;0;0;0
0;5;0.00;0.00;0;0;0
0;7;0.00;0.00;0;0;0
0;12;0.00;0.00;0;0;0
0;7;0.00;0.00;0;0;0
0;7;0.00;0.00;0;0;0
0;8;0.00;0.00;0;0;0
0;9;0.00;0.00;0;0;0
0;9;0.00;0.00;0;0;0
0;7;0.00;0.00;0;0;0
0;7;0.00;0.00;0;0;0
0;8;0.00;0.00;0;0;0
0;9;0.00;0.00;0;0;0
0;8;0.00;0.00;0;0;0
0;8;0.00;0.00;0;0;0
0;8;0.00;0.00;0;0;0
0;12;0.00;0.00;0;0;0
0;5;0.00;0.00;0;0;0
0;7;0.00;0.00;0;0;0
0;9;0.00;0.00;0;0;0
0;9;0.00;0.00;0;0;0
0;8;0.00;0.00;0;0;0
0;8;0.00;0.00;0;0;0
0;8;0.00;0.00;0;0;0
0;9;0.00;0.00;0;0;0
0;7;0.00;0.00;0;0;0
0;9;0.00;0.00;0;0;0
0;7;0.00;0.00;0;0;0
0;8;0.00;0.00;0;0;0
0;10;0.00;0.00;0;0;0
0;7;0.00;0.00;0;0;0
0;14;0.00;0.00;0;0;0
0;7;0.00;0.00;0;0;0
0;8;0.00;0.00;0;0;0
0;8;0.00;0.00;0;0;0
0;11;0.00;0.00;0;0;0
0;6;0.00;0.00;0;0;0
0;11;0.00;0.00;0;0;0
0;12;0.00;0.00;0;0;0
0;8;0.00;0.00;0;0;0
0;6;0.00;0.00;0;0;0
0;8;0.00;0.00;0;0;0
0;8;0.00;0.00;0;0;0
0;8;0.00;0.00;0;0;0
0;8;0.00;0.00;0;0;0
0;8;0.00;0.00;0;0;0
0;8;0.00;0.00;0;0;0
0;8;0.00;0.00;0;0;0
0;9;0.00;0.00;0;0;0
0;9;0.00;0.00;0;0;0
0;8;0.00;0.00;0;0;0
0;7;0.00;0.00;0;0;0
0;9;0.00;0.00;0;0;0
0;10;0.00;0.00;0;0;0
0;7;0.00;0.00;0;0;0
0;9;0.00;0.00;0;0;0
0;7;0.00;0.00;0;0;0
0;8;0.00;0.00;0;0;0
0;7;0.00;0.00;0;0;0
0;20;0.00;0.00;0;0;0
0;9;0.00;0.00;0;0;0
0;8;0.00;0.00;0;0;0
0;9;0.00;0.00;0;0;0
0;8;0.00;0.00;0;0;0
0;10;0.00;0.00;0;0;0
0;6;0.00;0.00;0;0;0
0;10;0.00;0.00;0;0;0
0;12;0.00;0.00;0;0;0
0;7;0.00;0.00;0;0;0
0;17;0.00;0.00;0;0;0
0;7;0.00;0.00;0;0;0
0;8;0.00;0.00;0;0;0
0;22;0.00;0.00;0;0;0
0;7;0.00;0.00;0;0;0
0;7;0.00;0.00;0;0;0
0;14;0.00;0.00;0;0;0
0;7;0.00;0.00;0;0;0
0;10;0.00;0.00;0;0;0
0;9;0.00;0.00;0;0;0
0;6;0.00;0.00;0;0;0
0;9;0.00;0.00;0;0;0
0;8;0.00;0.00;0;0;0
0;9;0.00;0.00;0;0;0
0;12;0.00;0.00;0;0;0
0;13;0.00;0.00;0;0;0
0;18;0.00;0.00;0;0;0
0;8;0.00;0.00;0;0;0
0;13;0.00;0.00;0;0;0
0;9;0.00;0.00;0;0;0
0;8;0.00;0.00;0;0;0
0;8;0.00;0.00;0;0;0
0;8;0.00;0.00;0;0;0
0;14;0.00;0.00;0;0;0
0;7;0.00;0.00;0;0;0
0;8;0.00;0.00;0;0;0
0;7;0.00;0.00;0;0;0
0;16;0.00;0.00;0;0;0
0;9;0.00;0.00;0;0;0
0;8;0.00;0.00;0;0;0
0;15;0.00;0.00;0;0;0
0;6;0.00;0.00;0;0;0
0;9;0.00;0.00;0;0;0
0;13;0.00;0.00;0;0;0
0;7;0.00;0.00;0;0;0
0;7;0.00;0.00;0;0;0
0;8;0.00;0.00;0;0;0
0;20;0.00;0.00;0;0;0
0;6;0.00;0.00;0;0;0
0;7;0.00;0.00;0;0;0
0;11;0.00;0.00;0;0;0
0;9;0.00;0.00;0;0;0
0;6;0.00;0.00;0;0;0
0;7;0.00;0.00;0;0;0
0;9;0.00;0.00;0;0;0
0;7;0.00;0.00;0;0;0
0;8;0.00;0.00;0;0;0
0;9;0.00;0.00;0;0;0
0;13;0.00;0.00;0;0;0
0;7;0.00;0.00;0;0;0
0;8;0.00;0.00;0;0;0
0;18;0.00;0.00;0;0;0
0;7;0.00;0.00;0;0;0
0;8;0.00;0.00;0;0;0
0;13;0.00;0.00;0;0;0
0;9;0.00;0.00;0;0;0
0;7;0.00;0.00;0;0;0
0;11;0.00;0.00;0;0;0
0;12;0.00;0.00;0;0;0
0;6;0.00;0.00;0;0;0
0;8;0.00;0.00;0;0;0
0;8;0.00;0.00;0;0;0
0;8;0.00;0.00;0;0;0
0;9;0.00;0.00;0;0;0
0;8;0.00;0.00;0;0;0
0;8;0.00;0.00;0;0;0
0;12;0.00;0.00;0;0;0
0;5;0.00;0.00;0;0;0
0;7;0.00;0.00;0;0;0
0;8;0.00;0.00;0;0;0
0;12;0.00;0.00;0;0;0
0;6;0.00;0.00;0;0;0
0;11;0.00;0.00;0;0;0
0;8;0.00;0.00;0;0;0
0;24;0.00;0.00;0;0;0
0;6;0.00;0.00;0;0;0
0;15;0.00;0.00;0;0;0
0;9;0.00;0.00;0;0;0
0;8;0.00;0.00;0;0;0
0;14;0.00;0.00;0;0;0
0;8;0.00;0.00;0;0;0
0;6;0.00;0.00;0;0;0
0;10;0.00;0.00;0;0;0
0;7;0.00;0.00;0;0;0
0;8;0.00;0.00;0;0;0
0;8;0.00;0.00;0;0;0
0;9;0.00;0.00;0;0;0
0;9;0.00;0.00;0;0;0
0;7;0.00;0.00;0;0;0
0;8;0.00;0.00;0;0;0
0;8;0.00;0.00;0;0;0
0;8;0.00;0.00;0;0;0
0;8;0.00;0.00;0;0;0
0;9;0.00;0.00;0;0;0
0;8;0.00;0.00;0;0;0
0;8;0.00;0.00;0;0;0
0;8;0.00;0.00;0;0;0
0;8;0.00;0.00;0;0;0
0;9;0.00;0.00;0;0;0
0;8;0.00;0.00;0;0;0
0;8;0.00;0.00;0;0;0
0;8;0.00;0.00;0;0;0
0;11;0.00;0.00;0;0;0
0;9;0.00;0.00;0;0;0
0;6;0.00;0.00;0;0;0
0;8;0.00;0.00;0;0;0
0;7;0.00;0.00;0;0;0
0;8;0.00;0.00;0;0;0
0;9;0.00;0.00;0;0;0
0;8;0.00;0.00;0;0;0
0;8;0.00;0.00;0;0;0
0;8;0.00;0.00;0;0;0
0;8;0.00;0.00;0;0;0
0;9;0.00;0.00;0;0;0
0;8;0.00;0.00;0;0;0
0;9;0.00;0.00;0;0;0
0;7;0.00;0.00;0;0;0
0;8;0.00;0.00;0;0;0
0;8;0.00;0.00;0;0;0
0;9;0.00;0.00;0;0;0
0;8;0.00;0.00;0;0;0
0;9;0.00;0.00;0;0;0
0;8;0.00;0.00;0;0;0
0;9;0.00;0.00;0;0;0
0;8;0.00;0.00;0;0;0
0;8;0.00;0.00;0;0;0
0;8;0.00;0.00;0;0;0
0;15;0.00;0.00;0;0;0
0;10;0.00;0.00;0;0;0
0;8;0.00;0.00;0;0;0
0;11;0.00;0.00;0;0;0
0;8;0.00;0.00;0;0;0
0;12;0.00;0.00;0;0;0
0;6;0.00;0.00;0;0;0
0;13;0.00;0.00;0;0;0
0;7;0.00;0.00;0;0;0
0;7;0.00;0.00;0;0;0
0;10;0.00;0.00;0;0;0
0;8;0.00;0.00;0;0;0
0;7;0.00;0.00;0;0;0
0;9;0.00;0.00;0;0;0
0;8;0.00;0.00;0;0;0
0;10;0.00;0.00;0;0;0
0;7;0.00;0.00;0;0;0
0;8;0.00;0.00;0;0;0
0;9;0.00;0.00;0;0;0
0;7;0.00;0.00;0;0;0
0;7;0.00;0.00;0;0;0
0;9;0.00;0.00;0;0;0
0;9;0.00;0.00;0;0;0
0;9;0.00;0.00;0;0;0
0;7;0.00;0.00;0;0;0
0;10;0.00;0.00;0;0;0
0;7;0.00;0.00;0;0;0
0;14;0.00;0.00;0;0;0
0;8;0.00;0.00;0;0;0
0;5;0.00;0.00;0;0;0
0;8;0.00;0.00;0;0;0
0;14;0.00;0.00;0;0;0
0;7;0.00;0.00;0;0;0
0;9;0.00;0.00;0;0;0
0;9;0.00;0.00;0;0;0
0;10;0.00;0.00;0;0;0
0;6;0.00;0.00;0;0;0
0;8;0.00;0.00;0;0;0
0;16;0.00;0.00;0;0;0
0;8;0.00;0.00;0;0;0
0;9;0.00;0.00;0;0;0
0;15;0.00;0.00;0;0;0
0;9;0.00;0.00;0;0;0
0;7;0.00;0.00;0;0;0
0;11;0.00;0.00;0;0;0
0;6;0.00;0.00;0;0;0
0;10;0.00;0.00;0;0;0
0;8;0.00;0.00;0;0;0
0;16;0.00;0.00;0;0;0
0;9;0.00;0.00;0;0;0
0;6;0.00;0.00;0;0;0
0;15;0.00;0.00;0;0;0
0;6;0.00;0.00;0;0;0
0;8;0.00;0.00;0;0;0
0;11;0.00;0.00;0;0;0
0;6;0.00;0.00;0;0;0
0;7;0.00;0.00;0;0;0
0;9;0.00;0.00;0;0;0
0;12;0.00;0.00;0;0;0
0;5;0.00;0.00;0;0;0
0;7;0.00;0.00;0;0;0
0;18;0.00;0.00;0;0;0
0;12;0.00;0.00;0;0;0
0;7;0.00;0.00;0;0;0
0;8;0.00;0.00;0;0;0
0;9;0.00;0.00;0;0;0
0;7;0.00;0.00;0;0;0
0;9;0.00;0.00;0;0;0
0;8;0.00;0.00;0;0;0
0;8;0.00;0.00;0;0;0
0;8;0.00;0.00;0;0;0
0;8;0.00;0.00;0;0;0
0;12;0.00;0.00;0;0;0
0;12;0.00;0.00;0;0;0
0;8;0.00;0.00;0;0;0
0;7;0.00;0.00;0;0;0
0;8;0.00;0.00;0;0;0
0;8;0.00;0.00;0;0;0
0;9;0.00;0.00;0;0;0
0;9;0.00;0.00;0;0;0
0;6;0.00;0.00;0;0;0
0;7;0.00;0.00;0;0;0
0;10;0.00;0.00;0;0;0
0;7;0.00;0.00;0;0;0
0;8;0.00;0.00;0;0;0
0;8;0.00;0.00;0;0;0
0;16;0.00;0.00;0;0;0
0;6;0.00;0.00;0;0;0
0;7;0.00;0.00;0;0;0
0;13;0.00;0.00;0;0;0
0;7;0.00;0.00;0;0;0
0;17;0.00;0.00;0;0;0
0;6;0.00;0.00;0;0;0
0;7;0.00;0.00;0;0;0
0;7;0.00;0.00;0;0;0
0;8;0.00;0.00;0;0;0
0;12;0.00;0.00;0;0;0
0;6;0.00;0.00;0;0;0
0;13;0.00;0.00;0;0;0
0;10;0.00;0.00;0;0;0
0;9;0.00;0.00;0;0;0
0;8;0.00;0.00;0;0;0
0;8;0.00;0.00;0;0;0
0;10;0.00;0.00;0;0;0
0;6;0.00;0.00;0;0;0
0;8;0.00;0.00;0;0;0
0;9;0.00;0.00;0;0;0
0;8;0.00;0.00;0;0;0
0;8;0.00;0.00;0;0;0
0;8;0.00;0.00;0;0;0
0;17;0.00;0.00;0;0;0
0;8;0.00;0.00;0;0;0
0;8;0.00;0.00;0;0;0
0;8;0.00;0.00;0;0;0
0;8;0.00;0.00;0;0;0
0;9;0.00;0.00;0;0;0
0;8;0.00;0.00;0;0;0
0;8;0.00;0.00;0;0;0
0;8;0.00;0.00;0;0;0
0;17;0.00;0.00;0;0;0
0;5;0.00;0.00;0;0;0
0;7;0.00;0.00;0;0;0
0;12;0.00;0.00;0;0;0
0;9;0.00;0.00;0;0;0
0;8;0.00;0.00;0;0;0
0;8;0.00;0.00;0;0;0
0;11;0.00;0.00;0;0;0
0;5;0.00;0.00;0;0;0
0;8;0.00;0.00;0;0;0
0;8;0.00;0.00;0;0;0
0;15;0.00;0.00;0;0;0
0;8;0.00;0.00;0;0;0
0;6;0.00;0.00;0;0;0
0;15;0.00;0.00;0;0;0
0;10;0.00;0.00;0;0;0
0;8;0.00;0.00;0;0;0
0;12;0.00;0.00;0;0;0
0;8;0.00;0.00;0;0;0
0;9;0.00;0.00;0;0;0
0;8;0.00;0.00;0;0;0
0;8;0.00;0.00;0;0;0
0;8;0.00;0.00;0;0;0
0;8;0.00;0.00;0;0;0
0;9;0.00;0.00;0;0;0
0;8;0.00;0.00;0;0;0
0;8;0.00;0.00;0;0;0
0;10;0.00;0.00;0;0;0
0;10;0.00;0.00;0;0;0
0;11;0.00;0.00;0;0;0
0;6;0.00;0.00;0;0;0
0;10;0.00;0.00;0;0;0
0;18;0.00;0.00;0;0;0
0;7;0.00;0.00;0;0;0
0;7;0.00;0.00;0;0;0
0;9;0.00;0.00;0;0;0
0;6;0.00;0.00;0;0;0
0;8;0.00;0.00;0;0;0
0;9;0.00;0.00;0;0;0
0;9;0.00;0.00;0;0;0
0;14;0.00;0.00;0;0;0
0;7;0.00;0.00;0;0;0
0;7;0.00;0.00;0;0;0
0;8;0.00;0.00;0;0;0
0;9;0.00;0.00;0;0;0
0;7;0.00;0.00;0;0;0
0;8;0.00;0.00;0;0;0
0;8;0.00;0.00;0;0;0
0;10;0.00;0.00;0;0;0
0;7;0.00;0.00;0;0;0
0;8;0.00;0.00;0;0;0
0;8;0.00;0.00;0;0;0
0;16;0.00;0.00;0;0;0
0;9;0.00;0.00;0;0;0
0;8;0.00;0.00;0;0;0
0;9;0.00;0.00;0;0;0
0;7;0.00;0.00;0;0;0
0;8;0.00;0.00;0;0;0
0;9;0.00;0.00;0;0;0
0;8;0.00;0.00;0;0;0
0;8;0.00;0.00;0;0;0
0;8;0.00;0.00;0;0;0
0;8;0.00;0.00;0;0;0
0;11;0.00;0.00;0;0;0
0;7;0.00;0.00;0;0;0
0;8;0.00;0.00;0;0;0
0;7;0.00;0.00;0;0;0
0;10;0.00;0.00;0;0;0
0;7;0.00;0.00;0;0;0
0;8;0.00;0.00;0;0;0
0;8;0.00;0.00;0;0;0
0;9;0.00;0.00;0;0;0
0;7;0.00;0.00;0;0;0
0;9;0.00;0.00;0;0;0
0;11;0.00;0.00;0;0;0
0;6;0.00;0.00;0;0;0
0;7;0.00;0.00;0;0;0
0;13;0.00;0.00;0;0;0
0;9;0.00;0.00;0;0;0
0;14;0.00;0.00;0;0;0
0;6;0.00;0.00;0;0;0
0;9;0.00;0.00;0;0;0
0;7;0.00;0.00;0;0;0
0;8;0.00;0.00;0;0;0
0;9;0.00;0.00;0;0;0
0;9;0.00;0.00;0;0;0
0;7;0.00;0.00;0;0;0
0;9;0.00;0.00;0;0;0
0;8;0.00;0.00;0;0;0
0;7;0.00;0.00;0;0;0
0;9;0.00;0.00;0;0;0
0;13;0.00;0.00;0;0;0
0;6;0.00;0.00;0;0;0
0;9;0.00;0.00;0;0;0
0;11;0.00;0.00;0;0;0
0;5;0.00;0.00;0;0;0
0;10;0.00;0.00;0;0;0
0;6;0.00;0.00;0;0;0
0;11;0.00;0.00;0;0;0
0;6;0.00;0.00;0;0;0
0;8;0.00;0.00;0;0;0
0;8;0.00;0.00;0;0;0
0;8;0.00;0.00;0;0;0
0;11;0.00;0.00;0;0;0
0;6;0.00;0.00;0;0;0
0;8;0.00;0.00;0;0;0
0;11;0.00;0.00;0;0;0
0;5;0.00;0.00;0;0;0
0;9;0.00;0.00;0;0;0
0;9;0.00;0.00;0;0;0
0;11;0.00;0.00;0;0;0
0;8;0.00;0.00;0;0;0
0;8;0.00;0.00;0;0;0
0;9;0.00;0.00;0;0;0
0;8;0.00;0.00;0;0;0
0;13;0.00;0.00;0;0;0
0;7;0.00;0.00;0;0;0
0;10;0.00;0.00;0;0;0
0;7;0.00;0.00;0;0;0
0;9;0.00;0.00;0;0;0
0;7;0.00;0.00;0;0;0
0;9;0.00;0.00;0;0;0
0;7;0.00;0.00;0;0;0
0;9;0.00;0.00;0;0;0
0;8;0.00;0.00;0;0;0
0;8;0.00;0.00;0;0;0
0;12;0.00;0.00;0;0;0
0;8;0.00;0.00;0;0;0
0;19;0.00;0.00;0;0;0
0;6;0.00;0.00;0;0;0
0;8;0.00;0.00;0;0;0
0;8;0.00;0.00;0;0;0
0;9;0.00;0.00;0;0;0
0;10;0.00;0.00;0;0;0
0;6;0.00;0.00;0;0;0
0;8;0.00;0.00;0;0;0
0;8;0.00;0.00;0;0;0
0;9;0.00;0.00;0;0;0
0;9;0.00;0.00;0;0;0
0;7;0.00;0.00;0;0;0
0;16;0.00;0.00;0;0;0
0;9;0.00;0.00;0;0;0
0;8;0.00;0.00;0;0;0
0;12;0.00;0.00;0;0;0
0;8;0.00;0.00;0;0;0
0;8;0.00;0.00;0;0;0
0;9;0.00;0.00;0;0;0
0;11;0.00;0.00;0;0;0
0;5;0.00;0.00;0;0;0
0;9;0.00;0.00;0;0;0
0;7;0.00;0.00;0;0;0
0;18;0.00;0.00;0;0;0
0;12;0.00;0.00;0;0;0
0;17;0.00;0.00;0;0;0
0;7;0.00;0.00;0;0;0
0;8;0.00;0.00;0;0;0
0;32;0.00;0.00;0;0;0
0;6;0.00;0.00;0;0;0
0;9;0.00;0.00;0;0;0
0;6;0.00;0.00;0;0;0
0;8;0.00;0.00;0;0;0
0;8;0.00;0.00;0;0;0
0;16;0.00;0.00;0;0;0
0;6;0.00;0.00;0;0;0
0;7;0.00;0.00;0;0;0
0;13;0.00;0.00;0;0;0
0;17;0.00;0.00;0;0;0
0;13;0.00;0.00;0;0;0
0;8;0.00;0.00;0;0;0
0;6;0.00;0.00;0;0;0
0;9;0.00;0.00;0;0;0
0;8;0.00;0.00;0;0;0
0;9;0.00;0.00;0;0;0
0;9;0.00;0.00;0;0;0
0;6;0.00;0.00;0;0;0
0;9;0.00;0.00;0;0;0
0;8;0.00;0.00;0;0;0
0;8;0.00;0.00;0;0;0
0;8;0.00;0.00;0;0;0
0;8;0.00;0.00;0;0;0
0;9;0.00;0.00;0;0;0
0;8;0.00;0.00;0;0;0
0;8;0.00;0.00;0;0;0
0;8;0.00;0.00;0;0;0
0;8;0.00;0.00;0;0;0
0;9;0.00;0.00;0;0;0
0;9;0.00;0.00;0;0;0
0;7;0.00;0.00;0;0;0
0;8;0.00;0.00;0;0;0
0;11;0.00;0.00;0;0;0
0;7;0.00;0.00;0;0;0
0;7;0.00;0.00;0;0;0
0;8;0.00;0.00;0;0;0
0;8;0.00;0.00;0;0;0
0;8;0.00;0.00;0;0;0
0;8;0.00;0.00;0;0;0
0;10;0.00;0.00;0;0;0
0;7;0.00;0.00;0;0;0
0;11;0.00;0.00;0;0;0
0;5;0.00;0.00;0;0;0
0;8;0.00;0.00;0;0;0
0;9;0.00;0.00;0;0;0
0;8;0.00;0.00;0;0;0
0;13;0.00;0.00;0;0;0
0;7;0.00;0.00;0;0;0
0;8;0.00;0.00;0;0;0
0;9;0.00;0.00;0;0;0
0;8;0.00;0.00;0;0;0
0;8;0.00;0.00;0;0;0
0;8;0.00;0.00;0;0;0
0;8;0.00;0.00;0;0;0
0;14;0.00;0.00;0;0;0
0;7;0.00;0.00;0;0;0
0;8;0.00;0.00;0;0;0
0;8;0.00;0.00;0;0;0
0;11;0.00;0.00;0;0;0
0;7;0.00;0.00;0;0;0
0;7;0.00;0.00;0;0;0
0;8;0.00;0.00;0;0;0
0;10;0.00;0.00;0;0;0
0;7;0.00;0.00;0;0;0
0;9;0.00;0.00;0;0;0
0;7;0.00;0.00;0;0;0
0;8;0.00;0.00;0;0;0
0;9;0.00;0.00;0;0;0
0;7;0.00;0.00;0;0;0
0;10;0.00;0.00;0;0;0
0;7;0.00;0.00;0;0;0
0;9;0.00;0.00;0;0;0
0;8;0.00;0.00;0;0;0
0;7;0.00;0.00;0;0;0
0;9;0.00;0.00;0;0;0
0;11;0.00;0.00;0;0;0
0;5;0.00;0.00;0;0;0
0;8;0.00;0.00;0;0;0
0;8;0.00;0.00;0;0;0
0;14;0.00;0.00;0;0;0
0;7;0.00;0.00;0;0;0
0;8;0.00;0.00;0;0;0
0;8;0.00;0.00;0;0;0
0;9;0.00;0.00;0;0;0
0;8;0.00;0.00;0;0;0
0;8;0.00;0.00;0;0;0
0;11;0.00;0.00;0;0;0
0;9;0.00;0.00;0;0;0
0;8;0.00;0.00;0;0;0
0;9;0.00;0.00;0;0;0
0;10;0.00;0.00;0;0;0
0;6;0.00;0.00;0;0;0
0;8;0.00;0.00;0;0;0
0;8;0.00;0.00;0;0;0
0;13;0.00;0.00;0;0;0
0;4;0.00;0.00;0;0;0
0;13;0.00;0.00;0;0;0
0;9;0.00;0.00;0;0;0
0;6;0.00;0.00;0;0;0
0;9;0.00;0.00;0;0;0
0;8;0.00;0.00;0;0;0
0;8;0.00;0.00;0;0;0
0;8;0.00;0.00;0;0;0
0;8;0.00;0.00;0;0;0
0;9;0.00;0.00;0;0;0
0;10;0.00;0.00;0;0;0
0;8;0.00;0.00;0;0;0
0;9;0.00;0.00;0;0;0
0;5;0.00;0.00;0;0;0
0;10;0.00;0.00;0;0;0
0;12;0.00;0.00;0;0;0
0;8;0.00;0.00;0;0;0
0;7;0.00;0.00;0;0;0
0;8;0.00;0.00;0;0;0
0;13;0.00;0.00;0;0;0
0;8;0.00;0.00;0;0;0
0;9;0.00;0.00;0;0;0
0;7;0.00;0.00;0;0;0
0;9;0.00;0.00;0;0;0
0;13;0.00;0.00;0;0;0
0;7;0.00;0.00;0;0;0
0;16;0.00;0.00;0;0;0
0;9;0.00;0.00;0;0;0
0;8;0.00;0.00;0;0;0
0;13;0.00;0.00;0;0;0
0;9;0.00;0.00;0;0;0
0;7;0.00;0.00;0;0;0
0;16;0.00;0.00;0;0;0
0;8;0.00;0.00;0;0;0
0;8;0.00;0.00;0;0;0
0;18;0.00;0.00;0;0;0
0;7;0.00;0.00;0;0;0
0;8;0.00;0.00;0;0;0
0;11;0.00;0.00;0;0;0
0;5;0.00;0.00;0;0;0
0;9;0.00;0.00;0;0;0
0;8;0.00;0.00;0;0;0
0;15;0.00;0.00;0;0;0
0;5;0.00;0.00;0;0;0
0;8;0.00;0.00;0;0;0
0;10;0.00;0.00;0;0;0
0;8;0.00;0.00;0;0;0
0;7;0.00;0.00;0;0;0
0;13;0.00;0.00;0;0;0
0;13;0.00;0.00;0;0;0
0;7;0.00;0.00;0;0;0
0;8;0.00;0.00;0;0;0
0;12;0.00;0.00;0;0;0
0;14;0.00;0.00;0;0;0
0;8;0.00;0.00;0;0;0
0;7;0.00;0.00;0;0;0
0;13;0.00;0.00;0;0;0
0;9;0.00;0.00;0;0;0
0;10;0.00;0.00;0;0;0
0;5;0.00;0.00;0;0;0
0;8;0.00;0.00;0;0;0
0;8;0.00;0.00;0;0;0
0;8;0.00;0.00;0;0;0
0;8;0.00;0.00;0;0;0
0;9;0.00;0.00;0;0;0
0;8;0.00;0.00;0;0;0
0;8;0.00;0.00;0;0;0
0;8;0.00;0.00;0;0;0
0;8;0.00;0.00;0;0;0
0;10;0.00;0.00;0;0;0
0;8;0.00;0.00;0;0;0
0;7;0.00;0.00;0;0;0
0;8;0.00;0.00;0;0;0
0;8;0.00;0.00;0;0;0
0;9;0.00;0.00;0;0;0
0;8;0.00;0.00;0;0;0
0;8;0.00;0.00;0;0;0
0;8;0.00;0.00;0;0;0
0;9;0.00;0.00;0;0;0
0;8;0.00;0.00;0;0;0
0;9;0.00;0.00;0;0;0
0;7;0.00;0.00;0;0;0
0;10;0.00;0.00;0;0;0
0;6;0.00;0.00;0;0;0
0;15;0.00;0.00;0;0;0
0;6;0.00;0.00;0;0;0
0;8;0.00;0.00;0;0;0
0;8;0.00;0.00;0;0;0
0;9;0.00;0.00;0;0;0
0;8;0.00;0.00;0;0;0
0;8;0.00;0.00;0;0;0
0;8;0.00;0.00;0;0;0
0;8;0.00;0.00;0;0;0
0;8;0.00;0.00;0;0;0
0;9;0.00;0.00;0;0;0
0;11;0.00;0.00;0;0;0
0;5;0.00;0.00;0;0;0
0;8;0.00;0.00;0;0;0
0;9;0.00;0.00;0;0;0
0;8;0.00;0.00;0;0;0
0;9;0.00;0.00;0;0;0
0;7;0.00;0.00;0;0;0
0;8;0.00;0.00;0;0;0
0;8;0.00;0.00;0;0;0
0;8;0.00;0.00;0;0;0
0;14;0.00;0.00;0;0;0
0;7;0.00;0.00;0;0;0
0;11;-0.01;0.02;0;0;1
0;6;0.00;0.00;0;0;0
0;17;0.00;0.00;0;0;0
0;7;0.00;0.00;0;0;0
0;10;0.00;0.00;0;0;0
0;7;0.00;0.00;0;0;0
0;7;0.00;0.00;0;0;0
0;9;0.00;0.00;0;0;0
0;11;0.00;0.00;0;0;0
0;5;0.00;0.00;0;0;0
0;8;0.00;0.00;0;0;0
0;8;-0.01;0.02;0;0;1
0;9;0.00;0.00;0;0;0
0;11;0.00;0.00;0;0;0
0;5;0.00;0.00;0;0;0
0;9;0.00;0.00;0;0;0
0;14;0.00;0.00;0;0;0
0;7;0.00;0.00;0;0;0
0;7;0.00;0.00;0;0;0
0;21;0.00;0.00;0;0;0
0;8;0.00;0.00;0;0;0
0;8;0.00;0.00;0;0;0
0;12;-0.02;0.00;-1;0;0
0;8;0.00;0.00;0;0;0
0;9;0.00;0.00;0;0;0
0;10;0.00;0.00;0;0;0
0;9;0.00;0.00;0;0;0
0;5;0.00;0.00;0;0;0
0;8;0.00;0.00;0;0;0
0;11;0.00;0.00;0;0;0
0;6;0.00;0.00;0;0;0
0;8;-0.01;0.02;0;0;1
0;8;-0.02;0.00;-1;0;0
0;11;0.00;0.00;0;0;0
0;13;0.00;0.00;0;0;0
0;6;0.00;0.00;0;0;0
0;10;0.00;0.00;0;0;0
0;8;-0.01;0.02;0;0;1
0;6;0.00;0.00;0;0;0
0;7;0.00;0.00;0;0;0
0;9;0.00;0.00;0;0;0
0;8;-0.02;0.00;-1;0;0
0;11;0.00;0.00;0;0;0
0;5;0.00;0.00;0;0;0
0;8;-0.01;0.02;0;0;1
0;9;0.00;0.00;0;0;0
0;10;0.00;0.00;0;0;0
0;6;0.00;0.00;0;0;0
0;8;-0.02;0.00;-1;0;0
0;8;0.00;0.00;0;0;0
0;10;0.00;0.00;0;0;0
0;16;0.00;0.00;0;0;0
0;7;0.00;0.00;0;0;0
0;12;-0.02;0.00;-1;0;0
0;9;0.00;0.00;0;0;0
0;8;0.00;0.00;0;0;0
0;8;0.00;0.00;0;0;0
0;8;0.00;0.00;0;0;0
0;8;0.00;0.00;0;0;0
0;9;0.00;0.00;0;0;0
0;8;-0.02;0.00;-1;0;0
0;8;0.00;0.00;0;0;0
0;16;0.00;0.00;0;0;0
0;8;0.00;0.00;0;0;0
0;11;0.00;0.00;0;0;0
0;10;0.00;0.00;0;0;0
0;4;0.00;0.00;0;0;0
0;8;-0.02;0.00;-1;0;0
0;8;0.00;0.00;0;0;0
0;9;0.00;0.00;0;0;0
0;8;0.00;0.00;0;0;0
0;8;0.00;0.00;0;0;0
0;8;-0.01;0.02;0;0;1
0;8;-0.02;0.00;-1;0;0
0;9;0.00;0.00;0;0;0
0;8;0.00;0.00;0;0;0
0;8;0.00;0.00;0;0;0
0;8;0.00;0.00;0;0;0
0;8;0.00;0.00;0;0;0
0;9;-0.02;0.00;-1;0;0
0;8;0.00;0.00;0;0;0
0;8;0.00;0.00;0;0;0
0;8;0.00;0.00;0;0;0
0;8;0.00;0.00;0;0;0
0;10;0.00;0.00;0;0;0
0;7;0.00;0.00;0;0;0
0;8;-0.02;0.00;-1;0;0
0;8;-0.01;0.02;0;0;1
0;24;0.00;0.00;0;0;0
0;5;0.00;0.00;0;0;0
0;8;-0.02;0.00;-1;0;0
0;11;0.00;0.00;0;0;0
0;5;-0.01;0.02;0;0;1
0;9;0.00;0.00;0;0;0
0;8;0.00;0.00;0;0;0
0;9;0.00;0.00;0;0;0
0;7;0.00;0.00;0;0;0
0;8;-0.02;0.00;-1;0;0
0;8;0.00;0.00;0;0;0
0;10;0.00;0.00;0;0;0
0;7;0.00;0.00;0;0;0
0;8;0.00;0.00;0;0;0
0;8;-0.02;0.00;-1;0;0
0;9;0.00;0.00;0;0;0
0;8;0.00;0.00;0;0;0
0;8;0.00;0.00;0;0;0
0;8;0.00;0.00;0;0;0
0;11;0.00;0.00;0;0;0
0;5;-0.02;0.00;-1;0;0
0;12;0.00;0.00;0;0;0
0;5;0.00;0.00;0;0;0
0;10;0.00;0.00;0;0;0
0;17;0.00;0.00;0;0;0
0;9;-0.02;0.00;-1;0;0
0;13;0.00;0.00;0;0;0
0;12;0.00;0.00;0;0;0
0;8;0.00;0.00;0;0;0
0;9;0.00;0.00;0;0;0
0;8;0.00;0.00;0;0;0
0;8;-0.02;0.00;-1;0;0
0;8;0.00;0.00;0;0;0
0;8;0.00;0.00;0;0;0
0;9;0.00;0.00;0;0;0
0;8;0.00;0.00;0;0;0
0;12;0.00;0.00;0;0;0
0;10;-0.02;0.00;-1;0;0
0;6;0.00;0.00;0;0;0
0;9;0.00;0.00;0;0;0
0;8;0.00;0.00;0;0;0
0;8;0.00;0.00;0;0;0
0;9;0.00;0.00;0;0;0
0;7;-0.02;0.00;-1;0;0
0;9;0.00;0.00;0;0;0
0;8;0.00;0.00;0;0;0
0;8;0.00;0.00;0;0;0
0;8;0.00;0.00;0;0;0
0;9;0.00;0.00;0;0;0
0;8;-0.02;0.00;-1;0;0
0;8;0.00;0.00;0;0;0
0;8;0.00;0.00;0;0;0
0;8;0.00;0.00;0;0;0
0;8;0.00;0.00;0;0;0
0;9;0.00;0.00;0;0;0
0;8;-0.02;0.00;-1;0;0
0;8;0.00;0.00;0;0;0
0;8;0.00;0.00;0;0;0
0;8;0.00;0.00;0;0;0
0;8;0.00;0.00;0;0;0
0;9;0.00;0.00;0;0;0
0;9;0.00;0.00;0;0;0
0;7;-0.02;0.00;-1;0;0
0;8;0.00;0.00;0;0;0
0;8;0.00;0.00;0;0;0
0;9;0.00;0.00;0;0;0
0;8;0.00;0.00;0;0;0
0;8;0.00;0.00;0;0;0
0;12;-0.02;0.00;-1;0;0
0;8;0.00;0.00;0;0;0
0;9;0.00;0.00;0;0;0
0;8;0.00;0.00;0;0;0
0;11;0.00;0.00;0;0;0
0;7;-0.02;0.00;-1;0;0
0;6;0.00;0.00;0;0;0
0;9;0.00;0.00;0;0;0
0;15;0.00;0.00;0;0;0
0;5;0.00;0.00;0;0;0
0;9;0.00;0.00;0;0;0
0;12;-0.04;0.02;-1;0;1
0;8;0.00;0.00;0;0;0
0;8;0.00;0.00;0;0;0
0;8;0.00;0.00;0;0;0
0;10;0.00;0.00;0;0;0
0;7;-0.02;0.00;-1;0;0
0;8;0.00;0.00;0;0;0
0;8;0.00;0.00;0;0;0
0;11;0.00;0.00;0;0;0
0;5;0.00;0.00;0;0;0
0;9;0.00;0.00;0;0;0
0;8;0.00;0.00;0;0;0
0;8;-0.02;0.00;-1;0;0
0;11;0.00;0.00;0;0;0
0;6;0.00;0.00;0;0;0
0;7;0.00;0.00;0;0;0
0;9;0.00;0.00;0;0;0
0;14;-0.02;0.00;-1;0;0
0;11;0.00;0.00;0;0;0
0;7;0.00;0.00;0;0;0
0;19;0.00;0.00;0;0;0
0;6;0.00;0.00;0;0;0
0;8;-0.02;0.00;-1;0;0
0;11;0.00;0.00;0;0;0
0;6;0.00;0.00;0;0;0
0;8;0.00;0.00;0;0;0
0;8;0.00;0.00;0;0;0
0;8;0.00;0.00;0;0;0
0;8;-0.02;0.00;-1;0;0
0;9;0.00;0.00;0;0;0
0;8;0.00;0.00;0;0;0
0;8;0.00;0.00;0;0;0
0;8;0.00;0.00;0;0;0
0;8;0.00;0.00;0;0;0
0;22;-0.02;0.00;-1;0;0
0;7;0.00;0.00;0;0;0
0;8;0.00;0.00;0;0;0
0;8;0.00;0.00;0;0;0
0;9;0.00;0.00;0;0;0
0;8;-0.02;0.00;-1;0;0
0;8;0.00;0.00;0;0;0
0;8;0.00;0.00;0;0;0
0;8;0.00;0.00;0;0;0
0;9;0.00;0.00;0;0;0
0;8;0.00;0.00;0;0;0
0;8;-0.02;0.00;-1;0;0
0;8;0.00;0.00;0;0;0
0;8;0.00;0.00;0;0;0
0;8;0.00;0.00;0;0;0
0;9;0.00;0.00;0;0;0
0;8;0.00;0.00;0;0;0
0;8;-0.02;0.00;-1;0;0
0;8;0.00;0.00;0;0;0
0;8;0.00;0.00;0;0;0
0;9;0.00;0.00;0;0;0
0;8;0.00;0.00;0;0;0
0;8;0.00;0.00;0;0;0
0;8;-0.02;0.00;-1;0;0
0;8;0.00;0.00;0;0;0
0;9;0.00;0.00;0;0;0
0;8;0.00;0.00;0;0;0
0;8;0.00;0.00;0;0;0
0;8;0.00;0.00;0;0;0
0;8;-0.02;0.00;-1;0;0
0;9;0.00;0.00;0;0;0
0;8;0.00;0.00;0;0;0
0;8;0.00;0.00;0;0;0
0;8;0.00;0.00;0;0;0
0;8;0.00;0.00;0;0;0
0;9;-0.02;0.00;-1;0;0
0;8;0.00;0.00;0;0;0
0;8;0.00;0.00;0;0;0
0;8;0.00;0.00;0;0;0
0;8;0.00;0.00;0;0;0
0;8;0.00;0.00;0;0;0
0;9;0.00;0.00;0;0;0
0;8;-0.02;0.00;-1;0;0
0;8;0.00;0.00;0;0;0
0;8;0.00;0.00;0;0;0
0;8;0.00;0.00;0;0;0
0;9;0.00;0.00;0;0;0
0;8;0.00;0.00;0;0;0
0;8;-0.02;0.00;-1;0;0
0;8;0.00;0.00;0;0;0
0;8;0.00;0.00;0;0;0
0;9;0.00;0.00;0;0;0
0;8;0.00;0.00;0;0;0
0;8;0.00;0.00;0;0;0
0;8;-0.02;0.00;-1;0;0
0;8;0.00;0.00;0;0;0
0;9;0.00;0.00;0;0;0
0;8;0.00;0.00;0;0;0
0;8;0.00;0.00;0;0;0
0;8;0.00;0.00;0;0;0
0;8;-0.02;0.00;-1;0;0
0;9;0.00;0.00;0;0;0
0;8;0.00;0.00;0;0;0
0;8;0.00;0.00;0;0;0
0;9;0.00;0.00;0;0;0
0;7;0.00;0.00;0;0;0
0;8;0.00;0.00;0;0;0
0;9;-0.02;0.00;-1;0;0
0;8;0.00;0.00;0;0;0
0;8;0.00;0.00;0;0;0
0;8;0.00;0.00;0;0;0
0;8;0.00;0.00;0;0;0
0;9;0.00;0.00;0;0;0
0;8;-0.02;0.00;-1;0;0
0;8;0.00;0.00;0;0;0
0;8;0.00;0.00;0;0;0
0;8;0.00;0.00;0;0;0
0;12;0.00;0.00;0;0;0
0;5;0.00;0.00;0;0;0
0;8;-0.02;0.00;-1;0;0
0;8;0.00;0.00;0;0;0
0;10;0.00;0.00;0;0;0
0;7;0.00;0.00;0;0;0
0;8;0.00;0.00;0;0;0
0;8;0.00;0.00;0;0;0
0;8;0.00;0.00;0;0;0
0;8;-0.02;0.00;-1;0;0
0;9;0.00;0.00;0;0;0
0;8;0.00;0.00;0;0;0
0;11;0.00;0.00;0;0;0
0;10;0.00;0.00;0;0;0
0;7;-0.02;0.00;-1;0;0
0;9;0.00;0.00;0;0;0
0;8;0.00;0.00;0;0;0
0;8;0.00;0.00;0;0;0
0;8;0.00;0.00;0;0;0
0;11;0.00;0.00;0;0;0
0;6;0.00;0.00;0;0;0
0;8;-0.02;0.00;-1;0;0
0;8;0.00;0.00;0;0;0
0;8;0.00;0.00;0;0;0
0;8;0.00;0.00;0;0;0
0;8;0.00;0.00;0;0;0
0;10;0.00;0.00;0;0;0
0;7;-0.02;0.00;-1;0;0
0;11;0.00;0.00;0;0;0
0;5;0.00;0.00;0;0;0
0;8;0.00;0.00;0;0;0
0;12;0.00;0.00;0;0;0
0;6;0.00;0.00;0;0;0
0;7;0.00;0.00;0;0;0
0;8;-0.02;0.00;-1;0;0
0;8;0.00;0.00;0;0;0
0;9;-0.01;-0.02;0;1;0
0;8;0.00;0.00;0;0;0
0;8;0.00;0.00;0;0;0
0;8;0.00;0.00;0;0;0
0;8;-0.02;0.00;-1;0;0
0;9;0.00;0.00;0;0;0
0;8;0.00;0.00;0;0;0
0;8;0.00;0.00;0;0;0
0;8;-0.01;-0.02;0;1;0
0;11;0.00;0.00;0;0;0
0;6;0.00;0.00;0;0;0
0;8;0.00;0.00;0;0;0
0;8;-0.02;0.00;-1;0;0
0;8;0.00;0.00;0;0;0
0;8;0.00;0.00;0;0;0
0;8;0.00;0.00;0;0;0
0;9;-0.01;-0.02;0;1;0
0;8;0.00;0.00;0;0;0
0;8;-0.02;0.00;-1;0;0
0;8;0.00;0.00;0;0;0
0;8;0.00;0.00;0;0;0
0;9;0.00;0.00;0;0;0
0;9;0.00;0.00;0;0;0
0;7;0.00;0.00;0;0;0
0;8;-0.02;0.00;-1;0;0
0;8;-0.01;-0.02;0;1;0
0;10;0.00;0.00;0;0;0
0;7;0.00;0.00;0;0;0
0;8;0.00;0.00;0;0;0
0;8;0.00;0.00;0;0;0
0;8;-0.02;0.00;-1;0;0
0;9;0.00;0.00;0;0;0
0;8;0.00;0.00;0;0;0
0;7;-0.01;-0.02;0;1;0
0;9;0.00;0.00;0;0;0
0;8;0.00;0.00;0;0;0
0;9;0.00;0.00;0;0;0
0;8;-0.02;0.00;-1;0;0
0;8;0.00;0.00;0;0;0
0;7;0.00;0.00;0;0;0
0;8;-0.01;-0.02;0;1;0
0;7;0.00;0.00;0;0;0
0;10;0.00;0.00;0;0;0
0;7;0.00;0.00;0;0;0
0;16;-0.02;0.00;-1;0;0
0;5;0.00;0.00;0;0;0
0;9;0.00;0.00;0;0;0
0;11;-0.01;-0.02;0;1;0
0;6;0.00;0.00;0;0;0
0;7;0.00;0.00;0;0;0
0;8;-0.02;0.00;-1;0;0
0;12;0.00;0.00;0;0;0
0;6;0.00;0.00;0;0;0
0;7;0.00;0.00;0;0;0
0;8;0.00;0.00;0;0;0
0;7;0.00;0.00;0;0;0
0;14;-0.04;-0.02;-1;1;0
0;8;0.00;0.00;0;0;0
0;8;0.00;0.00;0;0;0
0;8;0.00;0.00;0;0;0
0;8;0.00;0.00;0;0;0
0;8;0.00;0.00;0;0;0
0;9;0.00;0.00;0;0;0
0;8;-0.04;-0.02;-1;1;0
0;12;0.00;0.00;0;0;0
0;11;0.00;0.00;0;0;0
0;7;0.00;0.00;0;0;0
0;7;0.00;0.00;0;0;0
0;17;-0.01;-0.02;0;1;0
0;7;0.00;0.00;0;0;0
0;9;-0.02;0.00;-1;0;0
0;9;0.00;0.00;0;0;0
0;7;0.00;0.00;0;0;0
0;8;0.00;0.00;0;0;0
0;7;0.00;0.00;0;0;0
0;9;-0.01;-0.02;0;1;0
0;9;0.00;0.00;0;0;0
0;8;-0.02;0.00;-1;0;0
0;7;0.00;0.00;0;0;0
0;9;0.00;0.00;0;0;0
0;7;0.00;0.00;0;0;0
0;12;-0.01;-0.02;0;1;0
0;8;0.00;0.00;0;0;0
0;6;-0.02;0.00;-1;0;0
0;8;0.00;0.00;0;0;0
0;8;0.00;0.00;0;0;0
0;11;0.00;0.00;0;0;0
0;7;0.00;0.00;0;0;0
0;7;0.00;0.00;0;0;0
0;8;0.00;0.00;0;0;0
0;7;-0.01;-0.02;0;1;0
0;9;-0.02;0.00;-1;0;0
0;9;0.00;0.00;0;0;0
0;8;0.00;0.00;0;0;0
0;11;0.00;0.00;0;0;0
0;5;0.00;0.00;0;0;0
0;9;-0.01;-0.02;0;1;0
0;8;0.00;0.00;0;0;0
0;9;0.00;0.00;0;0;0
0;7;-0.02;0.00;-1;0;0
0;9;0.00;0.00;0;0;0
0;7;0.00;0.00;0;0;0
0;9;-0.01;-0.02;0;1;0
0;8;0.00;0.00;0;0;0
0;10;0.00;0.00;0;0;0
0;7;0.00;0.00;0;0;0
0;7;-0.02;0.00;-1;0;0
0;9;0.00;0.00;0;0;0
0;9;-0.01;-0.02;0;1;0
0;7;0.00;0.00;0;0;0
0;8;0.00;0.00;0;0;0
0;8;0.00;0.00;0;0;0
0;9;-0.02;0.00;-1;0;0
0;8;0.00;0.00;0;0;0
0;7;0.00;0.00;0;0;0
0;8;0.00;0.00;0;0;0
0;9;0.00;0.00;0;0;0
0;9;-0.01;-0.02;0;1;0
0;7;0.00;0.00;0;0;0
0;8;-0.02;0.00;-1;0;0
0;8;0.00;0.00;0;0;0
0;8;0.00;0.00;0;0;0
0;8;0.00;0.00;0;0;0
0;12;0.00;0.00;0;0;0
0;6;-0.01;-0.02;0;1;0
0;8;0.00;0.00;0;0;0
0;8;0.00;0.00;0;0;0
0;8;0.00;0.00;0;0;0
0;9;-0.02;0.00;-1;0;0
0;7;0.00;0.00;0;0;0
0;8;-0.01;-0.02;0;1;0
0;12;0.00;0.00;0;0;0
0;9;0.00;0.00;0;0;0
0;8;0.00;0.00;0;0;0
0;10;-0.01;-0.02;0;1;0
0;8;-0.02;0.00;-1;0;0
0;6;0.00;0.00;0;0;0
0;8;0.00;0.00;0;0;0
0;9;0.00;0.00;0;0;0
0;8;0.00;0.00;0;0;0
0;8;0.00;0.00;0;0;0
0;7;0.00;0.00;0;0;0
0;8;-0.04;-0.02;-1;1;0
0;9;0.00;0.00;0;0;0
0;9;0.00;0.00;0;0;0
0;7;0.00;0.00;0;0;0
0;11;0.00;0.00;0;0;0
0;6;0.00;0.00;0;0;0
0;9;0.00;0.00;0;0;0
0;8;-0.02;0.00;-1;0;0
0;8;-0.01;-0.02;0;1;0
0;7;0.00;0.00;0;0;0
0;12;0.00;0.00;0;0;0
0;6;0.00;0.00;0;0;0
0;7;0.00;0.00;0;0;0
0;8;-0.01;-0.02;0;1;0
0;8;0.00;0.00;0;0;0
0;8;0.00;0.00;0;0;0
0;8;-0.02;0.00;-1;0;0
0;9;0.00;0.00;0;0;0
0;10;-0.01;-0.02;0;1;0
0;7;0.00;0.00;0;0;0
0;7;0.00;0.00;0;0;0
0;8;0.00;0.00;0;0;0
0;10;0.00;0.00;0;0;0
0;8;0.00;0.00;0;0;0
0;7;-0.04;-0.02;-1;1;0
0;8;0.00;0.00;0;0;0
0;11;0.00;0.00;0;0;0
0;7;0.00;0.00;0;0;0
0;8;0.00;0.00;0;0;0
0;7;0.00;0.00;0;0;0
0;11;0.00;0.00;0;0;0
0;6;-0.02;0.00;-1;0;0
0;12;-0.01;-0.02;0;1;0
0;5;0.00;0.00;0;0;0
0;8;0.00;0.00;0;0;0
0;8;0.00;0.00;0;0;0
0;8;0.00;0.00;0;0;0
0;8;0.00;0.00;0;0;0
0;10;-0.02;0.00;-1;0;0
0;7;-0.01;-0.02;0;1;0
0;8;0.00;0.00;0;0;0
0;8;0.00;0.00;0;0;0
0;8;0.00;0.00;0;0;0
0;9;0.00;0.00;0;0;0
0;7;-0.01;-0.02;0;1;0
0;11;-0.02;0.00;-1;0;0
0;6;0.00;0.00;0;0;0
0;8;0.00;0.00;0;0;0
0;9;0.00;0.00;0;0;0
0;8;-0.01;-0.02;0;1;0
0;8;0.00;0.00;0;0;0
0;8;0.00;0.00;0;0;0
0;9;0.00;0.00;0;0;0
0;10;-0.02;0.00;-1;0;0
0;6;-0.01;-0.02;0;1;0
0;8;0.00;0.00;0;0;0
0;8;0.00;0.00;0;0;0
0;10;0.00;0.00;0;0;0
0;10;0.00;0.00;0;0;0
0;5;0.00;0.00;0;0;0
0;8;-0.02;0.00;-1;0;0
0;7;0.00;0.00;0;0;0
0;8;-0.01;-0.02;0;1;0
0;9;0.00;0.00;0;0;0
0;8;0.00;0.00;0;0;0
0;9;0.00;0.00;0;0;0
0;7;0.00;0.00;0;0;0
0;8;-0.02;0.00;-1;0;0
0;8;0.00;0.00;0;0;0
0;9;-0.01;-0.02;0;1;0
0;8;0.00;0.00;0;0;0
0;9;0.00;0.00;0;0;0
0;10;0.00;0.00;0;0;0
0;6;0.00;0.00;0;0;0
0;9;-0.02;0.00;-1;0;0
0;8;-0.01;-0.02;0;1;0
0;8;0.00;0.00;0;0;0
0;9;0.00;0.00;0;0;0
0;7;0.00;0.00;0;0;0
0;9;0.00;0.00;0;0;0
0;8;-0.01;-0.02;0;1;0
0;8;0.00;0.00;0;0;0
0;7;-0.02;0.00;-1;0;0
0;8;0.00;0.00;0;0;0
0;9;0.00;0.00;0;0;0
0;12;0.00;0.00;0;0;0
0;10;-0.01;-0.02;0;1;0
0;7;0.00;0.00;0;0;0
0;8;0.00;0.00;0;0;0
0;9;-0.02;0.00;-1;0;0
0;10;0.00;0.00;0;0;0
0;6;0.00;0.00;0;0;0
0;8;0.00;0.00;0;0;0
0;7;0.00;0.00;0;0;0
0;9;-0.01;-0.02;0;1;0
0;8;0.00;0.00;0;0;0
0;11;-0.02;0.00;-1;0;0
0;6;0.00;0.00;0;0;0
0;8;0.00;0.00;0;0;0
0;9;0.00;0.00;0;0;0
0;7;-0.01;-0.02;0;1;0
0;8;0.00;0.00;0;0;0
0;8;0.00;0.00;0;0;0
0;8;0.00;0.00;0;0;0
0;9;0.00;0.00;0;0;0
0;13;-0.01;-0.02;0;1;0
0;8;0.00;0.00;0;0;0
0;8;0.00;0.00;0;0;0
0;7;0.00;0.00;0;0;0
0;9;0.00;0.00;0;0;0
0;8;0.00;0.00;0;0;0
0;19;-0.01;-0.02;0;1;0
0;6;0.00;0.00;0;0;0
0;9;0.00;0.00;0;0;0
0;10;0.00;0.00;0;0;0
0;7;0.00;0.00;0;0;0
0;7;0.00;0.00;0;0;0
0;7;0.00;0.00;0;0;0
0;13;-0.01;-0.02;0;1;0
0;5;0.00;0.00;0;0;0
0;8;0.00;0.00;0;0;0
0;8;0.00;0.00;0;0;0
0;9;0.00;0.00;0;0;0
0;17;-0.01;-0.02;0;1;0
0;8;0.00;0.00;0;0;0
0;8;0.00;0.00;0;0;0
0;7;0.00;0.00;0;0;0
0;7;0.00;0.00;0;0;0
0;9;0.00;0.00;0;0;0
0;8;-0.01;-0.02;0;1;0
0;8;0.00;0.00;0;0;0
0;8;0.00;0.00;0;0;0
0;8;0.00;0.00;0;0;0
0;9;0.00;0.00;0;0;0
0;8;0.00;0.00;0;0;0
0;8;-0.01;-0.02;0;1;0
0;8;-0.01;0.02;0;0;1
0;8;0.00;0.00;0;0;0
0;8;0.00;0.00;0;0;0
0;9;0.00;0.00;0;0;0
0;8;0.00;0.00;0;0;0
0;8;0.00;0.00;0;0;0
0;8;0.00;0.00;0;0;0
0;9;-0.01;-0.02;0;1;0
0;8;0.00;0.00;0;0;0
0;8;0.00;0.00;0;0;0
0;8;0.00;0.00;0;0;0
0;8;0.00;0.00;0;0;0
0;8;0.00;0.00;0;0;0
0;9;0.00;0.00;0;0;0
0;8;-0.01;-0.02;0;1;0
0;8;0.00;0.00;0;0;0
0;8;0.00;0.00;0;0;0
0;8;0.00;0.00;0;0;0
0;9;0.00;0.00;0;0;0
0;8;0.00;0.00;0;0;0
0;8;-0.01;-0.02;0;1;0
0;8;0.00;0.00;0;0;0
0;8;0.00;0.00;0;0;0
0;10;0.00;0.00;0;0;0
0;7;0.00;0.00;0;0;0
0;8;-0.01;-0.02;0;1;0
0;8;0.00;0.00;0;0;0
0;8;0.00;0.00;0;0;0
0;8;0.00;0.00;0;0;0
0;9;0.00;0.00;0;0;0
0;9;0.00;0.00;0;0;0
0;8;0.00;0.00;0;0;0
0;7;-0.01;-0.02;0;1;0
0;19;0.00;0.00;0;0;0
0;9;0.00;0.00;0;0;0
0;6;0.00;0.00;0;0;0
0;11;0.00;0.00;0;0;0
0;8;-0.01;-0.02;0;1;0
0;12;0.00;0.00;0;0;0
0;6;0.00;0.00;0;0;0
0;9;0.00;0.00;0;0;0
0;7;0.00;0.00;0;0;0
0;8;0.00;0.00;0;0;0
0;8;-0.01;-0.02;0;1;0
0;9;0.00;0.00;0;0;0
0;8;0.00;0.00;0;0;0
0;7;0.00;0.00;0;0;0
0;8;0.00;0.00;0;0;0
0;10;-0.01;-0.02;0;1;0
0;8;0.00;0.00;0;0;0
0;7;0.00;0.00;0;0;0
0;14;0.00;0.00;0;0;0
0;7;0.00;0.00;0;0;0
0;8;0.00;0.00;0;0;0
0;9;-0.01;-0.02;0;1;0
0;7;0.00;0.00;0;0;0
0;8;0.00;0.00;0;0;0
0;8;0.00;0.00;0;0;0
0;10;0.00;0.00;0;0;0
0;8;0.00;0.00;0;0;0
0;8;0.00;0.00;0;0;0
0;7;-0.01;-0.02;0;1;0
0;8;0.00;0.00;0;0;0
0;9;0.00;0.00;0;0;0
0;8;0.00;0.00;0;0;0
0;9;0.00;0.00;0;0;0
0;7;0.00;0.00;0;0;0
0;8;-0.01;-0.02;0;1;0
0;12;0.00;0.00;0;0;0
0;6;0.00;0.00;0;0;0
0;8;0.00;0.00;0;0;0
0;8;0.00;0.00;0;0;0
0;11;-0.01;-0.02;0;1;0
0;6;0.00;0.00;0;0;0
0;8;0.00;0.00;0;0;0
0;7;0.00;0.00;0;0;0
0;9;0.00;0.00;0;0;0
0;10;0.00;0.00;0;0;0
0;6;-0.01;-0.02;0;1;0
0;8;0.00;0.00;0;0;0
0;12;0.00;0.00;0;0;0
0;5;0.00;0.00;0;0;0
0;8;0.00;0.00;0;0;0
0;7;0.00;0.00;0;0;0
0;11;0.00;0.00;0;0;0
0;7;-0.01;-0.02;0;1;0
0;7;0.00;0.00;0;0;0
0;8;0.00;0.00;0;0;0
0;9;0.00;0.00;0;0;0
0;9;0.00;0.00;0;0;0
0;8;0.00;0.00;0;0;0
0;10;0.00;0.00;0;0;0
0;7;-0.01;-0.02;0;1;0
0;7;0.00;0.00;0;0;0
0;9;0.00;0.00;0;0;0
0;7;0.00;0.00;0;0;0
0;8;0.00;0.00;0;0;0
0;9;0.00;0.00;0;0;0
0;7;-0.01;-0.02;0;1;0
0;8;0.00;0.00;0;0;0
0;9;0.00;0.00;0;0;0
0;8;0.00;0.00;0;0;0
0;9;0.00;0.00;0;0;0
0;7;0.00;0.00;0;0;0
0;9;-0.01;-0.02;0;1;0
0;8;0.00;0.00;0;0;0
0;8;0.00;0.00;0;0;0
0;8;0.00;0.00;0;0;0
0;8;-0.02;0.00;-1;0;0
0;8;0.00;0.00;0;0;0
0;10;0.00;0.00;0;0;0
0;7;-0.01;-0.02;0;1;0
0;8;0.00;0.00;0;0;0
0;8;0.00;0.00;0;0;0
0;8;0.00;0.00;0;0;0
0;9;0.01;-0.02;0;0;-1
0;8;0.00;0.00;0;0;0
0;11;0.00;0.00;0;0;0
0;6;0.00;0.00;0;0;0
0;8;-0.01;-0.02;0;1;0
0;9;0.00;0.00;0;0;0
0;8;0.00;0.00;0;0;0
0;7;0.00;0.00;0;0;0
0;8;0.00;0.00;0;0;0
0;8;0.00;0.00;0;0;0
0;13;0.00;0.00;0;0;0
0;5;0.00;0.00;0;0;0
0;8;0.00;-0.04;0;1;-1
0;7;0.00;0.00;0;0;0
0;9;0.00;0.00;0;0;0
0;7;0.00;0.00;0;0;0
0;9;0.00;0.00;0;0;0
0;9;0.00;0.00;0;0;0
0;11;-0.01;-0.02;0;1;0
0;5;0.00;0.00;0;0;0
0;8;0.01;-0.02;0;0;-1
0;8;0.00;0.00;0;0;0
0;9;0.00;0.00;0;0;0
0;7;0.00;0.00;0;0;0
0;9;0.00;0.00;0;0;0
0;7;-0.01;-0.02;0;1;0
0;10;0.00;0.00;0;0;0
0;8;0.00;0.00;0;0;0
0;8;0.01;-0.02;0;0;-1
0;7;0.00;0.00;0;0;0
0;11;0.00;0.00;0;0;0
0;7;0.00;0.00;0;0;0
0;8;0.00;0.00;0;0;0
0;7;-0.01;-0.02;0;1;0
0;8;0.00;0.00;0;0;0
0;8;0.01;-0.02;0;0;-1
0;8;0.00;0.00;0;0;0
0;13;0.00;0.00;0;0;0
0;5;0.00;0.00;0;0;0
0;8;0.00;0.00;0;0;0
0;7;0.00;0.00;0;0;0
0;8;-0.01;-0.02;0;1;0
0;9;0.00;0.00;0;0;0
0;8;0.01;-0.02;0;0;-1
0;8;0.00;0.00;0;0;0
0;14;0.00;0.00;0;0;0
0;6;0.00;0.00;0;0;0
0;9;0.00;0.00;0;0;0
0;8;-0.01;-0.02;0;1;0
0;8;0.00;0.00;0;0;0
0;9;0.00;0.00;0;0;0
0;8;0.01;-0.02;0;0;-1
0;8;0.00;0.00;0;0;0
0;8;0.00;0.00;0;0;0
0;8;0.00;0.00;0;0;0
0;9;-0.01;-0.02;0;1;0
0;8;0.00;0.00;0;0;0
0;8;0.00;0.00;0;0;0
0;14;0.01;-0.02;0;0;-1
0;7;0.00;0.00;0;0;0
0;7;0.00;0.00;0;0;0
0;9;0.00;0.00;0;0;0
0;11;0.00;0.00;0;0;0
0;6;0.00;0.00;0;0;0
0;8;0.00;-0.04;0;1;-1
0;7;0.00;0.00;0;0;0
0;11;0.00;0.00;0;0;0
0;7;0.00;0.00;0;0;0
0;8;0.00;0.00;0;0;0
0;7;0.00;0.00;0;0;0
0;11;-0.01;-0.02;0;1;0
0;6;0.01;-0.02;0;0;-1
0;9;0.00;0.00;0;0;0
0;7;0.00;0.00;0;0;0
0;10;0.00;0.00;0;0;0
0;6;0.00;0.00;0;0;0
0;8;0.00;0.00;0;0;0
0;9;-0.01;-0.02;0;1;0
0;9;0.00;0.00;0;0;0
0;8;0.01;-0.02;0;0;-1
0;7;0.00;0.00;0;0;0
0;11;0.00;0.00;0;0;0
0;9;0.00;0.00;0;0;0
0;6;0.00;0.00;0;0;0
0;7;0.00;0.00;0;0;0
0;12;0.00;-0.04;0;1;-1
0;5;0.00;0.00;0;0;0
0;7;0.00;0.00;0;0;0
0;9;0.00;0.00;0;0;0
0;8;0.00;0.00;0;0;0
0;9;0.00;0.00;0;0;0
0;8;0.01;-0.02;0;0;-1
0;8;0.00;0.00;0;0;0
0;9;0.00;0.00;0;0;0
0;9;-0.01;-0.02;0;1;0
0;6;0.00;0.00;0;0;0
0;8;0.00;0.00;0;0;0
0;8;0.01;-0.02;0;0;-1
0;9;0.00;0.00;0;0;0
0;8;0.00;0.00;0;0;0
0;8;0.00;0.00;0;0;0
0;8;-0.01;-0.02;0;1;0
0;8;0.00;0.00;0;0;0
0;10;0.00;0.00;0;0;0
0;7;-0.01;-0.02;0;1;0
0;8;0.01;-0.02;0;0;-1
0;8;0.00;0.00;0;0;0
0;9;-0.01;-0.02;0;1;0
0;11;0.00;0.00;0;0;0
0;6;-0.01;-0.02;0;1;0
0;7;0.00;0.00;0;0;0
0;8;-0.01;-0.02;0;1;0
0;8;0.00;0.00;0;0;0
0;8;-0.01;-0.02;0;1;0
0;9;0.00;0.00;0;0;0
0;10;0.01;-0.02;0;0;-1
0;7;-0.01;-0.02;0;1;0
0;7;0.00;0.00;0;0;0
0;8;0.00;0.00;0;0;0
0;9;0.01;-0.02;0;0;-1
0;8;0.00;0.00;0;0;0
0;8;-0.01;-0.02;0;1;0
0;8;0.00;0.00;0;0;0
0;8;-0.01;-0.02;-1;0;-1
0;9;0.00;0.00;0;0;0
0;8;0.00;0.00;0;0;0
0;11;0.00;0.00;0;0;0
0;6;0.00;0.00;0;0;0
0;7;0.01;-0.02;0;0;-1
0;9;0.00;0.00;0;0;0
0;11;0.00;0.00;0;0;0
0;6;0.00;0.00;0;0;0
0;7;0.00;0.00;0;0;0
0;8;0.00;0.00;0;0;0
0;10;-0.01;-0.02;0;1;0
0;7;0.00;0.00;0;0;0
0;8;0.00;0.00;0;0;0
0;8;0.00;0.00;0;0;0
0;8;0.00;0.00;0;0;0
0;8;0.00;0.00;0;0;0
0;9;-0.01;-0.02;0;1;0
0;8;0.01;-0.02;0;0;-1
0;10;0.00;0.00;0;0;0
0;7;0.00;0.00;0;0;0
0;7;0.00;0.00;0;0;0
0;9;0.00;0.00;0;0;0
0;8;-0.01;-0.02;0;1;0
0;8;0.01;-0.02;0;0;-1
0;8;0.00;0.00;0;0;0
0;9;0.00;0.00;0;0;0
0;9;0.00;0.00;0;0;0
0;7;0.00;0.00;0;0;0
0;9;0.01;-0.02;0;0;-1
0;7;0.00;0.00;0;0;0
0;8;-0.01;-0.02;0;1;0
0;9;0.00;0.00;0;0;0
0;8;0.00;0.00;0;0;0
0;8;0.00;0.00;0;0;0
0;8;0.01;-0.02;0;0;-1
0;8;-0.01;-0.02;0;1;0
0;11;0.00;0.00;0;0;0
0;10;0.00;0.00;0;0;0
0;8;-0.01;-0.02;0;1;0
0;12;-0.01;-0.02;0;1;0
0;4;0.00;0.00;0;0;0
0;10;0.00;0.00;0;0;0
0;7;0.00;-0.04;0;1;-1
0;8;0.00;0.00;0;0;0
0;9;-0.01;-0.02;0;1;0
0;8;-0.01;-0.02;0;1;0
0;7;0.00;0.00;0;0;0
0;11;-0.01;-0.02;0;1;0
0;7;0.00;0.00;0;0;0
0;8;-0.01;-0.02;0;1;0
0;7;0.01;-0.02;0;0;-1
0;12;-0.01;-0.02;0;1;0
0;6;0.00;0.00;0;0;0
0;8;0.00;0.00;0;0;0
0;7;0.00;0.00;0;0;0
0;10;0.01;-0.02;0;0;-1
0;6;-0.01;-0.02;0;1;0
0;9;0.00;0.00;0;0;0
0;8;0.01;-0.02;0;0;-1
0;9;0.00;0.00;0;0;0
0;7;0.00;0.00;0;0;0
0;8;0.00;0.00;0;0;0
0;13;0.01;-0.02;0;0;-1
0;9;0.00;0.00;0;0;0
0;8;0.00;0.00;0;0;0
0;7;0.00;0.00;0;0;0
0;9;0.00;0.00;0;0;0
0;9;0.00;0.00;0;0;0
0;7;0.00;0.00;0;0;0
0;8;-0.01;-0.02;0;1;0
0;8;0.00;0.00;0;0;0
0;8;0.00;0.00;0;0;0
0;9;0.00;0.00;0;0;0
0;8;0.01;-0.02;0;0;-1
0;8;0.00;0.00;0;0;0
0;8;-0.01;-0.02;0;1;0
0;8;0.00;0.00;0;0;0
0;9;0.00;0.00;0;0;0
0;8;0.00;0.00;0;0;0
0;9;0.00;0.00;0;0;0
0;7;-0.01;-0.02;0;1;0
0;8;0.01;-0.02;0;0;-1
0;8;0.00;0.00;0;0;0
0;12;0.00;0.00;0;0;0
0;6;0.00;0.00;0;0;0
0;8;0.00;0.00;0;0;0
0;7;0.01;-0.02;0;0;-1
0;14;-0.01;-0.02;0;1;0
0;7;0.01;-0.02;0;0;-1
0;11;0.00;0.00;0;0;0
0;5;0.01;-0.02;0;0;-1
0;9;0.00;0.00;0;0;0
0;8;0.00;0.00;0;0;0
0;8;0.01;-0.02;0;0;-1
0;8;0.00;0.00;0;0;0
0;10;0.01;-0.02;0;0;-1
0;6;-0.01;-0.02;0;1;0
0;8;0.01;-0.02;0;0;-1
0;9;0.01;-0.02;0;0;-1
0;8;0.00;0.00;0;0;0
0;8;0.01;-0.02;0;0;-1
0;8;-0.01;-0.02;0;1;0
0;12;0.01;-0.02;0;0;-1
0;6;0.00;0.00;0;0;0
0;7;0.01;-0.02;0;0;-1
0;8;-0.01;-0.02;0;1;0
0;11;0.01;-0.02;0;0;-1
0;6;0.00;0.00;0;0;0
0;8;0.01;-0.02;0;0;-1
0;8;-0.01;-0.02;0;1;0
0;8;0.01;-0.02;0;0;-1
0;8;0.00;0.00;0;0;0
0;8;0.00;0.00;0;0;0
0;10;0.01;-0.02;0;0;-1
0;11;-0.01;-0.02;0;1;0
0;4;0.00;0.00;0;0;0
0;9;0.00;0.00;0;0;0
0;7;0.00;0.00;0;0;0
0;9;0.01;-0.02;0;0;-1
0;8;-0.01;-0.02;0;1;0
0;10;0.00;0.00;0;0;0
0;6;0.00;0.00;0;0;0
0;8;0.00;0.00;0;0;0
0;8;0.00;0.00;0;0;0
0;10;0.00;0.00;0;0;0
0;7;-0.01;-0.02;0;1;0
0;8;0.00;0.00;0;0;0
0;8;0.00;0.00;0;0;0
0;9;0.00;0.00;0;0;0
0;8;0.01;-0.02;0;0;-1
0;8;0.00;0.00;0;0;0
0;8;0.00;0.00;0;0;0
0;9;0.00;0.00;0;0;0
0;7;0.00;0.00;0;0;0
0;9;-0.01;-0.02;0;1;0
0;8;0.00;0.00;0;0;0
0;9;0.01;-0.02;0;0;-1
0;7;0.00;0.00;0;0;0
0;8;0.00;0.00;0;0;0
0;9;0.00;0.00;0;0;0
0;8;0.00;0.00;0;0;0
0;8;0.00;0.00;0;0;0
0;8;0.00;-0.04;0;1;-1
0;12;0.00;0.00;0;0;0
0;9;0.00;0.00;0;0;0
0;8;0.01;-0.02;0;0;-1
0;8;0.00;0.00;0;0;0
0;8;0.01;-0.02;0;0;-1
0;8;-0.01;-0.02;0;1;0
0;9;0.01;-0.02;0;0;-1
0;8;0.00;0.00;0;0;0
0;9;0.00;0.00;0;0;0
0;7;0.01;-0.02;0;0;-1
0;8;0.00;0.00;0;0;0
0;9;0.01;-0.02;0;0;-1
0;12;0.00;-0.04;0;1;-1
0;8;0.00;0.00;0;0;0
0;8;0.01;-0.02;0;0;-1
0;8;0.00;0.00;0;0;0
0;9;0.01;-0.02;0;0;-1
0;8;-0.01;-0.02;0;1;0
0;8;0.01;-0.02;0;0;-1
0;10;0.00;0.00;0;0;0
0;7;0.01;-0.02;0;0;-1
0;8;-0.01;-0.02;0;1;0
0;9;0.01;-0.02;0;0;-1
0;7;0.00;0.00;0;0;0
0;9;0.01;-0.02;0;0;-1
0;14;0.00;0.00;0;0;0
0;6;0.00;-0.04;0;1;-1
0;8;0.00;0.00;0;0;0
0;10;0.00;0.00;0;0;0
0;6;0.00;0.00;0;0;0
0;8;0.01;-0.02;0;0;-1
0;9;0.00;0.00;0;0;0
0;9;-0.01;-0.02;0;1;0
0;7;0.00;0.00;0;0;0
0;9;0.00;0.00;0;0;0
0;7;0.00;0.00;0;0;0
0;10;0.00;0.00;0;0;0
0;7;-0.01;-0.02;0;1;0
0;11;0.01;-0.02;0;0;-1
0;5;0.00;0.00;0;0;0
0;11;0.00;0.00;0;0;0
0;5;0.00;0.00;0;0;0
0;9;0.00;0.00;0;0;0
0;8;-0.01;-0.02;0;1;0
0;11;0.00;0.00;0;0;0
0;7;0.00;0.00;0;0;0
0;7;0.00;0.00;0;0;0
0;8;0.00;0.00;0;0;0
0;10;0.01;-0.02;0;0;-1
0;8;0.00;0.00;0;0;0
0;7;0.00;0.00;0;0;0
0;7;0.00;0.00;0;0;0
0;10;0.01;-0.02;0;0;-1
0;7;0.00;0.00;0;0;0
0;8;0.00;-0.04;0;1;-1
0;8;0.00;0.00;0;0;0
0;8;0.01;-0.02;0;0;-1
0;9;0.00;0.00;0;0;0
0;8;0.00;0.00;0;0;0
0;8;0.01;-0.02;0;0;-1
0;8;0.00;0.00;0;0;0
0;8;0.00;-0.04;0;1;-1
0;8;0.00;0.00;0;0;0
0;9;0.01;-0.02;0;0;-1
0;10;0.00;0.00;0;0;0
0;7;0.01;-0.02;0;0;-1
0;7;-0.01;-0.02;0;1;0
0;8;0.00;0.00;0;0;0
0;9;0.01;-0.02;0;0;-1
0;8;0.00;0.00;0;0;0
0;8;0.01;-0.02;0;0;-1
0;8;-0.01;-0.02;0;1;0
0;8;0.01;-0.02;0;0;-1
0;9;0.00;0.00;0;0;0
0;8;0.01;-0.02;0;0;-1
0;8;0.00;0.00;0;0;0
0;8;0.00;-0.04;0;1;-1
0;8;0.00;0.00;0;0;0
0;9;0.01;-0.02;0;0;-1
0;8;0.00;0.00;0;0;0
0;8;0.00;0.00;0;0;0
0;8;0.01;-0.02;0;0;-1
0;8;-0.02;0.00;-1;0;0
0;9;-0.01;-0.02;0;1;0
0;8;0.01;-0.02;0;0;-1
0;8;0.00;0.00;0;0;0
0;8;0.00;0.00;0;0;0
0;8;0.00;0.00;0;0;0
0;8;-0.01;-0.02;0;1;0
0;11;0.01;-0.02;0;0;-1
0;6;0.00;0.00;0;0;0
0;8;0.00;0.00;0;0;0
0;8;0.00;0.00;0;0;0
0;12;0.00;0.00;0;0;0
0;6;-0.01;-0.02;0;1;0
0;8;0.01;-0.02;0;0;-1
0;7;0.00;0.00;0;0;0
0;8;0.00;0.00;0;0;0
0;8;0.01;-0.02;0;0;-1
0;9;0.00;0.00;0;0;0
0;10;0.01;-0.02;0;0;-1
0;6;0.00;0.00;0;0;0
0;8;0.01;-0.02;0;0;-1
0;9;-0.01;-0.02;0;1;0
0;12;0.01;-0.02;0;0;-1
0;6;0.00;0.00;0;0;0
0;7;0.01;-0.02;0;0;-1
0;8;0.00;0.00;0;0;0
0;10;0.01;-0.02;0;0;-1
0;6;0.00;0.00;0;0;0
0;8;0.01;-0.02;0;0;-1
0;8;-0.01;-0.02;0;1;0
0;8;0.01;-0.02;0;0;-1
0;8;0.00;0.00;0;0;0
0;8;0.01;-0.02;0;0;-1
0;9;0.00;0.00;0;0;0
0;8;0.01;-0.02;0;0;-1
0;8;-0.01;-0.02;0;1;0
0;8;0.00;0.00;0;0;0
0;8;0.01;-0.02;0;0;-1
0;9;0.00;0.00;0;0;0
0;8;0.00;0.00;0;0;0
0;8;-0.01;-0.02;0;1;0
0;8;0.00;0.00;0;0;0
0;8;0.00;0.00;0;0;0
0;9;0.01;-0.02;0;0;-1
0;8;0.00;0.00;0;0;0
0;8;0.00;0.00;0;0;0
0;8;0.00;0.00;0;0;0
0;8;0.00;0.00;0;0;0
0;10;0.00;0.00;0;0;0
0;7;0.00;0.00;0;0;0
0;8;0.00;0.00;0;0;0
0;8;0.00;0.00;0;0;0
0;10;0.01;-0.02;0;0;-1
0;7;0.00;0.00;0;0;0
0;8;0.00;0.00;0;0;0
0;8;0.00;0.00;0;0;0
0;8;0.00;0.00;0;0;0
0;8;0.00;0.00;0;0;0
0;8;0.00;0.00;0;0;0
0;9;0.00;0.00;0;0;0
0;8;0.00;0.00;0;0;0
0;8;0.00;0.00;0;0;0
0;8;0.01;-0.02;0;0;-1
0;8;0.00;0.00;0;0;0
0;9;0.00;0.00;0;0;0
0;8;0.02;0.00;1;0;0
0;10;0.01;-0.02;0;0;-1
0;9;0.00;0.00;0;0;0
0;6;0.00;0.00;0;0;0
0;8;0.01;-0.02;0;0;-1
0;8;0.00;0.00;0;0;0
0;8;0.00;0.00;0;0;0
0;8;0.04;-0.02;1;0;-1
0;8;0.00;0.00;0;0;0
0;9;0.01;-0.02;0;0;-1
0;9;0.00;0.00;0;0;0
0;10;0.01;-0.02;0;0;-1
0;5;0.01;-0.02;0;0;-1
0;9;-0.01;-0.02;0;1;0
0;12;0.01;-0.02;0;0;-1
0;5;0.02;0.00;1;0;0
0;7;0.01;-0.02;0;0;-1
0;8;0.00;0.00;0;0;0
0;8;0.00;-0.04;0;1;-1
0;8;0.00;0.00;0;0;0
0;9;0.01;-0.02;0;0;-1
0;8;0.04;-0.02;1;0;-1
0;8;0.00;0.00;0;0;0
0;8;0.01;-0.02;0;0;-1
0;8;0.00;0.00;0;0;0
0;11;0.00;-0.04;0;1;-1
0;7;0.00;0.00;0;0;0
0;7;0.01;-0.02;0;0;-1
0;8;0.02;0.00;1;0;0
0;8;0.01;-0.02;0;0;-1
0;9;0.00;0.00;0;0;0
0;8;0.00;0.00;0;0;0
0;8;0.01;-0.02;0;0;-1
0;8;0.00;0.00;0;0;0
0;8;0.00;0.00;0;0;0
0;9;0.00;0.00;0;0;0
0;9;0.00;0.00;0;0;0
1;8;0.01;-0.02;0;0;-1
1;7;0.02;0.00;1;0;0
1;9;0.00;0.00;0;0;0
1;7;0.00;0.00;0;0;0
1;9;0.00;0.00;0;0;0
1;8;0.00;0.00;0;0;0
1;8;0.00;0.00;0;0;0
1;8;0.00;0.00;0;0;0
1;8;0.00;0.00;0;0;0
1;9;0.00;0.00;0;0;0
1;8;0.00;0.00;0;0;0
1;8;0.01;-0.02;0;0;-1
1;8;0.00;0.00;0;0;0
1;8;0.00;0.00;0;0;0
1;10;0.00;0.00;0;0;0
1;7;0.00;0.00;0;0;0
1;8;0.00;0.00;0;0;0
1;8;0.00;0.00;0;0;0
1;11;0.01;-0.02;0;0;-1
1;6;0.00;0.00;0;0;0
1;8;0.00;0.00;0;0;0
1;8;0.00;0.00;0;0;0
1;10;0.00;0.00;0;0;0
1;6;0.00;0.00;0;0;0
1;9;0.01;-0.02;0;0;-1
1;9;0.00;0.00;0;0;0
1;9;0.00;0.00;0;0;0
1;6;0.00;0.00;0;0;0
1;9;0.02;0.00;1;0;0
1;7;0.00;0.00;0;0;0
1;10;0.01;-0.02;0;0;-1
1;7;0.00;0.00;0;0;0
1;8;0.00;0.00;0;0;0
1;8;0.00;0.00;0;0;0
1;8;0.00;0.00;0;0;0
1;9;0.00;0.00;0;0;0
1;8;0.02;0.00;1;0;0
1;8;0.01;-0.02;0;0;-1
1;8;0.00;0.00;0;0;0
1;8;0.00;0.00;0;0;0
1;9;0.00;0.00;0;0;0
1;9;0.00;0.00;0;0;0
1;7;0.02;0.00;1;0;0
1;8;0.01;-0.02;0;0;-1
1;8;0.00;0.00;0;0;0
1;9;0.01;-0.02;0;0;-1
1;8;0.00;0.00;0;0;0
1;8;0.00;0.00;0;0;0
1;8;0.01;-0.02;0;0;-1
1;10;0.00;0.00;0;0;0
1;7;0.00;0.00;0;0;0
1;9;0.04;-0.02;1;0;-1
1;7;0.00;0.00;0;0;0
1;9;0.00;0.00;0;0;0
1;8;0.01;-0.02;0;0;-1
1;11;0.00;0.00;0;0;0
1;5;0.00;0.00;0;0;0
1;8;0.00;0.00;0;0;0
1;8;0.02;0.00;1;0;0
1;11;0.01;-0.02;0;0;-1
1;6;0.00;0.00;0;0;0
1;8;0.00;0.00;0;0;0
1;8;0.00;0.00;0;0;0
1;9;0.00;0.00;0;0;0
1;7;0.00;0.00;0;0;0
1;8;0.02;0.00;1;0;0
1;9;0.00;0.00;0;0;0
1;11;0.01;-0.02;0;0;-1
1;5;0.00;0.00;0;0;0
1;8;0.00;0.00;0;0;0
1;8;0.00;0.00;0;0;0
1;11;0.02;0.00;1;0;0
1;11;0.00;0.00;0;0;0
1;8;0.01;-0.02;0;0;-1
1;7;0.00;0.00;0;0;0
1;9;0.00;0.00;0;0;0
1;8;0.01;-0.02;0;0;-1
1;8;0.00;0.00;0;0;0
1;11;0.01;-0.02;1;1;0
1;7;0.01;-0.02;0;0;-1
1;8;0.00;0.00;0;0;0
1;7;0.01;-0.02;0;0;-1
1;8;0.00;0.00;0;0;0
1;8;0.01;-0.02;0;0;-1
1;9;0.00;0.00;0;0;0
1;7;0.01;-0.02;0;0;-1
1;9;0.02;0.00;1;0;0
1;8;0.01;-0.02;0;0;-1
1;8;0.00;0.00;0;0;0
1;8;0.00;-0.04;0;1;-1
1;9;0.00;0.00;0;0;0
1;7;0.01;-0.02;0;0;-1
1;9;0.02;0.00;1;0;0
1;8;0.01;-0.02;0;0;-1
1;8;-0.01;-0.02;0;1;0
1;8;0.01;-0.02;0;0;-1
1;9;0.00;0.00;0;0;0
1;8;0.04;-0.02;1;0;-1
1;8;0.00;0.00;0;0;0
1;8;0.01;-0.02;0;0;-1
1;9;-0.01;-0.02;0;1;0
1;8;0.01;-0.02;0;0;-1
1;8;0.00;0.00;0;0;0
1;8;0.02;0.00;1;0;0
1;9;0.00;0.00;0;0;0
1;7;0.01;-0.02;0;0;-1
1;9;0.00;0.00;0;0;0
1;21;0.00;0.00;0;0;0
1;9;0.01;-0.02;0;0;-1
1;6;0.02;0.00;1;0;0
1;10;0.00;0.00;0;0;0
1;7;0.00;0.00;0;0;0
1;8;0.00;0.00;0;0;0
1;8;0.00;0.00;0;0;0
1;8;0.00;0.00;0;0;0
1;8;0.00;0.00;0;0;0
1;9;0.00;0.00;0;0;0
1;8;0.00;0.00;0;0;0
1;8;0.02;0.00;1;0;0
1;8;0.00;0.00;0;0;0
1;8;0.01;-0.02;0;0;-1
1;9;0.00;0.00;0;0;0
1;9;0.00;0.00;0;0;0
1;7;0.00;0.00;0;0;0
1;8;0.00;0.00;0;0;0
1;12;0.00;0.00;0;0;0
1;9;0.02;0.00;1;0;0
1;8;0.01;-0.02;0;0;-1
1;8;0.00;0.00;0;0;0
1;8;0.00;0.00;0;0;0
1;8;0.01;-0.02;0;0;-1
1;13;0.00;0.00;0;0;0
1;8;0.00;0.00;0;0;0
1;8;0.04;-0.02;1;0;-1
1;11;0.00;0.00;0;0;0
1;5;0.01;-0.02;0;0;-1
1;9;0.00;0.00;0;0;0
1;8;0.01;-0.02;0;0;-1
1;11;0.00;0.00;0;0;0
1;6;0.01;-0.02;0;0;-1
1;7;0.00;0.00;0;0;0
1;9;0.01;-0.02;1;1;0
1;11;0.01;-0.02;0;0;-1
1;5;0.00;0.00;0;0;0
1;8;0.01;-0.02;0;0;-1
1;21;0.04;-0.02;1;0;-1
1;8;-0.01;-0.02;0;1;0
1;8;0.01;-0.02;0;0;-1
1;8;0.00;0.00;0;0;0
1;8;0.01;-0.02;0;0;-1
1;9;0.00;0.00;0;0;0
1;8;0.04;-0.02;1;0;-1
1;11;0.01;-0.02;0;0;-1
1;5;-0.01;-0.02;0;1;0
1;8;0.00;0.00;0;0;0
1;9;0.01;-0.02;0;0;-1
1;10;0.00;0.00;0;0;0
1;6;0.01;-0.02;0;0;-1
1;8;0.00;0.00;0;0;0
1;8;0.04;-0.02;1;0;-1
1;12;0.00;0.00;0;0;0
1;5;0.00;0.00;0;0;0
1;8;0.01;-0.02;0;0;-1
1;8;0.00;0.00;0;0;0
1;13;0.00;0.00;0;0;0
1;8;0.00;0.00;0;0;0
1;8;0.02;0.00;1;0;0
1;11;0.00;0.00;0;0;0
1;6;0.00;0.00;0;0;0
1;7;0.01;-0.02;0;0;-1
1;9;0.00;0.00;0;0;0
1;9;0.00;0.00;0;0;0
1;7;0.00;0.00;0;0;0
1;8;0.02;0.00;1;0;0
1;8;0.00;0.00;0;0;0
1;8;0.00;0.00;0;0;0
1;9;0.00;0.00;0;0;0
1;9;0.00;0.00;0;0;0
1;7;0.00;0.00;0;0;0
1;8;0.00;0.00;0;0;0
1;8;0.01;-0.02;0;0;-1
1;9;0.00;0.00;0;0;0
1;9;0.00;0.00;0;0;0
1;7;0.02;0.00;1;0;0
1;8;0.00;0.00;0;0;0
1;9;0.00;0.00;0;0;0
1;8;0.01;-0.02;0;0;-1
1;8;0.00;0.00;0;0;0
1;8;0.00;0.00;0;0;0
1;11;0.04;-0.02;1;0;-1
1;5;0.00;0.00;0;0;0
1;9;0.00;0.00;0;0;0
1;8;0.01;-0.02;0;0;-1
1;8;0.00;0.00;0;0;0
1;8;0.01;-0.02;0;0;-1
1;12;0.00;0.00;0;0;0
1;13;0.01;-0.02;0;0;-1
1;8;0.04;-0.02;1;0;-1
1;8;0.00;0.00;0;0;0
1;8;0.01;-0.02;0;0;-1
1;8;0.00;0.00;0;0;0
1;9;0.01;-0.02;0;0;-1
1;8;0.01;-0.02;0;0;-1
1;8;0.02;0.00;1;0;0
1;8;0.01;-0.02;0;0;-1
1;8;0.00;0.00;0;0;0
1;9;0.01;-0.02;0;0;-1
1;11;0.01;-0.02;0;0;-1
1;6;0.00;0.00;0;0;0
1;7;0.04;-0.02;1;0;-1
1;8;0.00;0.00;0;0;0
1;11;0.00;0.00;0;0;0
1;6;0.01;-0.02;0;0;-1
1;8;0.00;0.00;0;0;0
1;9;0.00;0.00;0;0;0
1;10;0.02;0.00;1;0;0
1;7;0.01;-0.02;0;0;-1
1;7;0.00;0.00;0;0;0
1;8;0.00;0.00;0;0;0
1;8;0.00;0.00;0;0;0
1;8;0.00;0.00;0;0;0
1;9;0.02;0.00;1;0;0
1;8;0.00;0.00;0;0;0
1;8;0.00;0.00;0;0;0
1;8;0.00;0.00;0;0;0
1;10;0.00;0.00;0;0;0
1;6;0.00;0.00;0;0;0
1;9;0.00;0.00;0;0;0
1;8;0.01;-0.02;0;0;-1
1;11;0.02;0.00;1;0;0
1;5;0.00;0.00;0;0;0
1;8;0.00;0.00;0;0;0
1;9;0.00;0.00;0;0;0
1;8;0.00;0.00;0;0;0
1;8;0.00;0.00;0;0;0
1;8;0.00;0.00;0;0;0
1;8;0.01;-0.02;0;0;-1
1;9;0.00;0.00;0;0;0
1;8;0.02;0.00;1;0;0
1;8;0.00;0.00;0;0;0
1;8;0.00;0.00;0;0;0
1;8;0.00;0.00;0;0;0
1;9;0.01;-0.02;0;0;-1
1;8;0.00;0.00;0;0;0
1;8;0.02;0.00;1;0;0
1;8;0.00;0.00;0;0;0
1;8;0.00;0.00;0;0;0
1;8;0.01;-0.02;0;0;-1
1;11;0.00;0.00;0;0;0
1;8;0.00;0.00;0;0;0
1;6;0.00;0.00;0;0;0
1;8;0.02;0.00;1;0;0
1;9;0.00;0.00;0;0;0
1;8;0.01;-0.02;0;0;-1
1;8;0.00;0.00;0;0;0
1;8;0.00;0.00;0;0;0
1;8;0.00;0.00;0;0;0
1;9;0.00;0.00;0;0;0
1;8;0.02;0.00;1;0;0
1;8;0.01;-0.02;0;0;-1
1;8;0.00;0.00;0;0;0
1;8;0.00;0.00;0;0;0
1;8;0.01;-0.02;0;0;-1
1;9;0.00;0.00;0;0;0
1;8;0.02;0.00;1;0;0
1;8;0.01;-0.02;0;0;-1
1;8;0.00;0.00;0;0;0
1;8;0.01;-0.02;0;0;-1
1;11;0.01;-0.02;0;0;-1
1;6;0.00;0.00;0;0;0
1;8;0.01;-0.02;0;0;-1
1;8;0.02;0.00;1;0;0
1;8;0.01;-0.02;0;0;-1
1;8;0.00;0.00;0;0;0
1;10;0.01;-0.02;0;0;-1
1;10;0.01;-0.02;0;0;-1
1;5;0.00;0.00;0;0;0
1;8;0.04;-0.02;1;0;-1
1;8;0.00;0.00;0;0;0
1;9;0.00;0.00;0;0;0
1;8;0.01;-0.02;0;0;-1
1;8;0.00;0.00;0;0;0
1;10;0.02;0.00;1;0;0
1;7;0.01;-0.02;0;0;-1
1;8;0.00;0.00;0;0;0
1;11;0.00;0.00;0;0;0
1;5;0.00;0.00;0;0;0
1;8;0.02;0.00;1;0;0
1;8;0.01;-0.02;0;0;-1
1;13;0.00;0.00;0;0;0
1;8;0.00;0.00;0;0;0
1;8;0.00;0.00;0;0;0
1;8;0.00;0.00;0;0;0
1;10;0.02;0.00;1;0;0
1;7;0.00;0.00;0;0;0
1;8;0.00;0.00;0;0;0
1;8;0.00;0.00;0;0;0
1;8;0.00;0.00;0;0;0
1;8;0.01;-0.02;0;0;-1
1;9;0.00;0.00;0;0;0
1;8;0.00;0.00;0;0;0
1;8;0.02;0.00;1;0;0
1;8;0.00;0.00;0;0;0
1;8;0.00;0.00;0;0;0
1;9;0.00;0.00;0;0;0
1;8;0.00;0.00;0;0;0
1;8;0.01;-0.02;0;0;-1
1;8;0.00;0.00;0;0;0
1;11;0.02;0.00;1;0;0
1;5;0.00;0.00;0;0;0
1;9;0.00;0.00;0;0;0
1;8;0.00;0.00;0;0;0
1;11;0.01;-0.02;0;0;-1
1;6;0.00;0.00;0;0;0
1;10;0.02;0.00;1;0;0
1;6;0.00;0.00;0;0;0
1;11;0.00;0.00;0;0;0
1;5;0.00;0.00;0;0;0
1;8;0.00;0.00;0;0;0
1;8;0.01;-0.02;0;0;-1
1;9;0.02;0.00;1;0;0
1;8;0.00;0.00;0;0;0
1;9;0.00;0.00;0;0;0
1;7;0.00;0.00;0;0;0
1;8;0.00;0.00;0;0;0
1;9;0.01;-0.02;0;0;-1
1;8;0.00;0.00;0;0;0
1;8;0.02;0.00;1;0;0
1;8;0.00;0.00;0;0;0
1;8;0.00;0.00;0;0;0
1;12;0.00;0.00;0;0;0
1;5;0.01;-0.02;0;0;-1
1;8;0.00;0.00;0;0;0
1;8;0.00;0.00;0;0;0
1;8;0.02;0.00;1;0;0
1;8;0.00;0.00;0;0;0
1;9;0.00;0.00;0;0;0
1;8;0.00;0.00;0;0;0
1;9;0.01;-0.02;0;0;-1
1;7;0.00;0.00;0;0;0
1;8;0.02;0.00;1;0;0
1;9;0.00;0.00;0;0;0
1;9;0.00;0.00;0;0;0
1;7;0.00;0.00;0;0;0
1;8;0.00;0.00;0;0;0
1;8;0.01;-0.02;0;0;-1
1;9;0.02;0.00;1;0;0
1;8;0.00;0.00;0;0;0
1;8;0.00;0.00;0;0;0
1;11;0.00;0.00;0;0;0
1;5;0.00;0.00;0;0;0
1;9;0.00;0.00;0;0;0
1;8;0.04;-0.02;1;0;-1
1;8;0.00;0.00;0;0;0
1;10;0.00;0.00;0;0;0
1;6;0.00;0.00;0;0;0
1;9;0.00;0.00;0;0;0
1;10;0.00;0.00;0;0;0
1;6;0.02;0.00;1;0;0
1;8;0.01;-0.02;0;0;-1
1;8;0.00;0.00;0;0;0
1;11;0.00;0.00;0;0;0
1;6;0.00;0.00;0;0;0
1;8;0.00;0.00;0;0;0
1;8;0.00;0.00;0;0;0
1;10;0.02;0.00;1;0;0
1;7;0.00;0.00;0;0;0
1;8;0.01;-0.02;0;0;-1
1;8;0.00;0.00;0;0;0
1;8;0.00;0.00;0;0;0
1;8;0.00;0.00;0;0;0
1;11;0.02;0.00;1;0;0
1;6;0.00;0.00;0;0;0
1;8;0.00;0.00;0;0;0
1;8;0.00;0.00;0;0;0
1;8;0.01;-0.02;0;0;-1
1;8;0.00;0.00;0;0;0
1;9;0.02;0.00;1;0;0
1;9;0.00;0.00;0;0;0
1;8;0.00;0.00;0;0;0
1;7;0.00;0.00;0;0;0
1;12;0.01;-0.02;0;0;-1
1;10;0.02;0.00;1;0;0
1;7;0.00;0.00;0;0;0
1;8;0.00;0.00;0;0;0
1;8;0.00;0.00;0;0;0
1;8;0.00;0.00;0;0;0
1;9;0.00;0.00;0;0;0
1;8;0.04;-0.02;1;0;-1
1;8;0.00;0.00;0;0;0
1;9;0.00;0.00;0;0;0
1;7;0.00;0.00;0;0;0
1;9;0.00;0.00;0;0;0
1;8;0.00;0.00;0;0;0
1;10;0.02;0.00;1;0;0
1;6;0.00;0.00;0;0;0
1;8;0.01;-0.02;0;0;-1
1;8;0.00;0.00;0;0;0
1;9;0.00;0.00;0;0;0
1;8;0.00;0.00;0;0;0
1;8;0.02;0.00;1;0;0
1;8;0.00;0.00;0;0;0
1;8;0.00;0.00;0;0;0
1;9;0.00;0.00;0;0;0
1;8;0.01;-0.02;0;0;-1
1;8;0.00;0.00;0;0;0
1;8;0.02;0.00;1;0;0
1;9;0.00;0.00;0;0;0
1;8;0.00;0.00;0;0;0
1;8;0.00;0.00;0;0;0
1;8;0.00;0.00;0;0;0
1;8;0.01;-0.02;0;0;-1
1;8;0.00;0.00;0;0;0
1;9;0.02;0.00;1;0;0
1;8;0.00;0.00;0;0;0
1;8;0.00;0.00;0;0;0
1;8;0.00;0.00;0;0;0
1;8;0.00;0.00;0;0;0
1;9;0.00;0.00;0;0;0
1;11;0.04;-0.02;1;0;-1
1;5;0.00;0.00;0;0;0
1;8;0.00;0.00;0;0;0
1;9;0.00;0.00;0;0;0
1;7;0.00;0.00;0;0;0
1;9;0.00;0.00;0;0;0
1;8;0.02;0.00;1;0;0
1;8;0.00;0.00;0;0;0
1;8;0.01;-0.02;0;0;-1
1;8;0.00;0.00;0;0;0
1;9;0.00;0.00;0;0;0
1;8;0.00;0.00;0;0;0
1;8;0.02;0.00;1;0;0
1;8;0.00;0.00;0;0;0
1;11;0.00;0.00;0;0;0
1;7;0.00;0.00;0;0;0
1;8;0.01;-0.02;0;0;-1
1;7;0.00;0.00;0;0;0
1;8;0.00;0.00;0;0;0
1;8;0.02;0.00;1;0;0
1;9;0.00;0.00;0;0;0
1;8;0.00;0.00;0;0;0
1;8;0.00;0.00;0;0;0
1;8;0.01;-0.02;0;0;-1
1;8;0.02;0.00;1;0;0
1;9;0.00;0.00;0;0;0
1;8;0.00;0.00;0;0;0
1;8;0.02;0.00;1;0;0
1;13;0.02;0.00;1;0;0
1;8;0.00;0.00;0;0;0
1;8;0.01;-0.02;0;0;-1
1;9;0.02;0.00;1;0;0
1;10;0.02;0.00;1;0;0
1;5;0.01;-0.02;0;0;-1
1;8;0.02;0.00;1;0;0
1;9;0.00;0.00;0;0;0
1;8;0.04;-0.02;1;0;-1
1;8;0.00;0.00;0;0;0
1;8;0.04;-0.02;1;0;-1
1;8;0.00;0.00;0;0;0
1;8;0.02;0.00;1;0;0
1;9;0.04;-0.02;1;0;-1
1;8;0.00;0.00;0;0;0
1;10;0.02;0.00;1;0;0
1;6;0.01;-0.02;0;0;-1
1;8;0.02;0.00;1;0;0
1;9;0.00;0.00;0;0;0
1;8;0.00;0.00;0;0;0
1;8;0.02;0.00;1;0;0
1;9;0.00;0.00;0;0;0
1;7;0.00;0.00;0;0;0
1;9;0.01;-0.02;0;0;-1
1;12;0.00;0.00;0;0;0
1;8;0.02;0.00;1;0;0
1;8;0.00;0.00;0;0;0
1;8;0.00;0.00;0;0;0
1;12;0.00;0.00;0;0;0
1;5;0.00;0.00;0;0;0
1;8;0.00;0.00;0;0;0
1;8;0.00;0.00;0;0;0
1;9;0.04;-0.02;1;0;-1
1;8;0.00;0.00;0;0;0
1;8;0.00;0.00;0;0;0
1;8;0.00;0.00;0;0;0
1;9;0.00;0.00;0;0;0
1;7;0.00;0.00;0;0;0
1;9;0.00;0.00;0;0;0
1;8;0.01;-0.02;0;0;-1
1;8;0.00;0.00;0;0;0
1;8;0.02;0.00;1;0;0
1;8;0.00;0.00;0;0;0
1;9;0.00;0.00;0;0;0
1;8;0.00;0.00;0;0;0
1;8;0.00;0.00;0;0;0
1;8;0.00;0.00;0;0;0
1;11;0.01;-0.02;0;0;-1
1;5;0.00;0.00;0;0;0
1;9;0.02;0.00;1;0;0
1;8;0.00;0.00;0;0;0
1;8;0.00;0.00;0;0;0
1;8;0.00;0.00;0;0;0
1;8;0.00;0.00;0;0;0
1;9;0.00;0.00;0;0;0
1;9;0.04;-0.02;1;0;-1
1;7;0.00;0.00;0;0;0
1;8;0.00;0.00;0;0;0
1;8;0.02;0.00;1;0;0
1;12;0.00;0.00;0;0;0
1;6;0.02;0.00;1;0;0
1;7;0.00;0.00;0;0;0
1;8;0.00;0.00;0;0;0
1;8;0.02;0.00;1;0;0
1;10;0.01;-0.02;0;0;-1
1;7;0.02;0.00;1;0;0
1;8;0.00;0.00;0;0;0
1;8;0.02;0.00;1;0;0
1;8;0.00;0.00;0;0;0
1;12;0.02;0.00;1;0;0
1;5;0.00;0.00;0;0;0
1;8;0.04;-0.02;1;0;-1
1;8;0.00;0.00;0;0;0
1;11;0.02;0.00;1;0;0
1;5;0.00;0.00;0;0;0
1;9;0.02;0.00;1;0;0
1;8;0.01;-0.02;0;0;-1
1;11;0.02;0.00;1;0;0
1;5;0.00;0.00;0;0;0
1;12;0.02;0.00;1;0;0
1;5;0.00;0.00;0;0;0
1;14;0.04;-0.02;1;0;-1
1;6;0.00;0.00;0;0;0
1;8;0.00;0.00;0;0;0
1;10;0.02;0.00;1;0;0
1;7;0.00;0.00;0;0;0
1;8;0.01;-0.02;0;0;-1
1;8;0.00;0.00;0;0;0
1;9;0.00;0.00;0;0;0
1;7;0.02;0.00;1;0;0
1;13;0.00;0.00;0;0;0
1;13;0.01;-0.02;0;0;-1
1;7;0.00;0.00;0;0;0
1;8;0.00;0.00;0;0;0
1;9;0.00;0.00;0;0;0
1;9;0.00;0.00;0;0;0
1;7;0.00;0.00;0;0;0
1;8;0.00;0.00;0;0;0
1;7;0.04;-0.02;1;0;-1
1;10;0.00;0.00;0;0;0
1;8;0.00;0.00;0;0;0
1;8;0.00;0.00;0;0;0
1;8;0.00;0.00;0;0;0
1;8;0.00;0.00;0;0;0
1;9;0.00;0.00;0;0;0
1;8;0.00;0.00;0;0;0
1;8;0.02;0.00;1;0;0
1;8;0.01;-0.02;0;0;-1
1;8;0.00;0.00;0;0;0
1;8;0.00;0.00;0;0;0
1;12;0.02;0.00;1;0;0
1;5;0.00;0.00;0;0;0
1;8;0.00;0.00;0;0;0
1;8;0.04;-0.02;1;0;-1
1;8;0.00;0.00;0;0;0
1;9;0.00;0.00;0;0;0
1;11;0.02;0.00;1;0;0
1;9;0.02;0.00;1;0;0
1;10;0.00;0.00;0;0;0
1;14;0.02;0.00;1;0;0
1;5;0.01;-0.02;0;0;-1
1;8;0.02;0.00;1;0;0
1;8;0.00;0.00;0;0;0
1;8;0.02;0.00;1;0;0
1;8;0.00;0.00;0;0;0
1;9;0.02;0.00;1;0;0
1;8;0.01;-0.02;0;0;-1
1;19;0.02;0.00;1;0;0
1;6;0.02;0.00;1;0;0
1;8;0.01;-0.02;0;0;-1
1;9;0.02;0.00;1;0;0
1;7;0.00;0.00;0;0;0
1;8;0.00;0.00;0;0;0
1;8;0.02;0.00;1;0;0
1;9;0.01;-0.02;0;0;-1
1;8;0.02;0.00;1;0;0
1;8;0.00;0.00;0;0;0
1;8;0.02;0.00;1;0;0
1;9;0.00;0.00;0;0;0
1;8;0.00;0.00;0;0;0
1;8;0.04;-0.02;1;0;-1
1;8;0.00;0.00;0;0;0
1;13;0.00;0.00;0;0;0
1;8;0.00;0.00;0;0;0
1;8;0.02;0.00;1;0;0
1;8;0.00;0.00;0;0;0
1;8;0.01;-0.02;0;0;-1
1;8;0.00;0.00;0;0;0
1;8;0.00;0.00;0;0;0
1;9;0.00;0.00;0;0;0
1;8;0.00;0.00;0;0;0
1;7;0.00;0.00;0;0;0
1;8;0.00;0.00;0;0;0
1;12;0.01;-0.02;0;0;-1
1;9;0.02;0.00;1;0;0
1;9;0.00;0.00;0;0;0
1;8;0.00;0.00;0;0;0
1;8;0.00;0.00;0;0;0
1;8;0.00;0.00;0;0;0
1;9;0.00;0.00;0;0;0
1;8;0.00;0.00;0;0;0
1;7;0.01;-0.02;0;0;-1
1;9;0.02;0.00;1;0;0
1;8;0.00;0.00;0;0;0
1;8;0.00;0.00;0;0;0
1;8;0.00;0.00;0;0;0
1;11;0.00;0.00;0;0;0
1;6;0.01;-0.02;0;0;-1
1;8;0.02;0.00;1;0;0
1;8;0.00;0.00;0;0;0
1;12;0.00;0.00;0;0;0
1;5;0.00;0.00;0;0;0
1;8;0.00;0.00;0;0;0
1;8;0.02;0.00;1;0;0
1;9;0.01;-0.02;0;0;-1
1;8;0.00;0.00;0;0;0
1;7;0.02;0.00;1;0;0
1;9;0.00;0.00;0;0;0
1;9;0.02;0.00;1;0;0
1;8;0.00;0.00;0;0;0
1;7;0.04;-0.02;1;0;-1
1;13;0.00;0.00;0;0;0
1;8;0.02;0.00;1;0;0
1;8;0.00;0.00;0;0;0
1;8;0.02;0.00;1;0;0
1;11;0.02;0.00;1;0;0
1;6;0.01;-0.02;0;0;-1
1;8;0.02;0.00;1;0;0
1;7;0.00;0.00;0;0;0
1;12;0.02;0.00;1;0;0
1;6;0.02;0.00;1;0;0
1;8;0.01;-0.02;0;0;-1
1;7;0.02;0.00;1;0;0
1;11;0.00;0.00;0;0;0
1;6;0.02;0.00;1;0;0
1;9;0.00;0.00;0;0;0
1;8;0.02;0.00;1;0;0
1;8;0.01;-0.02;0;0;-1
1;8;0.00;0.00;0;0;0
1;8;0.02;0.00;1;0;0
1;9;0.00;0.00;0;0;0
1;8;0.00;0.00;0;0;0
1;8;0.00;0.00;0;0;0
1;7;0.00;0.00;0;0;0
1;9;0.02;0.00;1;0;0
1;9;0.00;0.00;0;0;0
1;8;0.00;0.00;0;0;0
1;10;0.00;0.00;0;0;0
1;6;0.00;0.00;0;0;0
1;8;0.00;0.00;0;0;0
1;11;0.00;0.00;0;0;0
1;6;0.00;0.00;0;0;0
1;8;0.00;0.00;0;0;0
1;8;0.02;0.00;1;0;0
1;14;0.00;0.00;0;0;0
1;7;0.00;0.00;0;0;0
1;8;0.00;0.00;0;0;0
1;8;0.00;0.00;0;0;0
1;8;0.00;0.00;0;0;0
1;7;0.00;0.00;0;0;0
1;10;0.00;0.00;0;0;0
1;8;0.02;0.00;1;0;0
1;9;0.00;0.00;0;0;0
1;7;0.00;0.00;0;0;0
1;7;0.00;0.00;0;0;0
1;9;0.00;0.00;0;0;0
1;8;0.00;0.00;0;0;0
1;9;0.02;0.00;1;0;0
1;7;0.00;0.00;0;0;0
1;13;0.01;-0.02;0;0;-1
1;9;0.00;0.00;0;0;0
1;8;0.00;0.00;0;0;0
1;7;0.02;0.00;1;0;0
1;16;0.00;0.00;0;0;0
1;5;0.00;0.00;0;0;0
1;9;0.01;-0.02;0;0;-1
1;10;0.00;0.00;0;0;0
1;6;0.00;0.00;0;0;0
1;8;0.00;0.00;0;0;0
1;7;0.02;0.00;1;0;0
1;9;0.00;0.00;0;0;0
1;9;0.04;-0.02;1;0;-1
1;7;0.00;0.00;0;0;0
1;8;0.00;0.00;0;0;0
1;8;0.02;0.00;1;0;0
1;9;0.00;0.00;0;0;0
1;9;0.02;0.00;1;0;0
1;7;0.00;0.00;0;0;0
1;8;0.02;0.00;1;0;0
1;8;0.00;0.00;0;0;0
1;9;0.02;0.00;1;0;0
1;8;0.01;-0.02;0;0;-1
1;8;0.02;0.00;1;0;0
1;9;0.00;0.00;0;0;0
1;7;0.02;0.00;1;0;0
1;9;0.02;0.00;1;0;0
1;8;0.00;0.00;0;0;0
1;8;0.04;-0.02;1;0;-1
1;9;0.00;0.00;0;0;0
1;8;0.02;0.00;1;0;0
1;8;0.00;0.00;0;0;0
1;9;0.00;0.00;0;0;0
1;7;0.04;-0.02;1;0;-1
1;9;0.00;0.00;0;0;0
1;7;0.00;0.00;0;0;0
1;8;0.00;0.00;0;0;0
1;9;0.00;0.00;0;0;0
1;8;0.02;0.00;1;0;0
1;8;0.00;0.00;0;0;0
1;9;0.00;0.00;0;0;0
1;7;0.00;0.00;0;0;0
1;9;0.00;0.00;0;0;0
1;8;0.00;0.00;0;0;0
1;14;0.02;0.00;1;0;0
1;7;0.00;0.00;0;0;0
1;8;0.00;0.00;0;0;0
1;9;0.00;0.00;0;0;0
1;9;0.00;0.00;0;0;0
1;7;0.00;0.00;0;0;0
1;8;0.00;0.00;0;0;0
1;7;0.00;0.00;0;0;0
1;10;0.00;0.00;0;0;0
1;8;0.02;0.00;1;0;0
1;8;0.00;0.00;0;0;0
1;7;0.00;0.00;0;0;0
1;9;0.00;0.00;0;0;0
1;9;0.00;0.00;0;0;0
1;7;0.00;0.00;0;0;0
1;9;0.00;0.00;0;0;0
1;9;0.00;0.00;0;0;0
1;7;0.02;0.00;1;0;0
1;8;0.00;0.00;0;0;0
1;12;0.00;0.00;0;0;0
1;6;0.02;0.00;1;0;0
1;7;0.00;0.00;0;0;0
1;7;0.00;0.00;0;0;0
1;13;0.02;0.00;1;0;0
1;8;0.00;0.00;0;0;0
1;9;0.02;0.00;1;0;0
1;8;0.00;0.00;0;0;0
1;8;0.02;0.00;0;-1;-1
1;9;0.02;0.00;1;0;0
1;7;0.00;0.00;0;0;0
1;8;0.02;0.00;1;0;0
1;8;0.00;0.00;0;0;0
1;8;0.02;0.00;1;0;0
1;8;0.01;-0.02;0;0;-1
1;9;0.04;0.02;1;-1;0
1;8;0.00;0.00;0;0;0
1;8;0.02;0.00;1;0;0
1;8;0.00;0.00;0;0;0
1;8;0.04;-0.02;1;0;-1
1;10;0.00;0.00;0;0;0
1;14;0.04;0.02;1;-1;0
1;6;0.00;0.00;0;0;0
1;8;0.04;-0.02;1;0;-1
1;7;0.00;0.00;0;0;0
1;11;0.02;0.00;1;0;0
1;7;0.00;0.00;0;0;0
1;8;0.00;0.00;0;0;0
1;7;0.04;0.02;1;-1;0
1;9;0.00;0.00;0;0;0
1;8;0.02;0.00;1;0;0
1;9;0.00;0.00;0;0;0
1;8;0.00;0.00;0;0;0
1;8;0.00;0.00;0;0;0
1;8;0.02;0.00;1;0;0
1;9;0.01;0.02;0;-1;0
1;7;0.00;0.00;0;0;0
1;8;0.00;0.00;0;0;0
1;9;0.00;0.00;0;0;0
1;7;0.00;0.00;0;0;0
1;9;0.00;0.00;0;0;0
1;19;0.04;0.02;1;-1;0
1;6;0.00;0.00;0;0;0
1;11;0.00;0.00;0;0;0
1;9;0.00;0.00;0;0;0
1;8;0.00;0.00;0;0;0
1;8;0.00;0.00;0;0;0
1;9;0.01;0.02;0;-1;0
1;7;0.02;0.00;1;0;0
1;9;0.00;0.00;0;0;0
1;8;0.00;0.00;0;0;0
1;9;0.02;0.00;1;0;0
1;7;0.00;0.00;0;0;0
1;8;0.02;0.00;1;0;0
1;9;0.00;0.00;0;0;0
1;8;0.04;0.02;1;-1;0
1;8;0.00;0.00;0;0;0
1;8;0.02;0.00;1;0;0
1;9;0.00;0.00;0;0;0
1;7;0.02;0.00;1;0;0
1;9;0.00;0.00;0;0;0
1;8;0.02;0.00;1;0;0
1;8;0.00;0.00;0;0;0
1;8;0.01;0.02;0;-1;0
1;9;0.02;0.00;1;0;0
1;9;0.00;0.00;0;0;0
1;8;0.02;0.00;1;0;0
1;7;0.00;0.00;0;0;0
1;8;0.00;0.00;0;0;0
1;8;0.02;0.00;1;0;0
1;9;0.01;0.02;0;-1;0
1;8;0.02;0.00;1;0;0
1;8;0.00;0.00;0;0;0
1;8;0.02;0.00;1;0;0
1;8;0.00;0.00;0;0;0
1;9;0.00;0.00;0;0;0
1;8;0.02;0.00;1;0;0
1;8;0.00;0.00;0;0;0
1;8;0.04;0.02;1;-1;0
1;8;0.00;0.00;0;0;0
1;10;0.02;0.00;1;0;0
1;7;0.00;0.00;0;0;0
1;9;0.02;0.00;1;0;0
1;8;0.00;0.00;0;0;0
1;10;0.02;0.00;1;0;0
1;8;0.04;0.02;1;-1;0
1;7;0.00;0.00;0;0;0
1;8;0.02;0.00;1;0;0
1;9;0.00;0.00;0;0;0
1;7;0.02;0.00;1;0;0
1;8;0.00;0.00;0;0;0
1;8;0.04;0.02;1;-1;0
1;9;0.00;0.00;0;0;0
1;8;0.02;0.00;1;0;0
1;7;0.00;0.00;0;0;0
1;8;0.00;0.00;0;0;0
1;9;0.02;0.00;1;0;0
1;8;0.00;0.00;0;0;0
1;9;0.01;0.02;0;-1;0
1;8;0.00;0.00;0;0;0
1;9;0.02;0.00;1;0;0
1;8;0.00;0.00;0;0;0
1;7;0.00;0.00;0;0;0
1;9;0.00;0.00;0;0;0
1;7;0.01;-0.02;0;0;-1
1;8;0.01;0.02;0;-1;0
1;8;0.00;0.00;0;0;0
1;9;0.00;0.00;0;0;0
1;8;0.00;0.00;0;0;0
1;8;0.00;0.00;0;0;0
1;8;0.02;0.00;1;0;0
1;11;0.00;0.00;0;0;0
1;7;0.00;0.00;0;0;0
1;9;0.01;0.02;0;-1;0
1;7;0.00;0.00;0;0;0
1;8;0.00;0.00;0;0;0
1;7;0.00;0.00;0;0;0
1;12;0.02;0.00;1;0;0
1;6;0.00;0.00;0;0;0
1;8;0.00;0.00;0;0;0
1;8;0.00;0.00;0;0;0
1;10;0.01;0.02;0;-1;0
1;7;0.00;0.00;0;0;0
1;8;0.00;0.00;0;0;0
1;7;0.02;0.00;1;0;0
1;10;0.00;0.00;0;0;0
1;6;0.00;0.00;0;0;0
1;9;0.00;0.00;0;0;0
1;9;0.01;0.02;0;-1;0
1;8;0.00;0.00;0;0;0
1;6;0.00;0.00;0;0;0
1;8;0.02;0.00;1;0;0
1;8;0.00;0.00;0;0;0
1;9;0.00;0.00;0;0;0
1;8;0.00;0.00;0;0;0
1;8;0.00;0.00;0;0;0
1;8;0.04;0.02;1;-1;0
1;9;0.00;0.00;0;0;0
1;8;0.00;0.00;0;0;0
1;8;0.02;0.00;1;0;0
1;8;0.00;0.00;0;0;0
1;12;0.02;0.00;1;0;0
1;5;0.00;0.00;0;0;0
1;9;0.04;0.02;1;-1;0
1;10;0.00;0.00;0;0;0
1;7;0.02;0.00;1;0;0
1;6;0.00;0.00;0;0;0
1;7;0.02;0.00;1;0;0
1;14;0.02;0.00;1;0;0
1;8;0.00;0.00;0;0;0
1;8;0.04;0.02;1;-1;0
1;8;0.02;0.00;1;0;0
1;8;0.00;0.00;0;0;0
1;9;0.02;0.00;1;0;0
1;7;0.00;0.00;0;0;0
1;8;0.04;0.02;1;-1;0
1;8;0.00;0.00;0;0;0
1;8;0.02;0.00;1;0;0
1;9;0.02;0.00;1;0;0
1;8;0.00;0.00;0;0;0
1;8;0.02;0.00;1;0;0
1;15;0.01;0.02;0;-1;0
1;6;0.02;0.00;1;0;0
1;9;0.00;0.00;0;0;0
1;7;0.00;0.00;0;0;0
1;9;0.00;0.00;0;0;0
1;7;0.02;0.00;1;0;0
1;9;0.01;0.02;0;-1;0
1;8;0.00;0.00;0;0;0
1;8;0.00;0.00;0;0;0
1;8;0.00;0.00;0;0;0
1;8;0.00;0.00;0;0;0
1;8;0.02;0.00;1;0;0
1;9;0.01;0.02;0;-1;0
1;8;0.00;0.00;0;0;0
1;8;0.00;0.00;0;0;0
1;12;0.00;0.00;0;0;0
1;6;0.00;0.00;0;0;0
1;8;0.00;0.00;0;0;0
1;7;0.00;0.00;0;0;0
1;8;0.01;0.02;0;-1;0
1;9;0.00;0.00;0;0;0
1;8;0.00;0.00;0;0;0
1;7;0.00;0.00;0;0;0
1;9;0.02;0.00;1;0;0
1;8;0.00;0.00;0;0;0
1;8;0.00;0.00;0;0;0
1;8;0.00;0.00;0;0;0
1;8;0.00;0.00;0;0;0
1;12;0.04;0.02;1;-1;0
1;6;0.00;0.00;0;0;0
1;7;0.00;0.00;0;0;0
1;8;0.00;0.00;0;0;0
1;8;0.00;0.00;0;0;0
1;9;0.00;0.00;0;0;0
1;8;0.02;0.00;1;0;0
1;13;0.01;0.02;0;-1;0
1;8;0.00;0.00;0;0;0
1;7;0.00;0.00;0;0;0
1;9;0.00;0.00;0;0;0
1;8;0.00;0.00;0;0;0
1;8;0.00;0.00;0;0;0
1;8;0.04;0.02;1;-1;0
1;8;0.00;0.00;0;0;0
1;8;0.00;0.00;0;0;0
1;14;0.00;0.00;0;0;0
1;8;0.00;0.00;0;0;0
1;7;0.00;0.00;0;0;0
1;7;0.01;0.02;0;-1;0
1;12;0.02;0.00;1;0;0
1;6;0.00;0.00;0;0;0
1;8;0.00;0.00;0;0;0
1;8;0.00;0.00;0;0;0
1;10;0.00;0.00;0;0;0
1;7;0.00;0.00;0;0;0
1;7;0.04;0.02;1;-1;0
1;8;0.00;0.00;0;0;0
1;8;0.00;0.00;0;0;0
1;8;0.00;0.00;0;0;0
1;9;0.00;0.00;0;0;0
1;8;0.00;0.00;0;0;0
1;8;0.00;0.00;0;0;0
1;9;0.04;0.02;1;-1;0
1;8;0.00;0.00;0;0;0
1;11;0.00;0.00;0;0;0
1;6;0.00;0.00;0;0;0
1;7;0.00;0.00;0;0;0
1;9;0.00;0.00;0;0;0
1;10;0.04;0.02;1;-1;0
1;9;0.00;0.00;0;0;0
1;6;0.00;0.00;0;0;0
1;7;0.00;0.00;0;0;0
1;9;0.00;0.00;0;0;0
1;8;0.00;0.00;0;0;0
1;7;0.00;0.00;0;0;0
1;9;0.01;0.02;0;-1;0
1;11;0.02;0.00;1;0;0
1;6;0.00;0.00;0;0;0
1;7;0.00;0.00;0;0;0
1;8;0.00;0.00;0;0;0
1;12;0.00;0.00;0;0;0
1;6;0.01;0.02;0;-1;0
1;7;0.02;0.00;1;0;0
1;8;0.00;0.00;0;0;0
1;9;0.00;0.00;0;0;0
1;12;0.00;0.00;0;0;0
1;8;0.00;0.00;0;0;0
1;8;0.01;0.02;0;-1;0
1;8;0.02;0.00;1;0;0
1;8;0.00;0.00;0;0;0
1;9;0.00;0.00;0;0;0
1;8;0.00;0.00;0;0;0
1;8;0.00;0.00;0;0;0
1;11;0.01;0.02;0;-1;0
1;6;0.02;0.00;1;0;0
1;9;0.00;0.00;0;0;0
1;7;0.00;0.00;0;0;0
1;8;0.00;0.00;0;0;0
1;8;0.00;0.00;0;0;0
1;8;0.00;0.00;0;0;0
1;11;0.01;0.02;0;-1;0
1;8;0.02;0.00;1;0;0
1;6;0.00;0.00;0;0;0
1;9;0.00;0.00;0;0;0
1;7;0.00;0.00;0;0;0
1;13;0.01;0.02;0;-1;0
1;5;0.00;0.00;0;0;0
1;7;0.00;0.00;0;0;0
1;9;0.02;0.00;1;0;0
1;16;0.00;0.00;0;0;0
1;9;0.00;0.00;0;0;0
1;7;0.01;0.02;0;-1;0
1;10;0.02;0.00;1;0;0
1;7;0.00;0.00;0;0;0
1;7;0.00;0.00;0;0;0
1;9;0.02;0.00;1;0;0
1;9;0.00;0.00;0;0;0
1;7;0.01;0.02;0;-1;0
1;8;0.02;0.00;1;0;0
1;8;0.00;0.00;0;0;0
1;10;0.02;0.00;1;0;0
1;9;0.00;0.00;0;0;0
1;7;0.02;0.00;1;0;0
1;14;0.02;0.00;1;0;0
1;6;0.00;0.00;0;0;0
1;8;0.04;0.02;1;-1;0
1;8;0.00;0.00;0;0;0
1;9;0.02;0.00;1;0;0
1;8;0.00;0.00;0;0;0
1;7;0.04;0.02;1;-1;0
1;9;0.00;0.00;0;0;0
1;10;0.00;0.00;0;0;0
1;7;0.00;0.00;0;0;0
1;8;0.04;0.02;1;-1;0
1;7;0.00;0.00;0;0;0
1;10;0.00;0.00;0;0;0
1;9;0.00;0.00;0;0;0
1;7;0.00;0.00;0;0;0
1;8;0.01;0.02;0;-1;0
1;7;0.02;0.00;1;0;0
1;9;0.00;0.00;0;0;0
1;8;0.00;0.00;0;0;0
1;8;0.00;0.00;0;0;0
1;8;0.00;0.00;0;0;0
1;12;0.01;0.02;0;-1;0
1;5;0.00;0.00;0;0;0
1;8;0.00;0.00;0;0;0
1;10;0.00;0.00;0;0;0
1;10;0.00;0.00;0;0;0
1;8;0.00;0.00;0;0;0
1;9;0.02;0.00;1;0;0
1;8;0.01;0.02;0;-1;0
1;8;0.00;0.00;0;0;0
1;8;0.00;0.00;0;0;0
1;8;0.00;0.00;0;0;0
1;10;0.00;0.00;0;0;0
1;10;0.02;0.00;1;0;0
1;6;0.00;0.00;0;0;0
1;7;0.00;0.00;0;0;0
1;8;0.00;0.00;0;0;0
1;10;0.01;0.02;0;-1;0
1;8;0.00;0.00;0;0;0
1;8;0.00;0.00;0;0;0
1;8;0.02;0.00;1;0;0
1;9;0.00;0.00;0;0;0
1;7;0.00;0.00;0;0;0
1;9;0.01;0.02;0;-1;0
1;7;0.00;0.00;0;0;0
1;10;0.00;0.00;0;0;0
1;6;0.00;0.00;0;0;0
1;7;0.02;0.00;1;0;0
1;9;0.00;0.00;0;0;0
1;8;0.00;0.00;0;0;0
1;8;0.01;0.02;0;-1;0
1;9;0.00;0.00;0;0;0
1;11;0.00;0.00;0;0;0
1;6;0.00;0.00;0;0;0
1;7;0.00;0.00;0;0;0
1;8;0.02;0.00;1;0;0
1;8;0.01;0.02;0;-1;0
1;13;0.00;0.00;0;0;0
1;8;0.00;0.00;0;0;0
1;9;0.00;0.00;0;0;0
1;7;0.00;0.00;0;0;0
1;9;0.00;0.00;0;0;0
1;7;0.01;0.02;0;-1;0
1;9;0.00;0.00;0;0;0
1;8;0.00;0.00;0;0;0
1;9;0.02;0.00;1;0;0
1;7;0.00;0.00;0;0;0
1;8;0.00;0.00;0;0;0
1;8;0.00;0.00;0;0;0
1;13;0.01;0.02;0;-1;0
1;5;0.00;0.00;0;0;0
1;7;0.02;0.00;1;0;0
1;9;0.00;0.00;0;0;0
1;7;0.00;0.00;0;0;0
1;9;0.00;0.00;0;0;0
1;8;0.00;0.00;0;0;0
1;8;0.01;0.02;0;-1;0
1;8;0.02;0.00;1;0;0
1;8;0.00;0.00;0;0;0
1;10;0.00;0.00;0;0;0
1;7;0.00;0.00;0;0;0
1;9;0.00;0.00;0;0;0
1;7;0.01;0.02;0;-1;0
1;8;0.00;0.00;0;0;0
1;9;0.00;0.00;0;0;0
1;9;0.00;0.00;0;0;0
1;7;0.02;0.00;1;0;0
1;9;0.00;0.00;0;0;0
1;8;0.01;0.02;0;-1;0
1;11;0.00;0.00;0;0;0
1;6;0.00;0.00;0;0;0
1;8;0.00;0.00;0;0;0
1;7;0.00;0.00;0;0;0
1;10;0.00;0.00;0;0;0
1;8;0.04;0.02;1;-1;0
1;7;0.00;0.00;0;0;0
1;8;0.00;0.00;0;0;0
1;8;0.00;0.00;0;0;0
1;8;0.00;0.00;0;0;0
1;8;0.00;0.00;0;0;0
1;9;0.02;0.00;1;0;0
1;14;0.01;0.02;0;-1;0
1;6;0.00;0.00;0;0;0
1;8;0.00;0.00;0;0;0
1;12;0.00;0.00;0;0;0
1;6;0.00;0.00;0;0;0
1;7;0.02;0.00;1;0;0
1;8;0.01;0.02;0;-1;0
1;8;0.00;0.00;0;0;0
1;8;0.00;0.00;0;0;0
1;9;0.00;0.00;0;0;0
1;9;0.00;0.00;0;0;0
1;7;0.02;0.00;1;0;0
1;8;0.00;0.00;0;0;0
1;9;0.01;0.02;0;-1;0
1;8;0.00;0.00;0;0;0
1;8;0.00;0.00;0;0;0
1;8;0.00;0.00;0;0;0
1;8;0.00;0.00;0;0;0
1;9;0.00;0.00;0;0;0
1;8;0.04;0.02;1;-1;0
1;8;0.00;0.00;0;0;0
1;9;0.00;0.00;0;0;0
1;8;0.00;0.00;0;0;0
1;7;0.00;0.00;0;0;0
1;9;0.00;0.00;0;0;0
1;11;0.02;0.00;1;0;0
1;7;0.01;0.02;0;-1;0
1;7;0.00;0.00;0;0;0
1;13;0.00;0.00;0;0;0
1;7;0.00;0.00;0;0;0
1;8;0.02;0.00;1;0;0
1;8;0.01;0.02;0;-1;0
1;10;0.00;0.00;0;0;0
1;7;0.01;0.02;0;-1;0
1;8;0.00;0.00;0;0;0
1;8;0.01;0.02;0;-1;0
1;10;0.02;0.00;1;0;0
1;6;0.00;0.00;0;0;0
1;8;0.01;0.02;0;-1;0
1;9;0.00;0.00;0;0;0
1;8;0.01;0.02;0;-1;0
1;8;0.00;0.00;0;0;0
1;8;0.00;0.00;0;0;0
1;11;0.01;0.02;0;-1;0
1;5;0.00;0.00;0;0;0
1;9;0.04;0.02;1;-1;0
1;9;0.00;0.00;0;0;0
1;11;0.01;0.02;0;-1;0
1;9;0.01;0.02;0;-1;0
1;8;0.00;0.00;0;0;0
1;8;0.04;0.02;1;-1;0
1;8;0.00;0.00;0;0;0
1;8;0.00;0.00;0;0;0
1;8;0.01;0.02;0;-1;0
1;8;0.00;0.00;0;0;0
1;9;0.04;0.02;1;-1;0
1;8;0.00;0.00;0;0;0
1;8;0.01;0.02;0;-1;0
1;8;0.00;0.00;0;0;0
1;8;0.00;0.00;0;0;0
1;9;0.04;0.02;1;-1;0
1;8;0.00;0.00;0;0;0
1;8;0.01;0.02;0;-1;0
1;8;0.00;0.00;0;0;0
1;9;0.01;0.02;0;-1;0
1;8;0.00;0.00;0;0;0
1;8;0.02;0.00;1;0;0
1;8;0.01;0.02;0;-1;0
1;9;0.00;0.00;0;0;0
1;7;0.00;0.00;0;0;0
1;9;0.00;0.00;0;0;0
1;8;0.00;0.00;0;0;0
1;11;0.01;0.02;0;-1;0
1;6;0.02;0.00;1;0;0
1;8;0.00;0.00;0;0;0
1;8;0.00;0.00;0;0;0
1;12;0.00;0.00;0;0;0
1;5;0.00;0.00;0;0;0
1;7;0.02;0.00;1;0;0
1;8;0.00;0.00;0;0;0
1;11;0.00;0.00;0;0;0
1;7;0.00;0.00;0;0;0
1;7;0.00;0.00;0;0;0
1;8;0.00;0.00;0;0;0
1;8;0.01;0.02;0;-1;0
1;8;0.02;0.00;1;0;0
1;9;0.00;0.00;0;0;0
1;8;0.00;0.00;0;0;0
1;8;0.00;0.00;0;0;0
1;8;0.00;0.00;0;0;0
1;8;0.01;0.02;0;-1;0
1;10;0.00;0.00;0;0;0
1;7;0.02;0.00;1;0;0
1;8;0.00;0.00;0;0;0
1;8;0.00;0.00;0;0;0
1;9;0.00;0.00;0;0;0
1;8;0.01;0.02;0;-1;0
1;8;0.00;0.00;0;0;0
1;8;0.00;0.00;0;0;0
1;8;0.02;0.00;1;0;0
1;8;0.01;0.02;0;-1;0
1;9;0.00;0.00;0;0;0
1;8;0.00;0.00;0;0;0
1;8;0.01;0.02;0;-1;0
1;9;0.00;0.00;0;0;0
1;8;0.04;0.02;1;-1;0
1;8;0.00;0.00;0;0;0
1;9;0.00;0.00;0;0;0
1;7;0.01;0.02;0;-1;0
1;13;0.01;0.02;0;-1;0
1;8;0.00;0.00;0;0;0
1;8;0.01;0.02;0;-1;0
1;8;0.02;0.00;1;0;0
1;10;0.01;0.02;0;-1;0
1;6;0.00;0.00;0;0;0
1;9;0.01;0.02;0;-1;0
1;7;0.00;0.00;0;0;0
1;10;0.04;0.02;1;-1;0
1;7;0.00;0.00;0;0;0
1;8;0.01;0.02;0;-1;0
1;8;0.00;0.00;0;0;0
1;8;0.01;0.02;0;-1;0
1;9;0.02;0.00;1;0;0
1;8;0.01;0.02;0;-1;0
1;8;0.00;0.00;0;0;0
1;8;0.00;0.00;0;0;0
1;8;0.01;0.02;0;-1;0
1;9;0.00;0.00;0;0;0
1;15;0.02;0.00;1;0;0
1;5;0.00;0.00;0;0;0
1;8;0.01;0.02;0;-1;0
1;8;0.00;0.00;0;0;0
1;11;0.02;0.00;1;0;0
1;7;0.00;0.00;0;0;0
1;8;0.00;0.00;0;0;0
1;7;0.00;0.00;0;0;0
1;8;0.00;0.00;0;0;0
1;9;0.00;0.00;0;0;0
1;8;0.00;0.00;0;0;0
1;8;0.00;0.00;0;0;0
1;9;0.04;0.02;1;-1;0
1;7;0.00;0.00;0;0;0
1;9;0.00;0.00;0;0;0
1;8;0.00;0.00;0;0;0
1;8;0.00;0.00;0;0;0
1;8;0.00;0.00;0;0;0
1;8;0.00;0.00;0;0;0
1;12;0.01;0.02;0;-1;0
1;5;0.00;0.00;0;0;0
1;8;0.02;0.00;1;0;0
1;8;0.00;0.00;0;0;0
1;11;0.00;0.00;0;0;0
1;5;0.00;0.00;0;0;0
1;9;0.01;0.02;0;-1;0
1;8;0.00;0.00;0;0;0
1;8;0.00;0.00;0;0;0
1;8;0.02;0.00;1;0;0
1;8;0.00;0.00;0;0;0
1;9;0.01;0.02;0;-1;0
1;8;0.00;0.00;0;0;0
1;8;0.00;0.00;0;0;0
1;9;0.00;0.00;0;0;0
1;7;0.02;0.00;1;0;0
1;9;0.00;0.00;0;0;0
1;8;0.00;0.00;0;0;0
1;12;0.01;0.02;0;-1;0
1;8;0.00;0.00;0;0;0
1;8;0.00;0.00;0;0;0
1;13;0.02;0.00;1;0;0
1;8;0.00;0.00;0;0;0
1;8;0.01;0.02;0;-1;0
1;9;0.00;0.00;0;0;0
1;11;0.00;0.00;0;0;0
1;7;0.02;0.00;1;0;0
1;7;0.00;0.00;0;0;0
1;7;0.00;0.00;0;0;0
1;11;0.01;0.02;0;-1;0
1;5;0.00;0.00;0;0;0
1;10;0.00;0.00;0;0;0
1;9;0.00;0.00;0;0;0
1;7;0.04;0.02;1;-1;0
1;7;0.00;0.00;0;0;0
1;9;0.00;0.00;0;0;0
1;8;0.01;0.02;0;-1;0
1;20;0.01;0.02;0;-1;0
1;9;0.01;0.02;0;-1;0
1;10;0.02;0.00;1;0;0
1;6;0.01;0.02;0;-1;0
1;8;0.00;0.00;0;0;0
1;8;0.01;0.02;0;-1;0
1;9;-0.01;0.02;0;0;1
1;8;0.01;0.02;0;-1;0
1;8;0.00;0.00;0;0;0
1;8;0.01;0.02;0;-1;0
1;8;0.00;0.00;0;0;0
1;8;0.01;0.02;0;-1;0
1;8;0.00;0.00;0;0;0
1;10;0.00;0.00;0;0;0
1;7;0.01;0.02;1;0;1
1;8;0.01;0.02;0;-1;0
1;8;0.00;0.00;0;0;0
1;8;0.00;0.00;0;0;0
1;9;0.00;0.00;0;0;0
1;8;0.00;0.00;0;0;0
1;8;-0.01;0.02;0;0;1
1;8;0.00;0.00;0;0;0
1;8;0.01;0.02;0;-1;0
1;12;0.00;0.00;0;0;0
1;5;0.00;0.00;0;0;0
1;8;0.00;0.00;0;0;0
1;8;0.00;0.00;0;0;0
1;9;-0.01;0.02;0;0;1
1;9;0.00;0.00;0;0;0
1;7;0.00;0.00;0;0;0
1;8;0.00;0.00;0;0;0
1;8;0.01;0.02;0;-1;0
1;8;0.00;0.00;0;0;0
1;8;0.00;0.00;0;0;0
1;9;-0.01;0.02;0;0;1
1;8;0.00;0.00;0;0;0
1;8;0.00;0.00;0;0;0
1;8;0.01;0.02;0;-1;0
1;8;0.00;0.00;0;0;0
1;9;0.00;0.00;0;0;0
1;8;0.00;0.00;0;0;0
1;8;-0.01;0.02;0;0;1
1;8;0.00;0.00;0;0;0
1;8;0.01;0.02;0;-1;0
1;9;0.00;0.00;0;0;0
1;8;0.00;0.00;0;0;0
1;8;0.00;0.00;0;0;0
1;9;0.00;0.00;0;0;0
1;7;0.00;0.00;0;0;0
1;9;0.00;0.04;0;-1;1
1;8;0.00;0.00;0;0;0
1;8;0.00;0.00;0;0;0
1;8;0.00;0.00;0;0;0
1;8;0.00;0.00;0;0;0
1;8;0.00;0.00;0;0;0
1;10;0.00;0.00;0;0;0
1;7;0.00;0.04;0;-1;1
1;8;0.00;0.00;0;0;0
1;8;0.00;0.00;0;0;0
1;9;0.00;0.00;0;0;0
1;9;0.00;0.00;0;0;0
1;7;0.00;0.00;0;0;0
1;8;0.01;0.02;0;-1;0
1;8;-0.01;0.02;0;0;1
1;8;0.00;0.00;0;0;0
1;9;0.00;0.00;0;0;0
1;9;0.00;0.00;0;0;0
1;10;0.00;0.00;0;0;0
1;11;0.01;0.02;0;-1;0
1;12;0.00;0.00;0;0;0
1;7;-0.01;0.02;0;0;1
1;12;0.00;0.00;0;0;0
1;8;0.00;0.00;0;0;0
1;8;0.00;0.00;0;0;0
1;9;0.01;0.02;0;-1;0
1;8;0.00;0.00;0;0;0
1;8;-0.01;0.02;0;0;1
1;8;0.00;0.00;0;0;0
1;22;0.00;0.00;0;0;0
1;9;0.01;0.02;0;-1;0
1;7;0.00;0.00;0;0;0
1;9;-0.01;0.02;0;0;1
1;6;0.01;0.02;0;-1;0
1;12;0.00;0.00;0;0;0
1;5;0.01;0.02;0;-1;0
1;11;0.00;0.00;0;0;0
1;5;0.00;0.00;0;0;0
1;9;0.01;0.02;0;-1;0
1;8;0.00;0.00;0;0;0
1;9;0.00;0.04;0;-1;1
1;7;0.00;0.00;0;0;0
1;8;0.01;0.02;0;-1;0
1;8;0.00;0.00;0;0;0
1;15;0.01;0.02;0;-1;0
1;6;0.01;0.02;0;-1;0
1;8;0.00;0.00;0;0;0
1;8;0.00;0.04;0;-1;1
1;8;0.00;0.00;0;0;0
1;9;0.00;0.00;0;0;0
1;8;0.00;0.00;0;0;0
1;11;0.00;0.00;0;0;0
1;11;0.00;0.04;0;-1;1
1;6;0.00;0.00;0;0;0
1;12;0.00;0.00;0;0;0
1;7;0.00;0.00;0;0;0
1;7;0.01;0.02;1;0;1
1;7;0.00;0.00;0;0;0
1;9;0.01;0.02;0;-1;0
1;8;0.00;0.00;0;0;0
1;8;0.00;0.00;0;0;0
1;8;0.00;0.00;0;0;0
1;8;-0.01;0.02;0;0;1
1;8;0.00;0.00;0;0;0
1;14;0.00;0.00;0;0;0
1;8;0.01;0.02;0;-1;0
1;9;0.00;0.00;0;0;0
1;14;-0.01;0.02;0;0;1
1;13;0.00;0.00;0;0;0
1;8;0.00;0.00;0;0;0
1;8;0.01;0.02;0;-1;0
1;8;0.00;0.00;0;0;0
1;9;0.00;0.00;0;0;0
1;8;-0.01;0.02;0;0;1
1;11;0.00;0.00;0;0;0
1;5;0.00;0.00;0;0;0
1;8;0.00;0.00;0;0;0
1;9;0.01;0.02;0;-1;0
1;12;0.00;0.00;0;0;0
1;8;-0.01;0.02;0;0;1
1;8;0.00;0.00;0;0;0
1;12;0.00;0.00;0;0;0
1;9;0.00;0.00;0;0;0
1;8;0.01;0.02;0;-1;0
1;8;0.00;0.00;0;0;0
1;11;-0.01;0.02;0;0;1
1;6;0.00;0.00;0;0;0
1;9;0.00;0.00;0;0;0
1;12;0.00;0.00;0;0;0
1;8;0.01;0.02;0;-1;0
1;7;0.00;0.00;0;0;0
1;8;0.00;0.00;0;0;0
1;10;-0.01;0.02;0;0;1
1;7;0.00;0.00;0;0;0
1;8;0.00;0.00;0;0;0
1;8;0.00;0.00;0;0;0
1;9;0.00;0.00;0;0;0
1;8;0.01;0.02;0;-1;0
1;8;-0.01;0.02;0;0;1
1;8;0.00;0.00;0;0;0
1;8;0.00;0.00;0;0;0
1;8;0.00;0.00;0;0;0
1;9;0.00;0.00;0;0;0
1;8;0.00;0.00;0;0;0
1;16;0.00;0.04;0;-1;1
1;8;0.00;0.00;0;0;0
1;9;0.00;0.00;0;0;0
1;8;0.00;0.00;0;0;0
1;11;0.00;0.00;0;0;0
1;6;0.00;0.00;0;0;0
1;7;-0.01;0.02;0;0;1
1;9;0.00;0.00;0;0;0
1;12;0.01;0.02;0;-1;0
1;8;0.00;0.00;0;0;0
1;8;0.00;0.00;0;0;0
1;8;0.00;0.00;0;0;0
1;9;-0.01;0.02;0;0;1
1;8;0.00;0.00;0;0;0
1;8;0.01;0.02;0;-1;0
1;8;0.00;0.00;0;0;0
1;11;0.00;0.00;0;0;0
1;5;0.00;0.00;0;0;0
1;9;0.00;0.00;0;0;0
1;8;-0.01;0.02;0;0;1
1;8;0.00;0.00;0;0;0
1;8;0.00;0.00;0;0;0
1;8;0.01;0.02;0;-1;0
1;9;0.00;0.00;0;0;0
1;13;-0.01;0.02;0;0;1
1;7;0.00;0.00;0;0;0
1;8;0.00;0.00;0;0;0
1;9;0.00;0.00;0;0;0
1;8;0.00;0.00;0;0;0
1;8;0.01;0.02;0;-1;0
1;8;0.00;0.00;0;0;0
1;8;-0.01;0.02;0;0;1
1;8;0.00;0.00;0;0;0
1;9;0.00;0.00;0;0;0
1;9;0.00;0.00;0;0;0
1;7;0.00;0.00;0;0;0
1;8;0.00;0.00;0;0;0
1;8;0.00;0.04;0;-1;1
1;9;0.00;0.00;0;0;0
1;8;0.00;0.00;0;0;0
1;12;0.01;0.02;0;-1;0
1;8;0.00;0.00;0;0;0
1;8;0.00;0.00;0;0;0
1;15;0.00;0.04;0;-1;1
1;7;0.01;0.02;0;-1;0
1;10;0.00;0.00;0;0;0
1;11;0.01;0.02;0;-1;0
1;7;0.00;0.00;0;0;0
1;10;0.00;0.04;0;-1;1
1;6;0.00;0.00;0;0;0
1;8;0.00;0.00;0;0;0
1;18;0.01;0.02;0;-1;0
1;7;0.01;0.02;0;-1;0
1;8;0.00;0.00;0;0;0
1;8;-0.01;0.02;0;0;1
1;8;0.01;0.02;0;-1;0
1;9;0.00;0.00;0;0;0
1;8;0.00;0.00;0;0;0
1;10;0.00;0.00;0;0;0
1;6;0.00;0.00;0;0;0
1;8;0.00;0.04;0;-1;1
1;10;0.00;0.00;0;0;0
1;8;0.00;0.00;0;0;0
1;8;0.00;0.00;0;0;0
1;8;0.00;0.00;0;0;0
1;11;0.00;0.00;0;0;0
1;9;0.00;0.00;0;0;0
1;10;0.01;0.02;0;-1;0
1;7;0.00;0.00;0;0;0
1;11;0.00;0.00;0;0;0
1;8;0.00;0.00;0;0;0
1;9;0.00;0.00;0;0;0
1;10;0.01;0.02;0;-1;0
1;10;0.00;0.00;0;0;0
1;10;0.00;0.00;0;0;0
1;6;0.00;0.00;0;0;0
1;12;0.00;0.00;0;0;0
1;6;0.00;0.00;0;0;0
1;7;0.00;0.00;0;0;0
1;8;0.01;0.02;0;-1;0
1;10;0.00;0.00;0;0;0
1;7;0.00;0.00;0;0;0
1;8;0.00;0.00;0;0;0
1;8;0.00;0.00;0;0;0
1;8;0.00;0.00;0;0;0
1;8;0.00;0.00;0;0;0
1;9;0.00;0.00;0;0;0
1;8;0.01;0.02;0;-1;0
1;8;0.00;0.00;0;0;0
1;8;0.00;0.00;0;0;0
1;8;0.00;0.00;0;0;0
1;9;0.00;0.00;0;0;0
1;8;0.00;0.00;0;0;0
1;8;0.00;0.00;0;0;0
1;8;0.01;0.02;0;-1;0
1;8;0.00;0.00;0;0;0
1;9;0.00;0.00;0;0;0
1;8;0.00;0.00;0;0;0
1;8;0.00;0.00;0;0;0
1;8;0.00;0.00;0;0;0
1;8;0.00;0.00;0;0;0
1;8;0.01;0.02;0;-1;0
1;9;0.00;0.00;0;0;0
1;8;0.00;0.00;0;0;0
1;8;0.00;0.00;0;0;0
1;13;0.00;0.00;0;0;0
1;12;0.01;0.02;0;-1;0
1;8;-0.01;0.02;0;0;1
1;8;0.00;0.00;0;0;0
1;8;0.00;0.00;0;0;0
1;8;0.00;0.00;0;0;0
1;9;0.00;0.00;0;0;0
1;11;0.01;0.02;0;-1;0
1;6;0.00;0.00;0;0;0
1;7;-0.01;0.02;0;0;1
1;8;0.00;0.00;0;0;0
1;13;0.01;0.02;0;-1;0
1;11;0.01;0.02;0;-1;0
1;6;0.00;0.00;0;0;0
1;9;0.00;0.00;0;0;0
1;13;0.00;0.04;0;-1;1
1;7;0.01;0.02;0;-1;0
1;8;0.00;0.00;0;0;0
1;8;0.01;0.02;0;-1;0
1;8;0.00;0.00;0;0;0
1;11;0.01;0.02;0;-1;0
1;6;0.00;0.00;0;0;0
1;8;0.01;0.02;0;-1;0
1;8;-0.01;0.02;0;0;1
1;9;0.00;0.00;0;0;0
1;8;0.01;0.02;0;-1;0
1;9;0.00;0.00;0;0;0
1;6;0.00;0.00;0;0;0
1;10;-0.01;0.02;0;0;1
1;9;0.00;0.00;0;0;0
1;6;0.01;0.02;0;-1;0
1;8;0.00;0.00;0;0;0
1;8;0.00;0.00;0;0;0
1;9;0.00;0.00;0;0;0
1;9;-0.01;0.02;0;0;1
1;6;0.00;0.00;0;0;0
1;9;0.00;0.00;0;0;0
1;8;0.00;0.00;0;0;0
1;8;0.00;0.00;0;0;0
1;8;0.00;0.00;0;0;0
1;8;0.00;0.00;0;0;0
1;9;0.01;0.02;0;-1;0
1;8;-0.01;0.02;0;0;1
1;10;0.00;0.00;0;0;0
1;6;0.00;0.00;0;0;0
1;8;0.00;0.00;0;0;0
1;8;0.01;0.02;0;-1;0
1;9;0.00;0.00;0;0;0
1;8;0.00;0.00;0;0;0
1;8;-0.01;0.02;0;0;1
1;8;0.00;0.00;0;0;0
1;11;0.01;0.02;0;-1;0
1;6;0.00;0.00;0;0;0
1;8;0.00;0.00;0;0;0
1;8;0.00;0.00;0;0;0
1;10;-0.01;0.02;0;0;1
1;8;0.00;0.00;0;0;0
1;7;0.01;0.02;0;-1;0
1;11;0.00;0.00;0;0;0
1;5;0.00;0.00;0;0;0
1;9;0.00;0.00;0;0;0
1;15;-0.01;0.02;0;0;1
1;9;0.01;0.02;0;-1;0
1;9;0.00;0.00;0;0;0
1;7;0.00;0.00;0;0;0
1;11;0.00;0.00;0;0;0
1;7;0.00;0.00;0;0;0
1;7;0.00;0.00;0;0;0
1;8;-0.01;0.02;0;0;1
1;8;0.01;0.02;0;-1;0
1;8;0.00;0.00;0;0;0
1;8;0.00;0.00;0;0;0
1;9;0.00;0.00;0;0;0
1;8;0.00;0.00;0;0;0
1;8;0.00;0.00;0;0;0
1;8;0.00;0.04;0;-1;1
1;8;0.00;0.00;0;0;0
1;9;0.00;0.00;0;0;0
1;8;0.00;0.00;0;0;0
1;8;0.00;0.00;0;0;0
1;9;0.00;0.00;0;0;0
1;7;0.01;0.02;0;-1;0
1;10;-0.01;0.02;0;0;1
1;7;0.00;0.00;0;0;0
1;8;0.00;0.00;0;0;0
1;8;0.00;0.00;0;0;0
1;8;0.00;0.00;0;0;0
1;9;0.01;0.02;0;-1;0
1;8;-0.01;0.02;0;0;1
1;8;0.00;0.00;0;0;0
1;8;0.00;0.00;0;0;0
1;8;0.00;0.00;0;0;0
1;8;0.00;0.00;0;0;0
1;9;0.00;0.00;0;0;0
1;8;0.01;0.02;0;-1;0
1;8;0.00;0.00;0;0;0
1;8;-0.01;0.02;0;0;1
1;9;0.00;0.00;0;0;0
1;8;0.00;0.00;0;0;0
1;8;0.00;0.00;0;0;0
1;13;0.01;0.02;0;-1;0
1;7;-0.01;0.02;0;0;1
1;9;0.00;0.00;0;0;0
1;8;0.00;0.00;0;0;0
1;8;0.00;0.00;0;0;0
1;8;0.00;0.00;0;0;0
1;8;0.01;0.02;0;-1;0
1;8;0.00;0.00;0;0;0
1;10;-0.01;0.02;0;0;1
1;7;0.00;0.00;0;0;0
1;8;0.00;0.00;0;0;0
1;9;0.00;0.00;0;0;0
1;13;0.01;0.02;0;-1;0
1;7;0.00;0.00;0;0;0
1;11;0.00;0.00;0;0;0
1;5;-0.01;0.02;0;0;1
1;8;0.00;0.00;0;0;0
1;13;0.00;0.00;0;0;0
1;8;0.01;0.02;0;-1;0
1;8;0.00;0.00;0;0;0
1;10;0.00;0.00;0;0;0
1;6;-0.01;0.02;0;0;1
1;12;0.00;0.00;0;0;0
1;5;0.00;0.00;0;0;0
1;8;0.01;0.02;0;-1;0
1;8;0.00;0.00;0;0;0
1;8;0.00;0.00;0;0;0
1;8;0.00;0.00;0;0;0
1;9;0.00;0.00;0;0;0
1;8;-0.01;0.02;0;0;1
1;8;0.00;0.00;0;0;0
1;8;0.01;0.02;0;-1;0
1;8;0.00;0.00;0;0;0
1;9;0.00;0.00;0;0;0
1;8;0.00;0.00;0;0;0
1;8;0.00;0.00;0;0;0
1;8;0.00;0.00;0;0;0
1;8;-0.01;0.02;0;0;1
1;9;0.01;0.02;0;-1;0
1;8;0.00;0.00;0;0;0
1;8;0.00;0.00;0;0;0
1;8;0.00;0.00;0;0;0
1;8;0.00;0.00;0;0;0
1;9;0.00;0.00;0;0;0
1;8;0.00;0.04;0;-1;1
1;8;0.00;0.00;0;0;0
1;8;0.00;0.00;0;0;0
1;8;0.00;0.00;0;0;0
1;9;0.00;0.00;0;0;0
1;8;0.00;0.00;0;0;0
1;12;0.00;0.04;0;-1;1
1;8;0.00;0.00;0;0;0
1;8;0.00;0.00;0;0;0
1;11;0.00;0.00;0;0;0
1;6;0.00;0.00;0;0;0
1;9;0.00;0.00;0;0;0
1;7;0.01;0.02;0;-1;0
1;8;0.00;0.00;0;0;0
1;9;-0.01;0.02;0;0;1
1;8;0.00;0.00;0;0;0
1;8;0.00;0.00;0;0;0
1;8;0.00;0.00;0;0;0
1;9;0.01;0.02;0;-1;0
1;8;0.00;0.00;0;0;0
1;8;0.00;0.00;0;0;0
1;8;0.00;0.00;0;0;0
1;8;0.00;0.00;0;0;0
1;8;-0.01;0.02;0;0;1
1;8;0.00;0.00;0;0;0
1;9;0.01;0.02;0;-1;0
1;8;0.00;0.00;0;0;0
1;8;0.00;0.00;0;0;0
1;8;0.00;0.00;0;0;0
1;8;0.00;0.00;0;0;0
1;9;-0.01;0.02;0;0;1
1;8;0.00;0.00;0;0;0
1;8;0.01;0.02;0;-1;0
1;8;0.00;0.00;0;0;0
1;8;0.00;0.00;0;0;0
1;9;0.00;0.00;0;0;0
1;8;0.00;0.00;0;0;0
1;8;0.00;0.00;0;0;0
1;8;0.00;0.04;0;-1;1
1;8;0.00;0.00;0;0;0
1;9;0.00;0.00;0;0;0
1;8;0.00;0.00;0;0;0
1;8;0.00;0.00;0;0;0
1;8;0.00;0.00;0;0;0
1;8;0.00;0.00;0;0;0
1;8;0.01;0.02;0;-1;0
1;10;-0.01;0.02;0;0;1
1;10;0.02;0.00;1;0;0
1;5;0.00;0.00;0;0;0
1;8;0.00;0.00;0;0;0
1;8;0.00;0.00;0;0;0
1;9;0.00;0.00;0;0;0
1;8;0.01;0.02;0;-1;0
1;8;-0.01;0.02;0;0;1
1;10;0.00;0.00;0;0;0
1;7;0.00;0.00;0;0;0
1;9;0.00;0.00;0;0;0
1;7;0.00;0.00;0;0;0
1;13;0.01;0.02;0;-1;0
1;7;0.00;0.00;0;0;0
1;8;-0.01;0.02;0;0;1
1;9;0.00;0.00;0;0;0
1;8;0.00;0.00;0;0;0
1;8;0.00;0.00;0;0;0
1;8;0.01;0.02;0;-1;0
1;8;0.00;0.00;0;0;0
1;9;0.00;0.00;0;0;0
1;8;0.00;0.00;0;0;0
1;8;-0.01;0.02;0;0;1
1;8;0.00;0.00;0;0;0
1;8;0.01;0.02;0;-1;0
1;9;0.00;0.00;0;0;0
1;8;0.00;0.00;0;0;0
1;8;0.00;0.00;0;0;0
1;8;0.00;0.00;0;0;0
1;8;-0.01;0.02;0;0;1
1;9;0.01;0.02;0;-1;0
1;8;0.00;0.00;0;0;0
1;8;0.00;0.00;0;0;0
1;8;0.00;0.00;0;0;0
1;9;0.00;0.00;0;0;0
1;8;0.00;0.00;0;0;0
1;8;0.01;0.02;0;-1;0
1;8;-0.01;0.02;0;0;1
1;8;0.00;0.00;0;0;0
1;8;0.00;0.00;0;0;0
1;8;0.00;0.00;0;0;0
1;18;0.00;0.00;0;0;0
1;7;0.01;0.02;0;-1;0
1;8;-0.01;0.02;0;0;1
1;10;0.00;0.00;0;0;0
1;7;0.00;0.00;0;0;0
1;9;0.00;0.00;0;0;0
1;12;0.00;0.00;0;0;0
1;23;0.00;0.04;0;-1;1
1;8;0.00;0.00;0;0;0
1;7;0.00;0.00;0;0;0
1;6;0.00;0.00;0;0;0
1;8;0.00;0.00;0;0;0
1;9;0.01;0.02;0;-1;0
1;8;-0.01;0.02;0;0;1
1;8;0.00;0.00;0;0;0
1;8;0.00;0.00;0;0;0
1;8;0.00;0.00;0;0;0
1;8;0.00;0.00;0;0;0
1;9;0.00;0.00;0;0;0
1;8;0.01;0.02;0;-1;0
1;8;-0.01;0.02;0;0;1
1;8;0.00;0.00;0;0;0
1;8;0.00;0.00;0;0;0
1;9;0.00;0.00;0;0;0
1;8;0.00;0.00;0;0;0
1;8;0.00;0.00;0;0;0
1;8;0.01;0.02;0;-1;0
1;8;-0.01;0.02;0;0;1
1;9;0.00;0.00;0;0;0
1;8;0.00;0.00;0;0;0
1;8;0.00;0.00;0;0;0
1;8;0.00;0.00;0;0;0
1;8;0.00;0.04;0;-1;1
1;9;0.00;0.00;0;0;0
1;8;-0.01;0.02;0;0;1
1;8;0.00;0.00;0;0;0
1;8;0.00;0.00;0;0;0
1;8;-0.01;0.02;0;0;1
1;9;0.00;0.00;0;0;0
1;8;-0.01;0.02;0;0;1
1;8;0.01;0.02;0;-1;0
1;8;-0.01;0.02;0;0;1
1;8;0.00;0.00;0;0;0
1;8;-0.01;0.02;0;0;1
1;9;-0.01;0.02;0;0;1
1;8;0.00;0.00;0;0;0
1;8;-0.01;0.02;0;0;1
1;9;0.01;0.02;0;-1;0
1;9;-0.01;0.02;0;0;1
1;16;0.00;0.00;0;0;0
1;11;-0.01;0.02;0;0;1
1;8;0.01;0.02;0;-1;0
1;10;0.00;0.00;0;0;0
1;15;-0.01;0.02;0;0;1
1;10;0.00;0.00;0;0;0
1;12;0.00;0.00;0;0;0
1;15;0.00;0.04;0;-1;1
1;8;0.00;0.00;0;0;0
1;12;0.00;0.00;0;0;0
1;8;0.00;0.00;0;0;0
1;9;0.00;0.00;0;0;0
1;12;0.00;0.00;0;0;0
1;9;0.01;0.02;0;-1;0
1;7;0.00;0.00;0;0;0
1;12;0.00;0.00;0;0;0
1;5;0.00;0.00;0;0;0
1;8;0.00;0.00;0;0;0
1;8;-0.01;0.02;0;0;1
1;12;0.00;0.00;0;0;0
1;9;0.00;0.00;0;0;0
1;10;0.00;0.00;0;0;0
1;7;0.01;0.02;0;-1;0
1;9;-0.01;0.02;0;0;1
1;6;0.00;0.00;0;0;0
1;10;0.00;0.00;0;0;0
1;7;0.00;0.00;0;0;0
1;9;-0.01;0.02;0;0;1
1;8;0.00;0.00;0;0;0
1;8;0.00;0.00;0;0;0
1;7;0.00;0.04;0;-1;1
1;9;0.00;0.00;0;0;0
1;8;-0.01;0.02;0;0;1
1;8;0.00;0.00;0;0;0
1;13;-0.01;0.02;0;0;1
1;9;-0.01;0.02;0;0;1
1;9;0.00;0.00;0;0;0
1;7;-0.01;0.02;0;0;1
1;7;0.01;0.02;0;-1;0
1;8;-0.01;0.02;0;0;1
1;8;0.00;0.00;0;0;0
1;9;-0.01;0.02;0;0;1
1;8;-0.01;0.02;0;0;1
1;8;0.00;0.00;0;0;0
1;8;0.00;0.04;0;-1;1
1;8;0.00;0.00;0;0;0
1;9;-0.01;0.02;0;0;1
1;8;0.00;0.00;0;0;0
1;8;0.00;0.00;0;0;0
1;9;-0.01;0.02;0;0;1
1;7;0.01;0.02;0;-1;0
1;9;0.00;0.00;0;0;0
1;8;0.00;0.00;0;0;0
1;8;0.00;0.00;0;0;0
1;8;-0.01;0.02;0;0;1
1;8;0.00;0.00;0;0;0
1;9;0.00;0.00;0;0;0
1;8;0.00;0.00;0;0;0
1;8;0.01;0.02;0;-1;0
1;8;0.00;0.00;0;0;0
1;8;0.00;0.00;0;0;0
1;9;-0.01;0.02;0;0;1
1;8;0.00;0.00;0;0;0
1;8;0.00;0.00;0;0;0
1;8;0.00;0.00;0;0;0
1;8;0.00;0.00;0;0;0
1;8;0.00;0.00;0;0;0
1;9;0.01;0.02;0;-1;0
1;8;-0.01;0.02;0;0;1
1;8;0.00;0.00;0;0;0
1;8;0.00;0.00;0;0;0
1;8;0.00;0.00;0;0;0
1;9;0.00;0.00;0;0;0
1;11;0.00;0.00;0;0;0
1;10;0.00;0.00;0;0;0
1;13;0.00;0.04;0;-1;1
1;7;0.00;0.00;0;0;0
1;11;0.00;0.00;0;0;0
1;7;0.00;0.00;0;0;0
1;10;0.00;0.00;0;0;0
1;8;0.00;0.00;0;0;0
1;13;-0.01;0.02;0;0;1
1;8;0.01;0.02;0;-1;0
1;8;0.00;0.00;0;0;0
1;8;0.00;0.00;0;0;0
1;8;0.00;0.00;0;0;0
1;13;-0.01;0.02;0;0;1
1;8;0.00;0.00;0;0;0
1;8;0.00;0.00;0;0;0
1;8;0.01;0.02;0;-1;0
1;11;0.00;0.00;0;0;0
1;7;0.00;0.00;0;0;0
1;7;0.00;0.00;0;0;0
1;8;-0.01;0.02;0;0;1
1;8;0.00;0.00;0;0;0
1;9;0.00;0.00;0;0;0
1;9;0.01;0.02;0;-1;0
1;7;0.00;0.00;0;0;0
1;8;0.00;0.00;0;0;0
1;8;-0.01;0.02;0;0;1
1;8;0.00;0.00;0;0;0
1;9;0.00;0.00;0;0;0
1;10;0.00;0.00;0;0;0
1;6;0.01;0.02;0;-1;0
1;9;0.00;0.00;0;0;0
1;12;-0.01;0.02;0;0;1
1;8;0.00;0.00;0;0;0
1;9;0.00;0.00;0;0;0
1;7;0.00;0.00;0;0;0
1;8;0.00;0.04;0;-1;1
1;8;0.00;0.00;0;0;0
1;11;-0.01;0.02;0;0;1
1;6;0.00;0.00;0;0;0
1;9;-0.01;0.02;0;0;1
1;7;0.00;0.00;0;0;0
1;8;0.01;0.02;0;-1;0
1;9;-0.01;0.02;0;0;1
1;8;0.00;0.00;0;0;0
1;8;-0.01;0.02;0;0;1
1;10;0.00;0.00;0;0;0
1;9;0.00;0.00;0;0;0
1;10;-0.01;0.02;0;0;1
1;8;0.00;0.00;0;0;0
1;11;0.01;0.02;0;-1;0
1;7;0.00;0.00;0;0;0
1;6;0.00;0.00;0;0;0
1;9;0.00;0.00;0;0;0
1;8;-0.01;0.02;0;0;1
1;8;0.01;0.02;0;-1;0
1;8;0.00;0.00;0;0;0
1;8;0.00;0.00;0;0;0
1;9;0.00;0.00;0;0;0
1;8;0.00;0.00;0;0;0
1;8;-0.01;0.02;0;0;1
1;8;0.01;0.02;0;-1;0
1;8;0.00;0.00;0;0;0
1;9;0.00;0.00;0;0;0
1;8;0.00;0.00;0;0;0
1;8;0.00;0.00;0;0;0
1;9;0.00;0.00;0;0;0
1;7;0.00;0.04;0;-1;1
1;9;0.00;0.00;0;0;0
1;8;0.00;0.00;0;0;0
1;9;0.00;0.00;0;0;0
1;7;0.00;0.00;0;0;0
1;8;0.00;0.00;0;0;0
1;8;0.00;0.00;0;0;0
1;9;0.00;0.04;0;-1;1
1;8;0.00;0.00;0;0;0
1;7;0.00;0.00;0;0;0
1;9;0.00;0.00;0;0;0
1;8;0.00;0.00;0;0;0
1;9;0.00;0.00;0;0;0
1;7;0.00;0.00;0;0;0
1;9;-0.01;0.02;0;0;1
1;8;0.00;0.00;0;0;0
1;8;0.01;0.02;0;-1;0
1;8;0.00;0.00;0;0;0
1;8;0.00;0.00;0;0;0
1;9;0.00;0.00;0;0;0
1;7;0.00;0.00;0;0;0
1;9;0.00;0.00;0;0;0
1;11;-0.01;0.02;0;0;1
1;6;0.01;0.02;0;-1;0
1;8;0.00;0.00;0;0;0
1;9;0.00;0.00;0;0;0
1;7;0.00;0.00;0;0;0
1;9;0.00;0.00;0;0;0
1;8;0.00;0.00;0;0;0
1;11;0.00;0.04;0;-1;1
1;9;0.00;0.00;0;0;0
1;12;0.00;0.00;0;0;0
1;9;-0.01;0.02;0;0;1
1;8;0.00;0.00;0;0;0
1;8;-0.01;0.02;0;0;1
1;13;0.01;0.02;0;-1;0
1;10;-0.01;0.02;0;0;1
1;6;0.00;0.00;0;0;0
1;8;0.00;0.00;0;0;0
1;8;-0.01;0.02;0;0;1
1;8;0.00;0.00;0;0;0
1;9;-0.01;0.02;0;0;1
1;7;0.01;0.02;0;-1;0
1;9;0.00;0.00;0;0;0
1;7;-0.01;0.02;0;0;1
1;10;0.00;0.00;0;0;0
1;10;-0.01;0.02;0;0;1
1;6;0.00;0.00;0;0;0
1;8;0.00;0.04;0;-1;1
1;8;0.00;0.00;0;0;0
1;8;0.00;0.00;0;0;0
1;8;-0.01;0.02;0;0;1
1;8;0.00;0.00;0;0;0
1;12;0.00;0.04;0;-1;1
1;13;-0.01;0.02;0;0;1
1;8;0.00;0.00;0;0;0
1;14;0.00;0.00;0;0;0
1;7;0.00;0.00;0;0;0
1;8;0.00;0.04;0;-1;1
1;12;0.00;0.00;0;0;0
1;11;0.00;0.00;0;0;0
1;9;0.00;0.00;0;0;0
1;8;0.01;0.02;0;-1;0
1;5;-0.01;0.02;0;0;1
1;8;0.00;0.00;0;0;0
1;12;0.00;0.00;0;0;0
1;5;0.00;0.00;0;0;0
1;8;0.00;0.00;0;0;0
1;7;0.00;0.00;0;0;0
1;9;0.01;0.02;0;-1;0
1;7;0.00;0.00;0;0;0
1;10;0.00;0.00;0;0;0
1;7;0.00;0.00;0;0;0
1;12;-0.01;0.02;0;0;1
1;8;0.00;0.00;0;0;0
1;10;0.00;0.00;0;0;0
1;7;0.00;0.00;0;0;0
1;9;0.01;0.02;0;-1;0
1;7;0.00;0.00;0;0;0
1;9;0.00;0.00;0;0;0
1;8;-0.01;0.02;0;0;1
1;9;0.00;0.00;0;0;0
1;7;0.00;0.00;0;0;0
1;9;0.01;0.02;0;-1;0
1;7;0.00;0.00;0;0;0
1;11;0.00;0.00;0;0;0
1;8;0.00;0.00;0;0;0
1;9;-0.01;0.02;0;0;1
1;11;0.00;0.00;0;0;0
1;7;0.01;0.02;0;-1;0
1;8;0.00;0.00;0;0;0
1;8;0.00;0.00;0;0;0
1;8;0.00;0.00;0;0;0
1;8;0.00;0.00;0;0;0
1;8;-0.01;0.02;0;0;1
1;9;0.00;0.00;0;0;0
1;9;0.01;0.02;0;-1;0
1;8;0.00;0.00;0;0;0
1;8;0.00;0.00;0;0;0
1;12;0.00;0.00;0;0;0
1;9;-0.01;0.02;0;0;1
1;8;0.00;0.00;0;0;0
1;7;0.01;0.02;0;-1;0
1;8;0.00;0.00;0;0;0
1;8;0.00;0.00;0;0;0
1;8;0.00;0.00;0;0;0
1;9;0.00;0.00;0;0;0
1;8;0.00;0.00;0;0;0
1;9;0.00;0.04;0;-1;1
1;8;0.00;0.00;0;0;0
1;8;0.00;0.00;0;0;0
1;9;-0.01;0.02;0;0;1
1;7;0.00;0.00;0;0;0
1;9;0.00;0.00;0;0;0
1;9;-0.01;0.02;0;0;1
1;7;0.01;0.02;0;-1;0
1;9;-0.01;0.02;0;0;1
1;8;0.00;0.00;0;0;0
1;9;-0.01;0.02;0;0;1
1;7;0.00;0.00;0;0;0
1;8;-0.01;0.02;0;0;1
1;9;0.00;0.00;0;0;0
1;8;0.00;0.04;0;-1;1
1;8;0.00;0.00;0;0;0
1;7;-0.01;0.02;0;0;1
1;11;0.00;0.00;0;0;0
1;6;-0.01;0.02;0;0;1
1;9;0.01;0.02;0;-1;0
1;12;-0.01;0.02;0;0;1
1;9;0.00;0.00;0;0;0
1;7;-0.01;0.02;0;0;1
1;8;0.00;0.00;0;0;0
1;9;0.00;0.04;0;-1;1
1;8;0.00;0.00;0;0;0
1;8;0.00;0.00;0;0;0
1;7;-0.01;0.02;0;0;1
1;10;0.00;0.00;0;0;0
1;8;0.01;0.02;0;-1;0
1;8;-0.01;0.02;0;0;1
1;9;0.00;0.00;0;0;0
1;13;0.00;0.00;0;0;0
1;7;0.00;0.00;0;0;0
1;9;0.00;0.00;0;0;0
1;7;0.00;0.00;0;0;0
1;11;-0.01;0.02;0;0;1
1;5;0.01;0.02;0;-1;0
1;10;0.00;0.00;0;0;0
1;7;0.00;0.00;0;0;0
1;11;0.00;0.00;0;0;0
1;5;0.00;0.00;0;0;0
1;11;0.00;0.00;0;0;0
1;9;-0.01;0.02;0;0;1
1;9;0.00;0.00;0;0;0
1;8;0.00;0.00;0;0;0
1;8;0.00;0.00;0;0;0
1;12;0.00;0.00;0;0;0
1;8;0.00;0.00;0;0;0
1;8;0.00;0.00;0;0;0
1;8;0.00;0.00;0;0;0
1;8;-0.01;0.02;0;0;1
1;8;0.00;0.00;0;0;0
1;10;0.00;0.00;0;0;0
1;8;0.00;0.00;0;0;0
1;12;0.00;0.00;0;0;0
1;12;-0.01;0.02;0;0;1
1;9;0.00;0.00;0;0;0
1;9;0.00;0.00;0;0;0
1;11;0.00;0.00;0;0;0
1;8;0.00;0.00;0;0;0
1;8;0.00;0.00;0;0;0
1;9;-0.01;0.02;0;0;1
1;8;0.00;0.00;0;0;0
1;8;0.00;0.00;0;0;0
1;8;0.00;0.00;0;0;0
1;9;0.00;0.00;0;0;0
1;18;0.00;0.00;0;0;0
1;6;-0.01;0.02;0;0;1
1;7;0.00;0.00;0;0;0
1;8;0.00;0.00;0;0;0
1;9;0.00;0.00;0;0;0
1;8;0.00;0.00;0;0;0
1;9;-0.01;0.02;0;0;1
1;7;0.00;0.00;0;0;0
1;13;-0.01;0.02;0;0;1
1;9;0.00;0.00;0;0;0
1;7;0.00;0.00;0;0;0
1;8;-0.01;0.02;0;0;1
1;13;0.00;0.00;0;0;0
1;8;-0.01;0.02;0;0;1
1;9;-0.02;0.00;-1;0;0
1;13;0.00;0.04;0;-1;1
1;7;-0.01;0.02;0;0;1
1;7;0.00;0.00;0;0;0
1;8;-0.01;0.02;0;0;1
1;10;0.00;0.00;0;0;0
1;10;-0.01;0.02;0;0;1
1;6;-0.01;0.02;-1;-1;0
1;7;-0.01;0.02;0;0;1
1;8;-0.01;0.02;0;0;1
1;11;0.00;0.00;0;0;0
1;12;-0.02;0.04;-1;-1;1
1;8;-0.01;0.02;0;0;1
1;7;0.00;0.00;0;0;0
1;8;-0.01;0.02;0;0;1
1;8;0.00;0.00;0;0;0
1;9;-0.04;0.02;-1;0;1
1;7;0.00;0.00;0;0;0
1;8;0.00;0.00;0;0;0
1;8;-0.01;0.02;0;0;1
1;9;0.00;0.00;0;0;0
1;8;0.00;0.00;0;0;0
1;14;0.01;0.02;0;-1;0
1;9;-0.01;0.02;0;0;1
1;7;0.00;0.00;0;0;0
1;7;0.00;0.00;0;0;0
1;9;0.00;0.00;0;0;0
1;7;0.00;0.00;0;0;0
1;9;0.00;0.00;0;0;0
1;13;0.00;0.00;0;0;0
1;10;-0.01;0.02;0;0;1
1;6;0.00;0.00;0;0;0
1;8;0.00;0.00;0;0;0
1;7;0.00;0.00;0;0;0
1;10;0.00;0.00;0;0;0
1;7;0.00;0.00;0;0;0
1;9;0.00;0.00;0;0;0
1;7;0.00;0.00;0;0;0
1;8;-0.01;0.02;0;0;1
1;8;0.00;0.00;0;0;0
1;10;0.00;0.00;0;0;0
1;8;0.00;0.00;0;0;0
1;8;0.00;0.00;0;0;0
1;7;0.00;0.00;0;0;0
1;9;0.00;0.00;0;0;0
1;9;0.00;0.00;0;0;0
1;7;-0.01;0.02;0;0;1
1;8;0.00;0.00;0;0;0
1;9;0.00;0.00;0;0;0
1;7;0.00;0.00;0;0;0
1;9;0.00;0.00;0;0;0
1;8;0.00;0.00;0;0;0
1;8;0.00;0.00;0;0;0
1;8;-0.01;0.02;0;0;1
1;8;0.00;0.00;0;0;0
1;9;0.00;0.00;0;0;0
1;8;0.00;0.00;0;0;0
1;8;0.00;0.00;0;0;0
1;10;0.00;0.00;0;0;0
1;7;-0.01;0.02;0;0;1
1;9;0.00;0.00;0;0;0
1;8;0.00;0.00;0;0;0
1;8;0.00;0.00;0;0;0
1;8;0.00;0.00;0;0;0
1;9;0.00;0.00;0;0;0
1;8;0.00;0.00;0;0;0
1;7;-0.01;0.02;0;0;1
1;8;-0.02;0.00;-1;0;0
1;9;0.00;0.00;0;0;0
1;7;0.00;0.00;0;0;0
1;8;0.00;0.00;0;0;0
1;9;0.00;0.00;0;0;0
1;8;0.00;0.00;0;0;0
1;8;-0.01;0.02;0;0;1
1;8;0.00;0.00;0;0;0
1;9;0.00;0.00;0;0;0
1;9;0.00;0.00;0;0;0
1;9;-0.02;0.00;-1;0;0
1;11;0.00;0.00;0;0;0
1;8;0.00;0.00;0;0;0
1;8;0.00;0.00;0;0;0
1;8;-0.01;0.02;0;0;1
1;8;0.00;0.00;0;0;0
1;9;-0.02;0.00;-1;0;0
1;8;0.00;0.00;0;0;0
1;7;0.00;0.00;0;0;0
1;10;0.00;0.00;0;0;0
1;8;0.00;0.00;0;0;0
1;8;-0.01;0.02;0;0;1
1;7;-0.02;0.00;-1;0;0
1;9;0.00;0.00;0;0;0
1;9;0.00;0.00;0;0;0
1;14;0.00;0.00;0;0;0
1;6;0.00;0.00;0;0;0
1;12;-0.01;0.02;0;0;1
1;10;-0.02;0.00;-1;0;0
1;7;0.00;0.00;0;0;0
1;7;0.00;0.00;0;0;0
1;8;0.00;0.00;0;0;0
1;12;0.00;0.00;0;0;0
1;9;-0.04;0.02;-1;0;1
1;9;0.00;0.00;0;0;0
1;7;0.00;0.00;0;0;0
1;10;0.00;0.00;0;0;0
1;6;0.00;0.00;0;0;0
1;12;0.00;0.00;0;0;0
1;6;-0.02;0.00;-1;0;0
1;8;-0.01;0.02;0;0;1
1;7;0.00;0.00;0;0;0
1;9;0.00;0.00;0;0;0
1;8;0.00;0.00;0;0;0
1;9;0.00;0.00;0;0;0
1;8;-0.02;0.00;-1;0;0
1;8;-0.01;0.02;0;0;1
1;10;0.00;0.00;0;0;0
1;6;0.00;0.00;0;0;0
1;9;0.00;0.00;0;0;0
1;11;0.00;0.00;0;0;0
1;10;-0.02;0.00;-1;0;0
1;7;-0.01;0.02;0;0;1
1;8;0.00;0.00;0;0;0
1;9;0.00;0.00;0;0;0
1;8;0.00;0.00;0;0;0
1;7;0.00;0.00;0;0;0
1;8;0.00;0.00;0;0;0
1;13;-0.04;0.02;-1;0;1
1;7;0.00;0.00;0;0;0
1;6;0.00;0.00;0;0;0
1;7;0.00;0.00;0;0;0
1;13;0.00;0.00;0;0;0
1;9;0.00;0.00;0;0;0
1;7;-0.02;0.00;-1;0;0
1;11;-0.01;0.02;0;0;1
1;6;0.00;0.00;0;0;0
1;7;0.00;0.00;0;0;0
1;11;0.00;0.00;0;0;0
1;7;0.00;0.00;0;0;0
1;7;-0.02;0.00;-1;0;0
1;8;0.00;0.00;0;0;0
1;10;-0.01;0.02;0;0;1
1;7;0.00;0.00;0;0;0
1;9;0.00;0.00;0;0;0
1;8;0.00;0.00;0;0;0
1;11;0.00;0.00;0;0;0
1;5;-0.02;0.00;-1;0;0
1;7;0.00;0.00;0;0;0
1;9;-0.01;0.02;0;0;1
1;10;0.00;0.00;0;0;0
1;7;0.00;0.00;0;0;0
1;7;0.00;0.00;0;0;0
1;8;0.00;0.00;0;0;0
1;20;-0.02;0.00;-1;0;0
1;6;-0.01;0.02;0;0;1
1;8;0.00;0.00;0;0;0
1;7;0.00;0.00;0;0;0
1;9;0.00;0.00;0;0;0
1;9;-0.02;0.00;-1;0;0
1;10;0.00;0.00;0;0;0
1;9;0.00;0.00;0;0;0
1;10;0.00;0.00;0;0;0
1;8;-0.01;0.02;0;0;1
1;11;0.00;0.00;0;0;0
1;5;-0.02;0.00;-1;0;0
1;12;0.00;0.00;0;0;0
1;13;0.00;0.00;0;0;0
1;7;0.00;0.00;0;0;0
1;8;-0.01;0.02;0;0;1
1;16;-0.02;0.00;-1;0;0
1;13;0.00;0.00;0;0;0
1;5;0.00;0.00;0;0;0
1;8;0.00;0.00;0;0;0
1;7;0.00;0.00;0;0;0
1;9;-0.01;0.02;0;0;1
1;7;-0.02;0.00;-1;0;0
1;13;0.00;0.00;0;0;0
1;9;0.00;0.00;0;0;0
1;7;0.00;0.00;0;0;0
1;13;0.00;0.00;0;0;0
1;8;-0.04;0.02;-1;0;1
1;13;0.00;0.00;0;0;0
1;11;0.00;0.00;0;0;0
1;8;0.00;0.00;0;0;0
1;15;0.00;0.00;0;0;0
1;6;-0.02;0.00;-1;0;0
1;8;-0.01;0.02;0;0;1
1;8;0.00;0.00;0;0;0
1;9;0.00;0.00;0;0;0
1;9;0.00;0.00;0;0;0
1;7;0.00;0.00;0;0;0
1;9;-0.02;0.00;-1;0;0
1;7;0.00;0.00;0;0;0
1;8;0.00;0.00;0;0;0
1;10;-0.01;0.02;0;0;1
1;11;0.00;0.00;0;0;0
1;5;0.00;0.00;0;0;0
1;7;0.00;0.00;0;0;0
1;9;-0.02;0.00;-1;0;0
1;9;0.00;0.00;0;0;0
1;7;0.00;0.00;0;0;0
1;13;-0.01;0.02;0;0;1
1;7;0.00;0.00;0;0;0
1;9;-0.02;0.00;-1;0;0
1;8;0.00;0.00;0;0;0
1;11;0.00;0.00;0;0;0
1;6;-0.01;0.02;0;0;1
1;8;0.00;0.00;0;0;0
1;7;0.00;0.00;0;0;0
1;9;-0.01;0.02;0;0;1
1;11;-0.02;0.00;-1;0;0
1;7;0.00;0.00;0;0;0
1;7;-0.01;0.02;0;0;1
1;12;0.00;0.00;0;0;0
1;10;-0.01;0.02;0;0;1
1;10;0.00;0.00;0;0;0
1;8;-0.02;0.00;-1;0;0
1;11;-0.01;0.02;0;0;1
1;7;0.00;0.00;0;0;0
1;7;0.00;0.00;0;0;0
1;8;0.00;0.00;0;0;0
1;11;-0.02;0.00;-1;0;0
1;6;0.00;0.00;0;0;0
1;7;0.00;0.00;0;0;0
1;9;-0.01;0.02;0;0;1
1;9;0.00;0.00;0;0;0
1;7;-0.02;0.00;-1;0;0
1;8;0.00;0.00;0;0;0
1;8;0.00;0.00;0;0;0
1;14;0.00;0.00;0;0;0
1;8;0.00;0.00;0;0;0
1;8;0.00;0.00;0;0;0
1;9;0.00;0.00;0;0;0
1;6;-0.02;0.00;-1;0;0
1;11;-0.01;0.02;0;0;1
1;6;0.00;0.00;0;0;0
1;11;0.00;0.00;0;0;0
1;6;0.00;0.00;0;0;0
1;14;0.00;0.00;0;0;0
1;7;0.00;0.00;0;0;0
1;7;0.00;0.00;0;0;0
1;8;-0.04;0.02;-1;0;1
1;10;0.00;0.00;0;0;0
1;8;0.00;0.00;0;0;0
1;7;0.00;0.00;0;0;0
1;8;0.00;0.00;0;0;0
1;9;0.00;0.00;0;0;0
1;7;0.00;0.00;0;0;0
1;8;-0.04;0.02;-1;0;1
1;12;0.00;0.00;0;0;0
1;6;0.00;0.00;0;0;0
1;7;0.00;0.00;0;0;0
1;9;0.00;0.00;0;0;0
1;23;-0.04;0.02;-1;0;1
1;5;0.00;0.00;0;0;0
1;9;0.00;0.00;0;0;0
1;9;0.00;0.00;0;0;0
1;7;0.00;0.00;0;0;0
1;8;0.00;0.00;0;0;0
1;8;0.00;0.00;0;0;0
1;8;-0.02;0.00;-1;0;0
1;8;0.00;0.00;0;0;0
1;8;-0.01;0.02;0;0;1
1;9;0.00;0.00;0;0;0
1;8;0.00;0.00;0;0;0
1;8;0.00;0.00;0;0;0
1;8;0.00;0.00;0;0;0
1;9;-0.02;0.00;-1;0;0
1;8;0.00;0.00;0;0;0
1;8;0.00;0.00;0;0;0
1;8;-0.01;0.02;0;0;1
1;8;0.00;0.00;0;0;0
1;8;0.00;0.00;0;0;0
1;12;-0.02;0.00;-1;0;0
1;6;0.00;0.00;0;0;0
1;10;-0.01;0.02;0;0;1
1;6;0.00;0.00;0;0;0
1;8;0.00;0.00;0;0;0
1;7;0.00;0.00;0;0;0
1;10;0.00;0.00;0;0;0
1;8;-0.02;0.00;-1;0;0
1;8;-0.01;0.02;0;0;1
1;7;0.00;0.00;0;0;0
1;14;0.00;0.00;0;0;0
1;7;0.00;0.00;0;0;0
1;11;0.00;0.00;0;0;0
1;6;-0.02;0.00;-1;0;0
1;7;0.00;0.00;0;0;0
1;9;-0.01;0.02;0;0;1
1;9;0.00;0.00;0;0;0
1;8;0.00;0.00;0;0;0
1;8;0.00;0.00;0;0;0
1;11;0.00;0.00;0;0;0
1;8;-0.02;0.00;-1;0;0
1;5;0.00;0.00;0;0;0
1;12;0.00;0.00;0;0;0
1;7;-0.01;0.02;0;0;1
1;6;0.00;0.00;0;0;0
1;7;0.00;0.00;0;0;0
1;13;0.00;0.00;0;0;0
1;5;0.00;0.00;0;0;0
1;7;-0.02;0.00;-1;0;0
1;8;0.00;0.00;0;0;0
1;10;-0.01;0.02;0;0;1
1;9;0.00;0.00;0;0;0
1;7;0.00;0.00;0;0;0
1;7;0.00;0.00;0;0;0
1;22;-0.04;0.02;-1;0;1
1;8;0.00;0.00;0;0;0
1;7;0.00;0.00;0;0;0
1;9;0.00;0.00;0;0;0
1;7;0.00;0.00;0;0;0
1;13;0.00;0.00;0;0;0
1;5;-0.04;0.02;-1;0;1
1;8;0.00;0.00;0;0;0
1;8;0.00;0.00;0;0;0
1;7;0.00;0.00;0;0;0
1;8;0.00;0.00;0;0;0
1;12;-0.01;0.02;0;0;1
1;5;0.00;0.00;0;0;0
1;12;-0.02;0.00;-1;0;0
1;4;0.00;0.00;0;0;0
1;8;0.00;0.00;0;0;0
1;9;0.00;0.00;0;0;0
1;12;-0.01;0.02;0;0;1
1;8;0.00;0.00;0;0;0
1;8;-0.02;0.00;-1;0;0
1;8;0.00;0.00;0;0;0
1;10;0.00;0.00;0;0;0
1;7;0.00;0.00;0;0;0
1;13;-0.01;0.02;0;0;1
1;10;-0.02;0.00;-1;0;0
1;6;0.00;0.00;0;0;0
1;9;0.00;0.00;0;0;0
1;7;0.00;0.00;0;0;0
1;15;-0.01;0.02;0;0;1
1;5;0.00;0.00;0;0;0
1;12;0.00;0.00;0;0;0
1;9;0.00;0.00;0;0;0
1;4;-0.02;0.00;-1;0;0
1;13;-0.01;0.02;0;0;1
1;8;0.00;0.00;0;0;0
1;10;0.00;0.00;0;0;0
1;6;0.00;0.00;0;0;0
1;9;0.00;0.00;0;0;0
1;7;0.00;0.00;0;0;0
1;10;-0.01;0.02;0;0;1
1;8;-0.02;0.00;-1;0;0
1;7;0.00;0.00;0;0;0
1;11;0.00;0.00;0;0;0
1;7;0.00;0.00;0;0;0
1;6;0.00;0.00;0;0;0
1;8;0.00;0.00;0;0;0
1;15;-0.04;0.02;-1;0;1
1;9;0.00;0.00;0;0;0
1;6;0.00;0.00;0;0;0
1;25;0.00;0.00;0;0;0
1;7;-0.01;0.02;0;0;1
1;8;-0.02;0.00;-1;0;0
1;8;0.00;0.00;0;0;0
1;8;0.00;0.00;0;0;0
1;9;0.00;0.00;0;0;0
1;9;-0.01;0.02;0;0;1
1;7;0.00;0.00;0;0;0
1;10;-0.02;0.00;-1;0;0
1;7;0.00;0.00;0;0;0
1;9;0.00;0.00;0;0;0
1;7;0.00;0.00;0;0;0
1;9;-0.01;0.02;0;0;1
1;7;0.00;0.00;0;0;0
1;10;0.00;0.00;0;0;0
1;7;-0.02;0.00;-1;0;0
1;9;0.00;0.00;0;0;0
1;7;-0.01;0.02;0;0;1
1;10;0.00;0.00;0;0;0
1;8;0.00;0.00;0;0;0
1;8;0.00;0.00;0;0;0
1;7;0.00;0.00;0;0;0
1;8;-0.04;0.02;-1;0;1
1;8;0.00;0.00;0;0;0
1;8;0.00;0.00;0;0;0
1;9;0.00;0.00;0;0;0
1;8;0.00;0.00;0;0;0
1;8;0.00;0.00;0;0;0
1;8;-0.01;0.02;0;0;1
1;9;0.00;0.00;0;0;0
1;7;-0.02;0.00;-1;0;0
1;9;0.00;0.00;0;0;0
1;8;0.00;0.00;0;0;0
1;8;0.00;0.00;0;0;0
1;8;0.00;0.00;0;0;0
1;8;-0.01;0.02;0;0;1
1;8;0.00;0.00;0;0;0
1;8;0.00;0.00;0;0;0
1;8;-0.02;0.00;-1;0;0
1;8;0.00;0.00;0;0;0
1;9;0.00;0.00;0;0;0
1;8;0.00;0.00;0;0;0
1;9;-0.01;0.02;0;0;1
1;11;0.00;0.00;0;0;0
1;5;0.00;0.00;0;0;0
1;10;-0.02;0.00;-1;0;0
1;7;0.00;0.00;0;0;0
1;8;0.00;0.00;0;0;0
1;10;-0.01;0.02;0;0;1
1;6;0.00;0.00;0;0;0
1;7;0.00;0.00;0;0;0
1;13;0.00;0.00;0;0;0
1;4;-0.02;0.00;-1;0;0
1;9;0.00;0.00;0;0;0
1;7;-0.01;0.02;0;0;1
1;9;0.00;0.00;0;0;0
1;11;0.00;0.00;0;0;0
1;12;0.00;0.00;0;0;0
1;6;0.00;0.00;0;0;0
1;7;0.00;0.00;0;0;0
1;8;-0.04;0.02;-1;0;1
1;10;0.00;0.00;0;0;0
1;7;0.00;0.00;0;0;0
1;8;0.00;0.00;0;0;0
1;8;0.00;0.00;0;0;0
1;13;-0.01;0.02;0;0;1
1;8;0.00;0.00;0;0;0
1;8;-0.02;0.00;-1;0;0
1;13;0.00;0.00;0;0;0
1;7;0.00;0.00;0;0;0
1;8;0.00;0.00;0;0;0
1;9;-0.01;0.02;0;0;1
1;9;-0.02;0.00;-1;0;0
1;12;0.00;0.00;0;0;0
1;8;0.00;0.00;0;0;0
1;11;0.00;0.00;0;0;0
1;5;0.00;0.00;0;0;0
1;8;-0.01;0.02;0;0;1
1;9;-0.02;0.00;-1;0;0
1;7;0.00;0.00;0;0;0
1;8;0.00;0.00;0;0;0
1;9;0.00;0.00;0;0;0
1;8;0.00;0.00;0;0;0
1;8;-0.01;0.02;0;0;1
1;8;0.00;0.00;0;0;0
1;8;-0.02;0.00;-1;0;0
1;9;0.00;0.00;0;0;0
1;9;0.00;0.00;0;0;0
1;7;0.00;0.00;0;0;0
1;8;-0.01;0.02;0;0;1
1;8;0.00;0.00;0;0;0
1;9;0.00;0.00;0;0;0
1;8;-0.02;0.00;-1;0;0
1;8;0.00;0.00;0;0;0
1;9;0.00;0.00;0;0;0
1;7;-0.01;0.02;0;0;1
1;9;0.00;0.00;0;0;0
1;8;0.00;0.00;0;0;0
1;8;0.00;0.00;0;0;0
1;8;-0.02;0.00;-1;0;0
1;8;0.00;0.00;0;0;0
1;8;0.00;0.00;0;0;0
1;10;0.00;0.00;0;0;0
1;7;-0.01;0.02;0;0;1
1;11;-0.02;0.00;-1;0;0
1;6;0.00;0.00;0;0;0
1;7;0.00;0.00;0;0;0
1;9;0.00;0.00;0;0;0
1;8;0.00;0.00;0;0;0
1;8;-0.01;0.02;0;0;1
1;8;0.00;0.00;0;0;0
1;8;-0.02;0.00;-1;0;0
1;9;0.00;0.00;0;0;0
1;8;0.00;0.00;0;0;0
1;9;0.00;0.00;0;0;0
1;9;0.00;0.00;0;0;0
1;10;-0.01;0.02;0;0;1
1;5;0.00;0.00;0;0;0
1;8;-0.02;0.00;-1;0;0
1;8;0.00;0.00;0;0;0
1;8;0.00;0.00;0;0;0
1;8;0.00;0.00;0;0;0
1;11;-0.01;0.02;0;0;1
1;6;0.00;0.00;0;0;0
1;9;0.00;0.00;0;0;0
1;7;-0.02;0.00;-1;0;0
1;16;0.00;0.00;0;0;0
1;12;-0.01;0.02;0;0;1
1;5;0.00;0.00;0;0;0
1;9;0.00;0.00;0;0;0
1;7;0.00;0.00;0;0;0
1;8;-0.02;0.00;-1;0;0
1;9;0.00;0.00;0;0;0
1;8;0.00;0.00;0;0;0
1;9;-0.01;0.02;0;0;1
1;15;0.00;0.00;0;0;0
1;10;-0.02;0.00;-1;0;0
1;13;0.00;0.00;0;0;0
1;9;0.00;0.00;0;0;0
1;5;-0.01;0.02;0;0;1
1;13;0.00;0.00;0;0;0
1;9;-0.02;0.00;-1;0;0
1;7;0.00;0.00;0;0;0
1;8;0.00;0.00;0;0;0
1;8;0.00;0.00;0;0;0
1;9;-0.01;0.02;0;0;1
1;8;0.00;0.00;0;0;0
1;8;0.00;0.00;0;0;0
1;8;-0.02;0.00;-1;0;0
1;8;0.00;0.00;0;0;0
1;8;0.00;0.00;0;0;0
1;9;-0.01;0.02;0;0;1
1;10;0.00;0.00;0;0;0
1;6;0.00;0.00;0;0;0
1;10;-0.02;0.00;-1;0;0
1;6;0.00;0.00;0;0;0
1;12;-0.01;0.02;0;0;1
1;5;0.00;0.00;0;0;0
1;9;0.00;0.00;0;0;0
1;7;-0.02;0.00;-1;0;0
1;8;0.00;0.00;0;0;0
1;10;0.00;0.00;0;0;0
1;17;-0.01;0.02;0;0;1
1;6;-0.02;0.00;-1;0;0
1;8;0.00;0.00;0;0;0
1;12;0.00;0.00;0;0;0
1;5;0.00;0.00;0;0;0
1;8;0.00;0.00;0;0;0
1;8;0.00;0.00;0;0;0
1;9;-0.04;0.02;-1;0;1
1;8;0.00;0.00;0;0;0
1;8;0.00;0.00;0;0;0
1;8;0.00;0.00;0;0;0
1;11;0.00;0.00;0;0;0
1;5;0.00;0.00;0;0;0
1;14;-0.04;0.02;-1;0;1
1;7;0.00;0.00;0;0;0
1;12;0.00;0.00;0;0;0
1;12;0.00;0.00;0;0;0
1;9;0.00;0.00;0;0;0
1;8;-0.04;0.02;-1;0;1
1;8;0.00;0.00;0;0;0
1;8;0.00;0.00;0;0;0
1;8;0.00;0.00;0;0;0
1;8;0.00;0.00;0;0;0
1;9;0.00;0.00;0;0;0
1;19;-0.04;0.02;-1;0;1
1;5;0.00;0.00;0;0;0
1;8;0.00;0.00;0;0;0
1;12;0.00;0.00;0;0;0
1;5;0.00;0.00;0;0;0
1;11;-0.02;0.00;-1;0;0
1;5;0.00;0.00;0;0;0
1;8;-0.01;0.02;0;0;1
1;9;0.00;0.00;0;0;0
1;11;0.00;0.00;0;0;0
1;5;0.00;0.00;0;0;0
1;8;-0.02;0.00;-1;0;0
1;8;0.00;0.00;0;0;0
1;15;0.00;0.00;0;0;0
1;7;-0.01;0.02;0;0;1
1;7;0.00;0.00;0;0;0
1;8;0.00;0.00;0;0;0
1;9;-0.02;0.00;-1;0;0
1;8;0.00;0.00;0;0;0
1;9;0.00;0.00;0;0;0
1;7;0.00;0.00;0;0;0
1;11;-0.01;0.02;0;0;1
1;5;-0.02;0.00;-1;0;0
1;9;0.00;0.00;0;0;0
1;8;0.00;0.00;0;0;0
1;14;0.00;0.00;0;0;0
1;9;0.00;0.00;0;0;0
1;5;0.00;0.00;0;0;0
1;12;-0.01;0.02;0;0;1
1;5;0.00;0.00;0;0;0
1;8;0.00;0.00;0;0;0
1;12;-0.02;0.00;-1;0;0
1;14;0.00;0.00;0;0;0
1;7;-0.01;0.02;0;0;1
1;8;0.00;0.00;0;0;0
1;8;0.00;0.00;0;0;0
1;8;0.00;0.00;0;0;0
1;9;0.00;0.00;0;0;0
1;8;0.00;0.00;0;0;0
1;8;0.00;0.00;0;0;0
1;8;-0.01;0.02;0;0;1
1;8;0.00;0.00;0;0;0
1;9;0.00;0.00;0;0;0
1;8;0.00;0.00;0;0;0
1;8;0.00;0.00;0;0;0
1;8;0.00;0.00;0;0;0
1;8;0.00;0.00;0;0;0
1;8;0.00;0.00;0;0;0
1;9;-0.01;0.02;0;0;1
1;8;0.00;0.00;0;0;0
1;11;0.00;0.00;0;0;0
1;7;0.00;0.00;0;0;0
1;6;0.00;0.00;0;0;0
1;9;-0.02;0.00;-1;0;0
1;17;0.00;0.00;0;0;0
1;11;-0.01;0.02;0;0;1
1;4;0.00;0.00;0;0;0
1;11;-0.02;0.00;-1;0;0
1;6;0.00;0.00;0;0;0
1;13;0.00;0.00;0;0;0
1;7;0.00;0.00;0;0;0
1;8;0.00;0.00;0;0;0
1;9;-0.01;0.02;0;0;1
1;9;-0.02;0.00;-1;0;0
1;7;0.00;0.00;0;0;0
1;8;0.00;0.00;0;0;0
1;14;0.00;0.00;0;0;0
1;7;0.00;0.00;0;0;0
1;11;-0.04;0.02;-1;0;1
1;5;0.00;0.00;0;0;0
1;11;0.00;0.00;0;0;0
1;5;0.00;0.00;0;0;0
1;9;0.00;0.00;0;0;0
1;8;-0.02;0.00;-1;0;0
1;8;0.00;0.00;0;0;0
1;8;0.00;0.00;0;0;0
1;16;-0.01;0.02;0;0;1
1;5;0.00;0.00;0;0;0
1;12;0.00;0.00;0;0;0
1;8;0.00;0.00;0;0;0
1;8;0.00;0.00;0;0;0
1;9;0.00;0.00;0;0;0
1;9;-0.01;0.02;0;0;1
1;10;0.00;0.00;0;0;0
1;8;0.00;0.00;0;0;0
1;7;0.00;0.00;0;0;0
1;7;0.00;0.00;0;0;0
1;8;0.00;0.00;0;0;0
1;21;-0.01;0.02;0;0;1
1;7;0.00;0.00;0;0;0
1;9;0.00;0.00;0;0;0
1;8;0.00;0.00;0;0;0
1;8;0.00;0.00;0;0;0
1;8;0.00;0.00;0;0;0
1;8;-0.01;0.02;0;0;1
1;10;0.00;0.00;0;0;0
1;7;0.00;0.00;0;0;0
1;8;0.00;0.00;0;0;0
1;8;0.00;0.00;0;0;0
1;8;0.00;0.00;0;0;0
1;9;-0.02;0.00;-1;0;0
1;8;0.00;0.00;0;0;0
1;8;0.00;0.00;0;0;0
1;8;-0.01;0.02;0;0;1
1;9;0.00;0.00;0;0;0
1;7;0.00;0.00;0;0;0
1;9;0.00;0.00;0;0;0
1;8;0.00;0.00;0;0;0
1;9;0.00;0.00;0;0;0
1;7;0.00;0.00;0;0;0
1;8;-0.01;0.02;0;0;1
1;9;0.00;0.00;0;0;0
1;10;0.00;0.00;0;0;0
1;6;0.00;0.00;0;0;0
1;9;0.00;0.00;0;0;0
1;7;0.00;0.00;0;0;0
1;9;0.00;0.00;0;0;0
1;8;0.00;0.00;0;0;0
1;8;-0.01;0.02;0;0;1
1;8;0.00;0.00;0;0;0
1;8;0.00;0.00;0;0;0
1;9;0.00;0.00;0;0;0
1;8;0.00;0.00;0;0;0
1;8;0.00;0.00;0;0;0
1;8;0.00;0.00;0;0;0
1;8;-0.01;0.02;0;0;1
1;9;0.00;0.00;0;0;0
1;11;0.00;0.00;0;0;0
1;6;0.00;0.00;0;0;0
1;8;0.00;0.00;0;0;0
1;7;0.00;0.00;0;0;0
1;8;0.00;0.00;0;0;0
1;9;0.00;0.00;0;0;0
1;9;-0.01;0.02;0;0;1
1;7;0.00;0.00;0;0;0
1;8;0.00;0.00;0;0;0
1;9;0.00;0.00;0;0;0
1;8;0.00;0.00;0;0;0
1;8;0.00;0.00;0;0;0
1;11;0.00;0.00;0;0;0
1;5;0.00;0.00;0;0;0
1;8;0.00;0.00;0;0;0
1;9;-0.01;0.02;0;0;1
1;8;0.00;0.00;0;0;0
1;16;0.00;0.00;0;0;0
1;8;0.00;0.00;0;0;0
1;12;0.00;0.00;0;0;0
1;5;0.00;0.00;0;0;0
1;12;-0.01;0.02;0;0;1
1;4;0.00;0.00;0;0;0
1;9;0.00;0.00;0;0;0
1;7;0.00;0.00;0;0;0
1;15;0.00;0.00;0;0;0
1;7;0.00;0.00;0;0;0
1;7;-0.01;0.02;0;0;1
1;8;0.00;0.00;0;0;0
1;10;0.00;0.00;0;0;0
1;7;0.00;0.00;0;0;0
1;9;0.00;0.00;0;0;0
1;7;0.00;0.00;0;0;0
1;14;0.00;0.00;0;0;0
1;7;-0.01;0.02;0;0;1
1;8;0.00;0.00;0;0;0
1;8;0.00;0.00;0;0;0
1;8;0.00;0.00;0;0;0
1;11;0.00;0.00;0;0;0
1;7;0.00;0.00;0;0;0
1;9;0.00;0.00;0;0;0
1;6;-0.01;0.02;0;0;1
1;8;0.00;0.00;0;0;0
1;8;0.00;0.00;0;0;0
1;9;0.00;0.00;0;0;0
1;8;0.00;0.00;0;0;0
1;8;0.00;0.00;0;0;0
1;13;0.00;0.00;0;0;0
1;9;-0.01;0.02;0;0;1
1;7;0.00;0.00;0;0;0
1;8;0.00;0.00;0;0;0
1;10;0.00;0.00;0;0;0
1;6;0.00;0.00;0;0;0
1;8;0.00;0.00;0;0;0
1;12;-0.01;0.02;0;0;1
1;8;0.00;0.00;0;0;0
1;8;0.00;0.00;0;0;0
1;5;0.00;0.00;0;0;0
1;9;0.00;0.00;0;0;0
1;8;0.00;0.00;0;0;0
1;9;0.00;0.00;0;0;0
1;8;-0.01;0.02;0;0;1
1;8;0.00;0.00;0;0;0
1;9;0.00;0.00;0;0;0
1;9;0.00;0.00;0;0;0
1;6;0.00;0.00;0;0;0
1;8;0.00;0.00;0;0;0
1;8;0.00;0.00;0;0;0
1;10;0.00;0.00;0;0;0
1;6;0.00;0.00;0;0;0
1;10;0.00;0.00;0;0;0
1;10;0.00;0.00;0;0;0
1;5;0.00;0.00;0;0;0
1;10;0.00;0.00;0;0;0
1;6;0.00;0.00;0;0;0
1;14;0.00;0.00;0;0;0
1;7;0.00;0.00;0;0;0
1;10;0.00;0.00;0;0;0
1;6;0.00;0.00;0;0;0
1;8;0.00;0.00;0;0;0
1;9;0.00;0.00;0;0;0
1;8;0.00;0.00;0;0;0
1;8;0.00;0.00;0;0;0
1;8;0.00;0.00;0;0;0
1;9;0.00;0.00;0;0;0
1;8;0.00;0.00;0;0;0
1;8;0.00;0.00;0;0;0
1;8;0.00;0.00;0;0;0
1;10;0.00;0.00;0;0;0
1;6;0.00;0.00;0;0;0
1;10;0.00;0.00;0;0;0
1;7;0.00;0.00;0;0;0
1;11;0.00;0.00;0;0;0
1;5;0.00;0.00;0;0;0
1;8;0.00;0.00;0;0;0
1;9;0.00;0.00;0;0;0
1;8;0.00;0.00;0;0;0
1;8;0.00;0.00;0;0;0
1;8;0.00;0.00;0;0;0
1;8;0.00;0.00;0;0;0
1;8;0.00;0.00;0;0;0
1;9;0.00;0.00;0;0;0
1;8;0.00;0.00;0;0;0
1;8;0.00;0.00;0;0;0
1;8;0.00;0.00;0;0;0
1;8;0.00;0.00;0;0;0
1;9;0.00;0.00;0;0;0
1;9;0.00;0.00;0;0;0
1;7;0.00;0.00;0;0;0
1;8;0.00;0.00;0;0;0
1;8;0.00;0.00;0;0;0
1;10;0.00;0.00;0;0;0
1;7;0.00;0.00;0;0;0
1;8;0.00;0.00;0;0;0
1;8;0.00;0.00;0;0;0
1;14;0.00;0.00;0;0;0
1;10;0.00;0.00;0;0;0
1;7;0.00;0.00;0;0;0
1;10;0.00;0.00;0;0;0
1;8;0.00;0.00;0;0;0
1;14;0.00;0.00;0;0;0
1;8;0.00;0.00;0;0;0
1;8;0.00;0.00;0;0;0
1;12;0.00;0.00;0;0;0
1;7;0.00;0.00;0;0;0
1;9;0.00;0.00;0;0;0
1;8;0.00;0.00;0;0;0
1;9;0.00;0.00;0;0;0
1;7;0.00;0.00;0;0;0
1;8;0.00;0.00;0;0;0
1;9;0.00;0.00;0;0;0
1;9;0.00;0.00;0;0;0
1;7;0.00;0.00;0;0;0
1;8;0.00;0.00;0;0;0
1;8;0.00;0.00;0;0;0
1;11;0.00;0.00;0;0;0
1;6;0.00;0.00;0;0;0
1;8;0.00;0.00;0;0;0
1;11;0.00;0.00;0;0;0
1;8;0.00;0.00;0;0;0
1;6;0.00;0.00;0;0;0
1;10;0.00;0.00;0;0;0
1;9;0.00;0.00;0;0;0
1;11;0.00;0.00;0;0;0
1;7;0.00;0.00;0;0;0
1;17;0.00;0.00;0;0;0
1;7;0.00;0.00;0;0;0
1;8;0.00;0.00;0;0;0
1;12;0.00;0.00;0;0;0
1;9;0.00;0.00;0;0;0
1;9;0.00;0.00;0;0;0
1;14;0.00;0.00;0;0;0
1;20;0.00;0.00;0;0;0
1;13;0.00;0.00;0;0;0
1;5;0.00;0.00;0;0;0
1;8;0.00;0.00;0;0;0
1;8;0.00;0.00;0;0;0
1;9;0.00;0.00;0;0;0
1;8;0.00;0.00;0;0;0
1;14;0.00;0.00;0;0;0
1;6;0.00;0.00;0;0;0
1;9;0.00;0.00;0;0;0
1;8;0.00;0.00;0;0;0
1;10;0.00;0.00;0;0;0
1;6;0.00;0.00;0;0;0
1;9;0.00;0.00;0;0;0
1;7;0.00;0.00;0;0;0
1;14;0.00;0.00;0;0;0
1;7;0.00;0.00;0;0;0
1;8;0.00;0.00;0;0;0
1;9;0.00;0.00;0;0;0
1;9;0.00;0.00;0;0;0
1;8;0.00;0.00;0;0;0
1;7;0.00;0.00;0;0;0
1;15;0.00;0.00;0;0;0
1;12;0.00;0.00;0;0;0
1;7;0.00;0.00;0;0;0
1;9;0.00;0.00;0;0;0
1;6;0.00;0.00;0;0;0
1;8;0.00;0.00;0;0;0
1;9;0.00;0.00;0;0;0
1;11;0.00;0.00;0;0;0
1;5;0.00;0.00;0;0;0
1;8;0.00;0.00;0;0;0
1;9;0.00;0.00;0;0;0
1;7;0.00;0.00;0;0;0
1;9;0.00;0.00;0;0;0
1;8;0.00;0.00;0;0;0
1;16;0.00;0.00;0;0;0
1;8;0.00;0.00;0;0;0
1;9;0.00;0.00;0;0;0
1;8;0.00;0.00;0;0;0
1;9;0.00;0.00;0;0;0
1;7;0.00;0.00;0;0;0
1;8;0.00;0.00;0;0;0
1;10;0.00;0.00;0;0;0
1;7;0.00;0.00;0;0;0
1;8;0.00;0.00;0;0;0
1;8;0.00;0.00;0;0;0
1;10;0.00;0.00;0;0;0
1;8;0.00;0.00;0;0;0
1;10;0.00;0.00;0;0;0
1;5;0.00;0.00;0;0;0
1;8;0.00;0.00;0;0;0
1;8;0.00;0.00;0;0;0
1;13;0.00;0.00;0;0;0
1;9;0.00;0.00;0;0;0
1;7;0.00;0.00;0;0;0
1;8;0.00;0.00;0;0;0
1;12;0.00;0.00;0;0;0
1;13;0.00;0.00;0;0;0
1;11;0.00;0.00;0;0;0
1;5;0.00;0.00;0;0;0
1;8;0.00;0.00;0;0;0
1;9;0.00;0.00;0;0;0
1;9;0.00;0.00;0;0;0
1;8;0.00;0.00;0;0;0
1;8;0.00;0.00;0;0;0
1;11;0.00;0.00;0;0;0
1;12;0.00;0.00;0;0;0
1;5;0.00;0.00;0;0;0
1;10;0.00;0.00;0;0;0
1;6;0.00;0.00;0;0;0
1;11;0.00;0.00;0;0;0
1;5;0.00;0.00;0;0;0
1;10;0.00;0.00;0;0;0
1;10;0.00;0.00;0;0;0
1;6;0.00;0.00;0;0;0
1;7;0.00;0.00;0;0;0
1;8;0.00;0.00;0;0;0
1;9;0.00;0.00;0;0;0
1;9;0.00;0.00;0;0;0
1;7;0.00;0.00;0;0;0
1;9;0.00;0.00;0;0;0
1;10;0.00;0.00;0;0;0
1;8;0.00;0.00;0;0;0
1;6;0.00;0.00;0;0;0
1;8;0.00;0.00;0;0;0
1;11;0.00;0.00;0;0;0
1;5;0.00;0.00;0;0;0
1;9;0.00;0.00;0;0;0
1;9;0.00;0.00;0;0;0
1;10;0.00;0.00;0;0;0
1;5;0.00;0.00;0;0;0
1;9;0.00;0.00;0;0;0
1;8;0.00;0.00;0;0;0
1;16;0.00;0.00;0;0;0
1;8;0.00;0.00;0;0;0
1;8;0.00;0.00;0;0;0
1;8;0.00;0.00;0;0;0
1;9;0.00;0.00;0;0;0
1;15;0.00;0.00;0;0;0
1;10;0.00;0.00;0;0;0
1;7;0.00;0.00;0;0;0
1;9;0.00;0.00;0;0;0
1;8;0.00;0.00;0;0;0
1;8;0.00;0.00;0;0;0
1;8;0.00;0.00;0;0;0
1;17;0.00;0.00;0;0;0
1;12;0.00;0.00;0;0;0
1;11;0.00;0.00;0;0;0
1;7;0.00;0.00;0;0;0
1;10;0.00;0.00;0;0;0
1;5;0.00;0.00;0;0;0
1;8;0.00;0.00;0;0;0
1;8;0.00;0.00;0;0;0
1;8;0.00;0.00;0;0;0
1;8;0.00;0.00;0;0;0
1;16;0.00;0.00;0;0;0
1;13;0.00;0.00;0;0;0
1;12;0.00;0.00;0;0;0
1;9;0.00;0.00;0;0;0
1;8;0.00;0.00;0;0;0
1;22;0.00;0.00;0;0;0
1;6;0.00;0.00;0;0;0
1;10;0.00;0.00;0;0;0
1;10;0.00;0.00;0;0;0
1;5;0.00;0.00;0;0;0
1;8;0.00;0.00;0;0;0
1;10;0.00;0.00;0;0;0
1;10;0.00;0.00;0;0;0
1;6;0.00;0.00;0;0;0
1;7;0.00;0.00;0;0;0
1;9;0.00;0.00;0;0;0
1;8;0.00;0.00;0;0;0
1;11;0.00;0.00;0;0;0
1;5;0.00;0.00;0;0;0
1;9;0.00;0.00;0;0;0
1;14;0.00;0.00;0;0;0
1;5;0.00;0.00;0;0;0
1;9;0.00;0.00;0;0;0
1;8;0.00;0.00;0;0;0
1;8;0.00;0.00;0;0;0
1;9;0.00;0.00;0;0;0
1;7;0.00;0.00;0;0;0
1;9;0.00;0.00;0;0;0
1;8;0.00;0.00;0;0;0
1;10;0.00;0.00;0;0;0
1;6;0.00;0.00;0;0;0
1;8;0.00;0.00;0;0;0
1;9;0.00;0.00;0;0;0
1;10;0.00;0.00;0;0;0
1;6;0.00;0.00;0;0;0
1;8;0.00;0.00;0;0;0
1;9;0.00;0.00;0;0;0
1;11;0.00;0.00;0;0;0
1;5;0.00;0.00;0;0;0
1;9;0.00;0.00;0;0;0
1;7;0.00;0.00;0;0;0
1;12;0.00;0.00;0;0;0
1;9;0.00;0.00;0;0;0
1;10;0.00;0.00;0;0;0
1;15;0.00;0.00;0;0;0
1;7;0.00;0.00;0;0;0
1;8;0.00;0.00;0;0;0
1;9;0.00;0.00;0;0;0
1;8;0.00;0.00;0;0;0
1;8;0.00;0.00;0;0;0
1;8;0.00;0.00;0;0;0
1;8;0.00;0.00;0;0;0
1;9;0.00;0.00;0;0;0
1;8;0.00;0.00;0;0;0
1;8;0.00;0.00;0;0;0
1;8;0.00;0.00;0;0;0
1;8;0.00;0.00;0;0;0
1;9;0.00;0.00;0;0;0
1;8;0.00;0.00;0;0;0
1;8;0.00;0.00;0;0;0
1;8;0.00;0.00;0;0;0
1;8;0.00;0.00;0;0;0
1;9;0.00;0.00;0;0;0
1;8;0.00;0.00;0;0;0
1;8;0.00;0.00;0;0;0
1;8;0.00;0.00;0;0;0
1;8;0.00;0.00;0;0;0
1;9;0.00;0.00;0;0;0
1;8;0.00;0.00;0;0;0
1;8;0.00;0.00;0;0;0
1;8;0.00;0.00;0;0;0
1;8;0.00;0.00;0;0;0
1;8;0.00;0.00;0;0;0
1;9;0.00;0.00;0;0;0
1;8;0.00;0.00;0;0;0
1;8;0.00;0.00;0;0;0
1;8;0.00;0.00;0;0;0
1;8;0.00;0.00;0;0;0
1;9;0.00;0.00;0;0;0
1;9;0.00;0.00;0;0;0
1;7;0.00;0.00;0;0;0
1;8;0.00;0.00;0;0;0
1;8;0.00;0.00;0;0;0
1;9;0.00;0.00;0;0;0
1;7;0.00;0.00;0;0;0
1;9;0.00;0.00;0;0;0
1;8;0.00;0.00;0;0;0
1;8;0.00;0.00;0;0;0
1;9;0.00;0.00;0;0;0
1;8;0.00;0.00;0;0;0
1;8;0.00;0.00;0;0;0
1;8;0.00;0.00;0;0;0
1;8;0.00;0.00;0;0;0
1;9;0.00;0.00;0;0;0
1;8;0.00;0.00;0;0;0
1;8;0.00;0.00;0;0;0
1;8;0.00;0.00;0;0;0
1;8;0.00;0.00;0;0;0
1;8;0.00;0.00;0;0;0
1;9;0.00;0.00;0;0;0
1;8;0.00;0.00;0;0;0
1;8;0.00;0.00;0;0;0
1;8;0.00;0.00;0;0;0
1;8;0.00;0.00;0;0;0
1;9;0.00;0.00;0;0;0
1;8;0.00;0.00;0;0;0
1;8;0.00;0.00;0;0;0
1;8;0.00;0.00;0;0;0
1;8;0.00;0.00;0;0;0
1;9;0.00;0.00;0;0;0
1;8;0.00;0.00;0;0;0
1;8;0.00;0.00;0;0;0
1;8;0.00;0.00;0;0;0
1;8;0.00;0.00;0;0;0
1;8;0.00;0.00;0;0;0
1;9;0.00;0.00;0;0;0
1;9;0.00;0.00;0;0;0
1;7;0.00;0.00;0;0;0
1;8;0.00;0.00;0;0;0
1;9;0.00;0.00;0;0;0
1;8;0.00;0.00;0;0;0
1;8;0.00;0.00;0;0;0
1;8;0.00;0.00;0;0;0
1;8;0.00;0.00;0;0;0
1;8;0.00;0.00;0;0;0
1;11;0.00;0.00;0;0;0
1;6;0.00;0.00;0;0;0
1;8;0.00;0.00;0;0;0
1;8;0.00;0.00;0;0;0
1;10;0.00;0.00;0;0;0
1;10;0.00;0.00;0;0;0
1;8;0.00;0.00;0;0;0
1;9;0.00;0.00;0;0;0
1;8;0.00;0.00;0;0;0
1;8;0.00;0.00;0;0;0
1;9;0.00;0.00;0;0;0
1;8;0.00;0.00;0;0;0
1;9;0.00;0.00;0;0;0
1;12;0.00;0.00;0;0;0
1;24;0.00;0.00;0;0;0
1;9;0.00;0.00;0;0;0
1;7;0.00;0.00;0;0;0
1;9;0.00;0.00;0;0;0
1;8;0.00;0.00;0;0;0
1;8;0.00;0.00;0;0;0
1;12;0.00;0.00;0;0;0
1;8;0.00;0.00;0;0;0
1;9;0.00;0.00;0;0;0
1;8;0.00;0.00;0;0;0
1;8;0.00;0.00;0;0;0
1;8;0.00;0.00;0;0;0
1;8;0.00;0.00;0;0;0
1;10;0.00;0.00;0;0;0
1;22;0.00;0.00;0;0;0
1;5;0.00;0.00;0;0;0
1;8;0.00;0.00;0;0;0
1;9;0.00;0.00;0;0;0
1;8;0.00;0.00;0;0;0
1;8;0.00;0.00;0;0;0
1;8;0.00;0.00;0;0;0
1;8;0.00;0.00;0;0;0
1;9;0.00;0.00;0;0;0
1;8;0.00;0.00;0;0;0
1;7;0.00;0.00;0;0;0
1;8;0.00;0.00;0;0;0
1;10;0.00;0.00;0;0;0
1;6;0.00;0.00;0;0;0
1;9;0.00;0.00;0;0;0
1;9;0.00;0.00;0;0;0
1;8;0.00;0.00;0;0;0
1;7;0.00;0.00;0;0;0
1;8;0.00;0.00;0;0;0
1;9;0.00;0.00;0;0;0
1;8;0.00;0.00;0;0;0
1;8;0.00;0.00;0;0;0
1;8;0.00;0.00;0;0;0
1;18;0.00;0.00;0;0;0
1;10;0.00;0.00;0;0;0
1;9;0.00;0.00;0;0;0
1;13;0.00;0.00;0;0;0
1;8;0.00;0.00;0;0;0
1;11;0.00;0.00;0;0;0
1;5;0.00;0.00;0;0;0
1;11;0.00;0.00;0;0;0
1;5;0.00;0.00;0;0;0
1;9;0.00;0.00;0;0;0
1;8;0.00;0.00;0;0;0
1;10;0.00;0.00;0;0;0
1;6;0.00;0.00;0;0;0
1;9;0.00;0.00;0;0;0
1;11;0.00;0.00;0;0;0
1;13;0.00;0.00;0;0;0
1;8;0.00;0.00;0;0;0
1;8;0.00;0.00;0;0;0
1;8;0.00;0.00;0;0;0
1;10;0.00;0.00;0;0;0
1;7;0.00;0.00;0;0;0
1;11;0.00;0.00;0;0;0
1;5;0.00;0.00;0;0;0
1;8;0.00;0.00;0;0;0
1;9;0.00;0.00;0;0;0
1;7;0.00;0.00;0;0;0
1;8;0.00;0.00;0;0;0
1;8;0.00;0.00;0;0;0
1;9;0.00;0.00;0;0;0
1;8;0.00;0.00;0;0;0
1;8;0.00;0.00;0;0;0
1;8;0.00;0.00;0;0;0
1;9;0.00;0.00;0;0;0
1;7;0.00;0.00;0;0;0
1;8;0.00;0.00;0;0;0
1;10;0.00;0.00;0;0;0
1;7;0.00;0.00;0;0;0
1;8;0.00;0.00;0;0;0
1;8;0.00;0.00;0;0;0
1;9;0.00;0.00;0;0;0
1;8;0.00;0.00;0;0;0
1;9;0.00;0.00;0;0;0
1;7;0.00;0.00;0;0;0
1;10;0.00;0.00;0;0;0
1;7;0.00;0.00;0;0;0
1;9;0.00;0.00;0;0;0
1;8;0.00;0.00;0;0;0
1;8;0.00;0.00;0;0;0
1;8;0.00;0.00;0;0;0
1;7;0.00;0.00;0;0;0
1;9;0.00;0.00;0;0;0
1;9;0.00;0.00;0;0;0
1;8;0.00;0.00;0;0;0
1;8;0.00;0.00;0;0;0
1;9;0.00;0.00;0;0;0
1;10;0.00;0.00;0;0;0
1;6;0.00;0.00;0;0;0
1;8;0.00;0.00;0;0;0
1;8;0.00;0.00;0;0;0
1;9;0.00;0.00;0;0;0
1;8;0.00;0.00;0;0;0
1;9;0.00;0.00;0;0;0
1;22;0.00;0.00;0;0;0
1;5;0.00;0.00;0;0;0
1;9;0.00;0.00;0;0;0
1;9;0.00;0.00;0;0;0
1;10;0.00;0.00;0;0;0
1;5;0.00;0.00;0;0;0
1;10;0.00;0.00;0;0;0
1;8;0.00;0.00;0;0;0
1;10;0.00;0.00;0;0;0
1;5;0.00;0.00;0;0;0
1;8;0.00;0.00;0;0;0
1;12;0.00;0.00;0;0;0
1;9;0.00;0.00;0;0;0
1;7;0.00;0.00;0;0;0
1;13;0.00;0.00;0;0;0
1;8;0.00;0.00;0;0;0
1;8;0.00;0.00;0;0;0
1;13;0.00;0.00;0;0;0
1;7;0.00;0.00;0;0;0
1;11;0.00;0.00;0;0;0
1;6;0.00;0.00;0;0;0
1;10;0.00;0.00;0;0;0
1;7;0.00;0.00;0;0;0
1;8;0.00;0.00;0;0;0
1;7;0.00;0.00;0;0;0
1;9;0.00;0.00;0;0;0
1;8;0.00;0.00;0;0;0
1;12;0.00;0.00;0;0;0
1;5;0.00;0.00;0;0;0
1;9;0.00;0.00;0;0;0
1;7;0.00;0.00;0;0;0
1;11;0.00;0.00;0;0;0
1;9;0.00;0.00;0;0;0
1;5;0.00;0.00;0;0;0
1;8;0.00;0.00;0;0;0
1;11;0.00;0.00;0;0;0
1;5;0.00;0.00;0;0;0
1;9;0.00;0.00;0;0;0
1;9;0.00;0.00;0;0;0
1;13;0.00;0.00;0;0;0
1;6;0.00;0.00;0;0;0
1;8;0.00;0.00;0;0;0
1;15;0.00;0.00;0;0;0
1;6;0.00;0.00;0;0;0
1;9;0.00;0.00;0;0;0
1;14;0.00;0.00;0;0;0
1;14;0.00;0.00;0;0;0
1;7;0.00;0.00;0;0;0
1;9;0.00;0.00;0;0;0
1;8;0.00;0.00;0;0;0
1;8;0.00;0.00;0;0;0
1;8;0.00;0.00;0;0;0
1;8;0.00;0.00;0;0;0
1;9;0.00;0.00;0;0;0
1;7;0.00;0.00;0;0;0
1;8;0.00;0.00;0;0;0
1;9;0.00;0.00;0;0;0
1;8;0.00;0.00;0;0;0
1;8;0.00;0.00;0;0;0
1;12;0.00;0.00;0;0;0
1;14;0.00;0.00;0;0;0
1;8;0.00;0.00;0;0;0
1;8;0.00;0.00;0;0;0
1;8;0.00;0.00;0;0;0
1;19;0.00;0.00;0;0;0
1;6;0.00;0.00;0;0;0
1;8;0.00;0.00;0;0;0
1;9;0.00;0.00;0;0;0
1;7;0.00;0.00;0;0;0
1;9;0.00;0.00;0;0;0
1;7;0.00;0.00;0;0;0
1;10;0.00;0.00;0;0;0
1;7;0.00;0.00;0;0;0
1;7;0.00;0.00;0;0;0
1;11;0.00;0.00;0;0;0
1;10;0.00;0.00;0;0;0
1;5;0.00;0.00;0;0;0
1;8;0.00;0.00;0;0;0
1;7;0.00;0.00;0;0;0
1;12;0.00;0.00;0;0;0
1;6;0.00;0.00;0;0;0
1;10;0.00;0.00;0;0;0
1;11;0.00;0.00;0;0;0
1;8;0.00;0.00;0;0;0
1;8;0.00;0.00;0;0;0
1;7;0.00;0.00;0;0;0
1;8;0.00;0.00;0;0;0
1;8;0.00;0.00;0;0;0
1;8;0.00;0.00;0;0;0
1;12;0.00;0.00;0;0;0
1;8;0.00;0.00;0;0;0
1;6;0.00;0.00;0;0;0
1;8;0.00;0.00;0;0;0
1;10;0.00;0.00;0;0;0
1;9;0.00;0.00;0;0;0
1;6;0.00;0.00;0;0;0
1;8;0.00;0.00;0;0;0
1;7;0.00;0.00;0;0;0
1;18;0.00;0.00;0;0;0
1;8;0.00;0.00;0;0;0
1;8;0.00;0.00;0;0;0
1;11;0.00;0.00;0;0;0
1;6;0.00;0.00;0;0;0
1;7;0.00;0.00;0;0;0
1;8;0.00;0.00;0;0;0
1;8;0.00;0.00;0;0;0
1;10;0.00;0.00;0;0;0
1;9;0.00;0.00;0;0;0
1;7;0.00;0.00;0;0;0
1;8;0.00;0.00;0;0;0
1;13;0.00;0.00;0;0;0
1;7;0.00;0.00;0;0;0
1;9;0.00;0.00;0;0;0
1;17;0.00;0.00;0;0;0
1;7;0.00;0.00;0;0;0
1;7;0.00;0.00;0;0;0
1;8;0.00;0.00;0;0;0
1;8;0.00;0.00;0;0;0
1;10;0.00;0.00;0;0;0
1;8;0.00;0.00;0;0;0
1;16;0.00;0.00;0;0;0
1;7;0.00;0.00;0;0;0
1;10;0.00;0.00;0;0;0
1;7;0.00;0.00;0;0;0
1;14;0.00;0.00;0;0;0
1;7;0.00;0.00;0;0;0
1;7;0.00;0.00;0;0;0
1;10;0.00;0.00;0;0;0
1;8;0.00;0.00;0;0;0
1;7;0.00;0.00;0;0;0
1;8;0.00;0.00;0;0;0
1;9;0.00;0.00;0;0;0
1;10;0.00;0.00;0;0;0
1;7;0.00;0.00;0;0;0
1;7;0.00;0.00;0;0;0
1;8;0.00;0.00;0;0;0
1;8;0.00;0.00;0;0;0
1;8;0.00;0.00;0;0;0
1;9;0.00;0.00;0;0;0
1;10;0.00;0.00;0;0;0
1;9;0.00;0.00;0;0;0
1;6;0.00;0.00;0;0;0
1;9;0.00;0.00;0;0;0
1;21;0.00;0.00;0;0;0
1;7;0.00;0.00;0;0;0
1;7;0.00;0.00;0;0;0
1;10;0.00;0.00;0;0;0
1;8;0.00;0.00;0;0;0
1;7;0.00;0.00;0;0;0
1;9;0.00;0.00;0;0;0
1;8;0.00;0.00;0;0;0
1;7;0.00;0.00;0;0;0
1;9;0.00;0.00;0;0;0
1;9;0.00;0.00;0;0;0
1;7;0.00;0.00;0;0;0
1;11;0.00;0.00;0;0;0
1;6;0.00;0.00;0;0;0
1;9;0.00;0.00;0;0;0
1;16;0.00;0.00;0;0;0
1;8;0.00;0.00;0;0;0
1;9;0.00;0.00;0;0;0
1;8;0.00;0.00;0;0;0
1;11;0.00;0.00;0;0;0
1;5;0.00;0.00;0;0;0
1;7;0.00;0.00;0;0;0
1;8;0.00;0.00;0;0;0
1;11;0.00;0.00;0;0;0
1;7;0.00;0.00;0;0;0
1;7;0.00;0.00;0;0;0
1;8;0.00;0.00;0;0;0
1;9;0.00;0.00;0;0;0
1;9;0.00;0.00;0;0;0
1;9;0.00;0.00;0;0;0
1;13;0.00;0.00;0;0;0
1;6;0.00;0.00;0;0;0
1;7;0.00;0.00;0;0;0
1;9;0.00;0.00;0;0;0
1;13;0.00;0.00;0;0;0
1;8;0.00;0.00;0;0;0
1;8;0.00;0.00;0;0;0
1;18;0.00;0.00;0;0;0
1;8;0.00;0.00;0;0;0
1;7;0.00;0.00;0;0;0
1;7;0.00;0.00;0;0;0
1;8;0.00;0.00;0;0;0
1;9;0.00;0.00;0;0;0
1;8;0.00;0.00;0;0;0
1;8;0.00;0.00;0;0;0
1;10;0.00;0.00;0;0;0
1;6;0.00;0.00;0;0;0
1;10;0.00;0.00;0;0;0
1;8;0.00;0.00;0;0;0
1;8;0.00;0.00;0;0;0
1;8;0.00;0.00;0;0;0
1;8;0.00;0.00;0;0;0
1;9;0.00;0.00;0;0;0
1;8;0.00;0.00;0;0;0
1;7;0.00;0.00;0;0;0
1;8;0.00;0.00;0;0;0
1;8;0.00;0.00;0;0;0
1;8;0.00;0.00;0;0;0
1;10;0.00;0.00;0;0;0
1;7;0.00;0.00;0;0;0
1;8;0.00;0.00;0;0;0
1;8;0.00;0.00;0;0;0
1;8;0.00;0.00;0;0;0
1;9;0.00;0.00;0;0;0
1;8;0.00;0.00;0;0;0
1;8;0.00;0.00;0;0;0
1;9;0.00;0.00;0;0;0
1;8;0.00;0.00;0;0;0
1;8;0.00;0.00;0;0;0
1;8;0.00;0.00;0;0;0
1;11;0.00;0.00;0;0;0
1;6;0.00;0.00;0;0;0
1;8;0.00;0.00;0;0;0
1;13;0.00;0.00;0;0;0
1;8;0.00;0.00;0;0;0
1;8;0.00;0.00;0;0;0
1;8;0.00;0.00;0;0;0
1;8;0.00;0.00;0;0;0
1;9;0.00;0.00;0;0;0
1;9;0.00;0.00;0;0;0
1;7;0.00;0.00;0;0;0
1;11;0.00;0.00;0;0;0
1;8;0.00;0.00;0;0;0
1;12;0.00;0.00;0;0;0
1;7;0.00;0.00;0;0;0
1;7;0.00;0.00;0;0;0
1;8;0.00;0.00;0;0;0
1;10;0.00;0.00;0;0;0
1;24;0.00;0.00;0;0;0
1;7;0.00;0.00;0;0;0
1;8;0.00;0.00;0;0;0
1;12;0.00;0.00;0;0;0
1;5;0.00;0.00;0;0;0
1;8;0.00;0.00;0;0;0
1;8;0.00;0.00;0;0;0
1;8;0.00;0.00;0;0;0
1;8;0.00;0.00;0;0;0
1;12;0.00;0.00;0;0;0
1;5;0.00;0.00;0;0;0
1;9;0.00;0.00;0;0;0
1;7;0.00;0.00;0;0;0
1;8;0.00;0.00;0;0;0
1;9;0.00;0.00;0;0;0
1;10;0.00;0.00;0;0;0
1;6;0.00;0.00;0;0;0
1;7;0.00;0.00;0;0;0
1;8;0.00;0.00;0;0;0
1;9;0.00;0.00;0;0;0
1;8;0.00;0.00;0;0;0
1;8;0.00;0.00;0;0;0
1;8;0.00;0.00;0;0;0
1;8;0.00;0.00;0;0;0
1;10;0.00;0.00;0;0;0
1;13;0.00;0.00;0;0;0
1;7;0.00;0.00;0;0;0
1;8;0.00;0.00;0;0;0
1;7;0.00;0.00;0;0;0
1;9;0.00;0.00;0;0;0
1;13;0.00;0.00;0;0;0
1;7;0.00;0.00;0;0;0
1;8;0.00;0.00;0;0;0
1;8;0.00;0.00;0;0;0
1;10;0.00;0.00;0;0;0
1;9;0.00;0.00;0;0;0
1;6;0.00;0.00;0;0;0
1;8;0.00;0.00;0;0;0
1;20;0.00;0.00;0;0;0
1;6;0.00;0.00;0;0;0
1;7;0.00;0.00;0;0;0
1;10;0.00;0.00;0;0;0
1;8;0.00;0.00;0;0;0
1;7;0.00;0.00;0;0;0
1;8;0.00;0.00;0;0;0
1;17;0.00;0.00;0;0;0
1;7;0.00;0.00;0;0;0
1;11;0.00;0.00;0;0;0
1;14;0.00;0.00;0;0;0
1;8;0.00;0.00;0;0;0
1;8;0.00;0.00;0;0;0
1;9;0.00;0.00;0;0;0
1;11;0.00;0.00;0;0;0
1;6;0.00;0.00;0;0;0
1;7;0.00;0.00;0;0;0
1;8;0.00;0.00;0;0;0
1;8;0.00;0.00;0;0;0
1;9;0.00;0.00;0;0;0
1;9;0.00;0.00;0;0;0
1;19;0.00;0.00;0;0;0
1;9;0.00;0.00;0;0;0
1;7;0.00;0.00;0;0;0
1;6;0.00;0.00;0;0;0
1;8;0.00;0.00;0;0;0
1;7;0.00;0.00;0;0;0
1;10;0.00;0.00;0;0;0
1;10;0.00;0.00;0;0;0
1;15;0.00;0.00;0;0;0
1;7;0.00;0.00;0;0;0
1;7;0.00;0.00;0;0;0
1;12;0.00;0.00;0;0;0
1;6;0.00;0.00;0;0;0
1;7;0.00;0.00;0;0;0
1;8;0.00;0.00;0;0;0
1;8;0.00;0.00;0;0;0
1;9;0.00;0.00;0;0;0
1;8;0.00;0.00;0;0;0
1;8;0.00;0.00;0;0;0
1;8;0.00;0.00;0;0;0
1;8;0.00;0.00;0;0;0
1;8;0.00;0.00;0;0;0
1;9;0.00;0.00;0;0;0
1;8;0.00;0.00;0;0;0
1;8;0.00;0.00;0;0;0
1;8;0.00;0.00;0;0;0
1;8;0.00;0.00;0;0;0
1;9;0.00;0.00;0;0;0
1;8;0.00;0.00;0;0;0
1;8;0.00;0.00;0;0;0
1;8;0.00;0.00;0;0;0
1;16;0.00;0.00;0;0;0
1;6;0.00;0.00;0;0;0
1;8;0.00;0.00;0;0;0
1;7;0.00;0.00;0;0;0
1;8;0.00;0.00;0;0;0
1;8;0.00;0.00;0;0;0
1;11;0.00;0.00;0;0;0
1;7;0.00;0.00;0;0;0
1;18;0.00;0.00;0;0;0
1;7;0.00;0.00;0;0;0
1;9;0.00;0.00;0;0;0
1;7;0.00;0.00;0;0;0
1;8;0.00;0.00;0;0;0
1;7;0.00;0.00;0;0;0
1;8;0.00;0.00;0;0;0
1;9;0.00;0.00;0;0;0
1;10;0.00;0.00;0;0;0
1;7;0.00;0.00;0;0;0
1;7;0.00;0.00;0;0;0
1;8;0.00;0.00;0;0;0
1;13;0.00;0.00;0;0;0
1;5;0.00;0.00;0;0;0
1;8;0.00;0.00;0;0;0
1;7;0.00;0.00;0;0;0
1;13;0.00;0.00;0;0;0
1;8;0.00;0.00;0;0;0
1;8;0.00;0.00;0;0;0
1;14;0.00;0.00;0;0;0
1;7;0.00;0.00;0;0;0
1;7;0.00;0.00;0;0;0
1;15;0.00;0.00;0;0;0
1;7;0.00;0.00;0;0;0
1;14;0.00;0.00;0;0;0
1;10;0.00;0.00;0;0;0
1;8;0.00;0.00;0;0;0
1;9;0.00;0.00;0;0;0
1;7;0.00;0.00;0;0;0
1;12;0.00;0.00;0;0;0
1;5;0.00;0.00;0;0;0
1;9;0.00;0.00;0;0;0
1;7;0.00;0.00;0;0;0
1;12;0.00;0.00;0;0;0
1;10;0.00;0.00;0;0;0
1;10;0.00;0.00;0;0;0
1;6;0.00;0.00;0;0;0
1;8;0.00;0.00;0;0;0
1;7;0.00;0.00;0;0;0
1;11;0.00;0.00;0;0;0
1;7;0.00;0.00;0;0;0
1;8;0.00;0.00;0;0;0
1;8;0.00;0.00;0;0;0
1;8;0.00;0.00;0;0;0
1;8;0.00;0.00;0;0;0
1;7;0.00;0.00;0;0;0
1;9;0.00;0.00;0;0;0
1;8;0.00;0.00;0;0;0
1;10;0.00;0.00;0;0;0
1;14;0.00;0.00;0;0;0
1;6;0.00;0.00;0;0;0
1;7;0.00;0.00;0;0;0
1;8;0.00;0.00;0;0;0
1;13;0.00;0.00;0;0;0
1;7;0.00;0.00;0;0;0
1;9;0.00;0.00;0;0;0
1;8;0.00;0.00;0;0;0
1;8;0.00;0.00;0;0;0
1;8;0.00;0.00;0;0;0
1;8;0.00;0.00;0;0;0
1;9;0.00;0.00;0;0;0
1;8;0.00;0.00;0;0;0
1;13;0.00;0.00;0;0;0
1;9;0.00;0.00;0;0;0
1;10;0.00;0.00;0;0;0
1;9;0.00;0.00;0;0;0
1;8;0.00;0.00;0;0;0
1;8;0.00;0.00;0;0;0
1;8;0.00;0.00;0;0;0
1;8;0.00;0.00;0;0;0
1;9;0.00;0.00;0;0;0
1;18;0.00;0.00;0;0;0
1;7;0.00;0.00;0;0;0
1;14;0.00;0.00;0;0;0
1;8;0.00;0.00;0;0;0
1;8;0.00;0.00;0;0;0
1;7;0.00;0.00;0;0;0
1;10;0.00;0.00;0;0;0
1;18;0.00;0.00;0;0;0
1;8;0.00;0.00;0;0;0
1;8;0.00;0.00;0;0;0
1;8;0.00;0.00;0;0;0
1;9;0.00;0.00;0;0;0
1;8;0.00;0.00;0;0;0
1;11;0.00;0.00;0;0;0
1;9;0.00;0.00;0;0;0
1;8;0.00;0.00;0;0;0
1;10;0.00;0.00;0;0;0
1;7;0.00;0.00;0;0;0
1;8;0.00;0.00;0;0;0
1;8;0.00;0.00;0;0;0
1;8;0.00;0.00;0;0;0
1;9;0.00;0.00;0;0;0
1;8;0.00;0.00;0;0;0
1;8;0.00;0.00;0;0;0
1;8;0.00;0.00;0;0;0
1;8;0.00;0.00;0;0;0
1;13;0.00;0.00;0;0;0
1;5;0.00;0.00;0;0;0
1;8;0.00;0.00;0;0;0
1;8;0.00;0.00;0;0;0
1;8;0.00;0.00;0;0;0
1;7;0.00;0.00;0;0;0
1;9;0.00;0.00;0;0;0
1;8;0.00;0.00;0;0;0
1;16;0.00;0.00;0;0;0
1;8;0.00;0.00;0;0;0
1;10;0.00;0.00;0;0;0
1;9;0.00;0.00;0;0;0
1;7;0.00;0.00;0;0;0
1;8;0.00;0.00;0;0;0
1;8;0.00;0.00;0;0;0
1;11;0.00;0.00;0;0;0
1;6;0.00;0.00;0;0;0
1;7;0.00;0.00;0;0;0
1;16;0.00;0.00;0;0;0
1;11;0.00;0.00;0;0;0
1;7;0.00;0.00;0;0;0
1;12;0.00;0.00;0;0;0
1;9;0.00;0.00;0;0;0
1;6;0.00;0.00;0;0;0
1;9;0.00;0.00;0;0;0
1;16;0.00;0.00;0;0;0
1;10;0.00;0.00;0;0;0
1;7;0.00;0.00;0;0;0
1;10;0.00;0.00;0;0;0
1;7;0.00;0.00;0;0;0
1;7;0.00;0.00;0;0;0
1;8;0.00;0.00;0;0;0
1;8;0.00;0.00;0;0;0
1;8;0.00;0.00;0;0;0
1;9;0.00;0.00;0;0;0
1;8;0.00;0.00;0;0;0
1;10;0.00;0.00;0;0;0
1;8;0.00;0.00;0;0;0
1;6;0.00;0.00;0;0;0
1;12;0.00;0.00;0;0;0
1;6;0.00;0.00;0;0;0
1;8;0.00;0.00;0;0;0
1;7;0.00;0.00;0;0;0
1;8;0.00;0.00;0;0;0
1;9;0.00;0.00;0;0;0
1;12;0.00;0.00;0;0;0
1;5;0.00;0.00;0;0;0
1;7;0.00;0.00;0;0;0
1;12;0.00;0.00;0;0;0
1;9;0.00;0.00;0;0;0
1;9;0.00;0.00;0;0;0
1;7;0.00;0.00;0;0;0
1;8;0.00;0.00;0;0;0
1;9;0.00;0.00;0;0;0
1;8;0.00;0.00;0;0;0
1;8;0.00;0.00;0;0;0
1;9;0.00;0.00;0;0;0
1;8;0.00;0.00;0;0;0
1;8;0.00;0.00;0;0;0
1;8;0.00;0.00;0;0;0
1;8;0.00;0.00;0;0;0
1;9;0.00;0.00;0;0;0
1;7;0.00;0.00;0;0;0
1;10;0.00;0.00;0;0;0
1;11;0.00;0.00;0;0;0
1;7;0.00;0.00;0;0;0
1;6;0.00;0.00;0;0;0
1;8;0.00;0.00;0;0;0
1;8;0.00;0.00;0;0;0
1;7;0.00;0.00;0;0;0
1;9;0.00;0.00;0;0;0
1;9;0.00;0.00;0;0;0
1;9;0.00;0.00;0;0;0
1;13;0.00;0.00;0;0;0
1;7;0.00;0.00;0;0;0
1;7;0.00;0.00;0;0;0
1;9;0.00;0.00;0;0;0
1;9;0.00;0.00;0;0;0
1;8;0.00;0.00;0;0;0
1;12;0.00;0.00;0;0;0
1;8;0.00;0.00;0;0;0
1;8;0.00;0.00;0;0;0
1;7;0.00;0.00;0;0;0
1;9;0.00;0.00;0;0;0
1;9;0.00;0.00;0;0;0
1;7;0.00;0.00;0;0;0
1;8;-0.01;0.02;0;0;1
1;9;0.00;0.00;0;0;0
1;9;0.00;0.00;0;0;0
1;7;0.00;0.00;0;0;0
1;12;0.00;0.00;0;0;0
1;8;0.00;0.00;0;0;0
1;13;0.00;0.00;0;0;0
1;9;-0.01;0.02;0;0;1
1;7;0.00;0.00;0;0;0
1;11;0.00;0.00;0;0;0
1;6;0.00;0.00;0;0;0
1;8;0.00;0.00;0;0;0
1;7;0.00;0.00;0;0;0
1;13;0.00;0.00;0;0;0
1;5;0.00;0.00;0;0;0
1;9;0.00;0.00;0;0;0
1;8;-0.01;0.02;0;0;1
1;15;0.00;0.00;0;0;0
1;8;0.00;0.00;0;0;0
1;8;0.00;0.00;0;0;0
1;8;0.00;0.00;0;0;0
1;8;0.00;0.00;0;0;0
1;9;-0.01;0.02;0;0;1
1;8;0.00;0.00;0;0;0
1;15;0.00;0.00;0;0;0
1;7;0.00;0.00;0;0;0
1;6;0.00;0.00;0;0;0
1;10;0.00;0.00;0;0;0
1;11;0.00;0.00;0;0;0
1;8;0.00;0.00;0;0;0
1;10;-0.01;0.02;0;0;1
1;9;0.00;0.00;0;0;0
1;10;0.00;0.00;0;0;0
1;8;0.00;0.00;0;0;0
1;8;0.00;0.00;0;0;0
1;8;0.00;0.00;0;0;0
1;9;0.00;0.00;0;0;0
1;9;0.00;0.00;0;0;0
1;7;-0.01;0.02;0;0;1
1;14;0.00;0.00;0;0;0
1;7;0.00;0.00;0;0;0
1;8;0.00;0.00;0;0;0
1;8;0.00;0.00;0;0;0
1;8;-0.01;0.02;0;0;1
1;8;0.00;0.00;0;0;0
1;9;0.00;0.00;0;0;0
1;8;0.00;0.00;0;0;0
1;13;0.00;0.00;0;0;0
1;7;0.00;0.00;0;0;0
1;8;-0.01;0.02;0;0;1
1;8;0.00;0.00;0;0;0
1;9;0.00;0.00;0;0;0
1;9;-0.02;0.00;-1;0;0
1;8;0.00;0.00;0;0;0
1;7;0.00;0.00;0;0;0
1;9;0.00;0.00;0;0;0
1;8;-0.01;0.02;0;0;1
1;9;0.00;0.00;0;0;0
1;7;0.00;0.00;0;0;0
1;11;0.00;0.00;0;0;0
1;6;-0.02;0.00;-1;0;0
1;8;0.00;0.00;0;0;0
1;8;0.00;0.00;0;0;0
1;15;-0.01;0.02;0;0;1
1;6;0.00;0.00;0;0;0
1;7;0.00;0.00;0;0;0
1;17;0.00;0.00;0;0;0
1;5;0.00;0.00;0;0;0
1;7;-0.02;0.00;-1;0;0
1;12;-0.01;0.02;0;0;1
1;21;0.00;0.00;0;0;0
1;8;0.00;0.00;0;0;0
1;10;0.00;0.00;0;0;0
1;6;-0.02;0.00;-1;0;0
1;9;-0.01;0.02;0;0;1
1;8;0.00;0.00;0;0;0
1;12;0.00;0.00;0;0;0
1;8;0.00;0.00;0;0;0
1;8;0.00;0.00;0;0;0
1;9;-0.02;0.00;-1;0;0
1;8;-0.01;0.02;0;0;1
1;8;0.00;0.00;0;0;0
1;8;0.00;0.00;0;0;0
1;8;0.00;0.00;0;0;0
1;9;0.00;0.00;0;0;0
1;8;0.00;0.00;0;0;0
1;8;-0.04;0.02;-1;0;1
1;8;0.00;0.00;0;0;0
1;9;0.00;0.00;0;0;0
1;8;0.00;0.00;0;0;0
1;11;0.00;0.00;0;0;0
1;6;-0.01;0.02;0;0;1
1;8;-0.02;0.00;-1;0;0
1;7;0.00;0.00;0;0;0
1;9;0.00;0.00;0;0;0
1;8;0.00;0.00;0;0;0
1;11;0.00;0.00;0;0;0
1;5;-0.01;0.02;0;0;1
1;8;0.00;0.00;0;0;0
1;8;-0.02;0.00;-1;0;0
1;10;0.00;0.00;0;0;0
1;9;0.00;0.00;0;0;0
1;7;-0.01;0.02;0;0;1
1;7;0.00;0.00;0;0;0
1;8;0.00;0.00;0;0;0
1;9;-0.02;0.00;-1;0;0
1;8;0.00;0.00;0;0;0
1;8;0.00;0.00;0;0;0
1;8;-0.01;0.02;0;0;1
1;8;0.00;0.00;0;0;0
1;9;0.00;0.00;0;0;0
1;8;-0.02;0.00;-1;0;0
1;8;0.00;0.00;0;0;0
1;8;0.00;0.00;0;0;0
1;8;-0.01;0.02;0;0;1
1;9;0.00;0.00;0;0;0
1;12;0.00;0.00;0;0;0
1;8;-0.02;0.00;-1;0;0
1;8;0.00;0.00;0;0;0
1;8;-0.01;0.02;0;0;1
1;9;0.00;0.00;0;0;0
1;8;0.00;0.00;0;0;0
1;8;0.00;0.00;0;0;0
1;8;0.00;0.00;0;0;0
1;8;0.00;0.00;0;0;0
1;9;-0.01;0.02;0;0;1
1;8;0.00;0.00;0;0;0
1;9;0.00;0.00;0;0;0
1;8;-0.02;0.00;-1;0;0
1;7;0.00;0.00;0;0;0
1;9;-0.01;0.02;0;0;1
1;8;0.00;0.00;0;0;0
1;8;0.00;0.00;0;0;0
1;8;0.00;0.00;0;0;0
1;8;0.00;0.00;0;0;0
1;9;-0.01;0.02;0;0;1
1;8;0.00;0.00;0;0;0
1;8;0.00;0.00;0;0;0
1;8;0.00;0.00;0;0;0
1;9;0.00;0.00;0;0;0
1;10;-0.01;0.02;0;0;1
1;7;0.00;0.00;0;0;0
1;11;0.00;0.00;0;0;0
1;8;0.00;0.00;0;0;0
1;11;0.00;0.00;0;0;0
1;6;0.00;0.00;0;0;0
1;11;-0.01;0.02;0;0;1
1;14;0.00;0.00;0;0;0
1;7;0.00;0.00;0;0;0
1;11;0.00;0.00;0;0;0
1;7;0.00;0.00;0;0;0
1;10;-0.01;0.02;0;0;1
1;5;0.00;0.00;0;0;0
1;9;0.00;0.00;0;0;0
1;7;0.00;0.00;0;0;0
1;12;0.00;0.00;0;0;0
1;5;0.00;0.00;0;0;0
1;8;0.00;0.00;0;0;0
1;8;-0.01;0.02;0;0;1
1;8;0.00;0.00;0;0;0
1;9;0.00;0.00;0;0;0
1;8;0.00;0.00;0;0;0
1;8;0.00;0.00;0;0;0
1;16;-0.01;0.02;0;0;1
1;9;0.00;0.00;0;0;0
1;8;0.00;0.00;0;0;0
1;10;0.00;0.00;0;0;0
1;6;0.00;0.00;0;0;0
1;8;0.00;0.00;0;0;0
1;9;-0.01;0.02;0;0;1
1;14;0.00;0.00;0;0;0
1;6;0.00;0.00;0;0;0
1;8;0.00;0.00;0;0;0
1;9;0.00;0.00;0;0;0
1;8;-0.01;0.02;0;0;1
1;8;0.00;0.00;0;0;0
1;8;0.00;0.00;0;0;0
1;9;0.00;0.00;0;0;0
1;12;0.00;0.00;0;0;0
1;8;-0.01;0.02;0;0;1
1;8;0.00;0.00;0;0;0
1;8;0.00;0.00;0;0;0
1;8;0.00;0.00;0;0;0
1;8;0.00;0.00;0;0;0
1;9;0.00;0.00;0;0;0
1;9;0.00;0.00;0;0;0
1;7;-0.01;0.02;0;0;1
1;8;0.00;0.00;0;0;0
1;8;0.00;0.00;0;0;0
1;9;0.00;0.00;0;0;0
1;8;0.00;0.00;0;0;0
1;13;0.00;0.00;0;0;0
1;8;-0.01;0.02;0;0;1
1;13;0.00;0.00;0;0;0
1;8;0.00;0.00;0;0;0
1;8;0.00;0.00;0;0;0
1;7;0.00;0.00;0;0;0
1;13;-0.01;0.02;0;0;1
1;9;0.00;0.00;0;0;0
1;7;0.00;0.00;0;0;0
1;18;0.00;0.00;0;0;0
1;13;-0.01;0.02;0;0;1
1;7;0.00;0.00;0;0;0
1;9;0.00;0.00;0;0;0
1;6;0.00;0.00;0;0;0
1;8;0.00;0.00;0;0;0
1;8;0.00;0.00;0;0;0
1;9;0.00;0.00;0;0;0
1;8;0.00;0.00;0;0;0
1;8;-0.01;0.02;0;0;1
1;8;0.00;0.00;0;0;0
1;10;0.00;0.00;0;0;0
1;7;0.00;0.00;0;0;0
1;8;0.00;0.00;0;0;0
1;9;0.00;0.00;0;0;0
1;12;-0.01;0.02;0;0;1
1;7;0.00;0.00;0;0;0
1;9;0.00;0.00;0;0;0
1;8;0.00;0.00;0;0;0
1;8;0.00;0.00;0;0;0
1;8;0.00;0.00;0;0;0
1;8;-0.01;0.02;0;0;1
1;15;0.00;0.00;0;0;0
1;6;0.00;0.00;0;0;0
1;11;0.00;0.00;0;0;0
1;6;0.00;0.00;0;0;0
1;7;0.00;0.00;0;0;0
1;12;-0.01;0.02;0;0;1
1;7;0.00;0.00;0;0;0
1;6;0.00;0.00;0;0;0
1;8;0.00;0.00;0;0;0
1;8;0.00;0.00;0;0;0
1;9;0.00;0.00;0;0;0
1;8;0.00;0.00;0;0;0
1;15;-0.01;0.02;0;0;1
1;6;0.00;0.00;0;0;0
1;7;0.00;0.00;0;0;0
1;9;0.00;0.00;0;0;0
1;11;0.00;0.00;0;0;0
1;5;0.00;0.00;0;0;0
1;8;-0.01;0.02;0;0;1
1;8;0.00;0.00;0;0;0
1;12;0.00;0.00;0;0;0
1;6;0.00;0.00;0;0;0
1;7;0.00;0.00;0;0;0
1;8;0.00;0.00;0;0;0
1;11;0.00;0.00;0;0;0
1;7;-0.01;0.02;0;0;1
1;7;0.00;0.00;0;0;0
1;8;0.00;0.00;0;0;0
1;12;0.00;0.00;0;0;0
1;8;0.00;0.00;0;0;0
1;11;0.00;0.00;0;0;0
1;19;-0.01;0.02;0;0;1
1;9;0.00;0.00;0;0;0
1;7;0.00;0.00;0;0;0
1;13;0.00;0.00;0;0;0
1;7;0.00;0.00;0;0;0
1;10;-0.01;0.02;0;0;1
1;6;0.00;0.00;0;0;0
1;12;0.00;0.00;0;0;0
1;9;0.00;0.00;0;0;0
1;4;0.00;0.00;0;0;0
1;8;0.00;0.00;0;0;0
1;11;-0.01;0.02;0;0;1
1;7;0.00;0.00;0;0;0
1;8;0.00;0.00;0;0;0
1;9;0.00;0.00;0;0;0
1;7;0.00;0.00;0;0;0
1;8;0.00;0.00;0;0;0
1;7;0.00;0.00;0;0;0
1;10;0.00;0.00;0;0;0
1;7;-0.01;0.02;0;0;1
1;8;0.00;0.00;0;0;0
1;8;0.00;0.00;0;0;0
1;8;0.00;0.00;0;0;0
1;10;0.00;0.00;0;0;0
1;7;0.00;0.00;0;0;0
1;9;-0.01;0.02;0;0;1
1;7;0.00;0.00;0;0;0
1;8;0.00;0.00;0;0;0
1;9;0.00;0.00;0;0;0
1;8;0.00;0.00;0;0;0
1;8;0.01;0.02;0;-1;0
1;8;0.00;0.00;0;0;0
1;8;-0.01;0.02;0;0;1
1;9;0.00;0.00;0;0;0
1;8;0.00;0.00;0;0;0
1;8;0.00;0.00;0;0;0
1;8;0.01;0.02;0;-1;0
1;8;0.00;0.00;0;0;0
1;8;0.00;0.00;0;0;0
1;18;-0.01;0.02;0;0;1
1;7;0.00;0.00;0;0;0
1;8;0.00;0.00;0;0;0
1;17;0.01;0.02;0;-1;0
1;32;-0.01;0.02;0;0;1
1;8;0.00;0.00;0;0;0
1;5;0.01;0.02;0;-1;0
1;8;0.00;0.00;0;0;0
1;11;0.00;0.00;0;0;0
1;6;-0.01;0.02;0;0;1
1;8;0.00;0.00;0;0;0
1;8;0.00;0.00;0;0;0
1;10;0.00;0.00;0;0;0
1;6;0.01;0.02;0;-1;0
1;8;0.00;0.00;0;0;0
1;8;0.00;0.00;0;0;0
1;9;-0.01;0.02;0;0;1
1;8;0.00;0.00;0;0;0
1;8;0.00;0.00;0;0;0
1;8;0.00;0.00;0;0;0
1;11;0.01;0.02;0;-1;0
1;8;0.00;0.00;0;0;0
1;6;0.00;0.00;0;0;0
1;8;0.00;0.00;0;0;0
1;8;-0.01;0.02;0;0;1
1;8;0.00;0.00;0;0;0
1;9;0.00;0.00;0;0;0
1;8;0.01;0.02;0;-1;0
1;8;0.00;0.00;0;0;0
1;8;0.00;0.00;0;0;0
1;8;0.00;0.00;0;0;0
1;8;-0.01;0.02;0;0;1
1;9;0.00;0.00;0;0;0
1;8;0.00;0.00;0;0;0
1;8;0.01;0.02;0;-1;0
1;8;0.00;0.00;0;0;0
1;8;0.00;0.00;0;0;0
1;9;0.00;0.00;0;0;0
1;8;-0.01;0.02;0;0;1
1;8;0.00;0.00;0;0;0
1;8;0.00;0.00;0;0;0
1;16;0.01;0.02;0;-1;0
1;6;0.00;0.00;0;0;0
1;7;0.00;0.00;0;0;0
1;10;-0.01;0.02;0;0;1
1;7;0.00;0.00;0;0;0
1;7;0.00;0.00;0;0;0
1;11;0.01;0.02;0;-1;0
1;12;0.00;0.00;0;0;0
1;6;0.00;0.00;0;0;0
1;10;0.00;0.00;0;0;0
1;7;-0.01;0.02;0;0;1
1;8;0.00;0.00;0;0;0
1;6;0.01;0.02;0;-1;0
1;8;0.00;0.00;0;0;0
1;8;0.00;0.00;0;0;0
1;13;0.00;0.00;0;0;0
1;8;0.00;0.00;0;0;0
1;8;0.00;0.00;0;0;0
1;16;0.00;0.04;0;-1;1
1;9;0.00;0.00;0;0;0
1;8;0.00;0.00;0;0;0
1;8;0.00;0.00;0;0;0
1;8;0.00;0.00;0;0;0
1;8;0.00;0.00;0;0;0
1;8;0.00;0.00;0;0;0
1;9;0.00;0.04;0;-1;1
1;8;0.00;0.00;0;0;0
1;8;0.00;0.00;0;0;0
1;9;0.00;0.00;0;0;0
1;7;0.00;0.00;0;0;0
1;9;0.00;0.00;0;0;0
1;9;0.01;0.02;0;-1;0
1;9;-0.01;0.02;0;0;1
1;6;0.00;0.00;0;0;0
1;9;0.00;0.00;0;0;0
1;8;0.00;0.00;0;0;0
1;8;0.00;0.00;0;0;0
1;8;0.00;0.00;0;0;0
1;12;0.01;0.02;0;-1;0
1;8;-0.01;0.02;0;0;1
1;9;0.00;0.00;0;0;0
1;8;0.00;0.00;0;0;0
1;10;0.00;0.00;0;0;0
1;6;0.00;0.00;0;0;0
1;10;0.01;0.02;0;-1;0
1;7;0.00;0.00;0;0;0
1;10;0.00;0.00;0;0;0
1;6;0.00;0.00;0;0;0
1;8;-0.01;0.02;0;0;1
1;12;0.00;0.00;0;0;0
1;9;0.01;0.02;0;-1;0
1;9;-0.01;0.02;0;0;1
1;7;0.00;0.00;0;0;0
1;9;-0.01;0.02;0;0;1
1;7;0.00;0.00;0;0;0
1;10;-0.01;0.02;0;0;1
1;8;0.00;0.00;0;0;0
1;10;0.00;0.04;0;-1;1
1;6;0.00;0.00;0;0;0
1;8;0.00;0.00;0;0;0
1;8;-0.01;0.02;0;0;1
1;16;-0.01;0.02;0;0;1
1;8;0.00;0.00;0;0;0
1;8;0.00;0.04;0;-1;1
1;11;0.00;0.00;0;0;0
1;6;-0.01;0.02;0;0;1
1;8;0.00;0.00;0;0;0
1;8;0.00;0.00;0;0;0
1;18;-0.01;0.02;0;0;1
1;8;0.01;0.02;0;-1;0
1;10;-0.01;0.02;0;0;1
1;5;0.00;0.00;0;0;0
1;8;0.00;0.00;0;0;0
1;8;0.00;0.00;0;0;0
1;9;0.00;0.00;0;0;0
1;8;0.01;0.02;0;-1;0
1;8;0.00;0.00;0;0;0
1;8;0.00;0.00;0;0;0
1;12;0.00;0.00;0;0;0
1;5;-0.01;0.02;0;0;1
1;9;0.00;0.00;0;0;0
1;7;0.00;0.00;0;0;0
1;8;0.01;0.02;0;-1;0
1;8;0.00;0.00;0;0;0
1;18;0.00;0.00;0;0;0
1;7;-0.01;0.02;0;0;1
1;8;0.00;0.00;0;0;0
1;9;0.00;0.00;0;0;0
1;8;0.00;0.00;0;0;0
1;10;0.01;0.02;0;-1;0
1;6;0.00;0.00;0;0;0
1;10;0.00;0.00;0;0;0
1;6;-0.01;0.02;0;0;1
1;13;0.00;0.00;0;0;0
1;8;0.00;0.00;0;0;0
1;8;0.00;0.04;0;-1;1
1;8;0.00;0.00;0;0;0
1;8;0.00;0.00;0;0;0
1;9;-0.01;0.02;0;0;1
1;8;0.00;0.00;0;0;0
1;8;-0.01;0.02;0;0;1
1;8;0.00;0.00;0;0;0
1;17;-0.01;0.02;0;0;1
1;8;0.00;0.04;0;-1;1
1;8;0.00;0.00;0;0;0
1;11;-0.01;0.02;0;0;1
1;8;-0.01;0.02;0;0;1
1;7;0.00;0.00;0;0;0
1;8;-0.01;0.02;0;0;1
1;12;0.00;0.04;0;-1;1
1;7;0.00;0.00;0;0;0
1;8;0.00;0.00;0;0;0
1;12;-0.01;0.02;0;0;1
1;8;0.00;0.00;0;0;0
1;5;-0.01;0.02;0;0;1
1;9;0.01;0.02;0;-1;0
1;7;0.00;0.00;0;0;0
1;7;0.00;0.00;0;0;0
1;9;-0.01;0.02;0;0;1
1;8;0.00;0.00;0;0;0
1;18;0.01;0.02;0;-1;0
1;10;0.00;0.00;0;0;0
1;5;0.00;0.00;0;0;0
1;12;0.00;0.00;0;0;0
1;8;-0.01;0.02;0;0;1
1;8;0.00;0.00;0;0;0
1;10;0.00;0.00;0;0;0
1;7;0.01;0.02;0;-1;0
1;11;0.00;0.00;0;0;0
1;5;0.00;0.00;0;0;0
1;9;0.00;0.00;0;0;0
1;7;0.00;0.00;0;0;0
1;9;0.00;0.00;0;0;0
1;8;0.00;0.00;0;0;0
1;9;-0.01;0.02;0;0;1
1;7;0.00;0.00;0;0;0
1;14;0.01;0.02;0;-1;0
1;7;0.00;0.00;0;0;0
1;8;0.00;0.00;0;0;0
1;8;0.00;0.00;0;0;0
1;12;-0.01;0.02;0;0;1
1;9;0.00;0.00;0;0;0
1;8;0.00;0.00;0;0;0
1;15;0.01;0.02;0;-1;0
1;5;-0.01;0.02;0;0;1
1;12;0.00;0.00;0;0;0
1;9;0.00;0.00;0;0;0
1;8;0.00;0.00;0;0;0
1;8;0.00;0.00;0;0;0
1;8;0.00;0.00;0;0;0
1;10;0.00;0.04;0;-1;1
1;8;0.00;0.00;0;0;0
1;7;0.00;0.00;0;0;0
1;8;0.00;0.00;0;0;0
1;9;0.00;0.00;0;0;0
1;10;0.00;0.00;0;0;0
1;7;-0.01;0.02;0;0;1
1;7;0.00;0.00;0;0;0
1;8;0.01;0.02;0;-1;0
1;11;0.00;0.00;0;0;0
1;5;0.00;0.00;0;0;0
1;10;0.00;0.00;0;0;0
1;7;0.00;0.00;0;0;0
1;8;-0.01;0.02;0;0;1
1;8;0.00;0.00;0;0;0
1;8;0.01;0.02;0;-1;0
1;9;0.00;0.00;0;0;0
1;8;0.00;0.00;0;0;0
1;8;0.00;0.00;0;0;0
1;12;-0.01;0.02;0;0;1
1;17;0.00;0.00;0;0;0
1;8;0.01;0.02;0;-1;0
1;8;0.00;0.00;0;0;0
1;8;-0.01;0.02;0;0;1
1;8;0.00;0.00;0;0;0
1;9;0.00;0.00;0;0;0
1;8;0.00;0.00;0;0;0
1;8;0.00;0.00;0;0;0
1;8;-0.01;0.02;0;0;1
1;8;0.01;0.02;0;-1;0
1;9;0.00;0.00;0;0;0
1;8;-0.01;0.02;0;0;1
1;8;0.00;0.00;0;0;0
1;8;-0.01;0.02;0;0;1
1;8;0.00;0.00;0;0;0
1;9;0.00;0.00;0;0;0
1;8;-0.01;0.02;0;0;1
1;8;0.00;0.00;0;0;0
1;8;0.00;0.04;0;-1;1
1;8;0.00;0.00;0;0;0
1;12;-0.01;0.02;0;0;1
1;5;0.00;0.00;0;0;0
1;8;-0.01;0.02;0;0;1
1;13;0.01;0.02;0;-1;0
1;7;0.00;0.00;0;0;0
1;9;-0.01;0.02;0;0;1
1;8;0.00;0.00;0;0;0
1;8;0.00;0.00;0;0;0
1;8;0.00;0.00;0;0;0
1;9;0.00;0.04;0;-1;1
1;9;0.00;0.00;0;0;0
1;9;0.00;0.00;0;0;0
1;6;0.00;0.00;0;0;0
1;8;0.00;0.00;0;0;0
1;8;0.00;0.00;0;0;0
1;8;-0.01;0.02;0;0;1
1;12;0.01;0.02;0;-1;0
1;5;0.00;0.00;0;0;0
1;12;0.00;0.00;0;0;0
1;8;0.00;0.00;0;0;0
1;9;0.00;0.00;0;0;0
1;8;-0.01;0.02;0;0;1
1;8;0.00;0.00;0;0;0
1;8;0.00;0.00;0;0;0
1;8;0.01;0.02;0;-1;0
1;8;0.00;0.00;0;0;0
1;13;0.00;0.00;0;0;0
1;8;0.00;0.00;0;0;0
1;11;-0.01;0.02;0;0;1
1;5;0.00;0.00;0;0;0
1;9;0.00;0.00;0;0;0
1;9;0.01;0.02;0;-1;0
1;7;0.00;0.00;0;0;0
1;8;0.00;0.00;0;0;0
1;8;0.00;0.00;0;0;0
1;13;-0.01;0.02;0;0;1
1;8;0.00;0.00;0;0;0
1;8;0.01;0.02;0;-1;0
1;12;0.00;0.00;0;0;0
1;8;0.00;0.00;0;0;0
1;12;-0.01;0.02;0;0;1
1;6;0.00;0.00;0;0;0
1;12;0.00;0.00;0;0;0
1;7;0.01;0.02;0;-1;0
1;8;0.00;0.00;0;0;0
1;9;0.00;0.00;0;0;0
1;9;0.00;0.00;0;0;0
1;7;-0.01;0.02;0;0;1
1;8;0.00;0.00;0;0;0
1;8;0.00;0.00;0;0;0
1;9;0.00;0.00;0;0;0
1;8;0.01;0.02;0;-1;0
1;8;0.00;0.00;0;0;0
1;8;-0.01;0.02;0;0;1
1;8;0.00;0.00;0;0;0
1;9;0.00;0.00;0;0;0
1;8;0.00;0.00;0;0;0
1;8;0.00;0.00;0;0;0
1;13;0.01;0.02;0;-1;0
1;7;0.00;0.00;0;0;0
1;14;-0.01;0.02;0;0;1
1;9;0.00;0.00;0;0;0
1;6;0.00;0.00;0;0;0
1;18;0.01;0.02;0;-1;0
1;13;-0.01;0.02;0;0;1
1;7;0.00;0.00;0;0;0
1;7;0.00;0.00;0;0;0
1;8;0.00;0.00;0;0;0
1;9;0.01;0.02;0;-1;0
1;8;0.00;0.00;0;0;0
1;8;0.00;0.00;0;0;0
1;8;-0.01;0.02;0;0;1
1;8;0.00;0.00;0;0;0
1;9;0.00;0.00;0;0;0
1;8;0.01;0.02;0;-1;0
1;8;0.00;0.00;0;0;0
1;8;0.00;0.00;0;0;0
1;8;0.00;0.00;0;0;0
1;9;-0.01;0.02;0;0;1
1;8;0.00;0.00;0;0;0
1;8;0.00;0.00;0;0;0
1;8;0.00;0.00;0;0;0
1;8;0.01;0.02;0;-1;0
1;8;0.00;0.00;0;0;0
1;9;-0.01;0.02;0;0;1
1;8;0.00;0.00;0;0;0
1;8;0.00;0.00;0;0;0
1;8;0.00;0.00;0;0;0
1;14;0.01;0.02;0;-1;0
1;7;0.00;0.00;0;0;0
1;8;0.00;0.00;0;0;0
1;8;-0.01;0.02;0;0;1
1;8;0.00;0.00;0;0;0
1;8;0.00;0.00;0;0;0
1;9;0.01;0.02;0;-1;0
1;8;0.00;0.00;0;0;0
1;8;0.00;0.00;0;0;0
1;8;0.00;0.00;0;0;0
1;8;-0.01;0.02;0;0;1
1;17;0.01;0.02;0;-1;0
1;8;0.00;0.00;0;0;0
1;9;0.00;0.00;0;0;0
1;8;0.00;0.00;0;0;0
1;8;0.00;0.00;0;0;0
1;8;-0.01;0.02;0;0;1
1;8;0.00;0.00;0;0;0
1;8;0.01;0.02;0;-1;0
1;8;0.00;0.00;0;0;0
1;9;0.00;0.00;0;0;0
1;8;0.00;0.00;0;0;0
1;8;0.00;0.00;0;0;0
1;9;-0.01;0.02;0;0;1
1;7;0.01;0.02;0;-1;0
1;9;0.00;0.00;0;0;0
1;8;0.00;0.00;0;0;0
1;8;0.00;0.00;0;0;0
1;9;0.00;0.00;0;0;0
1;9;0.00;0.00;0;0;0
1;6;0.00;0.04;0;-1;1
1;9;0.00;0.00;0;0;0
1;8;0.00;0.00;0;0;0
1;8;0.00;0.00;0;0;0
1;8;0.00;0.00;0;0;0
1;13;0.00;0.00;0;0;0
1;8;0.01;0.02;0;-1;0
1;8;-0.01;0.02;0;0;1
1;8;0.00;0.00;0;0;0
1;10;0.00;0.00;0;0;0
1;6;0.00;0.00;0;0;0
1;9;0.00;0.00;0;0;0
1;8;0.01;0.02;0;-1;0
1;10;0.00;0.00;0;0;0
1;6;-0.01;0.02;0;0;1
1;8;0.00;0.00;0;0;0
1;9;0.00;0.00;0;0;0
1;10;0.00;0.00;0;0;0
1;6;0.01;0.02;0;-1;0
1;8;0.00;0.00;0;0;0
1;16;0.00;0.00;0;0;0
1;5;-0.01;0.02;0;0;1
1;9;0.00;0.00;0;0;0
1;7;0.00;0.00;0;0;0
1;10;0.01;0.02;0;-1;0
1;7;0.00;0.00;0;0;0
1;9;0.00;0.00;0;0;0
1;7;0.00;0.00;0;0;0
1;13;-0.01;0.02;0;0;1
1;7;0.01;0.02;0;-1;0
1;18;0.00;0.00;0;0;0
1;7;0.00;0.00;0;0;0
1;8;0.00;0.00;0;0;0
1;8;0.00;0.00;0;0;0
1;8;-0.01;0.02;0;0;1
1;11;0.01;0.02;0;-1;0
1;6;0.00;0.00;0;0;0
1;9;0.00;0.00;0;0;0
1;7;0.00;0.00;0;0;0
1;9;0.00;0.00;0;0;0
1;9;0.00;0.00;0;0;0
1;13;0.00;0.04;0;-1;1
1;6;0.00;0.00;0;0;0
1;8;0.00;0.00;0;0;0
1;8;0.00;0.00;0;0;0
1;9;0.00;0.00;0;0;0
1;8;0.00;0.00;0;0;0
1;10;0.01;0.02;0;-1;0
1;6;-0.01;0.02;0;0;1
1;8;0.00;0.00;0;0;0
1;9;0.00;0.00;0;0;0
1;11;0.00;0.00;0;0;0
1;9;0.00;0.00;0;0;0
1;8;0.01;0.02;0;-1;0
1;12;0.00;0.00;0;0;0
1;7;-0.01;0.02;0;0;1
1;8;0.00;0.00;0;0;0
1;6;0.00;0.00;0;0;0
1;10;0.00;0.00;0;0;0
1;6;0.01;0.02;0;-1;0
1;9;0.00;0.00;0;0;0
1;11;-0.01;0.02;0;0;1
1;5;0.00;0.00;0;0;0
1;8;0.00;0.00;0;0;0
1;8;0.00;0.00;0;0;0
1;9;0.01;0.02;0;-1;0
1;8;0.00;0.00;0;0;0
1;10;0.00;0.00;0;0;0
1;6;0.00;0.00;0;0;0
1;8;-0.01;0.02;0;0;1
1;9;0.00;0.00;0;0;0
1;8;0.00;0.00;0;0;0
1;8;0.01;0.02;0;-1;0
1;7;0.00;0.00;0;0;0
1;8;0.00;0.00;0;0;0
1;10;0.00;0.00;0;0;0
1;8;-0.01;0.02;0;0;1
1;8;0.00;0.00;0;0;0
1;9;0.01;0.02;0;-1;0
1;12;0.00;0.00;0;0;0
1;11;0.00;0.00;0;0;0
1;12;0.00;0.00;0;0;0
1;5;-0.01;0.02;0;0;1
1;8;0.01;0.02;0;-1;0
1;8;0.00;0.00;0;0;0
1;9;0.00;0.00;0;0;0
1;8;0.00;0.00;0;0;0
1;8;0.00;0.00;0;0;0
1;8;0.00;0.00;0;0;0
1;8;-0.01;0.02;0;0;1
1;9;0.01;0.02;0;-1;0
1;7;0.00;0.00;0;0;0
1;12;0.00;0.00;0;0;0
1;8;0.00;0.00;0;0;0
1;9;0.00;0.00;0;0;0
1;9;0.00;0.00;0;0;0
1;8;0.00;0.04;0;-1;1
1;7;0.00;0.00;0;0;0
1;9;0.00;0.00;0;0;0
1;8;0.00;0.00;0;0;0
1;9;0.00;0.00;0;0;0
1;9;0.00;0.00;0;0;0
1;8;0.01;0.02;0;-1;0
1;7;0.00;0.00;0;0;0
1;8;-0.01;0.02;0;0;1
1;9;0.00;0.00;0;0;0
1;11;0.00;0.00;0;0;0
1;5;0.00;0.00;0;0;0
1;9;0.01;0.02;0;-1;0
1;7;0.00;0.00;0;0;0
1;15;-0.01;0.02;0;0;1
1;7;0.00;0.00;0;0;0
1;7;0.00;0.00;0;0;0
1;15;0.01;0.02;0;-1;0
1;10;0.00;0.00;0;0;0
1;7;0.00;0.00;0;0;0
1;9;-0.01;0.02;0;0;1
1;7;0.00;0.00;0;0;0
1;9;0.00;0.00;0;0;0
1;8;0.01;0.02;0;-1;0
1;10;0.00;0.00;0;0;0
1;7;0.00;0.00;0;0;0
1;8;0.00;0.00;0;0;0
1;8;-0.01;0.02;0;0;1
1;15;0.01;0.02;0;-1;0
1;6;0.00;0.00;0;0;0
1;8;0.00;0.00;0;0;0
1;8;0.00;0.00;0;0;0
1;8;0.00;0.00;0;0;0
1;9;0.00;0.00;0;0;0
1;8;-0.01;0.02;0;0;1
1;11;0.01;0.02;0;-1;0
1;7;0.00;0.00;0;0;0
1;6;0.00;0.00;0;0;0
1;9;0.00;0.00;0;0;0
1;10;0.00;0.00;0;0;0
1;6;0.00;0.00;0;0;0
1;8;-0.01;0.02;0;0;1
1;8;0.01;0.02;0;-1;0
1;9;0.00;0.00;0;0;0
1;9;0.00;0.00;0;0;0
1;7;0.00;0.00;0;0;0
1;8;0.00;0.00;0;0;0
1;7;0.00;0.00;0;0;0
1;9;0.00;0.04;0;-1;1
1;12;0.00;0.00;0;0;0
1;9;0.00;0.00;0;0;0
1;7;0.00;0.00;0;0;0
1;16;0.01;0.02;0;-1;0
1;6;-0.01;0.02;0;0;1
1;8;0.01;0.02;0;-1;0
1;8;0.00;0.00;0;0;0
1;9;0.00;0.00;0;0;0
1;7;0.01;0.02;0;-1;0
1;9;0.00;0.00;0;0;0
1;8;0.01;0.02;0;-1;0
1;9;0.00;0.00;0;0;0
1;7;0.00;0.00;0;0;0
1;8;-0.01;0.02;0;0;1
1;8;0.01;0.02;0;-1;0
1;11;0.00;0.00;0;0;0
1;6;0.00;0.00;0;0;0
1;8;0.00;0.00;0;0;0
1;9;0.00;0.04;0;-1;1
1;10;0.00;0.00;0;0;0
1;6;0.00;0.00;0;0;0
1;10;0.00;0.00;0;0;0
1;9;-0.01;0.02;0;0;1
1;5;0.00;0.00;0;0;0
1;8;0.00;0.00;0;0;0
1;10;0.01;0.02;0;-1;0
1;7;0.00;0.00;0;0;0
1;12;0.00;0.00;0;0;0
1;8;-0.01;0.02;0;0;1
1;7;0.00;0.00;0;0;0
1;9;0.00;0.00;0;0;0
1;11;0.01;0.02;0;-1;0
1;6;0.00;0.00;0;0;0
1;8;0.00;0.00;0;0;0
1;8;0.00;0.00;0;0;0
1;9;0.00;0.00;0;0;0
1;8;-0.01;0.02;0;0;1
1;7;0.00;0.00;0;0;0
1;10;0.01;0.02;0;-1;0
1;7;0.00;0.00;0;0;0
1;9;0.00;0.00;0;0;0
1;7;0.00;0.00;0;0;0
1;8;0.00;0.00;0;0;0
1;13;-0.01;0.02;0;0;1
1;10;0.01;0.02;0;-1;0
1;7;0.00;0.00;0;0;0
1;14;0.00;0.00;0;0;0
1;6;0.00;0.00;0;0;0
1;8;0.00;0.00;0;0;0
1;8;-0.01;0.02;0;0;1
1;11;0.01;0.02;0;-1;0
1;6;0.00;0.00;0;0;0
1;8;0.00;0.00;0;0;0
1;8;0.00;0.00;0;0;0
1;9;0.00;0.00;0;0;0
1;8;-0.01;0.02;0;0;1
1;8;0.00;0.00;0;0;0
1;7;0.00;0.00;0;0;0
1;9;0.01;0.02;0;-1;0
1;8;0.00;0.00;0;0;0
1;9;0.00;0.00;0;0;0
1;8;-0.01;0.02;0;0;1
1;10;0.00;0.00;0;0;0
1;6;0.00;0.00;0;0;0
1;13;0.00;0.00;0;0;0
1;8;0.01;0.02;0;-1;0
1;8;0.00;0.00;0;0;0
1;7;-0.01;0.02;0;0;1
1;8;0.00;0.00;0;0;0
1;8;0.00;0.00;0;0;0
1;11;0.00;0.00;0;0;0
1;7;0.00;0.00;0;0;0
1;8;0.01;0.02;0;-1;0
1;8;0.00;0.00;0;0;0
1;8;-0.01;0.02;0;0;1
1;9;0.00;0.00;0;0;0
1;10;0.00;0.00;0;0;0
1;7;0.00;0.00;0;0;0
1;13;0.01;0.02;0;-1;0
1;8;0.00;0.00;0;0;0
1;8;-0.01;0.02;0;0;1
1;7;0.01;0.02;0;-1;0
1;12;0.00;0.00;0;0;0
1;8;0.00;0.00;0;0;0
1;9;0.01;0.02;0;-1;0
1;10;0.00;0.00;0;0;0
1;6;0.00;0.04;0;-1;1
1;9;0.00;0.00;0;0;0
1;7;0.01;0.02;0;-1;0
1;11;0.00;0.00;0;0;0
1;6;0.01;0.02;0;-1;0
1;8;0.00;0.00;0;0;0
1;8;-0.01;0.02;0;0;1
1;13;0.01;0.02;0;-1;0
1;9;0.01;0.02;0;-1;0
1;12;0.00;0.00;0;0;0
1;10;0.00;0.04;0;-1;1
1;9;0.00;0.00;0;0;0
1;8;0.01;0.02;0;-1;0
1;8;0.00;0.00;0;0;0
1;9;-0.01;0.02;0;0;1
1;7;0.01;0.02;0;-1;0
1;8;0.00;0.00;0;0;0
1;8;0.00;0.00;0;0;0
1;12;0.00;0.00;0;0;0
1;6;-0.01;0.02;0;0;1
1;8;0.00;0.00;0;0;0
1;8;0.01;0.02;0;-1;0
1;7;0.00;0.00;0;0;0
1;10;0.00;0.00;0;0;0
1;8;-0.01;0.02;0;0;1
1;8;0.00;0.00;0;0;0
1;7;0.00;0.00;0;0;0
1;8;0.00;0.00;0;0;0
1;9;0.00;0.00;0;0;0
1;8;0.00;0.00;0;0;0
1;9;0.00;0.00;0;0;0
1;8;-0.01;0.02;0;0;1
1;8;0.01;0.02;0;-1;0
1;8;0.00;0.00;0;0;0
1;12;0.00;0.00;0;0;0
1;8;0.00;0.00;0;0;0
1;8;0.00;0.00;0;0;0
1;8;0.00;0.00;0;0;0
1;11;0.01;0.02;0;-1;0
1;7;-0.01;0.02;0;0;1
1;8;0.00;0.00;0;0;0
1;7;0.00;0.00;0;0;0
1;8;0.00;0.00;0;0;0
1;9;0.00;0.00;0;0;0
1;9;0.00;0.00;0;0;0
1;8;0.01;0.02;0;-1;0
1;9;0.00;0.00;0;0;0
1;10;0.00;0.00;0;0;0
1;13;0.00;0.00;0;0;0
1;6;0.00;0.00;0;0;0
1;7;0.00;0.00;0;0;0
1;7;0.00;0.00;0;0;0
1;9;0.01;0.02;0;-1;0
1;8;0.00;0.00;0;0;0
1;13;0.00;0.00;0;0;0
1;10;0.00;0.00;0;0;0
1;6;0.00;0.00;0;0;0
1;8;0.00;0.00;0;0;0
1;9;0.00;0.00;0;0;0
1;9;0.01;0.02;0;-1;0
1;7;0.00;0.00;0;0;0
1;11;0.00;0.00;0;0;0
1;8;0.00;0.00;0;0;0
1;9;0.00;0.00;0;0;0
1;9;0.00;0.00;0;0;0
1;8;0.00;0.00;0;0;0
1;8;0.00;0.00;0;0;0
1;8;0.01;0.02;0;-1;0
1;9;0.00;0.00;0;0;0
1;9;0.00;0.00;0;0;0
1;7;0.00;0.00;0;0;0
1;11;0.00;0.00;0;0;0
1;7;0.00;0.00;0;0;0
1;7;0.01;0.02;0;-1;0
1;9;0.00;0.00;0;0;0
1;7;0.00;0.00;0;0;0
1;8;0.00;0.00;0;0;0
1;8;0.00;0.00;0;0;0
1;8;0.00;0.00;0;0;0
1;11;0.01;0.02;0;-1;0
1;6;0.00;0.00;0;0;0
1;8;0.00;0.00;0;0;0
1;7;0.00;0.00;0;0;0
1;12;0.00;0.00;0;0;0
1;8;0.00;0.00;0;0;0
1;6;0.00;0.00;0;0;0
1;9;0.00;0.00;0;0;0
1;7;0.01;0.02;0;-1;0
1;10;0.00;0.00;0;0;0
1;7;0.00;0.00;0;0;0
1;11;0.00;0.00;0;0;0
1;8;0.00;0.00;0;0;0
1;8;0.00;0.00;0;0;0
1;11;0.01;0.02;0;-1;0
1;7;0.00;0.00;0;0;0
1;11;0.00;0.00;0;0;0
1;5;0.00;0.00;0;0;0
1;9;0.00;0.00;0;0;0
1;8;0.00;0.00;0;0;0
1;7;0.00;0.00;0;0;0
1;8;0.01;0.02;0;-1;0
1;10;0.00;0.00;0;0;0
1;7;0.00;0.00;0;0;0
1;7;0.00;0.00;0;0;0
1;9;0.00;0.00;0;0;0
1;11;0.01;0.02;0;-1;0
1;6;0.00;0.00;0;0;0
1;7;0.00;0.00;0;0;0
1;9;0.00;0.00;0;0;0
1;10;0.00;0.00;0;0;0
1;7;0.00;0.00;0;0;0
1;10;0.00;0.00;0;0;0
1;6;0.00;0.00;0;0;0
1;8;0.01;0.02;0;-1;0
1;9;-0.01;0.02;0;0;1
1;8;0.02;0.00;1;0;0
1;7;0.00;0.00;0;0;0
1;11;0.00;0.00;0;0;0
1;6;0.00;0.00;0;0;0
1;9;0.00;0.00;0;0;0
1;8;0.00;0.00;0;0;0
1;8;0.02;0.00;1;0;0
1;7;0.00;0.00;0;0;0
1;12;0.01;0.02;0;-1;0
1;17;0.00;0.00;0;0;0
1;8;0.00;0.00;0;0;0
1;15;0.02;0.00;1;0;0
1;9;0.00;0.00;0;0;0
1;8;0.01;0.02;0;-1;0
1;7;0.00;0.00;0;0;0
1;11;0.00;0.00;0;0;0
1;10;0.00;0.00;0;0;0
1;7;0.02;0.00;1;0;0
1;17;0.01;0.02;0;-1;0
1;7;0.00;0.00;0;0;0
1;9;0.00;0.00;0;0;0
1;18;0.00;0.00;0;0;0
1;6;0.04;0.02;1;-1;0
1;7;0.00;0.00;0;0;0
1;12;0.00;0.00;0;0;0
1;7;0.00;0.00;0;0;0
1;10;0.00;0.00;0;0;0
1;5;0.00;0.00;0;0;0
1;11;0.01;0.02;0;-1;0
1;8;0.02;0.00;1;0;0
1;6;0.00;0.00;0;0;0
1;8;0.00;0.00;0;0;0
1;14;0.00;0.00;0;0;0
1;6;0.00;0.00;0;0;0
1;12;0.04;0.02;1;-1;0
1;9;0.00;0.00;0;0;0
1;8;0.00;0.00;0;0;0
1;9;0.00;0.00;0;0;0
1;7;0.00;0.00;0;0;0
1;9;0.00;0.00;0;0;0
1;11;0.04;0.02;1;-1;0
1;6;0.00;0.00;0;0;0
1;7;0.00;0.00;0;0;0
1;9;0.00;0.00;0;0;0
1;10;0.01;0.02;0;-1;0
1;7;0.00;0.00;0;0;0
1;8;0.02;0.00;1;0;0
1;7;0.01;0.02;0;-1;0
1;7;0.00;0.00;0;0;0
1;10;0.01;0.02;0;-1;0
1;7;0.00;0.00;0;0;0
1;8;0.00;0.00;0;0;0
1;8;0.01;0.02;0;-1;0
1;18;0.01;0.02;0;-1;0
1;7;0.04;0.02;1;-1;0
1;8;0.00;0.00;0;0;0
1;9;0.01;0.02;0;-1;0
1;10;0.01;0.02;0;-1;0
1;16;0.01;0.02;0;-1;0
1;13;0.02;0.00;1;0;0
1;8;0.00;0.00;0;0;0
1;9;0.01;0.02;0;-1;0
1;8;0.00;0.00;0;0;0
1;5;0.00;0.00;0;0;0
1;9;0.02;0.00;1;0;0
1;7;0.01;0.02;0;-1;0
1;9;0.00;0.00;0;0;0
1;8;0.00;0.00;0;0;0
1;8;0.02;0.00;1;0;0
1;8;0.00;0.00;0;0;0
1;8;0.00;0.00;0;0;0
1;9;0.00;0.00;0;0;0
1;7;0.00;0.00;0;0;0
1;8;0.02;0.00;1;0;0
1;12;-0.01;0.02;0;0;1
1;6;0.00;0.00;0;0;0
1;7;0.01;0.02;0;-1;0
1;8;0.00;0.00;0;0;0
1;8;0.00;0.00;0;0;0
1;8;0.00;0.00;0;0;0
1;12;0.00;0.00;0;0;0
1;6;0.00;0.00;0;0;0
1;8;0.01;0.02;0;-1;0
1;7;0.00;0.00;0;0;0
1;13;0.02;0.00;1;0;0
1;5;0.00;0.00;0;0;0
1;7;0.00;0.00;0;0;0
1;8;0.00;0.00;0;0;0
1;8;0.01;0.02;0;-1;0
1;8;0.00;0.00;0;0;0
1;9;0.00;0.00;0;0;0
1;8;0.02;0.00;1;0;0
1;9;0.00;0.00;0;0;0
1;8;0.00;0.00;0;0;0
1;7;0.00;0.00;0;0;0
1;12;0.01;0.02;0;-1;0
1;6;0.00;0.00;0;0;0
1;8;0.02;0.00;1;0;0
1;7;0.00;0.00;0;0;0
1;10;0.00;0.00;0;0;0
1;6;0.00;0.00;0;0;0
1;9;0.00;0.00;0;0;0
1;12;0.01;0.02;0;-1;0
1;7;0.02;0.00;1;0;0
1;8;0.00;0.00;0;0;0
1;6;0.00;0.00;0;0;0
1;9;0.00;0.00;0;0;0
1;11;0.01;0.02;0;-1;0
1;5;0.00;0.00;0;0;0
1;7;0.04;0.02;1;-1;0
1;9;0.00;0.00;0;0;0
1;11;0.01;0.02;0;-1;0
1;6;0.00;0.00;0;0;0
1;11;0.01;0.02;0;-1;0
1;12;0.00;0.00;0;0;0
1;10;0.01;0.02;0;-1;0
1;7;0.01;0.02;0;-1;0
1;12;0.02;0.00;1;0;0
1;5;0.01;0.02;0;-1;0
1;11;0.01;0.02;0;-1;0
1;9;0.00;0.00;0;0;0
1;8;0.01;0.02;0;-1;0
1;8;0.02;0.00;1;0;0
1;10;0.01;0.02;0;-1;0
1;7;0.00;0.00;0;0;0
1;8;0.01;0.02;0;-1;0
1;8;0.00;0.00;0;0;0
1;15;0.04;0.02;1;-1;0
1;11;0.00;0.00;0;0;0
1;8;0.00;0.00;0;0;0
1;11;0.02;0.00;1;0;0
1;8;0.00;0.00;0;0;0
1;8;0.00;0.00;0;0;0
1;8;0.01;0.02;0;-1;0
1;9;0.00;0.00;0;0;0
1;8;0.02;0.00;1;0;0
1;8;0.00;0.00;0;0;0
1;8;0.00;0.00;0;0;0
1;8;0.00;0.00;0;0;0
1;9;0.00;0.00;0;0;0
1;8;0.00;0.00;0;0;0
1;14;0.01;0.02;0;-1;0
1;6;0.00;0.00;0;0;0
1;9;0.00;0.00;0;0;0
1;11;0.00;0.00;0;0;0
1;7;0.00;0.00;0;0;0
1;7;0.00;0.00;0;0;0
1;8;0.00;0.00;0;0;0
1;8;0.01;0.02;0;-1;0
1;10;0.00;0.00;0;0;0
1;7;0.00;0.00;0;0;0
1;7;0.00;0.00;0;0;0
1;13;0.00;0.00;0;0;0
1;12;0.00;0.00;0;0;0
1;10;0.01;0.02;0;-1;0
1;11;0.00;0.00;0;0;0
1;8;0.00;0.00;0;0;0
1;8;0.00;0.00;0;0;0
1;9;0.00;0.00;0;0;0
1;8;0.00;0.00;0;0;0
1;8;0.01;0.02;0;-1;0
1;7;0.00;0.00;0;0;0
1;12;0.00;0.00;0;0;0
1;9;0.00;0.00;0;0;0
1;8;0.00;0.00;0;0;0
1;8;0.00;0.00;0;0;0
1;16;0.01;0.02;0;-1;0
1;10;0.00;0.00;0;0;0
1;7;0.04;0.02;1;-1;0
1;11;0.00;0.00;0;0;0
1;6;0.01;0.02;0;-1;0
1;10;-0.01;0.02;0;0;1
1;7;0.00;0.00;0;0;0
1;8;0.01;0.02;0;-1;0
1;8;0.00;0.00;0;0;0
1;10;0.04;0.02;1;-1;0
1;5;0.00;0.00;0;0;0
1;8;0.01;0.02;0;-1;0
1;8;-0.01;0.02;0;0;1
1;8;0.04;0.02;1;-1;0
1;8;0.00;0.00;0;0;0
1;10;0.01;0.02;0;-1;0
1;10;0.01;0.02;0;-1;0
1;6;0.02;0.00;1;0;0
1;9;-0.01;0.02;0;0;1
1;9;0.01;0.02;0;-1;0
1;6;0.00;0.00;0;0;0
1;12;0.04;0.02;1;-1;0
1;5;0.00;0.00;0;0;0
1;7;0.01;0.02;0;-1;0
1;8;-0.01;0.02;0;0;1
1;8;0.00;0.00;0;0;0
1;8;0.00;0.00;0;0;0
1;9;0.01;0.02;0;-1;0
1;8;0.00;0.00;0;0;0
1;8;0.00;0.00;0;0;0
1;8;0.01;0.02;1;0;1
1;9;0.00;0.00;0;0;0
1;8;0.00;0.00;0;0;0
1;8;0.01;0.02;0;-1;0
1;8;0.00;0.00;0;0;0
1;8;0.00;0.00;0;0;0
1;8;0.00;0.00;0;0;0
1;9;-0.01;0.02;0;0;1
1;8;0.00;0.00;0;0;0
1;9;0.00;0.00;0;0;0
1;8;0.00;0.00;0;0;0
1;8;0.00;0.00;0;0;0
1;7;0.00;0.00;0;0;0
1;9;0.00;0.00;0;0;0
1;8;0.00;0.00;0;0;0
1;9;0.01;0.02;0;-1;0
1;8;-0.01;0.02;0;0;1
1;7;0.00;0.00;0;0;0
1;10;0.00;0.00;0;0;0
1;7;0.00;0.00;0;0;0
1;8;0.00;0.00;0;0;0
1;8;0.00;0.00;0;0;0
1;8;0.01;0.02;0;-1;0
1;9;-0.01;0.02;0;0;1
1;9;0.00;0.00;0;0;0
1;7;0.00;0.00;0;0;0
1;8;0.00;0.00;0;0;0
1;9;0.00;0.00;0;0;0
1;12;0.00;0.00;0;0;0
1;5;0.00;0.00;0;0;0
1;7;0.00;0.04;0;-1;1
1;15;0.00;0.00;0;0;0
1;6;0.00;0.00;0;0;0
1;9;0.00;0.00;0;0;0
1;7;0.00;0.00;0;0;0
1;20;0.00;0.04;0;-1;1
1;6;0.00;0.00;0;0;0
1;8;0.00;0.00;0;0;0
1;8;0.00;0.00;0;0;0
1;11;0.01;0.02;0;-1;0
1;11;0.00;0.00;0;0;0
1;9;0.01;0.02;1;0;1
1;9;0.01;0.02;0;-1;0
1;8;0.00;0.00;0;0;0
1;7;0.01;0.02;0;-1;0
1;8;0.00;0.00;0;0;0
1;8;0.01;0.02;0;-1;0
1;9;0.00;0.00;0;0;0
1;8;0.00;0.04;0;-1;1
1;11;0.00;0.00;0;0;0
1;5;0.04;0.02;1;-1;0
1;8;0.00;0.00;0;0;0
1;9;0.01;0.02;0;-1;0
1;9;0.00;0.00;0;0;0
1;11;0.01;0.02;0;-1;0
1;5;0.02;0.00;1;0;0
1;7;0.00;0.00;0;0;0
1;9;0.01;0.02;0;-1;0
1;8;0.00;0.00;0;0;0
1;8;0.00;0.00;0;0;0
1;8;0.00;0.00;0;0;0
1;8;0.01;0.02;0;-1;0
1;10;0.00;0.00;0;0;0
1;7;0.00;0.00;0;0;0
1;11;0.02;0.00;1;0;0
1;6;0.00;0.00;0;0;0
1;7;0.00;0.00;0;0;0
1;9;0.00;0.00;0;0;0
1;9;0.00;0.00;0;0;0
1;7;0.01;0.02;0;-1;0
1;19;0.00;0.00;0;0;0
1;7;0.00;0.00;0;0;0
1;7;0.00;0.00;0;0;0
1;11;0.00;0.00;0;0;0
1;6;0.00;0.00;0;0;0
1;7;0.00;0.00;0;0;0
1;8;0.00;0.00;0;0;0
1;9;0.00;0.00;0;0;0
1;8;0.01;0.02;0;-1;0
1;8;0.00;0.00;0;0;0
1;8;0.00;0.00;0;0;0
1;10;-0.01;0.02;0;0;1
1;7;0.00;0.00;0;0;0
1;12;0.00;0.00;0;0;0
1;5;0.00;0.00;0;0;0
1;8;0.00;0.00;0;0;0
1;8;0.01;0.02;0;-1;0
1;9;0.00;0.00;0;0;0
1;8;0.00;0.00;0;0;0
1;12;0.00;0.00;0;0;0
1;7;0.00;0.00;0;0;0
1;9;0.00;0.00;0;0;0
1;11;0.01;0.02;0;-1;0
1;10;0.00;0.00;0;0;0
1;9;0.00;0.00;0;0;0
1;9;0.00;0.00;0;0;0
1;8;0.00;0.00;0;0;0
1;6;0.01;0.02;0;-1;0
1;9;0.00;0.00;0;0;0
1;8;0.00;0.00;0;0;0
1;7;0.00;0.00;0;0;0
1;12;0.00;0.00;0;0;0
1;6;0.00;0.00;0;0;0
1;7;0.04;0.02;1;-1;0
1;8;0.00;0.00;0;0;0
1;8;0.00;0.00;0;0;0
1;8;0.01;0.02;0;-1;0
1;11;0.00;0.00;0;0;0
1;6;0.01;0.02;0;-1;0
1;9;0.00;0.00;0;0;0
1;8;0.01;0.02;0;-1;0
1;7;0.00;0.00;0;0;0
1;9;0.04;0.02;1;-1;0
1;8;0.00;0.00;0;0;0
1;8;0.01;0.02;0;-1;0
1;10;0.01;0.02;0;-1;0
1;6;0.00;0.00;0;0;0
1;10;0.01;0.02;0;-1;0
1;7;0.02;0.00;1;0;0
1;9;0.01;0.02;0;-1;0
1;7;0.00;0.00;0;0;0
1;9;0.01;0.02;0;-1;0
1;7;0.00;0.00;0;0;0
1;9;0.00;0.00;0;0;0
1;8;0.04;0.02;1;-1;0
1;10;0.00;0.00;0;0;0
1;7;0.00;0.00;0;0;0
1;7;0.00;0.00;0;0;0
1;9;0.00;0.04;0;-1;1
1;11;0.02;0.00;1;0;0
1;6;0.00;0.00;0;0;0
1;7;0.00;0.00;0;0;0
1;8;0.00;0.00;0;0;0
1;9;0.00;0.00;0;0;0
1;9;0.00;0.00;0;0;0
1;7;0.00;0.00;0;0;0
1;8;0.01;0.02;0;-1;0
1;9;0.00;0.00;0;0;0
1;8;0.00;0.00;0;0;0
1;8;0.00;0.00;0;0;0
1;8;0.00;0.00;0;0;0
1;8;0.00;0.00;0;0;0
1;10;0.00;0.00;0;0;0
1;8;0.01;0.02;0;-1;0
1;10;0.00;0.00;0;0;0
1;5;0.00;0.00;0;0;0
1;8;0.00;0.00;0;0;0
1;9;0.00;0.00;0;0;0
1;7;0.00;0.00;0;0;0
1;9;0.00;0.00;0;0;0
1;13;0.01;0.02;0;-1;0
1;8;0.00;0.00;0;0;0
1;7;0.00;0.00;0;0;0
1;10;0.00;0.00;0;0;0
1;7;0.00;0.00;0;0;0
1;14;0.00;0.00;0;0;0
1;7;0.01;0.02;0;-1;0
1;12;0.00;0.00;0;0;0
1;10;0.00;0.00;0;0;0
1;7;0.00;0.00;0;0;0
1;9;0.00;0.00;0;0;0
1;6;0.01;0.02;0;-1;0
1;8;0.00;0.00;0;0;0
1;9;0.00;0.00;0;0;0
1;12;0.00;0.00;0;0;0
1;8;0.00;0.00;0;0;0
1;8;0.00;0.00;0;0;0
1;8;0.01;0.02;0;-1;0
1;10;0.00;0.00;0;0;0
1;7;0.00;0.00;0;0;0
1;8;0.00;0.00;0;0;0
1;16;0.00;0.00;0;0;0
1;12;0.00;0.00;0;0;0
1;5;0.01;0.02;0;-1;0
1;10;0.00;0.00;0;0;0
1;7;0.00;0.00;0;0;0
1;8;0.00;0.00;0;0;0
1;14;0.00;0.00;0;0;0
1;14;0.00;0.00;0;0;0
1;8;0.01;0.02;0;-1;0
1;8;0.00;0.00;0;0;0
1;10;0.00;0.00;0;0;0
1;7;0.00;0.00;0;0;0
1;10;0.00;0.00;0;0;0
1;6;0.00;0.00;0;0;0
1;8;0.02;0.00;1;0;0
1;9;0.01;0.02;0;-1;0
1;10;0.00;0.00;0;0;0
1;7;0.00;0.00;0;0;0
1;9;0.00;0.00;0;0;0
1;8;0.00;0.00;0;0;0
1;8;0.00;0.00;0;0;0
1;8;0.04;0.02;1;-1;0
1;7;0.00;0.00;0;0;0
1;8;0.00;0.00;0;0;0
1;8;0.00;0.00;0;0;0
1;9;0.00;0.00;0;0;0
1;8;0.00;0.00;0;0;0
1;8;0.01;0.02;0;-1;0
1;8;0.02;0.00;1;0;0
1;8;0.00;0.00;0;0;0
1;8;0.00;0.00;0;0;0
1;10;0.00;0.00;0;0;0
1;7;0.00;0.00;0;0;0
1;13;0.01;0.02;0;-1;0
1;9;0.02;0.00;1;0;0
1;7;0.00;0.00;0;0;0
1;9;0.00;0.00;0;0;0
1;7;0.00;0.00;0;0;0
1;14;0.01;0.02;0;-1;0
1;15;0.00;0.00;0;0;0
1;8;0.02;0.00;1;0;0
1;8;0.00;0.00;0;0;0
1;8;0.00;0.00;0;0;0
1;8;0.01;0.02;0;-1;0
1;9;0.00;0.00;0;0;0
1;8;0.00;0.00;0;0;0
1;8;0.00;0.00;0;0;0
1;8;0.00;0.00;0;0;0
1;8;0.00;0.00;0;0;0
1;9;0.01;0.02;0;-1;0
1;8;0.00;0.00;0;0;0
1;11;0.00;0.00;0;0;0
1;6;0.00;0.00;0;0;0
1;7;0.00;0.00;0;0;0
1;12;0.01;0.02;0;-1;0
1;6;0.00;0.00;0;0;0
1;10;0.00;0.00;0;0;0
1;6;0.00;0.00;0;0;0
1;7;0.00;0.00;0;0;0
1;9;0.00;0.00;0;0;0
1;8;0.00;0.00;0;0;0
1;12;0.01;0.02;0;-1;0
1;9;0.00;0.00;0;0;0
1;7;0.00;0.00;0;0;0
1;11;0.00;0.00;0;0;0
1;7;0.00;0.00;0;0;0
1;7;0.00;0.00;0;0;0
1;8;0.00;0.00;0;0;0
1;8;0.01;0.02;0;-1;0
1;11;0.00;0.00;0;0;0
1;10;0.00;0.00;0;0;0
1;4;0.00;0.00;0;0;0
1;8;0.00;0.00;0;0;0
1;8;0.00;0.00;0;0;0
1;8;0.01;0.02;0;-1;0
1;13;0.00;0.00;0;0;0
1;8;0.00;0.00;0;0;0
1;8;0.00;0.00;0;0;0
1;9;0.00;0.00;0;0;0
1;13;0.01;0.02;0;-1;0
1;7;0.00;0.00;0;0;0
1;10;0.00;0.00;0;0;0
1;11;0.00;0.00;0;0;0
1;7;0.00;0.00;0;0;0
1;9;0.00;0.00;0;0;0
1;8;0.00;0.00;0;0;0
1;8;0.01;0.02;0;-1;0
1;8;0.00;0.00;0;0;0
1;27;0.02;0.00;1;0;0
1;6;0.00;0.00;0;0;0
1;9;0.00;0.00;0;0;0
1;9;0.00;0.00;0;0;0
1;9;0.01;0.02;0;-1;0
1;17;0.00;0.00;0;0;0
1;5;0.00;0.00;0;0;0
1;8;0.02;0.00;1;0;0
1;9;0.00;0.00;0;0;0
1;15;0.01;0.02;0;-1;0
1;5;0.00;0.00;0;0;0
1;8;0.00;0.00;0;0;0
1;16;0.00;0.00;0;0;0
1;5;0.00;0.00;0;0;0
1;8;0.02;0.00;1;0;0
1;11;0.01;0.02;0;-1;0
1;8;0.00;0.00;0;0;0
1;6;0.00;0.00;0;0;0
1;11;0.00;0.00;0;0;0
1;9;0.00;0.00;0;0;0
1;4;0.00;0.00;0;0;0
1;8;0.01;0.02;0;-1;0
1;10;0.00;0.00;0;0;0
1;8;0.00;0.00;0;0;0
1;8;0.00;0.00;0;0;0
1;8;0.00;0.00;0;0;0
1;8;0.00;0.00;0;0;0
1;8;0.01;0.02;0;-1;0
1;12;0.00;0.00;0;0;0
1;5;0.00;0.00;0;0;0
1;10;0.00;0.00;0;0;0
1;9;0.00;0.00;0;0;0
1;8;0.01;0.02;0;-1;0
1;9;0.00;0.00;0;0;0
1;13;0.00;0.00;0;0;0
1;11;0.00;0.00;0;0;0
1;8;0.00;0.00;0;0;0
1;9;0.00;0.00;0;0;0
1;8;0.01;0.02;0;-1;0
1;18;0.00;0.00;0;0;0
1;10;0.00;0.00;0;0;0
1;6;0.00;0.00;0;0;0
1;11;0.00;0.00;0;0;0
1;10;0.01;0.02;0;-1;0
1;6;0.00;0.00;0;0;0
1;9;0.00;0.00;0;0;0
1;9;0.00;0.00;0;0;0
1;7;0.00;0.00;0;0;0
1;8;0.00;0.00;0;0;0
1;15;0.01;0.02;0;-1;0
1;6;0.00;0.00;0;0;0
1;12;0.00;0.00;0;0;0
1;8;0.00;0.00;0;0;0
1;29;0.01;0.02;0;-1;0
1;8;0.00;0.00;0;0;0
1;8;0.00;0.00;0;0;0
1;14;0.00;0.00;0;0;0
1;7;0.00;0.00;0;0;0
1;8;0.00;0.00;0;0;0
1;8;0.01;0.02;0;-1;0
1;11;0.00;0.00;0;0;0
1;8;0.00;0.00;0;0;0
1;5;0.00;0.00;0;0;0
1;26;0.00;0.00;0;0;0
1;8;0.01;0.02;0;-1;0
1;7;0.00;0.00;0;0;0
1;9;0.00;0.00;0;0;0
1;8;0.00;0.00;0;0;0
1;8;0.00;0.00;0;0;0
1;8;0.00;0.00;0;0;0
1;8;0.00;0.00;0;0;0
1;13;0.01;0.02;0;-1;0
1;9;0.00;0.00;0;0;0
1;7;0.00;0.00;0;0;0
1;10;0.00;0.00;0;0;0
1;6;0.00;0.00;0;0;0
1;9;0.00;0.00;0;0;0
1;8;0.01;0.02;0;-1;0
1;8;0.00;0.00;0;0;0
1;8;0.00;0.00;0;0;0
1;9;0.00;0.00;0;0;0
1;17;0.00;0.00;0;0;0
1;7;0.00;0.00;0;0;0
1;8;0.00;0.00;0;0;0
1;8;0.01;0.02;0;-1;0
1;9;0.00;0.00;0;0;0
1;15;0.00;0.00;0;0;0
1;5;0.00;0.00;0;0;0
1;8;0.00;0.00;0;0;0
1;8;0.00;0.00;0;0;0
1;10;0.00;0.00;0;0;0
1;8;0.00;0.00;0;0;0
1;7;0.02;0.00;1;0;0
1;8;0.00;0.00;0;0;0
1;8;0.00;0.00;0;0;0
1;9;0.00;0.00;0;0;0
1;8;0.00;0.00;0;0;0
1;8;0.00;0.00;0;0;0
1;8;0.00;0.00;0;0;0
1;10;0.00;0.00;0;0;0
1;6;0.00;0.00;0;0;0
1;9;0.00;0.00;0;0;0
1;8;0.00;0.00;0;0;0
1;8;0.00;0.00;0;0;0
1;8;0.00;0.00;0;0;0
1;8;0.00;0.00;0;0;0
1;11;0.00;0.00;0;0;0
1;13;0.00;0.00;0;0;0
1;7;0.00;0.00;0;0;0
1;6;0.00;0.00;0;0;0
1;10;0.00;0.00;0;0;0
1;7;0.00;0.00;0;0;0
1;13;0.00;0.00;0;0;0
1;14;0.00;0.00;0;0;0
1;5;0.00;0.00;0;0;0
1;9;0.00;0.00;0;0;0
1;12;0.00;0.00;0;0;0
1;4;0.00;0.00;0;0;0
1;8;0.00;0.00;0;0;0
1;8;0.00;0.00;0;0;0
1;10;0.00;0.00;0;0;0
1;11;0.00;0.00;0;0;0
1;8;0.00;0.00;0;0;0
1;8;0.00;0.00;0;0;0
1;12;0.00;0.00;0;0;0
1;8;0.00;0.00;0;0;0
1;7;0.00;0.00;0;0;0
1;10;0.00;0.00;0;0;0
1;8;0.00;0.00;0;0;0
1;11;0.00;0.00;0;0;0
1;7;0.00;0.00;0;0;0
1;8;0.00;0.00;0;0;0
1;13;0.00;0.00;0;0;0
1;6;0.00;0.00;0;0;0
1;13;0.00;0.00;0;0;0
1;8;0.00;0.00;0;0;0
1;11;0.00;0.00;0;0;0
1;5;0.00;0.00;0;0;0
1;10;0.00;0.00;0;0;0
1;8;0.00;0.00;0;0;0
1;9;0.00;0.00;0;0;0
1;18;0.00;0.00;0;0;0
1;15;0.00;0.00;0;0;0
1;10;0.00;0.00;0;0;0
1;8;0.00;0.00;0;0;0
1;13;0.00;0.00;0;0;0
1;10;0.00;0.00;0;0;0
1;6;0.00;0.00;0;0;0
1;8;0.00;0.00;0;0;0
1;8;0.00;0.00;0;0;0
1;8;0.00;0.00;0;0;0
1;9;0.00;0.00;0;0;0
1;8;0.00;0.00;0;0;0
1;8;0.00;0.00;0;0;0
1;13;0.00;0.00;0;0;0
1;9;0.00;0.00;0;0;0
1;7;0.00;0.00;0;0;0
1;8;0.00;0.00;0;0;0
1;8;0.00;0.00;0;0;0
1;14;0.00;0.00;0;0;0
1;6;0.00;0.00;0;0;0
1;9;0.00;0.00;0;0;0
1;8;0.00;0.00;0;0;0
1;11;0.00;0.00;0;0;0
1;8;0.00;0.00;0;0;0
1;6;0.00;0.00;0;0;0
1;8;0.00;0.00;0;0;0
1;8;0.00;0.00;0;0;0
1;8;0.00;0.00;0;0;0
1;14;0.00;0.00;0;0;0
1;6;0.00;0.00;0;0;0
1;9;0.00;0.00;0;0;0
1;13;0.00;0.00;0;0;0
1;7;0.00;0.00;0;0;0
1;8;0.00;0.00;0;0;0
1;9;0.00;0.00;0;0;0
1;8;0.00;0.00;0;0;0
1;8;0.00;0.00;0;0;0
1;8;0.00;0.00;0;0;0
1;8;0.00;0.00;0;0;0
1;8;0.00;0.00;0;0;0
1;9;0.00;0.00;0;0;0
1;8;0.00;0.00;0;0;0
1;21;0.00;0.00;0;0;0
1;14;0.00;0.00;0;0;0
1;12;0.00;0.00;0;0;0
1;7;0.00;0.00;0;0;0
1;14;0.00;0.00;0;0;0
1;10;0.00;0.00;0;0;0
1;8;0.00;0.00;0;0;0
1;9;0.00;0.00;0;0;0
1;7;0.00;0.00;0;0;0
1;8;0.00;0.00;0;0;0
1;9;0.00;0.00;0;0;0
1;8;0.00;0.00;0;0;0
1;9;0.00;0.00;0;0;0
1;7;0.00;0.00;0;0;0
1;8;0.00;0.00;0;0;0
1;9;0.00;0.00;0;0;0
1;8;0.00;0.00;0;0;0
1;8;0.00;0.00;0;0;0
1;8;0.00;0.00;0;0;0
1;8;0.00;0.00;0;0;0
1;9;0.00;0.00;0;0;0
1;8;0.00;0.00;0;0;0
1;8;0.00;0.00;0;0;0
1;8;0.00;0.00;0;0;0
1;12;0.00;0.00;0;0;0
1;9;0.00;0.00;0;0;0
1;12;0.00;0.00;0;0;0
1;8;0.00;0.00;0;0;0
1;8;0.00;0.00;0;0;0
1;12;0.00;0.00;0;0;0
1;5;0.00;0.00;0;0;0
1;8;0.00;0.00;0;0;0
1;8;0.00;0.00;0;0;0
1;8;0.00;0.00;0;0;0
1;8;0.00;0.00;0;0;0
1;9;0.00;0.00;0;0;0
1;8;0.00;0.00;0;0;0
1;11;0.00;0.00;0;0;0
1;7;0.00;0.00;0;0;0
1;6;0.00;0.00;0;0;0
1;9;0.00;0.00;0;0;0
1;10;0.00;0.00;0;0;0
1;6;0.00;0.00;0;0;0
1;8;0.00;0.00;0;0;0
1;8;0.00;0.00;0;0;0
1;9;0.00;0.00;0;0;0
1;8;0.00;0.00;0;0;0
1;12;0.00;0.00;0;0;0
1;16;0.00;0.00;0;0;0
1;9;0.00;0.00;0;0;0
1;9;0.00;0.00;0;0;0
1;83;0.00;0.00;0;0;0
1;15;0.00;0.00;0;0;0
1;14;0.00;0.00;0;0;0
1;6;0.00;0.00;0;0;0
1;8;0.00;0.00;0;0;0
1;8;0.00;0.00;0;0;0
1;8;0.00;0.00;0;0;0
1;8;0.00;0.00;0;0;0
1;9;0.00;0.00;0;0;0
1;8;0.00;0.00;0;0;0
1;8;0.00;0.00;0;0;0
1;8;0.00;0.00;0;0;0
1;8;0.00;0.00;0;0;0
1;9;0.00;0.00;0;0;0
1;8;0.00;0.00;0;0;0
1;8;0.00;0.00;0;0;0
1;8;0.00;0.00;0;0;0
1;8;0.00;0.00;0;0;0
1;8;0.00;0.00;0;0;0
1;10;0.00;0.00;0;0;0
1;7;0.00;0.00;0;0;0
1;8;0.00;0.00;0;0;0
1;8;0.00;0.00;0;0;0
1;8;0.00;0.00;0;0;0
1;9;0.00;0.00;0;0;0
1;8;0.00;0.00;0;0;0
1;8;0.00;0.00;0;0;0
1;8;0.00;0.00;0;0;0
1;8;0.00;0.00;0;0;0
1;9;0.00;0.00;0;0;0
1;8;0.00;0.00;0;0;0
1;9;0.00;0.00;0;0;0
1;7;0.00;0.00;0;0;0
1;8;0.00;0.00;0;0;0
1;9;0.00;0.00;0;0;0
1;8;0.00;0.00;0;0;0
1;8;0.00;0.00;0;0;0
1;8;0.00;0.00;0;0;0
1;8;0.00;0.00;0;0;0
1;8;0.00;0.00;0;0;0
1;9;0.00;0.00;0;0;0
1;8;0.00;0.00;0;0;0
1;11;0.00;0.00;0;0;0
1;5;0.00;0.00;0;0;0
1;14;0.00;0.00;0;0;0
1;13;0.00;0.00;0;0;0
1;6;0.00;0.00;0;0;0
1;8;0.00;0.00;0;0;0
1;9;0.00;0.00;0;0;0
1;10;0.00;0.00;0;0;0
1;7;0.00;0.00;0;0;0
1;8;0.00;0.00;0;0;0
1;9;0.00;0.00;0;0;0
1;11;0.00;0.00;0;0;0
1;8;0.00;0.00;0;0;0
1;8;0.00;0.00;0;0;0
1;11;0.00;0.00;0;0;0
1;5;0.00;0.00;0;0;0
1;30;0.00;0.00;0;0;0
1;8;0.00;0.00;0;0;0
1;9;0.00;0.00;0;0;0
1;6;0.00;0.00;0;0;0
1;9;0.00;0.00;0;0;0
1;8;0.00;0.00;0;0;0
1;8;0.00;0.00;0;0;0
1;8;0.00;0.00;0;0;0
1;8;0.00;0.00;0;0;0
1;9;0.00;0.00;0;0;0
1;9;0.00;0.00;0;0;0
1;7;0.00;0.00;0;0;0
1;8;0.00;0.00;0;0;0
1;8;0.00;0.00;0;0;0
1;9;0.00;0.00;0;0;0
1;8;0.00;0.00;0;0;0
1;8;0.00;0.00;0;0;0
1;8;0.00;0.00;0;0;0
1;8;0.00;0.00;0;0;0
1;9;0.00;0.00;0;0;0
1;8;0.00;0.00;0;0;0
1;8;0.00;0.00;0;0;0
1;8;0.00;0.00;0;0;0
1;8;0.00;0.00;0;0;0
1;9;0.00;0.00;0;0;0
1;8;0.00;0.00;0;0;0
1;8;0.00;0.00;0;0;0
1;8;0.00;0.00;0;0;0
1;8;0.00;0.00;0;0;0
1;8;0.00;0.00;0;0;0
1;9;0.00;0.00;0;0;0
1;11;0.00;0.00;0;0;0
1;6;0.00;0.00;0;0;0
1;8;0.00;0.00;0;0;0
1;7;0.00;0.00;0;0;0
1;9;0.00;0.00;0;0;0
1;8;0.00;0.00;0;0;0
1;8;0.00;0.00;0;0;0
1;8;0.00;0.00;0;0;0
1;8;0.00;0.00;0;0;0
1;9;0.00;0.00;0;0;0
1;10;0.00;0.00;0;0;0
1;6;0.00;0.00;0;0;0
1;8;0.00;0.00;0;0;0
1;16;0.00;0.00;0;0;0
1;5;0.00;0.00;0;0;0
1;8;0.00;0.00;0;0;0
1;8;0.00;0.00;0;0;0
1;10;0.00;0.00;0;0;0
1;8;0.00;0.00;0;0;0
1;7;0.00;0.00;0;0;0
1;9;0.00;0.00;0;0;0
1;9;0.00;0.00;0;0;0
1;6;0.00;0.00;0;0;0
1;12;0.02;0.00;1;0;0
1;9;0.00;0.00;0;0;0
1;8;0.01;0.02;0;-1;0
1;15;0.00;0.00;0;0;0
1;14;0.00;0.00;0;0;0
1;8;0.00;0.00;0;0;0
1;9;0.02;0.00;1;0;0
1;7;0.00;0.00;0;0;0
1;11;0.00;0.00;0;0;0
1;5;0.01;0.02;0;-1;0
1;9;0.00;0.00;0;0;0
1;8;0.00;0.00;0;0;0
1;8;0.00;0.00;0;0;0
1;11;0.00;0.00;0;0;0
1;6;0.00;0.00;0;0;0
1;8;0.00;0.00;0;0;0
1;9;0.00;0.00;0;0;0
1;7;0.02;0.00;1;0;0
1;8;0.01;0.02;0;-1;0
1;8;0.00;0.00;0;0;0
1;13;0.00;0.00;0;0;0
1;9;0.00;0.00;0;0;0
1;7;0.00;0.00;0;0;0
1;11;0.00;0.00;0;0;0
1;5;0.02;0.00;1;0;0
1;9;0.00;0.00;0;0;0
1;8;0.01;0.02;0;-1;0
1;8;0.00;0.00;0;0;0
1;9;0.00;0.00;0;0;0
1;9;0.00;0.00;0;0;0
1;9;0.00;0.00;0;0;0
1;7;0.02;0.00;1;0;0
1;7;0.00;0.00;0;0;0
1;12;0.01;0.02;0;-1;0
1;8;0.00;0.00;0;0;0
1;9;0.00;0.00;0;0;0
1;9;0.00;0.00;0;0;0
1;7;0.00;0.00;0;0;0
1;8;0.02;0.00;1;0;0
1;18;0.00;0.00;0;0;0
1;8;0.01;0.02;0;-1;0
1;11;0.00;0.00;0;0;0
1;12;0.00;0.00;0;0;0
1;9;0.02;0.00;1;0;0
1;9;0.00;0.00;0;0;0
1;9;0.00;0.00;0;0;0
1;6;0.00;0.00;0;0;0
1;8;0.01;0.02;0;-1;0
1;10;0.00;0.00;0;0;0
1;7;0.00;0.00;0;0;0
1;8;0.02;0.00;1;0;0
1;8;0.00;0.00;0;0;0
1;10;0.00;0.00;0;0;0
1;25;0.01;0.02;0;-1;0
1;6;0.00;0.00;0;0;0
1;8;0.02;0.00;1;0;0
1;8;0.00;0.00;0;0;0
1;9;0.00;0.00;0;0;0
1;8;0.01;0.02;0;-1;0
1;8;0.00;0.00;0;0;0
1;8;0.00;0.00;0;0;0
1;8;0.00;0.00;0;0;0
1;9;0.02;0.00;1;0;0
1;8;0.00;0.00;0;0;0
1;8;0.00;0.00;0;0;0
1;8;0.00;0.00;0;0;0
1;8;0.01;0.02;0;-1;0
1;9;0.00;0.00;0;0;0
1;8;0.02;0.00;1;0;0
1;8;0.00;0.00;0;0;0
1;8;0.00;0.00;0;0;0
1;8;0.00;0.00;0;0;0
1;10;0.00;0.00;0;0;0
1;7;0.00;0.00;0;0;0
1;8;0.01;0.02;0;-1;0
1;8;0.00;0.00;0;0;0
1;10;0.00;0.00;0;0;0
1;7;0.02;0.00;1;0;0
1;9;0.00;0.00;0;0;0
1;7;0.00;0.00;0;0;0
1;8;0.00;0.00;0;0;0
1;8;0.01;0.02;0;-1;0
1;11;0.00;0.00;0;0;0
1;6;0.02;0.00;1;0;0
1;14;0.00;0.00;0;0;0
1;6;0.00;0.00;0;0;0
1;11;0.00;0.00;0;0;0
1;6;0.01;0.02;0;-1;0
1;8;0.00;0.00;0;0;0
1;8;0.02;0.00;1;0;0
1;15;0.00;0.00;0;0;0
1;18;0.00;0.00;0;0;0
1;15;0.04;0.02;1;-1;0
1;5;0.00;0.00;0;0;0
1;8;0.00;0.00;0;0;0
1;14;0.00;0.00;0;0;0
1;7;0.00;0.00;0;0;0
1;8;0.00;0.00;0;0;0
1;8;0.01;0.02;0;-1;0
1;9;0.02;0.00;1;0;0
1;12;0.00;0.00;0;0;0
1;11;0.00;0.00;0;0;0
1;6;0.00;0.00;0;0;0
1;7;0.00;0.00;0;0;0
1;8;0.01;0.02;0;-1;0
1;12;0.00;0.00;0;0;0
1;8;0.00;0.00;0;0;0
1;5;0.02;0.00;1;0;0
1;8;0.00;0.00;0;0;0
1;10;0.00;0.00;0;0;0
1;7;0.00;0.00;0;0;0
1;10;0.01;0.02;0;-1;0
1;6;0.00;0.00;0;0;0
1;9;0.00;0.00;0;0;0
1;9;0.02;0.00;1;0;0
1;10;0.00;0.00;0;0;0
1;5;0.00;0.00;0;0;0
1;8;0.00;0.00;0;0;0
1;9;0.01;0.02;0;-1;0
1;10;0.00;0.00;0;0;0
1;6;0.02;0.00;1;0;0
1;8;0.00;0.00;0;0;0
1;8;0.00;0.00;0;0;0
1;8;0.00;0.00;0;0;0
1;8;0.00;0.00;0;0;0
1;16;0.04;0.02;1;-1;0
1;6;0.00;0.00;0;0;0
1;9;0.00;0.00;0;0;0
1;6;0.00;0.00;0;0;0
1;10;0.00;0.00;0;0;0
1;7;0.00;0.00;0;0;0
1;10;0.00;0.00;0;0;0
1;14;0.04;0.02;1;-1;0
1;8;0.00;0.00;0;0;0
1;9;0.00;0.00;0;0;0
1;8;0.00;0.00;0;0;0
1;8;0.00;0.00;0;0;0
1;8;0.00;0.00;0;0;0
1;9;0.04;0.02;1;-1;0
1;17;0.00;0.00;0;0;0
1;7;0.00;0.00;0;0;0
1;8;0.00;0.00;0;0;0
1;8;0.00;0.00;0;0;0
1;11;0.01;0.02;0;-1;0
1;8;0.02;0.00;1;0;0
1;10;0.00;0.00;0;0;0
1;8;0.00;0.00;0;0;0
1;8;0.00;0.00;0;0;0
1;13;0.01;0.02;0;-1;0
1;8;0.00;0.00;0;0;0
1;8;0.02;0.00;1;0;0
1;11;0.00;0.00;0;0;0
1;6;0.00;0.00;0;0;0
1;8;0.00;0.00;0;0;0
1;8;0.00;0.00;0;0;0
1;14;0.00;0.00;0;0;0
1;7;0.01;0.02;0;-1;0
1;7;0.02;0.00;1;0;0
1;9;0.00;0.00;0;0;0
1;8;0.00;0.00;0;0;0
1;9;0.00;0.00;0;0;0
1;13;0.00;0.00;0;0;0
1;10;0.00;0.00;0;0;0
1;10;0.04;0.02;1;-1;0
1;7;0.00;0.00;0;0;0
1;10;0.00;0.00;0;0;0
1;6;0.00;0.00;0;0;0
1;9;0.00;0.00;0;0;0
1;8;0.00;0.00;0;0;0
1;12;0.04;0.02;1;-1;0
1;8;0.00;0.00;0;0;0
1;8;0.00;0.00;0;0;0
1;9;0.00;0.00;0;0;0
1;8;0.00;0.00;0;0;0
1;8;0.00;0.00;0;0;0
1;8;0.01;0.02;0;-1;0
1;16;0.02;0.00;1;0;0
1;6;0.00;0.00;0;0;0
1;12;0.00;0.00;0;0;0
1;7;0.00;0.00;0;0;0
1;8;0.00;0.00;0;0;0
1;8;0.01;0.02;0;-1;0
1;9;0.02;0.00;1;0;0
1;9;0.00;0.00;0;0;0
1;7;0.00;0.00;0;0;0
1;8;0.00;0.00;0;0;0
1;13;0.00;0.00;0;0;0
1;10;0.01;0.02;0;-1;0
1;6;0.00;0.00;0;0;0
1;8;0.02;0.00;1;0;0
1;8;0.00;0.00;0;0;0
1;14;0.00;0.00;0;0;0
1;12;0.00;0.00;0;0;0
1;7;0.00;0.00;0;0;0
1;8;0.04;0.02;1;-1;0
1;8;0.00;0.00;0;0;0
1;9;0.00;0.00;0;0;0
1;8;0.00;0.00;0;0;0
1;7;0.00;0.00;0;0;0
1;8;0.00;0.00;0;0;0
1;9;0.01;0.02;0;-1;0
1;9;0.02;0.00;1;0;0
1;8;0.00;0.00;0;0;0
1;11;0.00;0.00;0;0;0
1;5;0.00;0.00;0;0;0
1;8;0.00;0.00;0;0;0
1;32;0.04;0.02;1;-1;0
1;8;0.00;0.00;0;0;0
1;21;0.00;0.00;0;0;0
1;5;0.04;0.02;1;-1;0
1;8;0.00;0.00;0;0;0
1;8;0.00;0.00;0;0;0
1;8;0.00;0.00;0;0;0
1;9;0.00;0.00;0;0;0
1;8;0.00;0.00;0;0;0
1;8;0.02;0.00;1;0;0
1;7;0.01;0.02;0;-1;0
1;9;0.00;0.00;0;0;0
1;9;0.00;0.00;0;0;0
1;8;0.00;0.00;0;0;0
1;8;0.00;0.00;0;0;0
1;16;0.04;0.02;1;-1;0
1;9;0.00;0.00;0;0;0
1;8;0.00;0.00;0;0;0
1;8;0.00;0.00;0;0;0
1;8;0.00;0.00;0;0;0
1;8;0.04;0.02;1;-1;0
1;9;0.00;0.00;0;0;0
1;8;0.00;0.00;0;0;0
1;8;0.00;0.00;0;0;0
1;8;0.00;0.00;0;0;0
1;8;0.00;0.00;0;0;0
1;9;0.00;0.00;0;0;0
1;8;0.04;0.02;1;-1;0
1;10;0.00;0.00;0;0;0
1;6;0.00;0.00;0;0;0
1;9;0.00;0.00;0;0;0
1;7;0.00;0.00;0;0;0
1;11;0.00;0.00;0;0;0
1;6;0.04;0.02;1;-1;0
1;8;0.00;0.00;0;0;0
1;8;0.00;0.00;0;0;0
1;9;0.00;0.00;0;0;0
1;11;0.00;0.00;0;0;0
1;9;0.02;0.00;1;0;0
1;7;0.01;0.02;0;-1;0
1;14;0.00;0.00;0;0;0
1;8;0.00;0.00;0;0;0
1;8;0.00;0.00;0;0;0
1;13;0.02;0.00;1;0;0
1;9;0.01;0.02;0;-1;0
1;6;0.00;0.00;0;0;0
1;9;0.00;0.00;0;0;0
1;8;0.00;0.00;0;0;0
1;8;0.00;0.00;0;0;0
1;13;0.04;0.02;1;-1;0
1;14;0.00;0.00;0;0;0
1;9;0.00;0.00;0;0;0
1;9;0.00;0.00;0;0;0
1;8;0.00;0.00;0;0;0
1;8;0.02;0.00;1;0;0
1;9;0.00;0.00;0;0;0
1;14;0.01;0.02;0;-1;0
1;7;0.00;0.00;0;0;0
1;7;0.00;0.00;0;0;0
1;12;0.04;0.02;1;-1;0
1;5;0.00;0.00;0;0;0
1;8;0.00;0.00;0;0;0
1;8;0.01;0.02;0;-1;0
1;9;0.00;0.00;0;0;0
1;11;0.01;0.02;0;-1;0
1;12;0.00;0.00;0;0;0
1;5;0.01;0.02;0;-1;0
1;9;0.00;0.00;0;0;0
1;7;0.04;0.02;1;-1;0
1;10;0.01;0.02;0;-1;0
1;10;0.00;0.00;0;0;0
1;12;0.01;0.02;0;-1;0
1;12;0.04;0.02;1;-1;0
1;10;0.00;0.00;0;0;0
1;8;0.01;0.02;0;-1;0
1;8;0.00;0.00;0;0;0
1;8;0.00;0.00;0;0;0
1;10;0.04;0.02;1;-1;0
1;10;0.00;0.00;0;0;0
1;6;0.00;0.00;0;0;0
1;7;0.00;0.00;0;0;0
1;8;0.02;0.00;1;0;0
1;8;0.00;0.00;0;0;0
1;8;0.01;0.02;0;-1;0
1;9;0.00;0.00;0;0;0
1;8;0.02;0.00;1;0;0
1;8;0.00;0.00;0;0;0
1;8;0.00;0.00;0;0;0
1;15;0.00;0.00;0;0;0
1;9;0.00;0.00;0;0;0
1;5;0.00;0.00;0;0;0
1;8;0.02;0.00;1;0;0
1;7;0.01;0.02;0;-1;0
1;9;0.00;0.00;0;0;0
1;9;0.00;0.00;0;0;0
1;18;0.00;0.00;0;0;0
1;6;0.00;0.00;0;0;0
1;9;0.00;0.00;0;0;0
1;7;0.00;0.00;0;0;0
1;9;0.04;0.02;1;-1;0
1;7;0.00;0.00;0;0;0
1;8;0.00;0.00;0;0;0
1;8;0.00;0.00;0;0;0
1;10;0.00;0.00;0;0;0
1;7;0.00;0.00;0;0;0
1;10;0.04;0.02;1;-1;0
1;14;0.00;0.00;0;0;0
1;6;0.00;0.00;0;0;0
1;9;0.00;0.00;0;0;0
1;7;0.01;0.02;0;-1;0
1;9;0.02;0.00;1;0;0
1;7;0.00;0.00;0;0;0
1;12;0.01;0.02;0;-1;0
1;5;0.00;0.00;0;0;0
1;17;0.01;0.02;0;-1;0
1;10;0.04;0.02;1;-1;0
1;6;0.00;0.00;0;0;0
1;8;0.01;0.02;0;-1;0
1;7;0.00;0.00;0;0;0
1;13;0.01;0.02;0;-1;0
1;8;0.01;0.02;0;-1;0
1;8;0.00;0.00;0;0;0
1;11;0.04;0.02;1;-1;0
1;6;0.00;0.00;0;0;0
1;8;0.01;0.02;0;-1;0
1;13;0.00;0.00;0;0;0
1;8;0.02;0.00;1;0;0
1;8;0.01;0.02;0;-1;0
1;7;0.00;0.00;0;0;0
1;9;0.00;0.00;0;0;0
1;8;0.02;0.00;1;0;0
1;7;0.01;0.02;0;-1;0
1;9;0.00;0.00;0;0;0
1;10;0.00;0.00;0;0;0
1;7;0.02;0.00;1;0;0
1;7;0.00;0.00;0;0;0
1;9;0.00;0.00;0;0;0
1;13;0.00;0.00;0;0;0
1;9;0.02;0.00;1;0;0
1;7;0.00;0.00;0;0;0
1;11;0.01;0.02;0;-1;0
1;8;0.00;0.00;0;0;0
1;9;0.00;0.00;0;0;0
1;9;0.00;0.00;0;0;0
1;7;0.02;0.00;1;0;0
1;8;0.00;0.00;0;0;0
1;11;0.00;0.00;0;0;0
1;7;0.00;0.00;0;0;0
1;7;0.01;0.02;0;-1;0
1;8;0.00;0.00;0;0;0
1;9;0.00;0.00;0;0;0
1;10;0.00;0.00;0;0;0
1;7;0.00;0.00;0;0;0
1;8;0.02;0.00;1;0;0
1;11;0.01;0.02;0;-1;0
1;5;0.00;0.00;0;0;0
1;16;0.00;0.00;0;0;0
1;5;0.00;0.00;0;0;0
1;8;0.00;0.00;0;0;0
1;7;0.02;0.00;1;0;0
1;9;0.00;0.00;0;0;0
1;13;0.01;0.02;0;-1;0
1;12;0.00;0.00;0;0;0
1;8;0.00;0.00;0;0;0
1;12;0.02;0.00;1;0;0
1;8;0.00;0.00;0;0;0
1;10;0.01;0.02;0;-1;0
1;9;0.00;0.00;0;0;0
1;7;0.00;0.00;0;0;0
1;7;0.02;0.00;1;0;0
1;16;0.00;0.00;0;0;0
1;7;0.00;0.00;0;0;0
1;6;0.01;0.02;0;-1;0
1;8;0.00;0.00;0;0;0
1;8;0.00;0.00;0;0;0
1;10;0.02;0.00;1;0;0
1;9;0.00;0.00;0;0;0
1;6;0.00;0.00;0;0;0
1;15;0.01;0.02;0;-1;0
1;15;0.01;0.02;0;-1;0
1;7;0.02;0.00;1;0;0
1;11;0.01;0.02;0;-1;0
1;5;0.00;0.00;0;0;0
1;9;0.00;0.00;0;0;0
1;8;0.01;0.02;0;-1;0
1;10;0.00;0.00;0;0;0
1;8;0.01;0.02;0;-1;0
1;6;0.00;0.00;0;0;0
1;8;0.02;0.00;1;0;0
1;12;0.01;0.02;0;-1;0
1;12;0.00;0.00;0;0;0
1;8;0.01;0.02;0;-1;0
1;8;0.02;0.00;1;0;0
1;9;0.00;0.00;0;0;0
1;8;0.00;0.00;0;0;0
1;8;0.00;0.00;0;0;0
1;16;0.02;0.00;1;0;0
1;14;0.00;0.00;0;0;0
1;7;0.01;0.02;0;-1;0
1;8;0.00;0.00;0;0;0
1;9;0.00;0.00;0;0;0
1;8;0.00;0.00;0;0;0
1;9;0.00;0.00;0;0;0
1;7;0.00;0.00;0;0;0
1;12;0.00;0.00;0;0;0
1;5;0.00;0.00;0;0;0
1;12;0.01;0.02;0;-1;0
1;11;0.00;0.00;0;0;0
1;6;0.00;0.00;0;0;0
1;8;0.00;0.00;0;0;0
1;8;0.00;0.00;0;0;0
1;7;0.00;0.00;0;0;0
1;10;0.01;0.02;0;-1;0
1;7;0.00;0.00;0;0;0
1;10;0.00;0.00;0;0;0
1;11;0.00;0.00;0;0;0
1;9;0.00;0.00;0;0;0
1;8;0.00;0.00;0;0;0
1;7;0.01;0.02;0;-1;0
1;10;0.00;0.00;0;0;0
1;8;0.00;0.00;0;0;0
1;7;0.02;0.00;1;0;0
1;11;0.00;0.00;0;0;0
1;8;0.00;0.00;0;0;0
1;6;0.00;0.00;0;0;0
1;7;0.00;0.00;0;0;0
1;12;0.00;0.00;0;0;0
1;6;0.01;0.02;0;-1;0
1;8;0.02;0.00;1;0;0
1;7;0.00;0.00;0;0;0
1;16;0.00;0.00;0;0;0
1;10;0.00;0.00;0;0;0
1;7;0.00;0.00;0;0;0
1;9;0.01;0.02;0;-1;0
1;8;0.00;0.00;0;0;0
1;11;0.00;0.00;0;0;0
1;9;0.01;0.02;0;-1;0
1;12;0.00;0.00;0;0;0
1;5;0.01;0.02;0;-1;0
1;9;0.00;0.00;0;0;0
1;7;-0.01;0.02;0;0;1
1;8;0.01;0.02;0;-1;0
1;8;0.00;0.00;0;0;0
1;8;0.01;0.02;0;-1;0
1;10;0.00;0.00;0;0;0
1;7;0.01;0.02;0;-1;0
1;9;0.00;0.00;0;0;0
1;10;0.00;0.04;0;-1;1
1;6;0.00;0.00;0;0;0
1;8;0.01;0.02;0;-1;0
1;7;0.00;0.00;0;0;0
1;8;0.01;0.02;0;-1;0
1;9;0.00;0.00;0;0;0
1;8;-0.01;0.02;0;0;1
1;9;0.01;0.02;0;-1;0
1;7;0.00;0.00;0;0;0
1;8;0.00;0.00;0;0;0
1;9;0.01;0.02;0;-1;0
1;8;0.00;0.00;0;0;0
1;8;0.00;0.00;0;0;0
1;8;0.00;0.00;0;0;0
1;18;0.00;0.00;0;0;0
1;7;0.01;0.02;0;-1;0
1;8;0.02;0.00;1;0;0
1;8;0.00;0.00;0;0;0
1;8;0.00;0.00;0;0;0
1;9;0.00;0.00;0;0;0
1;8;0.00;0.00;0;0;0
1;9;0.00;0.00;0;0;0
1;10;0.00;0.00;0;0;0
1;6;0.00;0.00;0;0;0
1;9;0.01;0.02;0;-1;0
1;9;0.00;0.00;0;0;0
1;11;0.00;0.00;0;0;0
1;7;0.00;0.00;0;0;0
1;8;0.00;0.00;0;0;0
1;10;0.00;0.00;0;0;0
1;9;0.00;0.00;0;0;0
1;7;0.01;0.02;0;-1;0
1;8;0.00;0.00;0;0;0
1;7;0.00;0.00;0;0;0
1;8;0.00;0.00;0;0;0
1;13;0.00;0.00;0;0;0
1;9;0.00;0.00;0;0;0
1;7;0.01;0.02;0;-1;0
1;19;0.00;0.00;0;0;0
1;13;0.00;0.00;0;0;0
1;6;0.00;0.00;0;0;0
1;14;0.01;0.02;0;-1;0
1;7;0.00;0.00;0;0;0
1;8;0.00;0.00;0;0;0
1;7;0.00;0.00;0;0;0
1;8;0.00;0.00;0;0;0
1;8;0.00;0.00;0;0;0
1;19;0.01;0.02;0;-1;0
1;7;0.00;0.00;0;0;0
1;8;0.00;0.00;0;0;0
1;8;0.00;0.00;0;0;0
1;7;0.00;0.00;0;0;0
1;9;0.00;0.00;0;0;0
1;8;0.00;0.00;0;0;0
1;8;0.00;0.00;0;0;0
1;9;0.01;0.02;0;-1;0
1;7;0.00;0.00;0;0;0
1;9;0.00;0.00;0;0;0
1;9;0.00;0.00;0;0;0
1;7;0.00;0.00;0;0;0
1;9;0.00;0.00;0;0;0
1;7;0.00;0.00;0;0;0
1;9;0.01;0.02;0;-1;0
1;9;0.00;0.00;0;0;0
1;7;0.00;0.00;0;0;0
1;8;0.00;0.00;0;0;0
1;8;0.00;0.00;0;0;0
1;10;0.00;0.00;0;0;0
1;7;0.01;0.02;0;-1;0
1;8;0.00;0.00;0;0;0
1;8;0.00;0.00;0;0;0
1;8;0.00;0.00;0;0;0
1;8;0.00;0.00;0;0;0
1;9;0.00;0.00;0;0;0
1;18;0.01;0.02;0;-1;0
1;11;0.00;0.00;0;0;0
1;9;0.00;0.00;0;0;0
1;8;0.00;0.00;0;0;0
1;7;0.00;0.00;0;0;0
1;9;0.00;0.00;0;0;0
1;8;0.01;0.02;0;-1;0
1;9;0.00;0.00;0;0;0
1;7;0.00;0.00;0;0;0
1;11;0.00;0.00;0;0;0
1;6;0.00;0.00;0;0;0
1;23;0.01;0.02;0;-1;0
1;8;0.00;0.00;0;0;0
1;6;0.00;0.00;0;0;0
1;8;0.00;0.00;0;0;0
1;11;0.00;0.00;0;0;0
1;9;0.00;0.00;0;0;0
1;9;0.01;0.02;0;-1;0
1;7;0.00;0.00;0;0;0
1;8;0.00;0.00;0;0;0
1;8;0.00;0.00;0;0;0
1;18;0.00;0.00;0;0;0
1;10;0.00;0.00;0;0;0
1;9;0.01;0.02;0;-1;0
1;9;0.00;0.00;0;0;0
1;9;0.00;0.00;0;0;0
1;7;0.00;0.00;0;0;0
1;8;0.00;0.00;0;0;0
1;9;0.00;0.00;0;0;0
1;8;0.00;0.00;0;0;0
1;9;0.01;0.02;0;-1;0
1;8;0.00;0.00;0;0;0
1;7;0.00;0.00;0;0;0
1;8;0.00;0.00;0;0;0
1;9;0.00;0.00;0;0;0
1;8;0.02;0.00;1;0;0
1;13;0.00;0.00;0;0;0
1;9;0.01;0.02;0;-1;0
1;7;0.00;0.00;0;0;0
1;7;0.00;0.00;0;0;0
1;11;0.00;0.00;0;0;0
1;7;0.02;0.00;1;0;0
1;7;0.01;0.02;0;-1;0
1;8;0.00;0.00;0;0;0
1;14;0.00;0.00;0;0;0
1;8;0.00;0.00;0;0;0
1;8;0.00;0.00;0;0;0
1;17;0.01;0.02;0;-1;0
1;7;0.02;0.00;1;0;0
1;9;0.00;0.00;0;0;0
1;8;0.00;0.00;0;0;0
1;7;0.00;0.00;0;0;0
1;13;0.00;0.00;0;0;0
1;7;0.01;0.02;0;-1;0
1;10;0.00;0.00;0;0;0
1;7;0.02;0.00;1;0;0
1;11;0.00;0.00;0;0;0
1;6;0.00;0.00;0;0;0
1;8;0.00;0.00;0;0;0
1;12;0.00;0.00;0;0;0
1;11;0.01;0.02;0;-1;0
1;6;0.00;0.00;0;0;0
1;7;0.00;0.00;0;0;0
1;8;0.02;0.00;1;0;0
1;11;0.00;0.00;0;0;0
1;31;0.01;0.02;0;-1;0
1;8;0.00;0.00;0;0;0
1;8;0.00;0.00;0;0;0
1;12;0.02;0.00;1;0;0
1;8;0.00;0.00;0;0;0
1;8;0.01;0.02;0;-1;0
1;13;0.00;0.00;0;0;0
1;5;0.00;0.00;0;0;0
1;9;0.00;0.00;0;0;0
1;11;0.00;0.00;0;0;0
1;9;0.04;0.02;1;-1;0
1;8;0.00;0.00;0;0;0
1;8;0.00;0.00;0;0;0
1;13;0.00;0.00;0;0;0
1;7;0.00;0.00;0;0;0
1;9;0.00;0.00;0;0;0
1;9;0.01;0.02;0;-1;0
1;11;0.02;0.00;1;0;0
1;12;0.00;0.00;0;0;0
1;17;0.00;0.00;0;0;0
1;10;0.01;0.02;0;-1;0
1;6;0.00;0.00;0;0;0
1;7;0.00;0.00;0;0;0
1;9;0.00;0.00;0;0;0
1;12;0.02;0.00;1;0;0
1;8;0.01;0.02;0;-1;0
1;8;0.00;0.00;0;0;0
1;8;0.00;0.00;0;0;0
1;13;0.00;0.00;0;0;0
1;8;0.00;0.00;0;0;0
1;8;0.01;0.02;0;-1;0
1;8;0.00;0.00;0;0;0
1;9;0.02;0.00;1;0;0
1;8;0.00;0.00;0;0;0
1;8;0.00;0.00;0;0;0
1;8;0.01;0.02;0;-1;0
1;8;0.00;0.00;0;0;0
1;8;0.00;0.00;0;0;0
1;10;0.00;0.00;0;0;0
1;7;0.00;0.00;0;0;0
1;8;0.00;0.00;0;0;0
1;8;0.01;0.02;0;-1;0
1;8;0.00;0.00;0;0;0
1;9;0.00;0.00;0;0;0
1;8;0.00;0.00;0;0;0
1;8;0.00;0.00;0;0;0
1;8;0.00;0.00;0;0;0
1;8;0.01;0.02;0;-1;0
1;9;0.00;0.00;0;0;0
1;8;0.00;0.00;0;0;0
1;13;0.00;0.00;0;0;0
1;9;0.00;0.00;0;0;0
1;7;0.00;0.00;0;0;0
1;8;0.01;0.02;0;-1;0
1;12;0.00;0.00;0;0;0
1;5;0.00;0.00;0;0;0
1;7;0.00;0.00;0;0;0
1;21;0.00;0.00;0;0;0
1;5;0.00;0.00;0;0;0
1;7;0.01;0.02;0;-1;0
1;9;0.00;0.00;0;0;0
1;7;0.00;0.00;0;0;0
1;8;0.00;0.00;0;0;0
1;9;0.00;0.00;0;0;0
1;8;0.00;0.00;0;0;0
1;9;0.01;0.02;0;-1;0
1;8;0.00;0.00;0;0;0
1;8;0.00;0.00;0;0;0
1;8;0.00;0.00;0;0;0
1;12;0.00;0.00;0;0;0
1;5;0.00;0.00;0;0;0
1;12;0.00;0.00;0;0;0
1;10;0.01;0.02;0;-1;0
1;7;0.00;0.00;0;0;0
1;12;0.00;0.00;0;0;0
1;7;0.00;0.00;0;0;0
1;8;0.00;0.00;0;0;0
1;9;0.00;0.00;0;0;0
1;17;0.01;0.02;0;-1;0
1;27;0.00;0.00;0;0;0
1;6;0.00;0.00;0;0;0
1;8;0.01;0.02;0;-1;0
1;8;0.00;0.00;0;0;0
1;7;0.00;0.00;0;0;0
1;8;0.00;0.00;0;0;0
1;9;0.00;0.00;0;0;0
1;8;0.00;0.00;0;0;0
1;9;0.00;0.00;0;0;0
1;7;0.01;0.02;0;-1;0
1;8;0.00;0.00;0;0;0
1;9;0.00;0.00;0;0;0
1;8;0.00;0.00;0;0;0
1;8;0.00;0.00;0;0;0
1;8;0.00;0.00;0;0;0
1;8;0.00;0.00;0;0;0
1;10;0.01;0.02;0;-1;0
1;7;0.00;0.00;0;0;0
1;9;0.00;0.00;0;0;0
1;7;0.00;0.00;0;0;0
1;9;0.00;0.00;0;0;0
1;9;0.00;0.00;0;0;0
1;10;0.01;0.02;0;-1;0
1;19;0.00;0.00;0;0;0
1;7;0.00;0.00;0;0;0
1;9;0.00;0.00;0;0;0
1;8;0.00;0.00;0;0;0
1;8;0.00;0.00;0;0;0
1;8;0.01;0.02;0;-1;0
1;9;0.00;0.00;0;0;0
1;8;0.00;0.00;0;0;0
1;7;0.00;0.00;0;0;0
1;8;0.00;0.00;0;0;0
1;8;0.00;0.00;0;0;0
1;8;0.00;0.00;0;0;0
1;9;0.00;0.00;0;0;0
1;8;0.00;0.00;0;0;0
1;10;0.00;0.00;0;0;0
1;10;0.00;0.00;0;0;0
1;15;0.00;0.00;0;0;0
1;11;0.00;0.00;0;0;0
1;7;0.00;0.00;0;0;0
1;13;0.00;0.00;0;0;0
1;10;0.00;0.00;0;0;0
1;7;0.00;0.00;0;0;0
1;14;0.00;0.00;0;0;0
1;6;0.00;0.00;0;0;0
1;17;0.00;0.00;0;0;0
1;8;0.00;0.00;0;0;0
1;7;0.00;0.00;0;0;0
1;8;0.00;0.00;0;0;0
1;8;0.00;0.00;0;0;0
1;8;0.00;0.00;0;0;0
1;9;0.00;0.00;0;0;0
1;8;0.00;0.00;0;0;0
1;8;0.00;0.00;0;0;0
1;8;0.00;0.00;0;0;0
1;8;0.00;0.00;0;0;0
1;10;0.00;0.00;0;0;0
1;8;0.00;0.00;0;0;0
1;7;0.00;0.00;0;0;0
1;9;0.00;0.00;0;0;0
1;8;0.00;0.00;0;0;0
1;9;0.00;0.00;0;0;0
1;7;0.00;0.00;0;0;0
1;8;0.00;0.00;0;0;0
1;9;0.00;0.00;0;0;0
1;8;0.00;0.00;0;0;0
1;8;0.00;0.00;0;0;0
1;8;0.00;0.00;0;0;0
1;11;0.00;0.00;0;0;0
1;19;0.00;0.00;0;0;0
1;8;0.00;0.00;0;0;0
1;7;0.00;0.00;0;0;0
1;8;0.00;0.00;0;0;0
1;8;0.00;0.00;0;0;0
1;8;0.00;0.00;0;0;0
1;9;0.00;0.00;0;0;0
1;8;0.00;0.00;0;0;0
1;8;0.00;0.00;0;0;0
1;8;0.00;0.00;0;0;0
1;8;0.00;0.00;0;0;0
1;9;0.00;0.00;0;0;0
1;19;0.00;0.00;0;0;0
1;12;0.00;0.00;0;0;0
1;6;0.00;0.00;0;0;0
1;9;0.00;0.00;0;0;0
1;7;0.00;0.00;0;0;0
1;8;0.00;0.00;0;0;0
1;8;0.00;0.00;0;0;0
1;9;0.00;0.00;0;0;0
1;8;0.00;0.00;0;0;0
1;9;0.00;0.00;0;0;0
1;12;0.00;0.00;0;0;0
1;7;0.00;0.00;0;0;0
1;9;0.00;0.00;0;0;0
1;12;0.00;0.00;0;0;0
1;10;0.00;0.00;0;0;0
1;7;0.00;0.00;0;0;0
1;8;0.00;0.00;0;0;0
1;7;0.00;0.00;0;0;0
1;9;0.00;0.00;0;0;0
1;8;0.00;0.00;0;0;0
1;14;0.00;0.00;0;0;0
1;6;0.00;0.00;0;0;0
1;9;0.00;0.00;0;0;0
1;8;0.00;0.00;0;0;0
1;11;0.00;0.00;0;0;0
1;6;0.00;0.00;0;0;0
1;7;0.00;0.00;0;0;0
1;8;0.00;0.00;0;0;0
1;9;0.00;0.00;0;0;0
1;8;0.00;0.00;0;0;0
1;8;0.00;0.00;0;0;0
1;8;0.00;0.00;0;0;0
1;13;0.00;0.00;0;0;0
1;8;0.00;0.00;0;0;0
1;8;0.00;0.00;0;0;0
1;8;0.00;0.00;0;0;0
1;8;0.00;0.00;0;0;0
1;8;0.00;0.00;0;0;0
1;9;0.00;0.00;0;0;0
1;14;0.00;0.00;0;0;0
1;7;0.00;0.00;0;0;0
1;9;0.00;0.00;0;0;0
1;8;0.00;0.00;0;0;0
1;7;0.00;0.00;0;0;0
1;8;0.00;0.00;0;0;0
1;8;0.00;0.00;0;0;0
1;8;0.00;0.00;0;0;0
1;18;0.00;0.00;0;0;0
1;7;0.00;0.00;0;0;0
1;8;0.00;0.00;0;0;0
1;8;0.00;0.00;0;0;0
1;8;0.00;0.00;0;0;0
1;9;0.00;0.00;0;0;0
1;8;0.00;0.00;0;0;0
1;9;0.00;0.00;0;0;0
1;10;0.00;0.00;0;0;0
1;10;0.00;0.00;0;0;0
1;4;0.00;0.00;0;0;0
1;8;0.00;0.00;0;0;0
1;11;0.00;0.00;0;0;0
1;9;0.00;0.00;0;0;0
1;8;0.00;0.00;0;0;0
1;9;0.00;0.00;0;0;0
1;19;0.00;0.00;0;0;0
1;5;0.00;0.00;0;0;0
1;9;0.00;0.00;0;0;0
1;8;0.00;0.00;0;0;0
1;9;0.00;0.00;0;0;0
1;7;0.00;0.00;0;0;0
1;11;0.00;0.00;0;0;0
1;6;0.00;0.00;0;0;0
1;10;0.00;0.00;0;0;0
1;6;0.00;0.00;0;0;0
1;16;0.00;0.00;0;0;0
1;12;0.00;0.00;0;0;0
1;9;0.00;0.00;0;0;0
1;8;0.00;0.00;0;0;0
1;8;0.00;0.00;0;0;0
1;8;0.00;0.00;0;0;0
1;8;0.00;0.00;0;0;0
1;12;0.00;0.00;0;0;0
1;5;0.00;0.00;0;0;0
1;8;0.00;0.00;0;0;0
1;8;0.00;0.00;0;0;0
1;15;0.00;0.00;0;0;0
1;10;0.00;0.00;0;0;0
1;8;0.00;0.00;0;0;0
1;8;0.00;0.00;0;0;0
1;8;0.00;0.00;0;0;0
1;10;0.02;0.00;1;0;0
1;7;0.00;0.00;0;0;0
1;8;0.00;0.00;0;0;0
1;8;0.00;0.00;0;0;0
1;8;0.00;0.00;0;0;0
1;8;0.00;0.00;0;0;0
1;9;0.00;0.00;0;0;0
1;8;0.00;0.00;0;0;0
1;9;0.02;0.00;1;0;0
1;7;0.00;0.00;0;0;0
1;10;0.00;0.00;0;0;0
1;8;0.00;0.00;0;0;0
1;7;0.00;0.00;0;0;0
1;8;0.00;0.00;0;0;0
1;8;0.00;0.00;0;0;0
1;8;0.00;0.00;0;0;0
1;9;0.00;0.00;0;0;0
1;8;0.00;0.00;0;0;0
1;19;0.02;0.00;1;0;0
1;7;0.00;0.00;0;0;0
1;7;0.00;0.00;0;0;0
1;8;0.00;0.00;0;0;0
1;13;0.00;0.00;0;0;0
1;7;0.00;0.00;0;0;0
1;8;0.00;0.00;0;0;0
1;9;0.00;0.00;0;0;0
1;8;0.02;0.00;1;0;0
1;8;0.00;0.00;0;0;0
1;8;0.00;0.00;0;0;0
1;11;0.00;0.00;0;0;0
1;7;0.00;0.00;0;0;0
1;7;0.00;0.00;0;0;0
1;8;0.00;0.00;0;0;0
1;34;0.02;0.00;1;0;0
1;17;0.00;0.00;0;0;0
1;10;0.00;0.00;0;0;0
1;9;0.00;0.00;0;0;0
1;8;0.00;0.00;0;0;0
1;8;0.02;0.00;1;0;0
1;11;0.00;0.00;0;0;0
1;6;0.00;0.00;0;0;0
1;12;0.00;0.00;0;0;0
1;4;0.00;0.00;0;0;0
1;12;0.00;0.00;0;0;0
1;5;0.00;0.00;0;0;0
1;9;0.02;0.00;1;0;0
1;8;0.00;0.00;0;0;0
1;7;0.00;0.00;0;0;0
1;8;0.00;0.00;0;0;0
1;8;0.00;0.00;0;0;0
1;8;0.00;0.00;0;0;0
1;8;0.02;0.00;1;0;0
1;9;0.00;0.00;0;0;0
1;8;0.00;0.00;0;0;0
1;12;0.00;0.00;0;0;0
1;5;0.00;0.00;0;0;0
1;7;0.01;0.02;0;-1;0
1;9;0.00;0.00;0;0;0
1;8;0.00;0.00;0;0;0
1;8;0.00;0.00;0;0;0
1;8;0.00;0.00;0;0;0
1;8;0.02;0.00;1;0;0
1;10;0.00;0.00;0;0;0
1;8;0.00;0.00;0;0;0
1;7;0.01;0.02;0;-1;0
1;12;0.00;0.00;0;0;0
1;8;0.00;0.00;0;0;0
1;9;0.02;0.00;1;0;0
1;8;0.00;0.00;0;0;0
1;9;0.00;0.00;0;0;0
1;7;0.00;0.00;0;0;0
1;10;0.01;0.02;0;-1;0
1;7;0.00;0.00;0;0;0
1;9;0.02;0.00;1;0;0
1;7;0.00;0.00;0;0;0
1;8;0.00;0.00;0;0;0
1;8;0.00;0.00;0;0;0
1;10;0.00;0.00;0;0;0
1;7;0.04;0.02;1;-1;0
1;9;0.00;0.00;0;0;0
1;7;0.00;0.00;0;0;0
1;9;0.00;0.00;0;0;0
1;15;0.00;0.00;0;0;0
1;6;0.00;0.00;0;0;0
1;7;0.01;0.02;0;-1;0
1;8;0.00;0.00;0;0;0
1;14;0.02;0.00;1;0;0
1;7;0.00;0.00;0;0;0
1;10;0.00;0.00;0;0;0
1;7;0.00;0.00;0;0;0
1;8;0.00;0.00;0;0;0
1;7;0.01;0.02;0;-1;0
1;13;0.02;0.00;1;0;0
1;10;0.00;0.00;0;0;0
1;8;0.00;0.00;0;0;0
1;7;0.00;0.00;0;0;0
1;12;0.00;0.00;0;0;0
1;11;0.04;0.02;1;-1;0
1;6;0.00;0.00;0;0;0
1;7;0.00;0.00;0;0;0
1;8;0.00;0.00;0;0;0
1;13;0.00;0.00;0;0;0
1;8;0.02;0.00;1;0;0
1;9;0.00;0.00;0;0;0
1;7;0.01;0.02;0;-1;0
1;8;0.00;0.00;0;0;0
1;9;0.00;0.00;0;0;0
1;8;0.00;0.00;0;0;0
1;12;0.02;0.00;1;0;0
1;12;0.00;0.00;0;0;0
1;15;0.01;0.02;0;-1;0
1;7;0.00;0.00;0;0;0
1;7;0.00;0.00;0;0;0
1;8;0.00;0.00;0;0;0
1;8;0.00;0.00;0;0;0
1;9;0.02;0.00;1;0;0
1;8;0.01;0.02;0;-1;0
1;8;0.00;0.00;0;0;0
1;8;0.00;0.00;0;0;0
1;8;0.00;0.00;0;0;0
1;9;0.00;0.00;0;0;0
1;8;0.02;0.00;1;0;0
1;8;0.00;0.00;0;0;0
1;8;0.00;0.00;0;0;0
1;8;0.01;0.02;0;-1;0
1;9;0.00;0.00;0;0;0
1;8;0.00;0.00;0;0;0
1;8;0.02;0.00;1;0;0
1;8;0.00;0.00;0;0;0
1;8;0.00;0.00;0;0;0
1;9;0.00;0.00;0;0;0
1;8;0.00;0.00;0;0;0
1;8;0.04;0.02;1;-1;0
1;8;0.00;0.00;0;0;0
1;10;0.00;0.00;0;0;0
1;6;0.00;0.00;0;0;0
1;10;0.00;0.00;0;0;0
1;7;0.00;0.00;0;0;0
1;9;0.01;0.02;0;-1;0
1;7;0.02;0.00;1;0;0
1;8;0.00;0.00;0;0;0
1;9;0.00;0.00;0;0;0
1;8;0.00;0.00;0;0;0
1;8;0.00;0.00;0;0;0
1;8;0.00;0.00;0;0;0
1;8;0.01;0.02;0;-1;0
1;10;0.02;0.00;1;0;0
1;7;0.00;0.00;0;0;0
1;8;0.00;0.00;0;0;0
1;8;0.00;0.00;0;0;0
1;8;0.00;0.00;0;0;0
1;9;0.02;0.00;1;0;0
1;8;0.00;0.00;0;0;0
1;8;0.01;0.02;0;-1;0
1;8;0.00;0.00;0;0;0
1;8;0.00;0.00;0;0;0
1;8;0.00;0.00;0;0;0
1;9;0.02;0.00;1;0;0
1;12;0.00;0.00;0;0;0
1;8;0.00;0.00;0;0;0
1;8;0.01;0.02;0;-1;0
1;10;0.00;0.00;0;0;0
1;7;0.00;0.00;0;0;0
1;9;0.02;0.00;1;0;0
1;7;0.00;0.00;0;0;0
1;8;0.00;0.00;0;0;0
1;16;0.01;0.02;0;-1;0
1;6;0.00;0.00;0;0;0
1;7;0.00;0.00;0;0;0
1;9;0.02;0.00;1;0;0
1;9;0.00;0.00;0;0;0
1;9;0.00;0.00;0;0;0
1;6;0.00;0.00;0;0;0
1;9;0.01;0.02;0;-1;0
1;8;0.02;0.00;1;0;0
1;8;0.00;0.00;0;0;0
1;8;0.00;0.00;0;0;0
1;8;0.00;0.00;0;0;0
1;8;0.00;0.00;0;0;0
1;10;0.00;0.00;0;0;0
1;7;0.02;0.00;1;0;0
1;7;0.01;0.02;0;-1;0
1;10;0.00;0.00;0;0;0
1;7;0.00;0.00;0;0;0
1;9;0.00;0.00;0;0;0
1;7;0.00;0.00;0;0;0
1;8;0.00;0.00;0;0;0
1;9;0.02;0.00;1;0;0
1;8;0.00;0.00;0;0;0
1;8;0.00;0.00;0;0;0
1;13;0.01;0.02;0;-1;0
1;13;0.00;0.00;0;0;0
1;7;0.00;0.00;0;0;0
1;10;0.02;0.00;1;0;0
1;12;0.00;0.00;0;0;0
1;6;0.00;0.00;0;0;0
1;13;0.01;0.02;0;-1;0
1;8;0.02;0.00;1;0;0
1;8;0.00;0.00;0;0;0
1;8;0.02;0.00;1;0;0
1;9;0.00;0.00;0;0;0
1;10;0.02;0.00;1;0;0
1;6;0.00;0.00;0;0;0
1;8;0.00;0.00;0;0;0
1;9;0.04;0.02;1;-1;0
1;23;0.05;0.00;2;0;0
1;7;0.00;0.00;0;0;0
1;9;0.02;0.00;1;0;0
1;5;0.00;0.00;0;0;0
1;9;0.04;0.02;1;-1;0
1;8;0.00;0.00;0;0;0
1;11;0.02;0.00;1;0;0
1;5;0.02;0.00;1;0;0
1;8;0.00;0.00;0;0;0
1;8;0.04;0.02;1;-1;0
1;12;0.00;0.00;0;0;0
1;5;0.00;0.00;0;0;0
1;9;0.02;0.00;1;0;0
1;7;0.00;0.00;0;0;0
1;12;0.01;0.02;0;-1;0
1;6;0.02;0.00;1;0;0
1;9;0.00;0.00;0;0;0
1;6;0.00;0.00;0;0;0
1;9;0.00;0.00;0;0;0
1;7;0.01;0.02;0;-1;0
1;15;0.00;0.00;0;0;0
1;7;0.00;0.00;0;0;0
1;18;0.00;0.00;0;0;0
1;5;0.00;0.00;0;0;0
1;15;0.00;0.00;0;0;0
1;6;0.02;0.00;1;0;0
1;11;0.00;0.00;0;0;0
1;6;0.01;0.02;0;-1;0
1;11;0.00;0.00;0;0;0
1;5;0.00;0.00;0;0;0
1;10;0.00;0.00;0;0;0
1;6;0.00;0.00;0;0;0
1;10;0.00;0.00;0;0;0
1;8;0.02;0.00;1;0;0
1;8;0.00;0.00;0;0;0
1;7;0.00;0.00;0;0;0
1;12;0.01;0.02;0;-1;0
1;19;0.02;0.00;1;0;0
1;6;0.02;0.00;1;0;0
1;8;0.00;0.00;0;0;0
1;15;0.02;0.00;1;0;0
1;6;0.00;0.00;0;0;0
1;8;0.04;0.02;1;-1;0
1;10;0.00;0.00;0;0;0
1;8;0.02;0.00;1;0;0
1;7;0.00;0.00;0;0;0
1;7;0.02;0.00;1;0;0
1;12;0.00;0.00;0;0;0
1;7;0.04;0.02;1;-1;0
1;6;0.00;0.00;0;0;0
1;9;0.02;0.00;1;0;0
1;8;0.00;0.00;0;0;0
1;9;0.02;0.00;1;0;0
1;9;0.02;0.00;1;0;0
1;6;0.01;0.02;0;-1;0
1;8;0.00;0.00;0;0;0
1;8;0.02;0.00;1;0;0
1;8;0.00;0.00;0;0;0
1;9;0.00;0.00;0;0;0
1;8;0.02;0.00;1;0;0
1;8;0.00;0.00;0;0;0
1;8;0.01;0.02;0;-1;0
1;8;0.00;0.00;0;0;0
1;9;0.00;0.00;0;0;0
1;8;0.00;0.00;0;0;0
1;8;0.00;0.00;0;0;0
1;8;0.01;0.02;0;-1;0
1;11;0.00;0.00;0;0;0
1;5;0.00;0.00;0;0;0
1;8;0.00;0.00;0;0;0
1;8;0.02;0.00;1;0;0
1;8;0.00;0.00;0;0;0
1;8;0.00;0.00;0;0;0
1;12;0.00;0.00;0;0;0
1;5;0.00;0.00;0;0;0
1;16;0.01;0.02;0;-1;0
1;8;0.00;0.00;0;0;0
1;9;0.00;0.00;0;0;0
1;8;0.02;0.00;1;0;0
1;8;0.00;0.00;0;0;0
1;8;0.00;0.00;0;0;0
1;8;0.00;0.00;0;0;0
1;8;0.01;0.02;0;-1;0
1;9;0.02;0.00;1;0;0
1;10;0.00;0.00;0;0;0
1;6;0.00;0.00;0;0;0
1;8;0.02;0.00;1;0;0
1;8;0.00;0.00;0;0;0
1;9;0.04;0.02;1;-1;0
1;8;0.00;0.00;0;0;0
1;13;0.02;0.00;1;0;0
1;19;0.01;0.02;1;0;1
1;5;0.00;0.00;0;0;0
1;8;0.02;0.00;1;0;0
1;8;0.01;0.02;0;-1;0
1;8;0.02;0.00;1;0;0
1;8;0.00;0.00;0;0;0
1;9;0.02;0.00;1;0;0
1;8;0.00;0.00;0;0;0
1;8;0.04;0.02;1;-1;0
1;8;0.00;0.00;0;0;0
1;9;0.02;0.00;1;0;0
1;14;0.02;0.00;1;0;0
1;6;0.01;0.02;0;-1;0
1;9;0.00;0.00;0;0;0
1;8;0.02;0.00;1;0;0
1;10;0.00;0.00;0;0;0
1;6;0.04;0.02;1;-1;0
1;9;0.00;0.00;0;0;0
1;7;0.00;0.00;0;0;0
1;10;0.00;0.00;0;0;0
1;14;0.02;0.00;1;0;0
1;7;0.01;0.02;0;-1;0
1;6;0.00;0.00;0;0;0
1;26;0.00;0.00;0;0;0
1;7;0.02;0.00;1;0;0
1;8;0.01;0.02;0;-1;0
1;8;0.00;0.00;0;0;0
1;8;0.00;0.00;0;0;0
1;13;0.00;0.00;0;0;0
1;14;0.00;0.00;0;0;0
1;7;0.00;0.00;0;0;0
1;7;0.00;0.00;0;0;0
1;11;0.01;0.02;0;-1;0
1;6;0.02;0.00;1;0;0
1;8;0.00;0.00;0;0;0
1;8;0.00;0.00;0;0;0
1;8;0.00;0.00;0;0;0
1;8;0.00;0.00;0;0;0
1;9;0.00;0.00;0;0;0
1;9;0.00;0.00;0;0;0
1;10;0.04;0.02;1;-1;0
1;5;0.00;0.00;0;0;0
1;9;0.00;0.00;0;0;0
1;8;0.00;0.00;0;0;0
1;9;0.00;0.00;0;0;0
1;7;0.00;0.00;0;0;0
1;8;0.01;0.02;0;-1;0
1;8;0.02;0.00;1;0;0
1;8;0.00;0.00;0;0;0
1;9;0.00;0.00;0;0;0
1;8;0.02;0.00;1;0;0
1;13;0.00;0.00;0;0;0
1;7;0.02;0.00;1;0;0
1;9;0.00;0.00;0;0;0
1;8;0.04;0.02;1;-1;0
1;8;0.00;0.00;0;0;0
1;8;0.02;0.00;1;0;0
1;8;0.00;0.00;0;0;0
1;10;0.02;0.00;1;0;0
1;8;0.00;0.00;0;0;0
1;10;0.02;0.00;1;0;0
1;5;0.01;0.02;0;-1;0
1;8;0.02;0.00;1;0;0
1;8;0.00;0.00;0;0;0
1;10;0.02;0.00;1;0;0
1;7;0.00;0.00;0;0;0
1;13;0.04;0.02;1;-1;0
1;12;0.02;0.00;1;0;0
1;9;0.02;0.00;1;0;0
1;12;0.00;0.00;0;0;0
1;7;0.04;0.02;1;-1;0
1;15;0.00;0.00;0;0;0
1;9;0.02;0.00;1;0;0
1;10;0.00;0.00;0;0;0
1;8;0.01;0.02;0;-1;0
1;7;0.00;0.00;0;0;0
1;8;0.02;0.00;1;0;0
1;9;0.00;0.00;0;0;0
1;8;0.00;0.00;0;0;0
1;8;0.01;0.02;0;-1;0
1;8;0.00;0.00;0;0;0
1;8;0.00;0.00;0;0;0
1;9;0.00;0.00;0;0;0
1;8;0.00;0.00;0;0;0
1;8;0.00;0.00;0;0;0
1;8;0.02;0.00;1;0;0
1;8;0.01;0.02;0;-1;0
1;9;0.00;0.00;0;0;0
1;8;0.00;0.00;0;0;0
1;8;0.00;0.00;0;0;0
1;8;0.00;0.00;0;0;0
1;8;0.00;0.00;0;0;0
1;8;0.00;0.00;0;0;0
1;10;0.02;0.00;1;0;0
1;10;0.01;0.02;0;-1;0
1;5;0.00;0.00;0;0;0
1;8;0.00;0.00;0;0;0
1;8;0.00;0.00;0;0;0
1;11;0.00;0.00;0;0;0
1;6;0.00;0.00;0;0;0
1;8;0.02;0.00;1;0;0
1;8;0.00;0.00;0;0;0
1;8;0.01;0.02;0;-1;0
1;9;0.00;0.00;0;0;0
1;8;0.00;0.00;0;0;0
1;10;0.00;0.00;0;0;0
1;6;0.00;0.00;0;0;0
1;8;0.02;0.00;1;0;0
1;9;0.00;0.00;0;0;0
1;12;0.01;0.02;0;-1;0
1;8;0.00;0.00;0;0;0
1;8;0.00;0.00;0;0;0
1;8;0.00;0.00;0;0;0
1;9;0.00;0.00;0;0;0
1;9;0.02;0.00;1;0;0
1;7;0.01;0.02;0;-1;0
1;12;0.00;0.00;0;0;0
1;10;0.00;0.00;0;0;0
1;11;0.00;0.00;0;0;0
1;8;0.00;0.00;0;0;0
1;14;0.02;0.00;1;0;0
1;8;0.01;0.02;0;-1;0
1;8;0.00;0.00;0;0;0
1;8;0.00;0.00;0;0;0
1;13;0.02;0.00;1;0;0
1;6;0.00;0.00;0;0;0
1;10;0.00;0.00;0;0;0
1;8;0.00;0.00;0;0;0
1;14;0.01;0.02;0;-1;0
1;6;0.00;0.00;0;0;0
1;7;0.02;0.00;1;0;0
1;11;0.00;0.00;0;0;0
1;12;0.00;0.00;0;0;0
1;6;0.01;0.02;0;-1;0
1;23;0.00;0.00;0;0;0
1;6;0.02;0.00;1;0;0
1;9;0.00;0.00;0;0;0
1;9;0.00;0.00;0;0;0
1;7;0.01;0.02;0;-1;0
1;7;0.00;0.00;0;0;0
1;9;0.00;0.00;0;0;0
1;8;0.02;0.00;1;0;0
1;8;0.00;0.00;0;0;0
1;8;0.00;0.00;0;0;0
1;9;0.01;0.02;0;-1;0
1;25;0.02;0.00;1;0;0
1;11;0.00;0.00;0;0;0
1;8;0.00;0.00;0;0;0
1;17;0.01;0.02;0;-1;0
1;15;0.02;0.00;1;0;0
1;9;0.00;0.00;0;0;0
1;9;0.00;0.00;0;0;0
1;12;0.00;0.00;0;0;0
1;4;0.00;0.00;0;0;0
1;17;0.00;0.00;0;0;0
1;9;0.00;0.00;0;0;0
1;7;0.00;0.00;0;0;0
1;8;0.00;0.00;0;0;0
1;8;0.00;0.00;0;0;0
1;8;0.02;0.00;1;0;0
1;9;0.00;0.00;0;0;0
1;9;0.00;0.00;0;0;0
1;7;0.00;0.00;0;0;0
1;8;0.00;0.00;0;0;0
1;8;0.00;0.00;0;0;0
1;10;0.02;0.00;1;0;0
1;7;0.00;0.00;0;0;0
1;18;0.00;0.00;0;0;0
1;7;0.00;0.00;0;0;0
1;7;0.00;0.00;0;0;0
1;9;0.02;0.00;1;0;0
1;8;0.00;0.00;0;0;0
1;8;0.00;0.00;0;0;0
1;8;0.00;0.00;0;0;0
1;8;0.00;0.00;0;0;0
1;11;0.00;0.00;0;0;0
1;6;0.02;0.00;1;0;0
1;8;0.00;0.00;0;0;0
1;8;0.00;0.00;0;0;0
1;13;0.00;0.00;0;0;0
1;8;0.00;0.00;0;0;0
1;8;0.02;0.00;1;0;0
1;8;0.00;0.00;0;0;0
1;30;0.00;0.00;0;0;0
1;7;0.00;0.00;0;0;0
1;8;0.02;0.00;1;0;0
1;8;0.00;0.00;0;0;0
1;9;0.00;0.00;0;0;0
1;8;0.00;0.00;0;0;0
1;8;0.00;0.00;0;0;0
1;8;0.00;0.00;0;0;0
1;8;0.02;0.00;1;0;0
1;8;0.00;0.00;0;0;0
1;9;0.00;0.00;0;0;0
1;8;0.00;0.00;0;0;0
1;8;0.00;0.00;0;0;0
1;8;0.00;0.00;0;0;0
1;8;0.02;0.00;1;0;0
1;9;0.00;0.00;0;0;0
1;8;0.00;0.00;0;0;0
1;8;0.00;0.00;0;0;0
1;8;0.00;0.00;0;0;0
1;8;0.00;0.00;0;0;0
1;9;0.02;0.00;1;0;0
1;8;0.00;0.00;0;0;0
1;8;0.00;0.00;0;0;0
1;8;0.00;0.00;0;0;0
1;8;0.00;0.00;0;0;0
1;9;0.00;0.00;0;0;0
1;10;0.02;0.00;1;0;0
1;6;0.00;0.00;0;0;0
1;8;0.00;0.00;0;0;0
1;8;0.00;0.00;0;0;0
1;9;0.00;0.00;0;0;0
1;8;0.00;0.00;0;0;0
1;8;0.02;0.00;1;0;0
1;8;0.00;0.00;0;0;0
1;8;0.00;0.00;0;0;0
1;8;0.00;0.00;0;0;0
1;9;0.00;0.00;0;0;0
1;8;0.00;0.00;0;0;0
1;10;0.02;0.00;1;0;0
1;6;0.00;0.00;0;0;0
1;8;0.00;0.00;0;0;0
1;9;0.00;0.00;0;0;0
1;11;0.00;0.00;0;0;0
1;7;0.00;0.00;0;0;0
1;6;0.00;0.00;0;0;0
1;9;0.02;0.00;1;0;0
1;22;0.00;0.00;0;0;0
1;6;0.00;0.00;0;0;0
1;12;0.00;0.00;0;0;0
1;9;0.02;0.00;1;0;0
1;8;0.00;0.00;0;0;0
1;8;0.00;0.00;0;0;0
1;8;0.00;0.00;0;0;0
1;8;0.00;0.00;0;0;0
1;9;0.00;0.00;0;0;0
1;8;0.02;0.00;1;0;0
1;8;0.00;0.00;0;0;0
1;8;0.00;0.00;0;0;0
1;9;0.00;0.00;0;0;0
1;7;0.00;0.00;0;0;0
1;15;0.00;0.00;0;0;0
1;6;0.02;0.00;1;0;0
1;8;0.00;0.00;0;0;0
1;8;0.00;0.00;0;0;0
1;9;0.00;0.00;0;0;0
1;12;0.00;0.00;0;0;0
1;8;0.02;0.00;1;0;0
1;8;0.00;0.00;0;0;0
1;8;0.00;0.00;0;0;0
1;13;0.00;0.00;0;0;0
1;8;0.00;0.00;0;0;0
1;8;0.00;0.00;0;0;0
1;10;0.02;0.00;1;0;0
1;6;0.00;0.00;0;0;0
1;10;0.00;0.00;0;0;0
1;15;0.00;0.00;0;0;0
1;10;0.00;0.00;0;0;0
1;7;0.00;0.00;0;0;0
1;8;0.02;0.00;1;0;0
1;9;0.00;0.00;0;0;0
1;8;0.00;0.00;0;0;0
1;7;0.00;0.00;0;0;0
1;15;0.00;0.00;0;0;0
1;6;0.00;0.00;0;0;0
1;8;0.02;0.00;1;0;0
1;8;0.00;0.00;0;0;0
1;8;0.00;0.00;0;0;0
1;8;0.00;0.00;0;0;0
1;9;0.00;0.00;0;0;0
1;8;0.00;0.00;0;0;0
1;12;0.02;0.00;1;0;0
1;8;0.00;0.00;0;0;0
1;8;0.00;0.00;0;0;0
1;9;0.00;0.00;0;0;0
1;8;0.00;0.00;0;0;0
1;8;0.00;0.00;0;0;0
1;8;0.02;0.00;1;0;0
1;8;0.00;0.00;0;0;0
1;11;0.00;0.00;0;0;0
1;6;0.00;0.00;0;0;0
1;8;0.00;0.00;0;0;0
1;8;0.00;0.00;0;0;0
1;8;0.02;0.00;1;0;0
1;9;0.00;0.00;0;0;0
1;8;0.00;0.00;0;0;0
1;8;0.00;0.00;0;0;0
1;8;0.00;0.00;0;0;0
1;12;0.00;0.00;0;0;0
1;9;0.02;0.00;1;0;0
1;8;0.00;0.00;0;0;0
1;8;0.00;0.00;0;0;0
1;8;0.00;0.00;0;0;0
1;8;0.00;0.00;0;0;0
1;14;0.00;0.00;0;0;0
1;11;0.02;0.00;1;0;0
1;8;0.00;0.00;0;0;0
1;8;0.00;0.00;0;0;0
1;10;0.00;0.00;0;0;0
1;7;0.00;0.00;0;0;0
1;8;0.00;0.00;0;0;0
1;13;0.02;0.00;1;0;0
1;9;0.00;0.00;0;0;0
1;7;0.00;0.00;0;0;0
1;8;0.00;0.00;0;0;0
1;8;0.00;0.00;0;0;0
1;8;0.00;0.00;0;0;0
1;8;0.00;0.00;0;0;0
1;9;0.02;0.00;1;0;0
1;8;0.00;0.00;0;0;0
1;8;0.00;0.00;0;0;0
1;8;0.00;0.00;0;0;0
1;8;0.00;0.00;0;0;0
1;9;0.00;0.00;0;0;0
1;13;0.02;0.00;1;0;0
1;7;0.00;0.00;0;0;0
1;8;0.00;0.00;0;0;0
1;16;0.00;0.00;0;0;0
1;5;0.00;0.00;0;0;0
1;8;0.00;0.00;0;0;0
1;8;0.00;0.00;0;0;0
1;8;0.02;0.00;1;0;0
1;8;0.00;0.00;0;0;0
1;9;0.00;0.00;0;0;0
1;11;0.00;0.00;0;0;0
1;5;0.00;0.00;0;0;0
1;10;0.00;0.00;0;0;0
1;6;0.00;0.00;0;0;0
1;9;0.02;0.00;1;0;0
1;8;0.00;0.00;0;0;0
1;9;0.00;0.00;0;0;0
1;7;0.00;0.00;0;0;0
1;8;0.00;0.00;0;0;0
1;9;0.00;0.00;0;0;0
1;8;0.00;0.00;0;0;0
1;8;0.02;0.00;1;0;0
1;8;0.00;0.00;0;0;0
1;8;0.00;0.00;0;0;0
1;9;0.00;0.00;0;0;0
1;9;0.00;0.00;0;0;0
1;12;0.00;0.00;0;0;0
1;10;0.02;0.00;1;0;0
1;5;0.00;0.00;0;0;0
1;9;0.00;0.00;0;0;0
1;8;0.00;0.00;0;0;0
1;16;0.00;0.00;0;0;0
1;8;0.00;0.00;0;0;0
1;18;0.02;0.00;1;0;0
1;7;0.00;0.00;0;0;0
1;8;0.00;0.00;0;0;0
1;12;0.00;0.00;0;0;0
1;16;0.00;0.00;0;0;0
1;5;0.00;0.00;0;0;0
1;8;0.02;0.00;1;0;0
1;9;0.00;0.00;0;0;0
1;8;0.00;0.00;0;0;0
1;8;0.00;0.00;0;0;0
1;8;0.00;0.00;0;0;0
1;8;0.00;0.00;0;0;0
1;10;0.00;0.00;0;0;0
1;7;0.00;0.00;0;0;0
1;28;0.02;0.00;1;0;0
1;8;0.00;0.00;0;0;0
1;13;0.00;0.00;0;0;0
1;8;0.00;0.00;0;0;0
1;8;0.00;0.00;0;0;0
1;10;0.00;0.00;0;0;0
1;6;0.02;0.00;1;0;0
1;9;0.00;0.00;0;0;0
1;8;0.00;0.00;0;0;0
1;10;0.00;0.00;0;0;0
1;10;0.00;0.00;0;0;0
1;10;0.00;0.00;0;0;0
1;7;0.00;0.00;0;0;0
1;8;0.02;0.00;1;0;0
1;8;0.00;0.00;0;0;0
1;8;0.00;0.00;0;0;0
1;7;0.00;0.00;0;0;0
1;9;0.00;0.00;0;0;0
1;9;0.00;0.00;0;0;0
1;11;0.02;0.00;1;0;0
1;9;0.00;0.00;0;0;0
1;7;0.00;0.00;0;0;0
1;16;0.00;0.00;0;0;0
1;14;0.00;0.00;0;0;0
1;8;0.00;0.00;0;0;0
1;14;0.00;0.00;0;0;0
1;8;0.02;0.00;1;0;0
1;15;0.00;0.00;0;0;0
1;11;0.00;0.00;0;0;0
1;7;0.00;0.00;0;0;0
1;7;0.00;0.00;0;0;0
1;11;0.00;0.00;0;0;0
1;5;0.00;0.00;0;0;0
1;8;0.02;0.00;1;0;0
1;29;0.00;0.00;0;0;0
1;8;0.00;0.00;0;0;0
1;8;0.00;0.00;0;0;0
1;9;0.01;0.02;0;-1;0
1;7;0.02;0.00;1;0;0
1;9;0.00;0.00;0;0;0
1;8;0.00;0.00;0;0;0
1;8;0.00;0.00;0;0;0
1;9;0.00;0.00;0;0;0
1;8;0.00;0.00;0;0;0
1;8;0.00;0.00;0;0;0
1;8;0.01;0.02;0;-1;0
1;8;0.00;0.00;0;0;0
1;12;0.02;0.00;1;0;0
1;11;0.00;0.00;0;0;0
1;7;0.00;0.00;0;0;0
1;7;0.00;0.00;0;0;0
1;8;0.01;0.02;0;-1;0
1;7;0.00;0.00;0;0;0
1;13;0.02;0.00;1;0;0
1;5;0.00;0.00;0;0;0
1;8;0.00;0.00;0;0;0
1;7;0.00;0.00;0;0;0
1;9;0.01;0.02;0;-1;0
1;9;0.00;0.00;0;0;0
1;8;0.00;0.00;0;0;0
1;9;0.00;0.00;0;0;0
1;7;0.00;0.00;0;0;0
1;8;0.02;0.00;1;0;0
1;9;0.00;0.00;0;0;0
1;8;0.00;0.00;0;0;0
1;10;0.01;0.02;0;-1;0
1;6;0.00;0.00;0;0;0
1;8;0.00;0.00;0;0;0
1;9;0.02;0.00;1;0;0
1;8;0.00;0.00;0;0;0
1;8;0.00;0.00;0;0;0
1;11;0.00;0.00;0;0;0
1;5;0.00;0.00;0;0;0
1;13;0.04;0.02;1;-1;0
1;8;0.00;0.00;0;0;0
1;8;0.00;0.00;0;0;0
1;9;0.00;0.00;0;0;0
1;7;0.00;0.00;0;0;0
1;9;0.00;0.00;0;0;0
1;8;0.02;0.00;1;0;0
1;23;0.01;0.02;0;-1;0
1;5;0.00;0.00;0;0;0
1;9;0.00;0.00;0;0;0
1;8;0.00;0.00;0;0;0
1;8;0.00;0.00;0;0;0
1;7;0.00;0.00;0;0;0
1;11;0.00;0.00;0;0;0
1;7;0.01;0.02;0;-1;0
1;8;0.00;0.00;0;0;0
1;7;0.00;0.00;0;0;0
1;9;0.02;0.00;1;0;0
1;8;0.00;0.00;0;0;0
1;9;0.00;0.00;0;0;0
1;8;0.01;0.02;0;-1;0
1;11;0.00;0.00;0;0;0
1;13;0.00;0.00;0;0;0
1;8;0.02;0.00;1;0;0
1;11;0.00;0.00;0;0;0
1;6;0.00;0.00;0;0;0
1;19;0.01;0.02;0;-1;0
1;9;0.02;0.00;1;0;0
1;10;0.00;0.00;0;0;0
1;7;0.00;0.00;0;0;0
1;8;0.00;0.00;0;0;0
1;8;0.00;0.00;0;0;0
1;12;0.01;0.02;0;-1;0
1;6;0.02;0.00;1;0;0
1;13;0.00;0.00;0;0;0
1;12;0.00;0.00;0;0;0
1;12;0.00;0.00;0;0;0
1;7;0.01;0.02;0;-1;0
1;8;0.00;0.00;0;0;0
1;7;0.02;0.00;1;0;0
1;8;0.00;0.00;0;0;0
1;9;0.00;0.00;0;0;0
1;8;0.00;0.00;0;0;0
1;11;0.01;0.02;0;-1;0
1;6;0.00;0.00;0;0;0
1;8;0.00;0.00;0;0;0
1;9;0.00;0.00;0;0;0
1;8;0.02;0.00;1;0;0
1;7;0.00;0.00;0;0;0
1;9;0.00;0.00;0;0;0
1;9;0.00;0.00;0;0;0
1;7;0.01;0.02;0;-1;0
1;9;0.00;0.00;0;0;0
1;8;0.02;0.00;1;0;0
1;7;0.00;0.00;0;0;0
1;11;0.00;0.00;0;0;0
1;6;0.00;0.00;0;0;0
1;9;0.00;0.00;0;0;0
1;15;0.04;0.02;1;-1;0
1;5;0.00;0.00;0;0;0
1;8;0.00;0.00;0;0;0
1;12;0.00;0.00;0;0;0
1;5;0.00;0.00;0;0;0
1;8;0.00;0.00;0;0;0
1;7;0.04;0.02;1;-1;0
1;9;0.00;0.00;0;0;0
1;17;0.00;0.00;0;0;0
1;7;0.00;0.00;0;0;0
1;8;0.00;0.00;0;0;0
1;8;0.00;0.00;0;0;0
1;9;0.04;0.02;1;-1;0
1;9;0.00;0.00;0;0;0
1;11;0.00;0.00;0;0;0
1;5;0.00;0.00;0;0;0
1;12;0.00;0.00;0;0;0
1;8;0.02;0.00;1;0;0
1;9;0.00;0.00;0;0;0
1;8;0.01;0.02;0;-1;0
1;12;0.00;0.00;0;0;0
1;7;0.00;0.00;0;0;0
1;24;0.02;0.00;1;0;0
1;6;0.00;0.00;0;0;0
1;11;0.01;0.02;0;-1;0
1;11;0.02;0.00;1;0;0
1;7;0.00;0.00;0;0;0
1;9;0.00;0.00;0;0;0
1;8;0.00;0.00;0;0;0
1;16;0.01;0.02;0;-1;0
1;9;0.00;0.00;0;0;0
1;7;0.02;0.00;1;0;0
1;8;0.00;0.00;0;0;0
1;8;0.00;0.00;0;0;0
1;7;0.00;0.00;0;0;0
1;10;0.00;0.00;0;0;0
1;10;0.01;0.02;0;-1;0
1;6;0.00;0.00;0;0;0
1;8;0.02;0.00;1;0;0
1;8;0.00;0.00;0;0;0
1;9;0.00;0.00;0;0;0
1;8;0.00;0.00;0;0;0
1;8;0.00;0.00;0;0;0
1;8;0.00;0.00;0;0;0
1;8;0.04;0.02;1;-1;0
1;8;0.00;0.00;0;0;0
1;8;0.00;0.00;0;0;0
1;11;0.00;0.00;0;0;0
1;6;0.00;0.00;0;0;0
1;8;0.02;0.00;1;0;0
1;7;0.00;0.00;0;0;0
1;15;0.00;0.00;0;0;0
1;8;0.01;0.02;0;-1;0
1;7;0.00;0.00;0;0;0
1;7;0.02;0.00;1;0;0
1;9;0.00;0.00;0;0;0
1;13;0.00;0.00;0;0;0
1;8;0.00;0.00;0;0;0
1;8;0.01;0.02;0;-1;0
1;9;0.00;0.00;0;0;0
1;12;0.02;0.00;1;0;0
1;8;0.00;0.00;0;0;0
1;8;0.00;0.00;0;0;0
1;8;0.00;0.00;0;0;0
1;8;0.01;0.02;0;-1;0
1;9;0.00;0.00;0;0;0
1;7;0.02;0.00;1;0;0
1;9;0.00;0.00;0;0;0
1;8;0.00;0.00;0;0;0
1;8;0.00;0.00;0;0;0
1;9;0.00;0.00;0;0;0
1;11;0.04;0.02;1;-1;0
1;8;0.00;0.00;0;0;0
1;11;0.00;0.00;0;0;0
1;19;0.00;0.00;0;0;0
1;8;0.02;0.00;1;0;0
1;8;0.00;0.00;0;0;0
1;10;0.01;0.02;0;-1;0
1;7;0.00;0.00;0;0;0
1;7;0.00;0.00;0;0;0
1;8;0.00;0.00;0;0;0
1;14;0.02;0.00;1;0;0
1;7;0.00;0.00;0;0;0
1;10;0.01;0.02;0;-1;0
1;10;0.00;0.00;0;0;0
1;9;0.00;0.00;0;0;0
1;8;0.02;0.00;1;0;0
1;26;0.00;0.00;0;0;0
1;7;0.01;0.02;0;-1;0
1;8;0.00;0.00;0;0;0
1;8;0.02;0.00;1;0;0
1;9;0.00;0.00;0;0;0
1;7;0.00;0.00;0;0;0
1;12;0.00;0.00;0;0;0
1;5;0.00;0.00;0;0;0
1;8;0.04;0.02;1;-1;0
1;9;0.00;0.00;0;0;0
1;8;0.00;0.00;0;0;0
1;9;0.00;0.00;0;0;0
1;16;0.00;0.00;0;0;0
1;9;0.02;0.00;1;0;0
1;7;0.00;0.00;0;0;0
1;14;0.01;0.02;0;-1;0
1;6;0.00;0.00;0;0;0
1;9;0.00;0.00;0;0;0
1;8;0.00;0.00;0;0;0
1;8;0.02;0.00;1;0;0
1;8;0.00;0.00;0;0;0
1;8;0.00;0.00;0;0;0
1;7;0.01;0.02;0;-1;0
1;18;0.00;0.00;0;0;0
1;11;0.02;0.00;1;0;0
1;17;0.00;0.00;0;0;0
1;9;0.00;0.00;0;0;0
1;10;0.01;0.02;0;-1;0
1;12;0.02;0.00;1;0;0
1;6;0.00;0.00;0;0;0
1;7;0.00;0.00;0;0;0
1;27;0.01;0.02;0;-1;0
1;10;0.02;0.00;1;0;0
1;5;0.00;0.00;0;0;0
1;9;0.00;0.00;0;0;0
1;7;0.00;0.00;0;0;0
1;8;0.00;0.00;0;0;0
1;8;0.00;0.00;0;0;0
1;9;0.02;0.00;1;0;0
1;8;0.01;0.02;0;-1;0
1;8;0.00;0.00;0;0;0
1;11;0.00;0.00;0;0;0
1;8;0.00;0.00;0;0;0
1;6;0.02;0.00;1;0;0
1;12;0.00;0.00;0;0;0
1;7;0.00;0.00;0;0;0
1;6;0.00;0.00;0;0;0
1;8;0.01;0.02;0;-1;0
1;7;0.00;0.00;0;0;0
1;14;0.02;0.00;1;0;0
1;8;0.00;0.00;0;0;0
1;7;0.00;0.00;0;0;0
1;8;0.00;0.00;0;0;0
1;8;0.01;0.02;0;-1;0
1;10;0.00;0.00;0;0;0
1;7;0.02;0.00;1;0;0
1;9;0.00;0.00;0;0;0
1;16;0.00;0.00;0;0;0
1;9;0.00;0.00;0;0;0
1;9;0.01;0.02;0;-1;0
1;7;0.00;0.00;0;0;0
1;11;0.02;0.00;1;0;0
1;5;0.00;0.00;0;0;0
1;8;0.00;0.00;0;0;0
1;14;0.01;0.02;0;-1;0
1;25;0.02;0.00;1;0;0
1;7;0.00;0.00;0;0;0
1;8;0.00;0.00;0;0;0
1;7;0.01;0.02;0;-1;0
1;8;0.00;0.00;0;0;0
1;9;0.00;0.00;0;0;0
1;18;0.04;0.02;1;-1;0
1;7;0.00;0.00;0;0;0
1;7;0.01;0.02;0;-1;0
1;8;0.00;0.00;0;0;0
1;8;0.01;0.02;0;-1;0
1;9;0.00;0.00;0;0;0
1;10;0.04;0.02;1;-1;0
1;7;0.00;0.00;0;0;0
1;7;0.01;0.02;0;-1;0
1;8;0.01;0.02;0;-1;0
1;10;0.00;0.00;0;0;0
1;7;0.01;0.02;0;-1;0
1;8;0.00;0.00;0;0;0
1;8;0.04;0.02;1;-1;0
1;12;0.00;0.00;0;0;0
1;6;0.01;0.02;0;-1;0
1;7;0.00;0.00;0;0;0
1;8;0.01;0.02;0;-1;0
1;8;0.02;0.00;1;0;0
1;8;0.00;0.00;0;0;0
1;9;0.01;0.02;0;-1;0
1;8;0.00;0.00;0;0;0
1;11;0.00;0.00;0;0;0
1;6;0.02;0.00;1;0;0
1;8;0.00;0.00;0;0;0
1;8;0.01;0.02;0;-1;0
1;9;0.00;0.00;0;0;0
1;10;0.00;0.00;0;0;0
1;6;0.02;0.00;1;0;0
1;7;0.00;0.00;0;0;0
1;8;0.00;0.00;0;0;0
1;9;0.00;0.00;0;0;0
1;10;0.00;0.00;0;0;0
1;7;0.00;0.00;0;0;0
1;8;0.00;0.00;0;0;0
1;8;0.01;0.02;0;-1;0
1;9;0.02;0.00;1;0;0
1;8;0.00;0.00;0;0;0
1;7;0.00;0.00;0;0;0
1;8;0.00;0.00;0;0;0
1;12;0.00;0.00;0;0;0
1;6;0.00;0.00;0;0;0
1;7;0.01;0.02;0;-1;0
1;8;0.00;0.00;0;0;0
1;8;0.00;0.00;0;0;0
1;8;0.02;0.00;1;0;0
1;8;0.00;0.00;0;0;0
1;17;0.01;0.02;0;-1;0
1;7;0.00;0.00;0;0;0
1;9;0.00;0.00;0;0;0
1;6;0.00;0.00;0;0;0
1;9;0.02;0.00;1;0;0
1;7;0.00;0.00;0;0;0
1;7;0.01;0.02;0;-1;0
1;8;0.00;0.00;0;0;0
1;13;0.00;0.00;0;0;0
1;9;0.02;0.00;1;0;0
1;7;0.00;0.00;0;0;0
1;8;0.00;0.00;0;0;0
1;8;0.01;0.02;0;-1;0
1;8;0.00;0.00;0;0;0
1;9;0.00;0.00;0;0;0
1;8;0.00;0.00;0;0;0
1;9;0.02;0.00;1;0;0
1;7;0.00;0.00;0;0;0
1;8;0.00;0.00;0;0;0
1;9;0.01;0.02;0;-1;0
1;15;0.00;0.00;0;0;0
1;6;0.00;0.00;0;0;0
1;14;0.02;0.00;1;0;0
1;10;0.00;0.00;0;0;0
1;5;0.00;0.00;0;0;0
1;11;0.01;0.02;0;-1;0
1;5;0.00;0.00;0;0;0
1;16;0.00;0.00;0;0;0
1;12;0.02;0.00;1;0;0
1;8;0.01;0.02;0;-1;0
1;13;0.00;0.00;0;0;0
1;9;0.01;0.02;0;-1;0
1;8;0.00;0.00;0;0;0
1;7;0.01;0.02;0;-1;0
1;8;0.00;0.00;0;0;0
1;12;0.04;0.02;1;-1;0
1;5;0.00;0.00;0;0;0
1;14;0.01;0.02;0;-1;0
1;9;0.00;0.00;0;0;0
1;6;0.01;0.02;0;-1;0
1;11;0.00;0.04;0;-1;1
1;9;0.00;0.00;0;0;0
1;9;0.04;0.02;1;-1;0
1;7;0.00;0.00;0;0;0
1;23;0.00;0.04;0;-1;1
1;7;0.00;0.00;0;0;0
1;8;0.01;0.02;0;-1;0
1;9;0.00;0.00;0;0;0
1;8;0.00;0.00;0;0;0
1;11;0.01;0.02;0;-1;0
1;10;-0.01;0.02;0;0;1
1;8;0.00;0.00;0;0;0
1;6;0.00;0.00;0;0;0
1;12;0.00;0.00;0;0;0
1;11;0.00;0.00;0;0;0
1;7;0.00;0.00;0;0;0
1;8;0.00;0.00;0;0;0
1;10;0.00;0.00;0;0;0
1;8;0.00;0.00;0;0;0
1;6;0.00;0.00;0;0;0
1;36;0.00;0.04;0;-1;1
1;18;0.00;0.00;0;0;0
1;8;0.00;0.00;0;0;0
1;8;0.01;0.02;0;-1;0
1;15;0.00;0.00;0;0;0
1;13;0.00;0.00;0;0;0
1;8;0.00;0.00;0;0;0
1;12;0.00;0.04;0;-1;1
1;17;0.00;0.00;0;0;0
1;8;0.00;0.00;0;0;0
1;8;0.00;0.00;0;0;0
1;11;0.00;0.00;0;0;0
1;6;0.00;0.04;0;-1;1
1;8;0.00;0.00;0;0;0
1;8;0.00;0.00;0;0;0
1;16;0.00;0.00;0;0;0
1;10;0.00;0.00;0;0;0
1;8;0.00;0.00;0;0;0
1;9;0.00;0.04;0;-1;1
1;7;0.00;0.00;0;0;0
1;8;0.00;0.00;0;0;0
1;8;0.00;0.00;0;0;0
1;8;0.00;0.00;0;0;0
1;8;0.00;0.00;0;0;0
1;8;0.00;0.00;0;0;0
1;8;0.00;0.04;0;-1;1
1;9;0.00;0.00;0;0;0
1;7;0.00;0.00;0;0;0
1;9;0.00;0.00;0;0;0
1;9;0.00;0.00;0;0;0
1;8;0.00;0.00;0;0;0
1;7;0.01;0.02;0;-1;0
1;13;0.00;0.00;0;0;0
1;5;-0.01;0.02;0;0;1
1;19;0.00;0.00;0;0;0
1;5;0.00;0.00;0;0;0
1;11;0.01;0.02;0;-1;0
1;10;0.00;0.00;0;0;0
1;7;-0.01;0.02;0;0;1
1;9;0.00;0.00;0;0;0
1;9;0.00;0.00;0;0;0
1;8;0.00;0.00;0;0;0
1;7;0.01;0.02;0;-1;0
1;10;0.00;0.00;0;0;0
1;10;0.00;0.00;0;0;0
1;14;-0.01;0.02;0;0;1
1;15;0.00;0.00;0;0;0
1;10;0.01;0.02;0;-1;0
1;7;0.00;0.00;0;0;0
1;7;0.00;0.00;0;0;0
1;9;-0.01;0.02;0;0;1
1;8;0.00;0.00;0;0;0
1;12;0.00;0.00;0;0;0
1;5;0.01;0.02;0;-1;0
1;7;0.00;0.00;0;0;0
1;25;0.00;0.00;0;0;0
1;5;0.00;0.00;0;0;0
1;7;-0.01;0.02;0;0;1
1;8;0.01;0.02;0;-1;0
1;9;0.00;0.00;0;0;0
1;8;0.00;0.00;0;0;0
1;8;0.00;0.00;0;0;0
1;8;0.00;0.00;0;0;0
1;8;-0.01;0.02;0;0;1
1;9;0.01;0.02;0;-1;0
1;8;0.00;0.00;0;0;0
1;10;0.00;0.00;0;0;0
1;7;0.00;0.00;0;0;0
1;8;0.00;0.00;0;0;0
1;9;0.00;0.00;0;0;0
1;7;0.01;0.02;0;-1;0
1;8;-0.01;0.02;0;0;1
1;9;0.00;0.00;0;0;0
1;7;0.00;0.00;0;0;0
1;12;0.00;0.00;0;0;0
1;7;0.00;0.00;0;0;0
1;8;0.00;0.00;0;0;0
1;7;0.01;0.02;0;-1;0
1;7;0.00;0.00;0;0;0
1;8;0.00;0.00;0;0;0
1;9;-0.01;0.02;0;0;1
1;8;0.00;0.00;0;0;0
1;8;0.00;0.00;0;0;0
1;8;0.00;0.00;0;0;0
1;9;0.01;0.02;0;-1;0
1;9;0.00;0.00;0;0;0
1;16;0.00;0.00;0;0;0
1;8;-0.01;0.02;0;0;1
1;8;0.00;0.00;0;0;0
1;8;0.00;0.00;0;0;0
1;8;0.01;0.02;0;-1;0
1;8;0.00;0.00;0;0;0
1;9;0.00;0.00;0;0;0
1;7;0.00;0.00;0;0;0
1;11;0.00;0.00;0;0;0
1;6;-0.01;0.02;0;0;1
1;8;0.00;0.00;0;0;0
1;14;0.01;0.02;0;-1;0
1;6;0.00;0.00;0;0;0
1;10;0.00;0.00;0;0;0
1;7;0.00;0.00;0;0;0
1;10;0.00;0.00;0;0;0
1;7;0.00;0.00;0;0;0
1;8;-0.01;0.02;0;0;1
1;7;0.01;0.02;0;-1;0
1;12;0.00;0.00;0;0;0
1;5;0.00;0.00;0;0;0
1;9;0.00;0.00;0;0;0
1;7;0.00;0.00;0;0;0
1;33;0.00;0.04;0;-1;1
1;8;0.00;0.00;0;0;0
1;9;0.00;0.00;0;0;0
1;8;0.00;0.00;0;0;0
1;8;0.00;0.00;0;0;0
1;9;0.00;0.00;0;0;0
1;8;0.01;0.02;0;-1;0
1;7;0.00;0.00;0;0;0
1;9;0.00;0.00;0;0;0
1;8;0.00;0.00;0;0;0
1;8;0.00;0.00;0;0;0
1;8;0.00;0.00;0;0;0
1;8;0.00;0.00;0;0;0
1;16;0.01;0.02;0;-1;0
1;6;0.00;0.00;0;0;0
1;8;0.00;0.00;0;0;0
1;10;0.00;0.00;0;0;0
1;8;0.00;0.00;0;0;0
1;7;0.00;0.00;0;0;0
1;8;0.00;0.00;0;0;0
1;17;0.01;0.02;0;-1;0
1;7;0.00;0.00;0;0;0
1;8;0.00;0.00;0;0;0
1;8;0.00;0.00;0;0;0
1;8;0.00;0.00;0;0;0
1;8;0.00;0.00;0;0;0
1;8;0.00;0.00;0;0;0
1;10;0.00;0.00;0;0;0
1;12;0.01;0.02;0;-1;0
1;7;0.00;0.00;0;0;0
1;8;0.00;0.00;0;0;0
1;8;0.00;0.00;0;0;0
1;9;0.00;0.00;0;0;0
1;8;0.00;0.00;0;0;0
1;8;0.00;0.00;0;0;0
1;9;0.01;0.02;0;-1;0
1;18;0.00;0.00;0;0;0
1;7;0.00;0.00;0;0;0
1;7;0.00;0.00;0;0;0
1;17;0.01;0.02;0;-1;0
1;7;0.00;0.00;0;0;0
1;10;0.00;0.00;0;0;0
1;25;0.00;0.00;0;0;0
1;7;0.00;0.00;0;0;0
1;11;0.00;0.00;0;0;0
1;9;0.01;0.02;0;-1;0
1;8;0.00;0.00;0;0;0
1;8;0.00;0.00;0;0;0
1;8;0.00;0.00;0;0;0
1;9;0.00;0.00;0;0;0
1;8;0.00;0.00;0;0;0
1;8;0.00;0.00;0;0;0
1;8;0.00;0.00;0;0;0
1;8;0.01;0.02;0;-1;0
1;9;0.00;0.00;0;0;0
1;8;0.00;0.00;0;0;0
1;12;0.00;0.00;0;0;0
1;8;0.00;0.00;0;0;0
1;9;0.00;0.00;0;0;0
1;8;0.00;0.00;0;0;0
1;8;0.01;0.02;0;-1;0
1;8;0.00;0.00;0;0;0
1;8;0.00;0.00;0;0;0
1;8;0.00;0.00;0;0;0
1;9;0.00;0.00;0;0;0
1;8;0.00;0.00;0;0;0
1;13;0.00;0.00;0;0;0
1;8;0.01;0.02;0;-1;0
1;8;0.00;0.00;0;0;0
1;11;0.00;0.00;0;0;0
1;7;0.00;0.00;0;0;0
1;14;0.00;0.00;0;0;0
1;8;0.00;0.00;0;0;0
1;9;0.01;0.02;0;-1;0
1;8;0.00;0.00;0;0;0
1;10;0.00;0.00;0;0;0
1;6;0.00;0.00;0;0;0
1;8;0.00;0.00;0;0;0
1;25;0.00;0.00;0;0;0
1;5;0.00;0.00;0;0;0
1;7;0.00;0.00;0;0;0
1;10;0.00;0.00;0;0;0
1;7;0.01;0.02;0;-1;0
1;8;0.00;0.00;0;0;0
1;8;0.00;0.00;0;0;0
1;11;0.00;0.00;0;0;0
1;6;0.00;0.00;0;0;0
1;9;0.00;0.00;0;0;0
1;7;0.00;0.00;0;0;0
1;11;0.01;0.02;0;-1;0
1;6;0.00;0.00;0;0;0
1;8;0.00;0.00;0;0;0
1;8;0.00;0.00;0;0;0
1;13;0.00;0.00;0;0;0
1;7;0.00;0.00;0;0;0
1;9;0.01;0.02;0;-1;0
1;20;0.00;0.00;0;0;0
1;8;0.00;0.00;0;0;0
1;10;0.00;0.00;0;0;0
1;10;0.01;0.02;0;-1;0
1;7;0.00;0.00;0;0;0
1;6;0.00;0.00;0;0;0
1;8;0.00;0.00;0;0;0
1;11;0.00;0.00;0;0;0
1;5;0.00;0.00;0;0;0
1;8;0.00;0.00;0;0;0
1;10;0.00;0.00;0;0;0
1;7;0.01;0.02;0;-1;0
1;8;0.00;0.00;0;0;0
1;8;0.00;0.00;0;0;0
1;9;0.00;0.00;0;0;0
1;18;0.00;0.00;0;0;0
1;7;0.00;0.00;0;0;0
1;17;0.01;0.02;0;-1;0
1;9;0.00;0.00;0;0;0
1;6;0.00;0.00;0;0;0
1;9;0.00;0.00;0;0;0
1;7;0.00;0.00;0;0;0
1;8;0.00;0.00;0;0;0
1;9;0.00;0.00;0;0;0
1;10;0.01;0.02;0;-1;0
1;6;0.00;0.00;0;0;0
1;12;0.00;0.00;0;0;0
1;13;0.00;0.00;0;0;0
1;15;0.01;0.02;0;-1;0
1;14;0.00;0.00;0;0;0
1;7;0.00;0.00;0;0;0
1;17;0.00;0.00;0;0;0
1;8;0.00;0.00;0;0;0
1;8;0.00;0.00;0;0;0
1;8;0.01;0.02;0;-1;0
1;10;0.00;0.00;0;0;0
1;7;0.00;0.00;0;0;0
1;8;0.00;0.00;0;0;0
1;15;0.00;0.00;0;0;0
1;8;0.00;0.00;0;0;0
1;7;0.00;0.00;0;0;0
1;8;0.01;0.02;0;-1;0
1;9;0.00;0.00;0;0;0
1;8;0.00;0.00;0;0;0
1;7;0.00;0.00;0;0;0
1;10;0.00;0.00;0;0;0
1;11;0.00;0.00;0;0;0
1;7;0.00;0.00;0;0;0
1;8;0.01;0.02;0;-1;0
1;23;0.00;0.00;0;0;0
1;13;0.00;0.00;0;0;0
1;9;0.01;0.02;0;-1;0
1;4;0.00;0.00;0;0;0
1;9;0.00;0.00;0;0;0
1;12;0.00;0.00;0;0;0
1;8;0.00;0.00;0;0;0
1;8;0.00;0.00;0;0;0
1;8;0.01;0.02;0;-1;0
1;12;0.00;0.00;0;0;0
1;10;0.00;0.00;0;0;0
1;7;0.00;0.00;0;0;0
1;11;0.00;0.00;0;0;0
1;5;0.00;0.00;0;0;0
1;25;0.01;0.02;0;-1;0
1;8;0.00;0.00;0;0;0
1;14;0.00;0.00;0;0;0
1;7;0.00;0.00;0;0;0
1;8;0.00;0.00;0;0;0
1;8;0.01;0.02;0;-1;0
1;8;0.00;0.00;0;0;0
1;9;0.00;0.00;0;0;0
1;8;0.00;0.00;0;0;0
1;8;0.00;0.00;0;0;0
1;11;0.00;0.00;0;0;0
1;6;0.00;0.00;0;0;0
1;7;0.00;0.00;0;0;0
1;10;0.00;0.00;0;0;0
1;13;0.00;0.00;0;0;0
1;7;-0.01;0.02;0;0;1
1;7;0.00;0.00;0;0;0
1;9;0.00;0.00;0;0;0
1;8;0.00;0.00;0;0;0
1;8;0.00;0.00;0;0;0
1;8;0.00;0.00;0;0;0
1;13;0.00;0.00;0;0;0
1;8;0.00;0.00;0;0;0
1;9;0.00;0.00;0;0;0
1;11;0.00;0.00;0;0;0
1;8;0.00;0.00;0;0;0
1;8;0.00;0.00;0;0;0
1;9;0.00;0.00;0;0;0
1;14;0.00;0.00;0;0;0
1;7;0.00;0.00;0;0;0
1;7;0.00;0.00;0;0;0
1;9;0.00;0.00;0;0;0
1;8;0.00;0.00;0;0;0
1;8;0.00;0.00;0;0;0
1;15;0.00;0.00;0;0;0
1;8;0.00;0.00;0;0;0
1;6;0.00;0.00;0;0;0
1;8;0.00;0.00;0;0;0
1;9;0.00;0.00;0;0;0
1;7;0.00;0.00;0;0;0
1;8;0.00;0.00;0;0;0
1;9;0.00;0.00;0;0;0
1;8;0.00;0.00;0;0;0
1;8;0.00;0.00;0;0;0
1;12;0.00;0.00;0;0;0
1;8;0.00;0.00;0;0;0
1;11;0.00;0.00;0;0;0
1;20;0.00;0.00;0;0;0
1;6;0.00;0.00;0;0;0
1;8;0.00;0.00;0;0;0
1;20;0.00;0.00;0;0;0
1;8;0.00;0.00;0;0;0
1;5;0.00;0.00;0;0;0
1;9;0.00;0.00;0;0;0
1;8;0.00;0.00;0;0;0
1;11;0.00;0.00;0;0;0
1;6;0.00;0.00;0;0;0
1;15;0.00;0.00;0;0;0
1;10;0.00;0.00;0;0;0
1;11;0.00;0.00;0;0;0
1;10;0.00;0.00;0;0;0
1;6;0.00;0.00;0;0;0
1;9;0.00;0.00;0;0;0
1;17;0.00;0.00;0;0;0
1;7;0.00;0.00;0;0;0
1;10;0.00;0.00;0;0;0
1;7;0.00;0.00;0;0;0
1;10;0.00;0.00;0;0;0
1;6;0.00;0.00;0;0;0
1;10;0.00;0.00;0;0;0
1;7;0.00;0.00;0;0;0
1;11;0.00;0.00;0;0;0
1;6;0.00;0.00;0;0;0
1;10;0.00;0.00;0;0;0
1;10;0.00;0.00;0;0;0
1;10;0.00;0.00;0;0;0
1;6;0.00;0.00;0;0;0
1;11;0.00;0.00;0;0;0
1;6;0.00;0.00;0;0;0
1;7;0.00;0.00;0;0;0
1;8;0.00;0.00;0;0;0
1;26;0.01;0.02;0;-1;0
1;7;0.00;0.00;0;0;0
1;8;0.00;0.00;0;0;0
1;8;0.00;0.00;0;0;0
1;13;0.01;0.02;0;-1;0
1;10;0.00;0.00;0;0;0
1;7;0.00;0.00;0;0;0
1;8;0.00;0.00;0;0;0
1;7;0.00;0.00;0;0;0
1;10;0.00;0.00;0;0;0
1;7;0.00;0.00;0;0;0
1;8;0.01;0.02;0;-1;0
1;9;0.00;0.00;0;0;0
1;8;0.00;0.00;0;0;0
1;8;0.00;0.00;0;0;0
1;8;0.00;0.00;0;0;0
1;9;0.00;0.00;0;0;0
1;7;0.00;0.00;0;0;0
1;8;0.01;0.02;0;-1;0
1;8;0.00;0.00;0;0;0
1;9;0.00;0.00;0;0;0
1;8;0.00;0.00;0;0;0
1;8;0.00;0.00;0;0;0
1;8;0.00;0.00;0;0;0
1;9;0.01;0.02;0;-1;0
1;8;0.00;0.00;0;0;0
1;8;0.00;0.00;0;0;0
1;8;0.00;0.00;0;0;0
1;9;0.00;0.00;0;0;0
1;7;0.00;0.00;0;0;0
1;9;0.00;0.00;0;0;0
1;8;0.01;0.02;0;-1;0
1;8;0.00;0.00;0;0;0
1;8;0.00;0.00;0;0;0
1;8;0.00;0.00;0;0;0
1;9;0.00;0.00;0;0;0
1;8;0.00;0.00;0;0;0
1;8;0.00;0.00;0;0;0
1;12;0.00;0.00;0;0;0
1;11;0.00;0.00;0;0;0
1;6;0.00;0.00;0;0;0
1;8;0.00;0.00;0;0;0
1;10;0.00;0.00;0;0;0
1;8;0.00;0.00;0;0;0
1;6;0.00;0.00;0;0;0
1;10;0.00;0.00;0;0;0
1;11;0.00;0.00;0;0;0
1;4;0.00;0.00;0;0;0
1;8;0.00;0.00;0;0;0
1;8;0.00;0.00;0;0;0
1;9;0.00;0.00;0;0;0
1;8;0.00;0.00;0;0;0
1;9;0.00;0.00;0;0;0
1;7;0.00;0.00;0;0;0
1;8;0.00;0.00;0;0;0
1;15;0.00;0.00;0;0;0
1;6;0.00;0.00;0;0;0
1;8;0.00;0.00;0;0;0
1;8;0.00;0.00;0;0;0
1;11;0.00;0.00;0;0;0
1;6;0.00;0.00;0;0;0
1;8;0.00;0.00;0;0;0
1;8;0.00;0.00;0;0;0
1;20;0.00;0.00;0;0;0
1;13;0.00;0.00;0;0;0
1;7;0.00;0.00;0;0;0
1;8;0.00;0.00;0;0;0
1;20;0.00;0.00;0;0;0
1;11;0.00;0.00;0;0;0
1;7;0.00;0.00;0;0;0
1;8;0.00;0.00;0;0;0
1;8;0.00;0.00;0;0;0
1;9;0.00;0.00;0;0;0
1;8;0.00;0.00;0;0;0
1;8;0.00;0.00;0;0;0
1;8;0.00;0.00;0;0;0
1;8;0.00;0.00;0;0;0
1;8;0.00;0.00;0;0;0
1;9;0.00;0.00;0;0;0
1;8;0.00;0.00;0;0;0
1;8;0.00;0.00;0;0;0
1;8;0.00;0.00;0;0;0
1;8;0.00;0.00;0;0;0
1;10;0.00;0.00;0;0;0
1;7;0.00;0.00;0;0;0
1;8;0.00;0.00;0;0;0
1;11;0.00;0.00;0;0;0
1;6;0.00;0.00;0;0;0
1;10;0.00;0.00;0;0;0
1;6;0.00;0.00;0;0;0
1;10;0.00;0.00;0;0;0
1;7;0.00;0.00;0;0;0
1;8;0.00;0.00;0;0;0
1;8;0.00;0.00;0;0;0
1;9;0.00;0.00;0;0;0
1;7;0.00;0.00;0;0;0
1;18;0.00;0.00;0;0;0
1;7;0.00;0.00;0;0;0
1;8;0.00;0.00;0;0;0
1;8;0.00;0.00;0;0;0
1;12;0.00;0.00;0;0;0
1;8;0.00;0.00;0;0;0
1;9;0.00;0.00;0;0;0
1;9;0.00;0.00;0;0;0
1;8;0.00;0.00;0;0;0
1;11;0.00;0.00;0;0;0
1;8;0.00;0.00;0;0;0
1;9;0.00;0.00;0;0;0
1;8;0.00;0.00;0;0;0
1;8;0.00;0.00;0;0;0
1;8;0.00;0.00;0;0;0
1;17;0.00;0.00;0;0;0
1;9;0.00;0.00;0;0;0
1;8;0.00;0.00;0;0;0
1;7;0.00;0.00;0;0;0
1;8;0.00;0.00;0;0;0
1;10;0.00;0.00;0;0;0
1;8;0.00;0.00;0;0;0
1;7;0.00;0.00;0;0;0
1;8;0.00;0.00;0;0;0
1;8;0.00;0.00;0;0;0
1;9;0.00;0.00;0;0;0
1;11;0.00;0.00;0;0;0
1;5;0.00;0.00;0;0;0
1;15;0.00;0.00;0;0;0
1;5;0.00;0.00;0;0;0
1;9;0.00;0.00;0;0;0
1;8;0.00;0.00;0;0;0
1;8;0.00;0.00;0;0;0
1;8;0.00;0.00;0;0;0
1;8;0.00;0.00;0;0;0
1;10;0.00;0.00;0;0;0
1;11;0.00;0.00;0;0;0
1;4;0.00;0.00;0;0;0
1;14;0.00;0.00;0;0;0
1;10;0.00;0.00;0;0;0
1;9;0.00;0.00;0;0;0
1;9;0.00;0.00;0;0;0
1;7;0.00;0.00;0;0;0
1;10;0.00;0.00;0;0;0
1;7;0.00;0.00;0;0;0
1;10;0.00;0.00;0;0;0
1;6;0.00;0.00;0;0;0
1;11;0.00;0.00;0;0;0
1;20;0.00;0.00;0;0;0
1;9;0.00;0.00;0;0;0
1;6;0.00;0.00;0;0;0
1;12;0.00;0.00;0;0;0
1;7;0.00;0.00;0;0;0
1;11;0.00;0.00;0;0;0
1;10;0.00;0.00;0;0;0
1;8;0.00;0.00;0;0;0
1;9;0.00;0.00;0;0;0
1;7;0.00;0.00;0;0;0
1;11;0.00;0.00;0;0;0
1;6;0.00;0.00;0;0;0
1;8;0.00;0.00;0;0;0
1;8;0.00;0.00;0;0;0
1;19;0.00;0.00;0;0;0
1;6;0.00;0.00;0;0;0
1;8;0.00;0.00;0;0;0
1;8;0.00;0.00;0;0;0
1;9;0.00;0.00;0;0;0
1;8;0.00;0.00;0;0;0
1;11;0.00;0.00;0;0;0
1;5;0.00;0.00;0;0;0
1;9;0.00;0.00;0;0;0
1;7;0.00;0.00;0;0;0
1;12;0.00;0.00;0;0;0
1;5;0.00;0.00;0;0;0
1;11;0.00;0.00;0;0;0
1;5;0.00;0.00;0;0;0
1;13;0.00;0.00;0;0;0
1;11;0.00;0.00;0;0;0
1;5;0.00;0.00;0;0;0
1;16;0.00;0.00;0;0;0
1;15;0.00;0.00;0;0;0
1;6;0.00;0.00;0;0;0
1;11;0.00;0.00;0;0;0
1;5;0.00;0.00;0;0;0
1;8;0.00;0.00;0;0;0
1;8;0.00;0.00;0;0;0
1;12;0.00;0.00;0;0;0
1;26;0.00;0.00;0;0;0
1;7;0.00;0.00;0;0;0
1;19;0.00;0.00;0;0;0
1;18;0.00;0.00;0;0;0
1;18;0.00;0.00;0;0;0
1;7;0.00;0.00;0;0;0
1;8;0.00;0.00;0;0;0
1;21;0.00;0.00;0;0;0
1;8;0.00;0.00;0;0;0
1;8;0.00;0.00;0;0;0
1;11;0.00;0.00;0;0;0
1;5;0.00;0.00;0;0;0
1;8;0.00;0.00;0;0;0
1;9;0.00;0.00;0;0;0
1;8;0.00;0.00;0;0;0
1;8;0.00;0.00;0;0;0
1;8;0.00;0.00;0;0;0
1;8;0.00;0.00;0;0;0
1;9;0.00;0.00;0;0;0
1;8;0.00;0.00;0;0;0
1;12;0.00;0.00;0;0;0
1;8;0.00;0.00;0;0;0
1;9;0.00;0.00;0;0;0
1;8;0.00;0.00;0;0;0
1;8;0.00;0.00;0;0;0
1;8;0.00;0.00;0;0;0
1;8;0.00;0.00;0;0;0
1;8;0.00;0.00;0;0;0
1;10;0.00;0.00;0;0;0
1;7;0.00;0.00;0;0;0
1;8;0.00;0.00;0;0;0
1;8;0.00;0.00;0;0;0
1;8;0.00;0.00;0;0;0
1;9;0.00;0.00;0;0;0
1;8;0.00;0.00;0;0;0
1;8;0.00;0.00;0;0;0
1;8;0.00;0.00;0;0;0
1;8;0.00;0.00;0;0;0
1;9;0.00;0.00;0;0;0
1;8;0.00;0.00;0;0;0
1;8;0.00;0.00;0;0;0
1;8;0.00;0.00;0;0;0
1;20;0.00;0.00;0;0;0
1;5;0.00;0.00;0;0;0
1;8;0.00;0.00;0;0;0
1;17;0.00;0.00;0;0;0
1;11;0.00;0.00;0;0;0
1;5;0.00;0.00;0;0;0
1;12;0.00;0.00;0;0;0
1;8;0.00;0.00;0;0;0
1;8;0.00;0.00;0;0;0
1;13;0.00;0.00;0;0;0
1;8;0.00;0.00;0;0;0
1;12;0.00;0.00;0;0;0
1;18;0.00;0.00;0;0;0
1;8;0.00;0.00;0;0;0
1;8;0.00;0.00;0;0;0
1;9;0.00;0.00;0;0;0
1;6;0.00;0.00;0;0;0
1;8;0.00;0.00;0;0;0
1;10;0.00;0.00;0;0;0
1;10;0.00;0.00;0;0;0
1;14;0.00;0.00;0;0;0
1;7;0.00;0.00;0;0;0
1;9;0.00;0.00;0;0;0
1;13;0.00;0.00;0;0;0
1;8;0.00;0.00;0;0;0
1;11;0.00;0.00;0;0;0
1;9;0.00;0.00;0;0;0
1;8;0.00;0.00;0;0;0
1;8;0.00;0.00;0;0;0
1;8;0.00;0.00;0;0;0
1;8;0.00;0.00;0;0;0
1;9;0.00;0.00;0;0;0
1;11;0.00;0.00;0;0;0
1;5;0.00;0.00;0;0;0
1;18;0.00;0.00;0;0;0
1;14;0.00;0.00;0;0;0
1;9;0.00;0.00;0;0;0
1;8;0.00;0.00;0;0;0
1;9;0.00;0.00;0;0;0
1;7;0.00;0.00;0;0;0
1;11;0.00;0.00;0;0;0
1;6;0.00;0.00;0;0;0
1;12;0.00;0.00;0;0;0
1;8;0.00;0.00;0;0;0
1;11;0.00;0.00;0;0;0
1;6;0.00;0.00;0;0;0
1;9;0.00;0.00;0;0;0
1;22;0.00;0.00;0;0;0
1;9;0.00;0.00;0;0;0
1;5;0.00;0.00;0;0;0
1;18;0.00;0.00;0;0;0
1;10;0.00;0.00;0;0;0
1;20;0.00;0.00;0;0;0
1;12;0.00;0.00;0;0;0
1;5;0.00;0.00;0;0;0
1;11;0.00;0.00;0;0;0
1;6;0.00;0.00;0;0;0
1;11;0.00;0.00;0;0;0
1;5;0.00;0.00;0;0;0
1;8;0.00;0.00;0;0;0
1;8;0.00;0.00;0;0;0
1;9;0.00;0.00;0;0;0
1;12;0.00;0.00;0;0;0
1;10;0.00;0.00;0;0;0
1;11;0.00;0.00;0;0;0
1;11;0.00;0.00;0;0;0
1;5;0.00;0.00;0;0;0
1;8;0.00;0.00;0;0;0
1;8;0.00;0.00;0;0;0
1;15;0.00;0.00;0;0;0
1;8;0.00;0.00;0;0;0
1;6;0.00;0.00;0;0;0
1;8;0.00;0.00;0;0;0
1;8;0.00;0.00;0;0;0
1;8;0.00;0.00;0;0;0
1;9;0.00;0.00;0;0;0
1;8;0.00;0.00;0;0;0
1;9;0.00;0.00;0;0;0
1;7;0.00;0.00;0;0;0
1;8;0.00;0.00;0;0;0
1;9;0.00;0.00;0;0;0
1;8;0.00;0.00;0;0;0
1;8;0.00;0.00;0;0;0
1;12;0.00;0.00;0;0;0
1;13;0.00;0.00;0;0;0
1;12;0.00;0.00;0;0;0
1;8;0.00;0.00;0;0;0
1;12;0.00;0.00;0;0;0
1;19;0.00;0.00;0;0;0
1;6;0.00;0.00;0;0;0
1;10;0.00;0.00;0;0;0
1;11;0.00;0.00;0;0;0
1;13;0.00;0.00;0;0;0
1;7;0.00;0.00;0;0;0
1;10;0.00;0.00;0;0;0
1;11;0.00;0.00;0;0;0
1;8;0.00;0.00;0;0;0
1;8;0.00;0.00;0;0;0
1;8;0.00;0.00;0;0;0
1;8;0.00;0.00;0;0;0
1;8;0.00;0.00;0;0;0
1;8;0.00;0.00;0;0;0
1;9;0.00;0.00;0;0;0
1;8;0.00;0.00;0;0;0
1;8;0.00;0.00;0;0;0
1;8;0.00;0.00;0;0;0
1;8;0.00;0.00;0;0;0
1;9;0.00;0.00;0;0;0
1;8;0.00;0.00;0;0;0
1;8;0.00;0.00;0;0;0
1;8;0.00;0.00;0;0;0
1;14;0.00;0.00;0;0;0
1;11;0.00;0.00;0;0;0
1;8;0.00;0.00;0;0;0
1;13;0.00;0.00;0;0;0
1;7;0.00;0.00;0;0;0
1;19;0.00;0.00;0;0;0
1;6;0.00;0.00;0;0;0
1;9;0.00;0.00;0;0;0
1;9;0.00;0.00;0;0;0
1;9;0.00;0.00;0;0;0
1;6;0.00;0.00;0;0;0
1;9;0.00;0.00;0;0;0
1;7;0.00;0.00;0;0;0
1;8;0.00;0.00;0;0;0
1;10;0.00;0.00;0;0;0
1;7;0.00;0.00;0;0;0
1;8;0.00;0.00;0;0;0
1;8;0.00;0.00;0;0;0
1;10;0.00;0.00;0;0;0
1;7;0.00;0.00;0;0;0
1;8;0.00;0.00;0;0;0
1;8;0.00;0.00;0;0;0
1;8;0.00;0.00;0;0;0
1;8;0.00;0.00;0;0;0
1;8;0.00;0.00;0;0;0
1;9;0.00;0.00;0;0;0
1;8;0.00;0.00;0;0;0
1;8;0.00;0.00;0;0;0
1;8;0.00;0.00;0;0;0
1;8;0.00;0.00;0;0;0
1;10;0.00;0.00;0;0;0
1;7;0.00;0.00;0;0;0
1;9;0.00;0.00;0;0;0
1;8;0.00;0.00;0;0;0
1;7;0.00;0.00;0;0;0
1;9;0.00;0.00;0;0;0
1;8;0.00;0.00;0;0;0
1;8;0.00;0.00;0;0;0
1;10;0.00;0.00;0;0;0
1;6;0.00;0.00;0;0;0
1;9;0.00;0.00;0;0;0
1;9;0.00;0.00;0;0;0
1;12;0.00;0.00;0;0;0
1;13;0.00;0.00;0;0;0
1;8;0.00;0.00;0;0;0
1;8;0.00;0.00;0;0;0
1;8;0.00;0.00;0;0;0
1;10;0.00;0.00;0;0;0
1;6;0.00;0.00;0;0;0
1;12;0.00;0.00;0;0;0
1;8;0.00;0.00;0;0;0
1;14;0.00;0.00;0;0;0
1;10;0.00;0.00;0;0;0
1;9;0.00;0.00;0;0;0
1;9;0.00;0.00;0;0;0
1;12;0.00;0.00;0;0;0
1;7;0.00;0.00;0;0;0
1;8;0.00;0.00;0;0;0
1;9;0.00;0.00;0;0;0
1;9;0.00;0.00;0;0;0
1;7;0.00;0.00;0;0;0
1;12;0.00;0.00;0;0;0
1;8;0.00;0.00;0;0;0
1;9;0.00;0.00;0;0;0
1;8;0.00;0.00;0;0;0
1;8;0.00;0.00;0;0;0
1;10;0.00;0.00;0;0;0
1;8;0.00;0.00;0;0;0
1;7;0.00;0.00;0;0;0
1;10;0.00;0.00;0;0;0
1;7;0.00;0.00;0;0;0
1;7;0.00;0.00;0;0;0
1;8;0.00;0.00;0;0;0
1;9;0.00;0.00;0;0;0
1;8;0.00;0.00;0;0;0
1;9;0.00;0.00;0;0;0
1;7;0.00;0.00;0;0;0
1;8;0.00;0.00;0;0;0
1;11;0.00;0.00;0;0;0
1;7;0.00;0.00;0;0;0
1;12;0.00;0.00;0;0;0
1;7;0.00;0.00;0;0;0
1;8;0.00;0.00;0;0;0
1;9;0.00;0.00;0;0;0
1;8;0.00;0.00;0;0;0
1;8;0.00;0.00;0;0;0
1;9;0.00;0.00;0;0;0
1;7;0.00;0.00;0;0;0
1;9;0.00;0.00;0;0;0
1;10;0.00;0.00;0;0;0
1;6;0.00;0.00;0;0;0
1;9;0.00;0.00;0;0;0
1;7;0.00;0.00;0;0;0
1;17;0.00;0.00;0;0;0
1;13;0.00;0.00;0;0;0
1;8;0.00;0.00;0;0;0
1;8;0.00;0.00;0;0;0
1;9;0.00;0.00;0;0;0
1;7;0.00;0.00;0;0;0
1;8;0.00;0.00;0;0;0
1;8;0.00;0.00;0;0;0
1;8;0.00;0.00;0;0;0
1;9;0.00;0.00;0;0;0
1;8;0.00;0.00;0;0;0
1;10;0.00;0.00;0;0;0
1;15;0.00;0.00;0;0;0
1;7;0.00;0.00;0;0;0
1;9;0.00;0.00;0;0;0
1;8;0.00;0.00;0;0;0
1;17;0.00;0.00;0;0;0
1;7;0.00;0.00;0;0;0
1;19;0.00;0.00;0;0;0
1;6;0.00;0.00;0;0;0
1;8;0.00;0.00;0;0;0
1;15;0.00;0.00;0;0;0
1;8;0.00;0.00;0;0;0
1;7;0.00;0.00;0;0;0
1;7;0.00;0.00;0;0;0
1;10;0.00;0.00;0;0;0
1;6;0.00;0.00;0;0;0
1;10;0.00;0.00;0;0;0
1;7;0.00;0.00;0;0;0
1;9;0.00;0.00;0;0;0
1;7;0.00;0.00;0;0;0
1;8;0.00;0.00;0;0;0
1;9;0.00;0.00;0;0;0
1;8;0.00;0.00;0;0;0
1;8;0.00;0.00;0;0;0
1;8;0.00;0.00;0;0;0
1;8;0.00;0.00;0;0;0
1;9;0.00;0.00;0;0;0
1;8;0.00;0.00;0;0;0
1;8;0.00;0.00;0;0;0
1;10;0.00;0.00;0;0;0
1;6;0.00;0.00;0;0;0
1;9;0.00;0.00;0;0;0
1;8;0.00;0.00;0;0;0
1;9;0.00;0.00;0;0;0
1;7;0.00;0.00;0;0;0
1;8;0.00;0.00;0;0;0
1;8;0.00;0.00;0;0;0
1;9;0.00;0.00;0;0;0
1;8;0.00;0.00;0;0;0
1;16;0.00;0.00;0;0;0
1;8;0.00;0.00;0;0;0
1;9;0.00;0.00;0;0;0
1;8;0.00;0.00;0;0;0
1;8;0.00;0.00;0;0;0
1;8;0.00;0.00;0;0;0
1;8;0.00;0.00;0;0;0
1;16;0.00;0.00;0;0;0
1;5;0.00;0.00;0;0;0
1;8;0.00;0.00;0;0;0
1;8;0.00;0.00;0;0;0
1;13;0.00;0.00;0;0;0
1;8;0.00;0.00;0;0;0
1;8;0.00;0.00;0;0;0
1;8;0.00;0.00;0;0;0
1;8;0.00;0.00;0;0;0
1;12;0.00;0.00;0;0;0
1;8;0.00;0.00;0;0;0
1;5;0.00;0.00;0;0;0
1;11;0.00;0.00;0;0;0
1;6;0.00;0.00;0;0;0
1;11;0.00;0.00;0;0;0
1;7;0.00;0.00;0;0;0
1;9;0.00;0.00;0;0;0
1;9;0.00;0.00;0;0;0
1;9;0.00;0.00;0;0;0
1;10;0.00;0.00;0;0;0
1;6;0.00;0.00;0;0;0
1;9;0.00;0.00;0;0;0
1;9;0.00;0.00;0;0;0
1;7;0.00;0.00;0;0;0
1;8;0.00;0.00;0;0;0
1;8;0.00;0.00;0;0;0
1;8;0.00;0.00;0;0;0
1;10;0.00;0.00;0;0;0
1;6;0.00;0.00;0;0;0
1;8;0.00;0.00;0;0;0
1;9;0.00;0.00;0;0;0
1;13;0.00;0.00;0;0;0
1;7;0.00;0.00;0;0;0
1;10;0.00;0.00;0;0;0
1;7;0.00;0.00;0;0;0
1;8;0.00;0.00;0;0;0
1;7;0.00;0.00;0;0;0
1;11;0.00;0.00;0;0;0
1;6;0.00;0.00;0;0;0
1;11;0.00;0.00;0;0;0
1;6;0.00;0.00;0;0;0
1;14;0.00;0.00;0;0;0
1;7;0.00;0.00;0;0;0
1;7;0.00;0.00;0;0;0
1;13;0.00;0.00;0;0;0
1;8;0.00;0.00;0;0;0
1;16;0.00;0.00;0;0;0
1;8;0.00;0.00;0;0;0
1;9;0.00;0.00;0;0;0
1;12;0.00;0.00;0;0;0
1;9;0.00;0.00;0;0;0
1;7;0.00;0.00;0;0;0
1;14;0.00;0.00;0;0;0
1;7;0.00;0.00;0;0;0
1;10;0.00;0.00;0;0;0
1;10;0.00;0.00;0;0;0
1;8;0.00;0.00;0;0;0
1;9;0.00;0.00;0;0;0
1;8;0.00;0.00;0;0;0
1;17;0.00;0.00;0;0;0
1;7;0.00;0.00;0;0;0
1;9;0.00;0.00;0;0;0
1;8;0.00;0.00;0;0;0
1;8;0.00;0.00;0;0;0
1;8;0.00;0.00;0;0;0
1;11;0.00;0.00;0;0;0
1;6;0.00;0.00;0;0;0
1;8;0.00;0.00;0;0;0
1;8;0.00;0.00;0;0;0
1;8;0.00;0.00;0;0;0
1;7;0.00;0.00;0;0;0
1;16;0.00;0.00;0;0;0
1;11;0.00;0.00;0;0;0
1;8;0.00;0.00;0;0;0
1;7;0.00;0.00;0;0;0
1;8;0.00;0.00;0;0;0
1;11;0.00;0.00;0;0;0
1;8;0.00;0.00;0;0;0
1;6;0.00;0.00;0;0;0
1;8;0.00;0.00;0;0;0
1;10;0.00;0.00;0;0;0
1;7;0.00;0.00;0;0;0
1;15;0.00;0.00;0;0;0
1;5;0.00;0.00;0;0;0
1;9;0.00;0.00;0;0;0
1;7;0.00;0.00;0;0;0
1;8;0.00;0.00;0;0;0
1;9;0.00;0.00;0;0;0
1;7;0.00;0.00;0;0;0
1;14;0.00;0.00;0;0;0
1;9;0.00;0.00;0;0;0
1;7;0.00;0.00;0;0;0
1;8;0.00;0.00;0;0;0
1;13;0.00;0.00;0;0;0
1;7;0.00;0.00;0;0;0
1;9;0.00;0.00;0;0;0
1;8;0.00;0.00;0;0;0
1;8;0.00;0.00;0;0;0
1;8;0.00;0.00;0;0;0
1;8;0.00;0.00;0;0;0
1;8;0.00;0.00;0;0;0
1;12;0.00;0.00;0;0;0
1;10;0.00;0.00;0;0;0
1;7;0.00;0.00;0;0;0
1;12;0.00;0.00;0;0;0
1;9;0.00;0.00;0;0;0
1;12;0.00;0.00;0;0;0
1;7;0.00;0.00;0;0;0
1;8;0.00;0.00;0;0;0
1;9;0.00;0.00;0;0;0
1;12;0.00;0.00;0;0;0
1;5;0.00;0.00;0;0;0
1;10;0.00;0.00;0;0;0
1;12;0.00;0.00;0;0;0
1;8;0.00;0.00;0;0;0
1;13;0.00;0.00;0;0;0
1;19;0.00;0.00;0;0;0
1;8;0.00;0.00;0;0;0
1;8;0.00;0.00;0;0;0
1;8;0.00;0.00;0;0;0
1;9;0.00;0.00;0;0;0
1;8;0.00;0.00;0;0;0
1;8;0.00;0.00;0;0;0
1;12;0.00;0.00;0;0;0
1;42;0.00;0.00;0;0;0
1;7;0.00;0.00;0;0;0
1;8;0.00;0.00;0;0;0
1;8;0.00;0.00;0;0;0
1;8;0.00;0.00;0;0;0
1;13;0.00;0.00;0;0;0
1;8;0.00;0.00;0;0;0
1;8;0.00;0.00;0;0;0
1;8;0.00;0.00;0;0;0
1;14;0.01;-0.02;0;0;-1
1;7;0.00;0.00;0;0;0
1;8;0.00;0.00;0;0;0
1;8;0.00;0.00;0;0;0
1;8;0.00;0.00;0;0;0
1;9;0.00;0.00;0;0;0
1;8;0.00;0.00;0;0;0
1;8;0.00;0.00;0;0;0
1;8;0.01;-0.02;0;0;-1
1;8;0.00;0.00;0;0;0
1;9;0.00;0.00;0;0;0
1;9;0.00;0.00;0;0;0
1;7;-0.01;-0.02;0;1;0
1;12;0.00;0.00;0;0;0
1;8;0.00;0.00;0;0;0
1;9;0.01;-0.02;0;0;-1
1;7;0.00;0.00;0;0;0
1;8;0.00;0.00;0;0;0
1;8;0.00;0.00;0;0;0
1;11;0.01;-0.02;1;1;0
1;7;0.00;0.00;0;0;0
1;8;0.00;0.00;0;0;0
1;8;0.00;0.00;0;0;0
1;8;0.01;-0.02;0;0;-1
1;7;0.00;0.00;0;0;0
1;10;0.00;0.00;0;0;0
1;8;0.00;0.00;0;0;0
1;8;0.00;0.00;0;0;0
1;8;-0.01;-0.02;0;1;0
1;11;0.00;0.00;0;0;0
1;6;0.00;0.00;0;0;0
1;15;0.01;-0.02;0;0;-1
1;9;0.00;0.00;0;0;0
1;7;0.00;0.00;0;0;0
1;13;-0.01;-0.02;0;1;0
1;9;0.00;0.00;0;0;0
1;9;0.00;0.00;0;0;0
1;17;0.01;-0.02;0;0;-1
1;7;0.00;0.00;0;0;0
1;8;0.00;0.00;0;0;0
1;7;-0.01;-0.02;0;1;0
1;10;0.00;0.00;0;0;0
1;7;0.00;0.00;0;0;0
1;9;0.00;0.00;0;0;0
1;8;0.01;-0.02;0;0;-1
1;8;0.00;0.00;0;0;0
1;8;0.00;0.00;0;0;0
1;8;-0.01;-0.02;0;1;0
1;8;0.00;0.00;0;0;0
1;12;0.00;0.00;0;0;0
1;5;0.00;0.00;0;0;0
1;8;0.00;0.00;0;0;0
1;8;0.00;0.00;0;0;0
1;8;0.01;-0.02;0;0;-1
1;9;-0.01;-0.02;0;1;0
1;7;0.00;0.00;0;0;0
1;9;0.00;0.00;0;0;0
1;9;0.00;0.00;0;0;0
1;7;0.00;0.00;0;0;0
1;9;0.00;0.00;0;0;0
1;8;0.00;0.00;0;0;0
1;8;-0.01;-0.02;0;1;0
1;8;0.01;-0.02;0;0;-1
1;8;0.00;0.00;0;0;0
1;9;0.00;0.00;0;0;0
1;8;0.00;0.00;0;0;0
1;8;0.00;0.00;0;0;0
1;8;0.00;0.00;0;0;0
1;13;-0.01;-0.02;0;1;0
1;10;0.00;0.00;0;0;0
1;6;0.00;0.00;0;0;0
1;11;0.00;0.00;0;0;0
1;5;0.01;-0.02;0;0;-1
1;8;0.00;0.00;0;0;0
1;8;-0.01;-0.02;0;1;0
1;14;0.00;0.00;0;0;0
1;13;0.00;0.00;0;0;0
1;6;0.00;0.00;0;0;0
1;14;0.00;0.00;0;0;0
1;8;0.00;0.00;0;0;0
1;7;-0.01;-0.02;0;1;0
1;7;0.00;0.00;0;0;0
1;11;0.00;0.00;0;0;0
1;8;0.00;0.00;0;0;0
1;13;0.00;0.00;0;0;0
1;9;-0.01;-0.02;0;1;0
1;20;0.00;0.00;0;0;0
1;6;0.00;0.00;0;0;0
1;8;0.00;0.00;0;0;0
1;7;0.00;0.00;0;0;0
1;9;0.00;0.00;0;0;0
1;9;-0.01;-0.02;0;1;0
1;7;0.00;0.00;0;0;0
1;14;0.00;0.00;0;0;0
1;7;0.00;0.00;0;0;0
1;9;0.01;-0.02;0;0;-1
1;8;0.00;0.00;0;0;0
1;9;0.00;0.00;0;0;0
1;7;0.00;0.00;0;0;0
1;8;0.00;0.00;0;0;0
1;8;0.00;0.00;0;0;0
1;9;0.00;0.00;0;0;0
1;10;0.00;0.00;0;0;0
1;10;0.00;0.00;0;0;0
1;8;0.00;0.00;0;0;0
1;8;0.00;0.00;0;0;0
1;8;0.00;0.00;0;0;0
1;10;0.00;0.00;0;0;0
1;7;0.00;0.00;0;0;0
1;10;0.00;0.00;0;0;0
1;6;0.00;0.00;0;0;0
1;12;0.00;0.00;0;0;0
1;8;0.00;0.00;0;0;0
1;5;0.00;0.00;0;0;0
1;8;0.00;0.00;0;0;0
1;8;0.00;0.00;0;0;0
1;9;0.00;0.00;0;0;0
1;8;0.00;0.00;0;0;0
1;8;0.00;0.00;0;0;0
1;8;0.00;0.00;0;0;0
1;8;0.00;0.00;0;0;0
1;8;-0.01;-0.02;0;1;0
1;11;0.00;0.00;0;0;0
1;8;0.00;0.00;0;0;0
1;6;0.00;0.00;0;0;0
1;12;0.00;0.00;0;0;0
1;7;-0.01;-0.02;0;1;0
1;11;0.00;0.00;0;0;0
1;7;0.00;0.00;0;0;0
1;9;0.00;0.00;0;0;0
1;7;0.00;0.00;0;0;0
1;8;0.00;0.00;0;0;0
1;8;0.00;0.00;0;0;0
1;15;0.00;0.00;0;0;0
1;11;0.00;0.00;0;0;0
1;7;0.00;0.00;0;0;0
1;16;0.00;0.00;0;0;0
1;7;0.00;0.00;0;0;0
1;6;0.00;0.00;0;0;0
1;9;0.00;0.00;0;0;0
1;7;0.00;0.00;0;0;0
1;8;0.00;0.00;0;0;0
1;8;0.00;0.00;0;0;0
1;9;0.00;0.00;0;0;0
1;9;0.00;0.00;0;0;0
1;7;-0.01;-0.02;0;1;0
1;8;0.00;0.00;0;0;0
1;10;0.00;0.00;0;0;0
1;7;0.00;0.00;0;0;0
1;7;0.00;0.00;0;0;0
1;14;0.00;0.00;0;0;0
1;8;0.00;0.00;0;0;0
1;7;-0.01;-0.02;0;1;0
1;10;0.00;0.00;0;0;0
1;10;0.00;0.00;0;0;0
1;9;0.00;0.00;0;0;0
1;5;0.00;0.00;0;0;0
1;9;0.00;0.00;0;0;0
1;10;-0.01;-0.02;0;1;0
1;15;0.00;0.00;0;0;0
1;7;0.00;0.00;0;0;0
1;7;0.00;0.00;0;0;0
1;9;0.00;0.00;0;0;0
1;8;0.00;0.00;0;0;0
1;7;-0.01;-0.02;0;1;0
1;11;0.00;0.00;0;0;0
1;7;0.01;-0.02;0;0;-1
1;8;0.00;0.00;0;0;0
1;7;0.00;0.00;0;0;0
1;8;0.00;0.00;0;0;0
1;9;0.00;0.00;0;0;0
1;13;-0.01;-0.02;0;1;0
1;8;0.00;0.00;0;0;0
1;9;0.00;0.00;0;0;0
1;8;0.00;0.00;0;0;0
1;8;0.01;-0.02;0;0;-1
1;9;0.00;0.00;0;0;0
1;7;-0.01;-0.02;0;1;0
1;9;0.00;0.00;0;0;0
1;7;0.00;0.00;0;0;0
1;9;0.00;0.00;0;0;0
1;8;0.00;0.00;0;0;0
1;12;0.00;0.00;0;0;0
1;7;0.01;-0.02;0;0;-1
1;9;-0.01;-0.02;0;1;0
1;9;0.00;0.00;0;0;0
1;7;0.00;0.00;0;0;0
1;8;0.00;0.00;0;0;0
1;11;0.00;0.00;0;0;0
1;6;0.00;0.00;0;0;0
1;9;0.00;0.00;0;0;0
1;10;-0.01;-0.02;0;1;0
1;6;0.00;0.00;0;0;0
1;7;0.01;-0.02;0;0;-1
1;12;0.00;0.00;0;0;0
1;9;0.00;0.00;0;0;0
1;8;0.00;0.00;0;0;0
1;16;-0.01;-0.02;0;1;0
1;5;0.01;-0.02;0;0;-1
1;8;0.00;0.00;0;0;0
1;11;0.00;0.00;0;0;0
1;6;0.00;0.00;0;0;0
1;7;0.00;0.00;0;0;0
1;8;0.00;0.00;0;0;0
1;13;-0.01;-0.02;0;1;0
1;8;0.00;0.00;0;0;0
1;8;0.01;-0.02;0;0;-1
1;10;0.00;0.00;0;0;0
1;7;0.00;0.00;0;0;0
1;9;0.00;0.00;0;0;0
1;7;-0.01;-0.02;0;1;0
1;10;0.00;0.00;0;0;0
1;9;0.00;0.00;0;0;0
1;6;0.00;0.00;0;0;0
1;8;0.00;0.00;0;0;0
1;13;0.01;-0.02;0;0;-1
1;7;-0.01;-0.02;0;1;0
1;10;0.00;0.00;0;0;0
1;6;0.00;0.00;0;0;0
1;15;0.00;0.00;0;0;0
1;7;0.00;0.00;0;0;0
1;7;0.00;0.00;0;0;0
1;12;0.01;-0.02;0;0;-1
1;5;-0.01;-0.02;0;1;0
1;27;0.00;0.00;0;0;0
1;6;0.00;0.00;0;0;0
1;16;0.01;-0.02;0;0;-1
1;9;-0.01;-0.02;0;1;0
1;26;0.00;0.00;0;0;0
1;8;0.00;0.00;0;0;0
1;7;0.01;-0.02;0;0;-1
1;8;0.00;0.00;0;0;0
1;8;0.00;0.00;0;0;0
1;8;-0.01;-0.02;0;1;0
1;7;0.00;0.00;0;0;0
1;11;0.00;0.00;0;0;0
1;7;0.00;0.00;0;0;0
1;7;0.01;-0.02;0;0;-1
1;8;0.00;0.00;0;0;0
1;8;0.00;0.00;0;0;0
1;9;-0.01;-0.02;0;1;0
1;8;0.00;0.00;0;0;0
1;8;0.00;0.00;0;0;0
1;8;0.00;0.00;0;0;0
1;8;0.01;-0.02;0;0;-1
1;9;0.00;0.00;0;0;0
1;10;0.00;0.00;0;0;0
1;7;0.00;0.00;0;0;0
1;7;0.00;0.00;0;0;0
1;8;-0.01;-0.02;0;1;0
1;10;0.00;0.00;0;0;0
1;7;0.00;0.00;0;0;0
1;11;0.01;-0.02;0;0;-1
1;6;0.00;0.00;0;0;0
1;12;0.00;0.00;0;0;0
1;10;0.00;0.00;0;0;0
1;7;-0.01;-0.02;0;1;0
1;10;0.01;-0.02;0;0;-1
1;7;0.00;0.00;0;0;0
1;8;0.00;0.00;0;0;0
1;8;0.00;0.00;0;0;0
1;11;0.00;0.00;0;0;0
1;5;0.00;0.00;0;0;0
1;8;0.01;-0.02;0;0;-1
1;8;-0.01;-0.02;0;1;0
1;9;0.00;0.00;0;0;0
1;8;0.00;0.00;0;0;0
1;9;0.00;0.00;0;0;0
1;9;0.01;-0.02;0;0;-1
1;10;0.00;0.00;0;0;0
1;9;-0.01;-0.02;0;1;0
1;12;0.00;0.00;0;0;0
1;11;0.00;0.00;0;0;0
1;24;0.01;-0.02;0;0;-1
1;6;0.00;0.00;0;0;0
1;7;-0.01;-0.02;0;1;0
1;8;0.00;0.00;0;0;0
1;8;0.00;0.00;0;0;0
1;9;0.00;0.00;0;0;0
1;8;0.01;-0.02;0;0;-1
1;9;0.00;0.00;0;0;0
1;8;0.00;0.00;0;0;0
1;8;0.00;0.00;0;0;0
1;9;0.00;0.00;0;0;0
1;8;-0.01;-0.02;0;1;0
1;7;0.00;0.00;0;0;0
1;8;0.01;-0.02;0;0;-1
1;8;0.00;0.00;0;0;0
1;8;0.00;0.00;0;0;0
1;10;0.00;0.00;0;0;0
1;7;0.00;0.00;0;0;0
1;8;0.00;0.00;0;0;0
1;8;0.00;-0.04;0;1;-1
1;10;0.00;0.00;0;0;0
1;8;0.00;0.00;0;0;0
1;8;0.00;0.00;0;0;0
1;8;0.00;0.00;0;0;0
1;9;0.00;0.00;0;0;0
1;7;0.01;-0.02;0;0;-1
1;9;-0.01;-0.02;0;1;0
1;8;0.00;0.00;0;0;0
1;7;0.00;0.00;0;0;0
1;8;0.00;0.00;0;0;0
1;8;0.00;0.00;0;0;0
1;9;0.00;0.00;0;0;0
1;8;0.01;-0.02;0;0;-1
1;8;-0.01;-0.02;0;1;0
1;10;0.00;0.00;0;0;0
1;7;0.00;0.00;0;0;0
1;9;0.00;0.00;0;0;0
1;7;0.01;-0.02;0;0;-1
1;9;0.00;0.00;0;0;0
1;7;0.00;0.00;0;0;0
1;14;0.00;0.00;0;0;0
1;8;-0.01;-0.02;0;1;0
1;8;0.01;-0.02;0;0;-1
1;11;0.00;0.00;0;0;0
1;8;0.00;0.00;0;0;0
1;10;0.00;0.00;0;0;0
1;8;0.00;0.00;0;0;0
1;17;0.00;-0.04;0;1;-1
1;13;0.00;0.00;0;0;0
1;13;0.00;0.00;0;0;0
1;9;0.00;0.00;0;0;0
1;20;-0.01;-0.02;0;1;0
1;16;0.01;-0.02;0;0;-1
1;8;0.00;0.00;0;0;0
1;6;0.00;0.00;0;0;0
1;11;0.00;0.00;0;0;0
1;9;-0.01;-0.02;0;1;0
1;8;0.01;-0.02;0;0;-1
1;8;0.00;0.00;0;0;0
1;12;0.00;0.00;0;0;0
1;5;0.00;0.00;0;0;0
1;7;0.00;0.00;0;0;0
1;10;0.00;0.00;0;0;0
1;8;0.01;-0.02;0;0;-1
1;7;-0.01;-0.02;0;1;0
1;12;0.00;0.00;0;0;0
1;9;0.00;0.00;0;0;0
1;9;0.00;0.00;0;0;0
1;9;0.01;-0.02;0;0;-1
1;10;0.00;0.00;0;0;0
1;8;-0.01;-0.02;0;1;0
1;9;0.00;0.00;0;0;0
1;10;0.00;0.00;0;0;0
1;7;-0.01;-0.02;0;1;0
1;7;0.00;0.00;0;0;0
1;8;0.01;-0.02;0;0;-1
1;13;-0.01;-0.02;0;1;0
1;8;0.00;0.00;0;0;0
1;8;-0.01;-0.02;0;1;0
1;8;0.00;0.00;0;0;0
1;8;-0.01;-0.02;0;1;0
1;9;0.00;0.00;0;0;0
1;17;-0.01;-0.06;0;2;-1
1;7;0.00;0.00;0;0;0
1;13;-0.01;-0.02;0;1;0
1;8;0.00;0.00;0;0;0
1;8;0.00;-0.04;0;1;-1
1;8;0.00;0.00;0;0;0
1;10;-0.01;-0.02;0;1;0
1;16;-0.01;-0.02;0;1;0
1;7;0.01;-0.02;0;0;-1
1;9;-0.01;-0.02;0;1;0
1;7;0.00;0.00;0;0;0
1;10;-0.01;-0.02;0;1;0
1;7;0.00;0.00;0;0;0
1;9;0.01;-0.02;0;0;-1
1;12;0.00;0.00;0;0;0
1;11;-0.01;-0.02;0;1;0
1;11;0.00;0.00;0;0;0
1;6;0.01;-0.02;0;0;-1
1;8;0.00;0.00;0;0;0
1;11;0.00;0.00;0;0;0
1;6;0.00;0.00;0;0;0
1;9;0.00;0.00;0;0;0
1;7;0.00;0.00;0;0;0
1;12;0.01;-0.02;0;0;-1
1;5;0.00;0.00;0;0;0
1;7;-0.01;-0.02;0;1;0
1;8;0.00;0.00;0;0;0
1;10;0.00;0.00;0;0;0
1;8;0.00;0.00;0;0;0
1;13;0.00;0.00;0;0;0
1;11;0.00;0.00;0;0;0
1;9;-0.01;-0.02;0;1;0
1;8;0.01;-0.02;0;0;-1
1;7;0.00;0.00;0;0;0
1;26;0.00;0.00;0;0;0
1;13;-0.01;-0.02;0;1;0
1;18;0.01;-0.02;0;0;-1
1;9;0.00;0.00;0;0;0
1;8;0.00;0.00;0;0;0
1;8;-0.01;-0.02;0;1;0
1;9;0.00;0.00;0;0;0
1;7;0.01;-0.02;0;0;-1
1;8;0.00;0.00;0;0;0
1;9;0.00;0.00;0;0;0
1;10;0.00;0.00;0;0;0
1;7;0.00;0.00;0;0;0
1;8;-0.01;-0.02;0;1;0
1;8;0.01;-0.02;0;0;-1
1;9;0.00;0.00;0;0;0
1;8;0.00;0.00;0;0;0
1;8;0.00;0.00;0;0;0
1;7;0.00;0.00;0;0;0
1;8;-0.01;-0.02;0;1;0
1;9;0.00;0.00;0;0;0
1;8;0.00;-0.04;0;1;-1
1;8;0.00;0.00;0;0;0
1;9;0.00;0.00;0;0;0
1;8;-0.01;-0.02;0;1;0
1;11;0.00;0.00;0;0;0
1;6;-0.01;-0.02;0;1;0
1;8;0.00;0.00;0;0;0
1;7;-0.01;-0.02;0;1;0
1;11;0.01;-0.02;0;0;-1
1;7;-0.01;-0.02;0;1;0
1;9;0.00;0.00;0;0;0
1;11;-0.01;-0.02;0;1;0
1;7;-0.01;-0.02;0;1;0
1;8;0.00;0.00;0;0;0
1;9;0.01;-0.02;0;0;-1
1;8;-0.01;-0.02;0;1;0
1;12;0.00;0.00;0;0;0
1;13;0.00;0.00;0;0;0
1;9;0.00;-0.04;0;1;-1
1;11;0.00;0.00;0;0;0
1;5;0.00;0.00;0;0;0
1;11;0.01;-0.02;0;0;-1
1;8;0.00;0.00;0;0;0
1;10;0.00;0.00;0;0;0
1;7;0.00;0.00;0;0;0
1;8;0.01;-0.02;0;0;-1
1;8;0.00;0.00;0;0;0
1;12;-0.01;-0.02;0;1;0
1;13;0.00;0.00;0;0;0
1;5;0.00;0.00;0;0;0
1;8;0.00;0.00;0;0;0
1;7;0.00;0.00;0;0;0
1;14;0.01;-0.02;0;0;-1
1;8;0.00;0.00;0;0;0
1;8;-0.01;-0.02;0;1;0
1;7;0.00;0.00;0;0;0
1;9;0.00;0.00;0;0;0
1;7;0.00;0.00;0;0;0
1;11;0.00;0.00;0;0;0
1;14;-0.01;-0.02;0;1;0
1;9;0.01;-0.02;0;0;-1
1;20;0.00;0.00;0;0;0
1;8;0.00;0.00;0;0;0
1;8;-0.01;-0.02;0;1;0
1;8;0.01;-0.02;0;0;-1
1;12;0.00;0.00;0;0;0
1;6;0.00;0.00;0;0;0
1;7;0.00;0.00;0;0;0
1;8;0.00;0.00;0;0;0
1;8;-0.01;-0.02;0;1;0
1;8;0.01;-0.02;0;0;-1
1;9;0.00;0.00;0;0;0
1;10;0.00;0.00;0;0;0
1;8;0.00;0.00;0;0;0
1;7;0.00;0.00;0;0;0
1;7;0.00;0.00;0;0;0
1;9;0.00;-0.04;0;1;-1
1;8;0.00;0.00;0;0;0
1;8;0.00;0.00;0;0;0
1;8;0.00;0.00;0;0;0
1;11;0.00;0.00;0;0;0
1;7;0.00;0.00;0;0;0
1;7;-0.01;-0.02;0;1;0
1;9;0.00;0.00;0;0;0
1;15;0.01;-0.02;0;0;-1
1;6;0.00;0.00;0;0;0
1;8;0.00;0.00;0;0;0
1;10;0.00;0.00;0;0;0
1;6;-0.01;-0.02;0;1;0
1;7;0.00;0.00;0;0;0
1;9;0.01;-0.02;0;0;-1
1;8;0.00;0.00;0;0;0
1;9;0.00;0.00;0;0;0
1;7;0.00;0.00;0;0;0
1;8;0.00;0.00;0;0;0
1;8;-0.01;-0.02;0;1;0
1;9;0.01;-0.02;0;0;-1
1;8;0.00;0.00;0;0;0
1;9;0.00;0.00;0;0;0
1;19;0.00;0.00;0;0;0
1;16;-0.01;-0.02;0;1;0
1;6;0.01;-0.02;0;0;-1
1;7;0.00;0.00;0;0;0
1;8;0.00;0.00;0;0;0
1;8;0.00;0.00;0;0;0
1;9;0.00;0.00;0;0;0
1;8;-0.01;-0.02;0;1;0
1;15;0.01;-0.02;0;0;-1
1;10;0.00;0.00;0;0;0
1;10;-0.01;-0.02;0;1;0
1;6;0.00;0.00;0;0;0
1;12;0.01;-0.02;0;0;-1
1;7;-0.01;-0.02;0;1;0
1;7;0.00;0.00;0;0;0
1;8;-0.01;-0.02;0;1;0
1;8;0.00;0.00;0;0;0
1;7;0.00;0.00;0;0;0
1;8;-0.01;-0.02;0;1;0
1;9;0.00;0.00;0;0;0
1;8;-0.01;-0.02;0;1;0
1;9;0.00;-0.04;0;1;-1
1;7;0.00;0.00;0;0;0
1;8;-0.01;-0.02;0;1;0
1;8;0.00;0.00;0;0;0
1;8;-0.01;-0.02;0;1;0
1;9;0.01;-0.02;0;0;-1
1;11;-0.01;-0.02;0;1;0
1;5;0.00;0.00;0;0;0
1;8;-0.01;-0.02;0;1;0
1;8;0.00;0.00;0;0;0
1;9;0.00;0.00;0;0;0
1;8;0.01;-0.02;0;0;-1
1;8;-0.01;-0.02;0;1;0
1;8;0.00;0.00;0;0;0
1;8;0.00;0.00;0;0;0
1;11;0.01;-0.02;0;0;-1
1;6;0.00;0.00;0;0;0
1;10;0.00;0.00;0;0;0
1;6;0.00;0.00;0;0;0
1;10;-0.01;-0.02;0;1;0
1;15;0.01;-0.02;0;0;-1
1;8;0.00;0.00;0;0;0
1;8;0.00;0.00;0;0;0
1;10;0.00;0.00;0;0;0
1;8;0.00;0.00;0;0;0
1;7;0.00;0.00;0;0;0
1;8;0.01;-0.02;0;0;-1
1;9;-0.01;-0.02;0;1;0
1;13;0.00;0.00;0;0;0
1;8;0.00;0.00;0;0;0
1;7;0.00;0.00;0;0;0
1;8;0.00;0.00;0;0;0
1;9;0.00;0.00;0;0;0
1;11;0.00;0.00;0;0;0
1;9;0.00;0.00;0;0;0
1;8;0.00;-0.04;0;1;-1
1;8;0.00;0.00;0;0;0
1;12;0.00;0.00;0;0;0
1;4;0.00;0.00;0;0;0
1;12;0.00;0.00;0;0;0
1;6;0.00;0.00;0;0;0
1;8;0.00;0.00;0;0;0
1;7;0.01;-0.02;0;0;-1
1;8;-0.01;-0.02;0;1;0
1;10;0.00;0.00;0;0;0
1;10;0.00;0.00;0;0;0
1;8;0.00;0.00;0;0;0
1;5;0.00;0.00;0;0;0
1;8;0.01;-0.02;0;0;-1
1;9;0.00;0.00;0;0;0
1;11;-0.01;-0.02;0;1;0
1;5;0.00;0.00;0;0;0
1;11;0.00;0.00;0;0;0
1;9;0.00;0.00;0;0;0
1;9;0.00;0.00;0;0;0
1;8;0.01;-0.02;0;0;-1
1;11;-0.01;-0.02;0;1;0
1;5;0.00;0.00;0;0;0
1;10;0.00;0.00;0;0;0
1;7;-0.01;-0.02;0;1;0
1;12;0.00;0.00;0;0;0
1;9;0.00;-0.04;0;1;-1
1;7;0.00;0.00;0;0;0
1;9;-0.01;-0.02;0;1;0
1;9;0.00;0.00;0;0;0
1;11;-0.01;-0.02;0;1;0
1;8;0.00;0.00;0;0;0
1;8;-0.01;-0.02;0;1;0
1;8;0.00;0.00;0;0;0
1;9;0.00;-0.04;0;1;-1
1;8;0.00;0.00;0;0;0
1;8;-0.01;-0.02;0;1;0
1;8;0.00;0.00;0;0;0
1;9;-0.01;-0.02;0;1;0
1;8;0.00;0.00;0;0;0
1;8;0.00;-0.04;0;1;-1
1;8;0.00;0.00;0;0;0
1;8;-0.01;-0.02;0;1;0
1;21;0.00;-0.04;0;1;-1
1;8;0.00;0.00;0;0;0
1;9;0.00;0.00;0;0;0
1;7;-0.01;-0.02;0;1;0
1;8;0.00;0.00;0;0;0
1;9;0.00;0.00;0;0;0
1;8;-0.01;-0.02;0;1;0
1;8;0.00;0.00;0;0;0
1;8;0.00;0.00;0;0;0
1;8;0.00;0.00;0;0;0
1;10;-0.02;0.00;-1;0;0
1;7;-0.01;-0.02;0;1;0
1;15;0.00;0.00;0;0;0
1;11;0.00;0.00;0;0;0
1;7;0.00;0.00;0;0;0
1;8;0.00;0.00;0;0;0
1;8;0.00;0.00;0;0;0
1;8;0.00;0.00;0;0;0
1;8;0.00;0.00;0;0;0
1;8;0.00;0.00;0;0;0
1;9;0.00;0.00;0;0;0
1;8;-0.01;-0.02;0;1;0
1;12;0.00;0.00;0;0;0
1;8;0.00;0.00;0;0;0
1;5;0.00;0.00;0;0;0
1;8;0.00;0.00;0;0;0
1;8;0.00;0.00;0;0;0
1;9;0.00;0.00;0;0;0
1;7;-0.01;-0.02;0;1;0
1;8;0.00;0.00;0;0;0
1;9;0.00;0.00;0;0;0
1;12;-0.01;-0.02;0;1;0
1;8;0.00;0.00;0;0;0
1;8;-0.02;0.00;-1;0;0
1;8;-0.01;-0.02;0;1;0
1;9;0.00;0.00;0;0;0
1;15;0.00;-0.04;0;1;-1
1;22;-0.01;-0.02;0;1;0
1;11;-0.01;-0.02;0;1;0
1;5;-0.02;0.00;-1;0;0
1;8;-0.01;-0.02;0;1;0
1;8;0.00;0.00;0;0;0
1;13;0.00;-0.04;0;1;-1
1;8;-0.01;-0.02;0;1;0
1;8;-0.02;0.00;-1;0;0
1;8;-0.01;-0.02;0;1;0
1;8;0.00;0.00;0;0;0
1;9;-0.01;-0.02;0;1;0
1;8;0.01;-0.02;0;0;-1
1;8;-0.01;-0.02;0;1;0
1;8;0.00;0.00;0;0;0
1;8;-0.04;-0.02;-1;1;0
1;8;0.00;0.00;0;0;0
1;9;-0.01;-0.02;0;1;0
1;8;0.01;-0.02;0;0;-1
1;10;-0.01;-0.02;0;1;0
1;7;0.00;0.00;0;0;0
1;8;-0.01;-0.02;0;1;0
1;9;0.00;0.00;0;0;0
1;7;0.00;0.00;0;0;0
1;8;0.00;0.00;0;0;0
1;9;-0.01;-0.02;0;1;0
1;7;0.00;0.00;0;0;0
1;10;0.00;0.00;0;0;0
1;7;0.00;0.00;0;0;0
1;8;0.00;0.00;0;0;0
1;8;0.00;0.00;0;0;0
1;8;0.00;0.00;0;0;0
1;9;0.00;0.00;0;0;0
1;9;0.00;0.00;0;0;0
1;7;-0.01;-0.02;0;1;0
1;8;0.00;0.00;0;0;0
1;8;0.00;0.00;0;0;0
1;9;0.00;0.00;0;0;0
1;9;0.00;0.00;0;0;0
1;8;0.00;0.00;0;0;0
1;9;0.00;0.00;0;0;0
1;6;0.00;0.00;0;0;0
1;10;0.00;0.00;0;0;0
1;19;-0.01;-0.02;0;1;0
1;8;0.00;0.00;0;0;0
1;12;0.00;0.00;0;0;0
1;9;0.00;0.00;0;0;0
1;8;0.00;0.00;0;0;0
1;13;-0.01;-0.02;0;1;0
1;9;0.00;0.00;0;0;0
1;11;0.00;0.00;0;0;0
1;9;0.00;0.00;0;0;0
1;7;0.00;0.00;0;0;0
1;8;0.00;-0.04;0;1;-1
1;8;0.00;0.00;0;0;0
1;17;0.00;0.00;0;0;0
1;4;-0.01;-0.02;0;1;0
1;11;-0.02;0.00;-1;0;0
1;9;-0.01;-0.02;0;1;0
1;6;0.00;0.00;0;0;0
1;13;-0.01;-0.02;0;1;0
1;7;0.00;0.00;0;0;0
1;8;-0.01;-0.02;0;1;0
1;6;0.01;-0.02;0;0;-1
1;8;-0.01;-0.02;0;1;0
1;10;-0.02;0.00;-1;0;0
1;8;-0.01;-0.02;0;1;0
1;8;0.00;0.00;0;0;0
1;7;-0.01;-0.02;0;1;0
1;8;0.00;-0.04;0;1;-1
1;10;0.00;0.00;0;0;0
1;7;-0.04;-0.02;-1;1;0
1;8;0.00;0.00;0;0;0
1;8;-0.01;-0.02;0;1;0
1;8;0.00;0.00;0;0;0
1;9;0.00;-0.04;0;1;-1
1;8;-0.04;-0.02;-1;1;0
1;8;0.00;0.00;0;0;0
1;8;0.00;0.00;0;0;0
1;8;-0.01;-0.02;0;1;0
1;9;0.00;0.00;0;0;0
1;8;0.00;0.00;0;0;0
1;8;0.00;0.00;0;0;0
1;8;0.00;-0.04;0;1;-1
1;10;0.00;0.00;0;0;0
1;12;0.00;0.00;0;0;0
1;7;0.00;0.00;0;0;0
1;8;0.00;0.00;0;0;0
1;8;0.00;0.00;0;0;0
1;8;-0.01;-0.02;0;1;0
1;9;0.00;0.00;0;0;0
1;8;0.00;0.00;0;0;0
1;8;0.00;0.00;0;0;0
1;8;0.00;0.00;0;0;0
1;8;0.00;0.00;0;0;0
1;20;0.00;0.00;0;0;0
1;6;0.00;0.00;0;0;0
1;7;0.00;0.00;0;0;0
1;8;0.00;0.00;0;0;0
1;8;0.00;0.00;0;0;0
1;12;-0.01;-0.02;0;1;0
1;5;0.00;0.00;0;0;0
1;7;0.00;0.00;0;0;0
1;16;0.00;0.00;0;0;0
1;9;0.00;0.00;0;0;0
1;8;-0.01;-0.02;0;1;0
1;8;-0.02;0.00;-1;0;0
1;8;0.00;0.00;0;0;0
1;13;0.00;0.00;0;0;0
1;8;0.00;0.00;0;0;0
1;8;0.00;0.00;0;0;0
1;8;-0.01;-0.02;0;1;0
1;9;0.00;0.00;0;0;0
1;8;-0.02;0.00;-1;0;0
1;8;-0.01;-0.02;0;1;0
1;11;0.00;0.00;0;0;0
1;5;-0.01;-0.02;0;1;0
1;9;0.00;0.00;0;0;0
1;8;-0.01;-0.02;0;1;0
1;11;0.00;0.00;0;0;0
1;6;-0.01;-0.02;0;1;0
1;8;0.00;0.00;0;0;0
1;7;-0.01;-0.02;0;1;0
1;10;-0.02;0.00;-1;0;0
1;11;-0.01;-0.02;0;1;0
1;8;-0.01;-0.02;0;1;0
1;10;0.00;0.00;0;0;0
1;10;-0.02;-0.04;-1;1;-1
1;9;0.00;0.00;0;0;0
1;8;-0.01;-0.02;0;1;0
1;13;-0.01;-0.02;0;1;0
1;7;-0.02;0.00;-1;0;0
1;8;0.00;0.00;0;0;0
1;19;0.00;-0.04;0;1;-1
1;18;-0.04;-0.02;-1;1;0
1;8;0.00;0.00;0;0;0
1;9;0.00;0.00;0;0;0
1;16;0.00;0.00;0;0;0
1;8;0.00;0.00;0;0;0
1;8;-0.01;-0.02;0;1;0
1;13;-0.02;0.00;-1;0;0
1;9;0.00;0.00;0;0;0
1;7;0.00;0.00;0;0;0
1;8;0.00;0.00;0;0;0
1;12;0.00;0.00;0;0;0
1;5;0.00;0.00;0;0;0
1;8;0.00;0.00;0;0;0
1;11;0.00;0.00;0;0;0
1;5;0.00;0.00;0;0;0
1;9;-0.02;0.00;-1;0;0
1;9;-0.01;-0.02;0;1;0
1;9;0.00;0.00;0;0;0
1;7;0.00;0.00;0;0;0
1;7;0.00;0.00;0;0;0
1;11;0.00;0.00;0;0;0
1;9;-0.02;0.00;-1;0;0
1;7;-0.01;-0.02;0;1;0
1;7;0.00;0.00;0;0;0
1;11;0.00;0.00;0;0;0
1;16;0.00;0.00;0;0;0
1;5;0.00;0.00;0;0;0
1;8;-0.02;0.00;-1;0;0
1;8;0.00;0.00;0;0;0
1;8;-0.01;-0.02;0;1;0
1;11;0.00;0.00;0;0;0
1;6;0.00;0.00;0;0;0
1;8;-0.02;0.00;-1;0;0
1;8;0.00;0.00;0;0;0
1;8;-0.01;-0.02;0;1;0
1;13;0.00;0.00;0;0;0
1;8;0.00;0.00;0;0;0
1;11;-0.04;-0.02;-1;1;0
1;5;0.00;0.00;0;0;0
1;11;-0.01;-0.02;0;1;0
1;6;0.00;0.00;0;0;0
1;8;-0.01;-0.02;0;1;0
1;8;0.00;0.00;0;0;0
1;8;0.00;0.00;0;0;0
1;8;-0.01;-0.02;0;1;0
1;10;-0.02;0.00;-1;0;0
1;10;-0.01;-0.02;0;1;0
1;5;0.00;0.00;0;0;0
1;8;-0.01;-0.02;0;1;0
1;12;-0.02;0.00;-1;0;0
1;9;-0.01;-0.02;0;1;0
1;8;0.01;-0.02;0;0;-1
1;8;-0.01;-0.02;0;1;0
1;8;0.00;0.00;0;0;0
1;8;-0.04;-0.02;-1;1;0
1;8;0.00;0.00;0;0;0
1;9;-0.01;-0.02;0;1;0
1;8;0.01;-0.02;0;0;-1
1;8;0.00;0.00;0;0;0
1;8;-0.04;-0.02;-1;1;0
1;8;0.00;0.00;0;0;0
1;9;-0.01;-0.02;0;1;0
1;10;0.00;0.00;0;0;0
1;7;0.01;-0.02;0;0;-1
1;8;-0.01;-0.02;0;1;0
1;7;-0.02;0.00;-1;0;0
1;9;0.00;0.00;0;0;0
1;9;0.00;0.00;0;0;0
1;12;-0.01;-0.02;0;1;0
1;7;0.00;0.00;0;0;0
1;16;-0.02;0.00;-1;0;0
1;18;0.00;0.00;0;0;0
1;9;0.00;0.00;0;0;0
1;7;0.00;0.00;0;0;0
1;10;0.00;0.00;0;0;0
1;6;-0.02;0.00;-1;0;0
1;10;0.00;0.00;0;0;0
1;7;-0.01;-0.02;0;1;0
1;7;0.00;0.00;0;0;0
1;9;0.00;0.00;0;0;0
1;8;0.00;0.00;0;0;0
1;9;0.00;0.00;0;0;0
1;7;0.00;0.00;0;0;0
1;8;-0.02;0.00;-1;0;0
1;9;0.00;0.00;0;0;0
1;8;-0.01;-0.02;0;1;0
1;8;0.00;0.00;0;0;0
1;12;0.00;0.00;0;0;0
1;8;0.00;0.00;0;0;0
1;9;-0.02;0.00;-1;0;0
1;11;0.00;0.00;0;0;0
1;5;-0.01;-0.02;0;1;0
1;9;0.00;0.00;0;0;0
1;7;0.00;0.00;0;0;0
1;10;0.00;0.00;0;0;0
1;7;-0.04;-0.02;-1;1;0
1;9;0.00;0.00;0;0;0
1;7;0.00;0.00;0;0;0
1;12;-0.01;-0.02;0;1;0
1;11;-0.01;-0.02;0;1;0
1;10;0.00;0.00;0;0;0
1;11;-0.01;-0.02;0;1;0
1;5;-0.02;0.00;-1;0;0
1;8;-0.01;-0.02;0;1;0
1;9;0.00;0.00;0;0;0
1;14;-0.01;-0.02;0;1;0
1;8;-0.01;-0.02;0;1;0
1;6;-0.02;0.00;-1;0;0
1;9;-0.01;-0.02;0;1;0
1;9;0.01;-0.02;0;0;-1
1;7;-0.01;-0.02;0;1;0
1;8;0.00;0.00;0;0;0
1;10;-0.04;-0.02;-1;1;0
1;11;0.00;0.00;0;0;0
1;12;0.00;-0.04;0;1;-1
1;8;-0.01;-0.02;0;1;0
1;9;0.00;0.00;0;0;0
1;7;-0.01;-0.02;0;1;0
1;9;0.01;-0.02;0;0;-1
1;9;0.00;0.00;0;0;0
1;8;-0.01;-0.02;0;1;0
1;7;0.00;0.00;0;0;0
1;10;0.00;0.00;0;0;0
1;7;0.01;-0.02;0;0;-1
1;9;-0.01;-0.02;0;1;0
1;7;0.00;0.00;0;0;0
1;9;-0.02;0.00;-1;0;0
1;7;0.01;-0.02;0;0;-1
1;9;0.00;0.00;0;0;0
1;8;-0.01;-0.02;0;1;0
1;10;0.00;0.00;0;0;0
1;6;0.00;0.00;0;0;0
1;8;0.00;0.00;0;0;0
1;9;0.00;0.00;0;0;0
1;8;0.00;0.00;0;0;0
1;8;0.00;0.00;0;0;0
1;8;0.00;0.00;0;0;0
1;8;0.00;0.00;0;0;0
1;8;0.00;-0.04;0;1;-1
1;9;0.00;0.00;0;0;0
1;8;0.00;0.00;0;0;0
1;8;0.00;0.00;0;0;0
1;8;0.00;0.00;0;0;0
1;8;0.00;0.00;0;0;0
1;9;0.00;0.00;0;0;0
1;8;0.00;0.00;0;0;0
1;8;-0.01;-0.02;0;1;0
1;8;0.00;0.00;0;0;0
1;8;0.00;0.00;0;0;0
1;9;0.01;-0.02;0;0;-1
1;10;0.00;0.00;0;0;0
1;7;0.00;0.00;0;0;0
1;7;-0.01;-0.02;0;1;0
1;8;0.00;0.00;0;0;0
1;9;0.00;0.00;0;0;0
1;8;0.00;0.00;0;0;0
1;8;0.00;0.00;0;0;0
1;8;0.00;0.00;0;0;0
1;10;-0.01;-0.02;0;1;0
1;11;0.00;0.00;0;0;0
1;9;0.00;0.00;0;0;0
1;7;0.00;0.00;0;0;0
1;8;0.00;0.00;0;0;0
1;15;-0.01;-0.02;0;1;0
1;6;0.00;0.00;0;0;0
1;15;0.01;-0.02;0;0;-1
1;12;0.00;0.00;0;0;0
1;5;0.00;0.00;0;0;0
1;9;0.00;0.00;0;0;0
1;8;-0.01;-0.02;0;1;0
1;8;0.00;0.00;0;0;0
1;8;0.00;0.00;0;0;0
1;8;0.00;0.00;0;0;0
1;9;0.00;0.00;0;0;0
1;9;0.00;-0.04;0;1;-1
1;9;0.00;0.00;0;0;0
1;7;-0.01;-0.02;0;1;0
1;9;0.00;0.00;0;0;0
1;7;-0.02;0.00;-1;0;0
1;9;-0.01;-0.02;0;1;0
1;7;0.00;0.00;0;0;0
1;8;0.00;-0.04;0;1;-1
1;8;0.00;0.00;0;0;0
1;10;-0.01;-0.02;0;1;0
1;7;0.00;0.00;0;0;0
1;8;-0.04;-0.02;-1;1;0
1;8;0.00;0.00;0;0;0
1;8;0.00;-0.04;0;1;-1
1;8;-0.01;-0.02;0;1;0
1;13;0.00;0.00;0;0;0
1;8;-0.04;-0.02;-1;1;0
1;9;0.00;0.00;0;0;0
1;7;-0.01;-0.02;0;1;0
1;9;0.00;0.00;0;0;0
1;8;0.00;0.00;0;0;0
1;8;-0.02;-0.04;-1;1;-1
1;8;0.00;0.00;0;0;0
1;8;0.00;0.00;0;0;0
1;8;0.00;0.00;0;0;0
1;9;0.00;0.00;0;0;0
1;8;-0.01;-0.02;0;1;0
1;11;0.00;0.00;0;0;0
1;7;0.00;0.00;0;0;0
1;6;0.00;0.00;0;0;0
1;9;0.00;0.00;0;0;0
1;9;0.00;0.00;0;0;0
1;7;0.00;0.00;0;0;0
1;16;-0.01;-0.02;0;1;0
1;19;0.00;0.00;0;0;0
1;6;0.00;0.00;0;0;0
1;8;0.00;0.00;0;0;0
1;8;0.00;0.00;0;0;0
1;9;0.00;0.00;0;0;0
1;8;0.00;0.00;0;0;0
1;8;0.00;0.00;0;0;0
1;8;0.00;0.00;0;0;0
1;8;-0.01;-0.02;0;1;0
1;9;0.00;0.00;0;0;0
1;8;0.00;0.00;0;0;0
1;8;0.00;0.00;0;0;0
1;8;0.00;0.00;0;0;0
1;8;0.00;0.00;0;0;0
1;8;0.00;0.00;0;0;0
1;9;-0.01;-0.02;0;1;0
1;8;0.00;0.00;0;0;0
1;8;0.00;0.00;0;0;0
1;8;-0.02;0.00;-1;0;0
1;8;0.00;0.00;0;0;0
1;9;0.00;0.00;0;0;0
1;8;0.00;0.00;0;0;0
1;8;0.00;0.00;0;0;0
1;14;-0.01;-0.02;0;1;0
1;6;-0.02;0.00;-1;0;0
1;9;0.00;0.00;0;0;0
1;8;0.00;0.00;0;0;0
1;8;0.00;0.00;0;0;0
1;8;0.00;0.00;0;0;0
1;8;-0.01;-0.02;0;1;0
1;9;0.00;0.00;0;0;0
1;12;-0.02;0.00;-1;0;0
1;8;0.00;0.00;0;0;0
1;8;0.00;0.00;0;0;0
1;9;0.00;0.00;0;0;0
1;8;-0.01;-0.02;0;1;0
1;8;0.00;0.00;0;0;0
1;10;0.00;0.00;0;0;0
1;13;-0.04;-0.02;-1;1;0
1;6;0.00;0.00;0;0;0
1;9;-0.01;-0.02;0;1;0
1;7;0.00;0.00;0;0;0
1;8;-0.01;-0.02;0;1;0
1;8;0.00;0.00;0;0;0
1;9;-0.01;-0.02;0;1;0
1;8;-0.02;0.00;-1;0;0
1;8;-0.01;-0.02;0;1;0
1;12;0.00;0.00;0;0;0
1;9;-0.01;-0.02;0;1;0
1;8;0.00;0.00;0;0;0
1;13;-0.04;-0.02;-1;1;0
1;8;-0.01;-0.02;0;1;0
1;7;0.00;0.00;0;0;0
1;12;-0.01;-0.02;0;1;0
1;10;0.00;0.00;0;0;0
1;8;-0.02;0.00;-1;0;0
1;7;-0.01;-0.02;0;1;0
1;10;0.00;0.00;0;0;0
1;7;0.00;0.00;0;0;0
1;8;0.00;0.00;0;0;0
1;8;0.00;0.00;0;0;0
1;9;-0.02;0.00;-1;0;0
1;11;0.00;0.00;0;0;0
1;9;-0.01;-0.02;0;1;0
1;8;0.00;0.00;0;0;0
1;8;0.00;0.00;0;0;0
1;8;0.00;0.00;0;0;0
1;9;0.00;0.00;0;0;0
1;9;-0.02;0.00;-1;0;0
1;14;0.00;0.00;0;0;0
1;5;0.00;0.00;0;0;0
1;8;0.00;0.00;0;0;0
1;9;0.00;0.00;0;0;0
1;8;0.00;0.00;0;0;0
1;8;-0.01;-0.02;0;1;0
1;11;0.00;0.00;0;0;0
1;5;0.00;0.00;0;0;0
1;8;0.00;0.00;0;0;0
1;9;0.00;0.00;0;0;0
1;8;-0.02;0.00;-1;0;0
1;8;-0.01;-0.02;0;1;0
1;8;0.00;0.00;0;0;0
1;9;0.00;0.00;0;0;0
1;7;0.00;0.00;0;0;0
1;10;0.00;0.00;0;0;0
1;7;-0.02;0.00;-1;0;0
1;8;0.00;0.00;0;0;0
1;8;-0.01;-0.02;0;1;0
1;8;0.00;0.00;0;0;0
1;9;0.00;0.00;0;0;0
1;9;0.00;0.00;0;0;0
1;7;0.00;0.00;0;0;0
1;9;-0.02;0.00;-1;0;0
1;7;0.00;0.00;0;0;0
1;9;0.00;0.00;0;0;0
1;8;-0.01;-0.02;0;1;0
1;8;0.00;0.00;0;0;0
1;8;0.00;0.00;0;0;0
1;8;-0.02;0.00;-1;0;0
1;9;-0.01;-0.02;0;1;0
1;8;0.00;0.00;0;0;0
1;8;0.00;0.00;0;0;0
1;8;-0.01;-0.02;0;1;0
1;8;0.00;0.00;0;0;0
1;9;-0.01;-0.02;0;1;0
1;10;0.00;0.00;0;0;0
1;6;-0.04;-0.02;-1;1;0
1;10;0.00;0.00;0;0;0
1;6;-0.01;-0.02;0;1;0
1;11;0.00;0.00;0;0;0
1;6;-0.01;-0.02;0;1;0
1;8;0.00;0.00;0;0;0
1;8;-0.01;-0.02;0;1;0
1;9;-0.02;0.00;-1;0;0
1;7;-0.01;-0.02;0;1;0
1;16;0.00;0.00;0;0;0
1;18;-0.01;-0.02;0;1;0
1;15;-0.04;-0.02;-1;1;0
1;5;0.00;0.00;0;0;0
1;11;0.00;0.00;0;0;0
1;8;0.00;0.00;0;0;0
1;10;-0.01;-0.02;0;1;0
1;8;0.00;0.00;0;0;0
1;8;-0.02;0.00;-1;0;0
1;11;0.00;0.00;0;0;0
1;9;0.00;0.00;0;0;0
1;9;0.00;0.00;0;0;0
1;12;0.00;0.00;0;0;0
1;8;0.00;0.00;0;0;0
1;13;-0.02;0.00;-1;0;0
1;14;-0.01;-0.02;0;1;0
1;6;0.00;0.00;0;0;0
1;8;0.00;0.00;0;0;0
1;8;0.00;0.00;0;0;0
1;8;0.00;0.00;0;0;0
1;8;-0.02;0.00;-1;0;0
1;9;0.00;0.00;0;0;0
1;8;-0.01;-0.02;0;1;0
1;8;0.00;0.00;0;0;0
1;8;0.00;0.00;0;0;0
1;8;0.00;0.00;0;0;0
1;9;0.00;0.00;0;0;0
1;8;-0.02;0.00;-1;0;0
1;8;0.00;0.00;0;0;0
1;8;-0.01;-0.02;0;1;0
1;13;0.00;0.00;0;0;0
1;8;-0.01;-0.02;0;1;0
1;8;0.00;0.00;0;0;0
1;8;-0.02;0.00;-1;0;0
1;8;-0.01;-0.02;0;1;0
1;8;0.00;0.00;0;0;0
1;9;-0.01;-0.02;0;1;0
1;8;0.00;0.00;0;0;0
1;8;-0.01;-0.02;0;1;0
1;8;0.00;0.00;0;0;0
1;8;-0.01;-0.02;0;1;0
1;9;-0.02;0.00;-1;0;0
1;8;-0.01;-0.02;0;1;0
1;8;0.00;0.00;0;0;0
1;8;-0.01;-0.02;0;1;0
1;10;-0.01;-0.02;0;1;0
1;7;0.00;0.00;0;0;0
1;8;0.00;0.00;0;0;0
1;10;-0.04;-0.02;-1;1;0
1;6;0.00;0.00;0;0;0
1;8;-0.01;-0.02;0;1;0
1;10;0.00;0.00;0;0;0
1;7;-0.01;-0.02;0;1;0
1;15;-0.01;-0.02;0;1;0
1;14;-0.02;0.00;-1;0;0
1;8;0.00;0.00;0;0;0
1;8;-0.01;-0.02;0;1;0
1;8;0.00;0.00;0;0;0
1;7;0.00;0.00;0;0;0
1;9;0.00;0.00;0;0;0
1;7;-0.02;0.00;-1;0;0
1;10;0.00;0.00;0;0;0
1;8;-0.01;-0.02;0;1;0
1;8;0.00;0.00;0;0;0
1;8;0.00;0.00;0;0;0
1;8;0.00;0.00;0;0;0
1;10;0.00;0.00;0;0;0
1;7;-0.02;0.00;-1;0;0
1;9;0.00;0.00;0;0;0
1;11;0.00;0.00;0;0;0
1;9;0.00;0.00;0;0;0
1;8;0.00;0.00;0;0;0
1;8;-0.01;-0.02;0;1;0
1;8;0.00;0.00;0;0;0
1;11;0.00;0.00;0;0;0
1;5;-0.02;0.00;-1;0;0
1;12;0.00;0.00;0;0;0
1;6;0.00;0.00;0;0;0
1;8;-0.01;-0.02;0;1;0
1;7;0.00;0.00;0;0;0
1;10;0.00;0.00;0;0;0
1;9;0.00;0.00;0;0;0
1;7;0.00;0.00;0;0;0
1;7;-0.04;-0.02;-1;1;0
1;9;0.00;0.00;0;0;0
1;13;0.00;0.00;0;0;0
1;7;0.00;0.00;0;0;0
1;8;0.00;0.00;0;0;0
1;11;0.00;0.00;0;0;0
1;5;-0.01;-0.02;0;1;0
1;12;-0.02;0.00;-1;0;0
1;5;0.00;0.00;0;0;0
1;20;0.00;0.00;0;0;0
1;13;0.00;0.00;0;0;0
1;11;-0.01;-0.02;0;1;0
1;9;-0.02;0.00;-1;0;0
1;9;0.00;0.00;0;0;0
1;7;0.00;0.00;0;0;0
1;8;0.00;0.00;0;0;0
1;15;-0.01;-0.02;0;1;0
1;6;0.00;0.00;0;0;0
1;8;-0.01;-0.02;0;1;0
1;8;-0.02;0.00;-1;0;0
1;17;-0.01;-0.02;0;1;0
1;31;-0.02;-0.04;0;2;0
1;10;0.00;0.00;0;0;0
1;8;-0.04;-0.02;-1;1;0
1;8;-0.01;-0.02;0;1;0
1;7;0.00;0.00;0;0;0
1;8;-0.01;-0.02;0;1;0
1;10;0.00;0.00;0;0;0
1;8;-0.01;-0.02;0;1;0
1;8;0.00;0.00;0;0;0
1;11;-0.04;-0.02;-1;1;0
1;7;0.00;0.00;0;0;0
1;7;0.00;0.00;0;0;0
1;8;-0.01;-0.02;0;1;0
1;8;0.00;0.00;0;0;0
1;8;0.00;0.00;0;0;0
1;8;-0.02;0.00;-1;0;0
1;9;-0.01;-0.02;0;1;0
1;20;0.01;-0.02;0;0;-1
1;9;0.00;0.00;0;0;0
1;7;0.00;0.00;0;0;0
1;10;-0.02;0.00;-1;0;0
1;7;0.00;0.00;0;0;0
1;8;0.00;0.00;0;0;0
1;8;0.00;0.00;0;0;0
1;8;0.00;0.00;0;0;0
1;9;0.00;0.00;0;0;0
1;12;-0.01;-0.02;0;1;0
1;8;0.00;0.00;0;0;0
1;8;0.00;0.00;0;0;0
1;8;-0.02;0.00;-1;0;0
1;9;0.00;0.00;0;0;0
1;7;0.00;0.00;0;0;0
1;8;0.00;0.00;0;0;0
1;8;-0.01;-0.02;0;1;0
1;10;0.00;0.00;0;0;0
1;7;0.00;0.00;0;0;0
1;14;-0.02;0.00;-1;0;0
1;6;-0.01;-0.02;0;1;0
1;8;0.00;0.00;0;0;0
1;8;0.00;0.00;0;0;0
1;9;0.00;0.00;0;0;0
1;8;0.00;0.00;0;0;0
1;8;0.00;0.00;0;0;0
1;8;-0.04;-0.02;-1;1;0
1;16;0.00;0.00;0;0;0
1;8;0.00;0.00;0;0;0
1;9;0.00;0.00;0;0;0
1;8;0.00;0.00;0;0;0
1;8;0.00;0.00;0;0;0
1;9;-0.04;-0.02;-1;1;0
1;8;0.00;0.00;0;0;0
1;8;0.00;0.00;0;0;0
1;8;0.00;0.00;0;0;0
1;11;0.00;0.00;0;0;0
1;6;-0.01;-0.02;0;1;0
1;14;-0.02;0.00;-1;0;0
1;10;-0.01;-0.02;0;1;0
1;8;0.00;0.00;0;0;0
1;10;-0.01;-0.02;0;1;0
1;8;0.00;0.00;0;0;0
1;7;0.00;0.00;0;0;0
1;8;-0.01;-0.02;0;1;0
1;13;-0.01;-0.02;0;1;0
1;8;-0.02;0.00;-1;0;0
1;7;-0.01;-0.02;0;1;0
1;9;0.00;0.00;0;0;0
1;8;-0.01;-0.02;0;1;0
1;8;0.00;0.00;0;0;0
1;10;-0.04;-0.02;-1;1;0
1;7;-0.01;-0.02;0;1;0
1;8;0.00;0.00;0;0;0
1;8;-0.01;-0.02;0;1;0
1;8;0.00;0.00;0;0;0
1;18;-0.04;-0.02;-1;1;0
1;8;-0.01;-0.02;0;1;0
1;8;0.00;0.00;0;0;0
1;7;0.00;0.00;0;0;0
1;8;-0.02;0.00;-1;0;0
1;12;0.00;0.00;0;0;0
1;5;-0.01;-0.02;0;1;0
1;8;0.00;0.00;0;0;0
1;17;-0.02;0.00;-1;0;0
1;11;0.00;0.00;0;0;0
1;5;0.00;0.00;0;0;0
1;9;0.00;0.00;0;0;0
1;10;0.00;0.00;0;0;0
1;22;0.00;0.00;0;0;0
1;8;-0.01;-0.02;0;1;0
1;8;0.00;0.00;0;0;0
1;7;-0.02;0.00;-1;0;0
1;8;0.00;0.00;0;0;0
1;26;0.00;0.00;0;0;0
1;8;0.00;0.00;0;0;0
1;8;-0.01;-0.02;0;1;0
1;9;0.00;0.00;0;0;0
1;7;-0.02;0.00;-1;0;0
1;8;0.00;0.00;0;0;0
1;10;0.00;0.00;0;0;0
1;7;0.00;0.00;0;0;0
1;9;0.00;0.00;0;0;0
1;15;-0.01;-0.02;0;1;0
1;5;-0.02;0.00;-1;0;0
1;8;0.00;0.00;0;0;0
1;8;0.00;0.00;0;0;0
1;13;0.00;0.00;0;0;0
1;8;0.00;0.00;0;0;0
1;7;-0.04;-0.02;-1;1;0
1;11;0.00;0.00;0;0;0
1;8;0.00;0.00;0;0;0
1;7;0.00;0.00;0;0;0
1;8;0.00;0.00;0;0;0
1;8;0.00;0.00;0;0;0
1;7;-0.01;-0.02;0;1;0
1;8;-0.02;0.00;-1;0;0
1;9;0.00;0.00;0;0;0
1;15;-0.01;-0.02;0;1;0
1;6;0.00;0.00;0;0;0
1;11;-0.01;-0.02;0;1;0
1;6;0.00;0.00;0;0;0
1;8;-0.01;-0.02;0;1;0
1;8;-0.02;0.00;-1;0;0
1;15;-0.01;-0.02;0;1;0
1;11;-0.01;-0.02;0;1;0
1;7;0.00;0.00;0;0;0
1;8;-0.01;-0.02;0;1;0
1;8;-0.02;0.00;-1;0;0
1;9;-0.01;-0.02;0;1;0
1;11;0.00;0.00;0;0;0
1;8;-0.01;-0.02;0;1;0
1;5;-0.02;0.00;-1;0;0
1;12;-0.01;-0.02;0;1;0
1;11;0.00;0.00;0;0;0
1;7;-0.01;-0.02;0;1;0
1;7;0.00;0.00;0;0;0
1;10;-0.02;0.00;-1;0;0
1;8;0.00;0.00;0;0;0
1;8;-0.01;-0.02;0;1;0
1;6;0.00;0.00;0;0;0
1;9;0.00;0.00;0;0;0
1;8;0.00;0.00;0;0;0
1;8;-0.02;0.00;-1;0;0
1;8;0.00;0.00;0;0;0
1;16;0.00;0.00;0;0;0
1;5;0.00;0.00;0;0;0
1;8;0.00;0.00;0;0;0
1;15;-0.04;-0.02;-1;1;0
1;6;0.00;0.00;0;0;0
1;8;0.00;0.00;0;0;0
1;7;0.00;0.00;0;0;0
1;13;0.00;0.00;0;0;0
1;8;0.00;0.00;0;0;0
1;7;0.00;0.00;0;0;0
1;10;0.00;0.00;0;0;0
1;11;-0.04;-0.02;-1;1;0
1;5;0.00;0.00;0;0;0
1;9;0.00;0.00;0;0;0
1;7;0.00;0.00;0;0;0
1;11;-0.01;-0.02;0;1;0
1;6;0.00;0.00;0;0;0
1;8;0.00;0.00;0;0;0
1;7;-0.01;-0.02;0;1;0
1;12;-0.02;0.00;-1;0;0
1;6;-0.01;-0.02;0;1;0
1;14;-0.01;-0.02;0;1;0
1;8;0.00;0.00;0;0;0
1;6;0.00;0.00;0;0;0
1;17;-0.01;-0.02;0;1;0
1;9;-0.04;-0.02;-1;1;0
1;7;0.00;0.00;0;0;0
1;8;0.00;0.00;0;0;0
1;8;-0.01;-0.02;0;1;0
1;8;0.00;0.00;0;0;0
1;8;-0.02;0.00;-1;0;0
1;9;0.00;0.00;0;0;0
1;7;-0.01;-0.02;0;1;0
1;26;-0.02;0.00;-1;0;0
1;7;0.00;0.00;0;0;0
1;9;0.00;0.00;0;0;0
1;11;0.00;0.00;0;0;0
1;9;0.00;0.00;0;0;0
1;8;0.00;0.00;0;0;0
1;13;-0.02;0.00;-1;0;0
1;8;0.00;0.00;0;0;0
1;9;-0.01;-0.02;0;1;0
1;9;0.00;0.00;0;0;0
1;14;-0.01;-0.02;0;1;0
1;9;0.00;0.00;0;0;0
1;8;-0.02;0.00;-1;0;0
1;9;-0.01;-0.02;0;1;0
1;7;0.00;0.00;0;0;0
1;11;-0.01;-0.02;0;1;0
1;6;0.00;0.00;0;0;0
1;29;-0.02;-0.04;0;2;0
1;7;-0.01;-0.02;0;1;0
1;10;-0.02;0.00;-1;0;0
1;7;-0.01;-0.02;0;1;0
1;8;0.00;0.00;0;0;0
1;10;-0.01;-0.02;0;1;0
1;7;0.00;0.00;0;0;0
1;12;-0.02;0.00;-1;0;0
1;8;-0.01;-0.02;0;1;0
1;15;0.00;0.00;0;0;0
1;14;-0.02;0.00;-1;0;0
1;7;0.00;0.00;0;0;0
1;10;0.00;0.00;0;0;0
1;13;-0.02;0.00;-1;0;0
1;7;-0.01;-0.02;0;1;0
1;26;0.00;0.00;0;0;0
1;7;0.00;0.00;0;0;0
1;8;0.00;0.00;0;0;0
1;7;0.00;0.00;0;0;0
1;9;0.00;0.00;0;0;0
1;9;-0.01;-0.02;0;1;0
1;8;0.00;0.00;0;0;0
1;7;0.00;0.00;0;0;0
1;13;0.00;0.00;0;0;0
1;8;0.00;0.00;0;0;0
1;20;-0.01;-0.02;0;1;0
1;5;0.00;0.00;0;0;0
1;8;0.00;0.00;0;0;0
1;8;0.00;0.00;0;0;0
1;9;0.00;0.00;0;0;0
1;8;0.00;0.00;0;0;0
1;7;0.00;0.00;0;0;0
1;16;-0.01;-0.02;0;1;0
1;5;0.00;0.00;0;0;0
1;9;-0.02;0.00;-1;0;0
1;7;0.00;0.00;0;0;0
1;11;0.00;0.00;0;0;0
1;6;0.00;0.00;0;0;0
1;7;0.00;0.00;0;0;0
1;9;-0.01;-0.02;0;1;0
1;8;0.00;0.00;0;0;0
1;9;-0.02;0.00;-1;0;0
1;7;0.00;0.00;0;0;0
1;8;0.00;0.00;0;0;0
1;13;-0.01;-0.02;0;1;0
1;5;0.00;0.00;0;0;0
1;7;-0.01;-0.02;0;1;0
1;8;-0.02;0.00;-1;0;0
1;20;-0.01;-0.02;0;1;0
1;9;-0.01;-0.02;0;1;0
1;5;0.00;0.00;0;0;0
1;8;0.00;0.00;0;0;0
1;7;-0.01;-0.02;0;1;0
1;12;-0.01;-0.02;0;1;0
1;6;-0.02;0.00;-1;0;0
1;8;-0.01;-0.02;0;1;0
1;7;0.00;0.00;0;0;0
1;9;0.00;0.00;0;0;0
1;8;-0.01;-0.02;0;1;0
1;12;-0.02;0.00;-1;0;0
1;5;0.00;0.00;0;0;0
1;9;-0.01;-0.02;0;1;0
1;7;0.00;0.00;0;0;0
1;8;0.00;0.00;0;0;0
1;12;-0.02;0.00;-1;0;0
1;9;-0.01;-0.02;0;1;0
1;8;0.00;0.00;0;0;0
1;13;0.00;0.00;0;0;0
1;11;-0.02;0.00;-1;0;0
1;5;0.00;0.00;0;0;0
1;7;0.00;0.00;0;0;0
1;12;0.00;0.00;0;0;0
1;5;0.00;0.00;0;0;0
1;9;0.00;0.00;0;0;0
1;7;0.00;0.00;0;0;0
1;11;-0.02;0.00;-1;0;0
1;10;-0.01;-0.02;0;1;0
1;8;0.00;0.00;0;0;0
1;11;0.00;0.00;0;0;0
1;7;0.00;0.00;0;0;0
1;7;0.00;0.00;0;0;0
1;7;0.00;0.00;0;0;0
1;24;-0.04;-0.02;-1;1;0
1;6;0.00;0.00;0;0;0
1;8;0.00;0.00;0;0;0
1;13;0.00;0.00;0;0;0
1;7;-0.01;-0.02;0;1;0
1;12;-0.02;0.00;-1;0;0
1;6;0.00;0.00;0;0;0
1;7;0.00;0.00;0;0;0
1;9;0.00;0.00;0;0;0
1;7;0.00;0.00;0;0;0
1;16;-0.01;-0.02;0;1;0
1;12;-0.02;0.00;-1;0;0
1;8;0.00;0.00;0;0;0
1;8;0.00;0.00;0;0;0
1;9;0.00;0.00;0;0;0
1;14;-0.01;-0.02;0;1;0
1;9;-0.02;0.00;-1;0;0
1;6;0.00;0.00;0;0;0
1;12;0.00;0.00;0;0;0
1;8;0.00;0.00;0;0;0
1;16;-0.01;-0.02;0;1;0
1;14;-0.02;0.00;-1;0;0
1;8;0.00;0.00;0;0;0
1;8;0.00;0.00;0;0;0
1;7;0.00;0.00;0;0;0
1;8;-0.01;-0.02;0;1;0
1;8;0.00;0.00;0;0;0
1;9;-0.02;0.00;-1;0;0
1;11;0.00;0.00;0;0;0
1;6;0.00;0.00;0;0;0
1;7;0.00;0.00;0;0;0
1;8;-0.01;-0.02;0;1;0
1;9;0.00;0.00;0;0;0
1;8;-0.02;0.00;-1;0;0
1;8;0.00;0.00;0;0;0
1;8;0.00;0.00;0;0;0
1;8;0.00;0.00;0;0;0
1;9;-0.01;-0.02;0;1;0
1;8;0.00;0.00;0;0;0
1;9;-0.02;0.00;-1;0;0
1;8;0.00;0.00;0;0;0
1;11;0.00;0.00;0;0;0
1;9;0.00;0.00;0;0;0
1;9;-0.01;-0.02;0;1;0
1;8;0.00;0.00;0;0;0
1;7;-0.02;0.00;-1;0;0
1;8;0.00;0.00;0;0;0
1;9;0.00;0.00;0;0;0
1;8;0.00;0.00;0;0;0
1;8;0.00;0.00;0;0;0
1;8;-0.01;-0.02;0;1;0
1;8;-0.02;0.00;-1;0;0
1;9;0.00;0.00;0;0;0
1;8;0.00;0.00;0;0;0
1;9;0.00;0.00;0;0;0
1;8;0.00;0.00;0;0;0
1;7;0.00;0.00;0;0;0
1;9;-0.01;-0.02;0;1;0
1;8;-0.02;0.00;-1;0;0
1;9;0.00;0.00;0;0;0
1;11;0.00;0.00;0;0;0
1;8;0.00;0.00;0;0;0
1;15;-0.01;-0.02;0;1;0
1;13;0.00;0.00;0;0;0
1;7;-0.02;0.00;-1;0;0
1;10;0.00;0.00;0;0;0
1;12;0.00;0.00;0;0;0
1;6;0.00;0.00;0;0;0
1;7;-0.01;-0.02;0;1;0
1;11;0.00;0.00;0;0;0
1;9;-0.02;0.00;-1;0;0
1;9;0.00;0.00;0;0;0
1;8;0.00;0.00;0;0;0
1;8;0.00;0.00;0;0;0
1;8;-0.01;-0.02;0;1;0
1;8;0.00;0.00;0;0;0
1;9;-0.02;0.00;-1;0;0
1;11;0.00;0.00;0;0;0
1;15;0.00;0.00;0;0;0
1;6;0.00;0.00;0;0;0
1;13;-0.01;-0.02;0;1;0
1;5;0.00;0.00;0;0;0
1;7;-0.02;0.00;-1;0;0
1;8;0.00;0.00;0;0;0
1;11;0.00;0.00;0;0;0
1;7;0.00;0.00;0;0;0
1;7;-0.01;-0.02;0;1;0
1;8;0.00;0.00;0;0;0
1;12;-0.02;0.00;-1;0;0
1;5;0.00;0.00;0;0;0
1;12;0.00;0.00;0;0;0
1;5;0.00;0.00;0;0;0
1;18;-0.01;-0.02;0;1;0
1;9;0.00;0.00;0;0;0
1;13;-0.02;0.00;-1;0;0
1;8;0.00;0.00;0;0;0
1;9;0.00;0.00;0;0;0
1;8;-0.01;-0.02;0;1;0
1;8;0.00;0.00;0;0;0
1;8;0.00;0.00;0;0;0
1;8;-0.04;-0.02;-1;1;0
1;8;0.00;0.00;0;0;0
1;9;0.00;0.00;0;0;0
1;7;-0.01;-0.02;0;1;0
1;12;0.00;0.00;0;0;0
1;6;0.00;0.00;0;0;0
1;11;-0.01;-0.02;0;1;0
1;5;0.00;0.00;0;0;0
1;12;-0.04;-0.02;-1;1;0
1;8;0.00;0.00;0;0;0
1;8;-0.01;-0.02;0;1;0
1;8;0.00;0.00;0;0;0
1;8;-0.02;0.00;-1;0;0
1;8;-0.01;-0.02;0;1;0
1;9;0.00;0.00;0;0;0
1;9;0.00;0.00;0;0;0
1;8;0.00;0.00;0;0;0
1;7;0.00;0.00;0;0;0
1;8;-0.04;-0.02;-1;1;0
1;10;0.00;0.00;0;0;0
1;7;0.00;0.00;0;0;0
1;8;0.00;0.00;0;0;0
1;16;-0.02;0.00;-1;0;0
1;6;0.00;0.00;0;0;0
1;8;0.00;0.00;0;0;0
1;7;0.00;0.00;0;0;0
1;8;-0.01;-0.02;0;1;0
1;8;0.00;0.00;0;0;0
1;9;0.00;0.00;0;0;0
1;12;0.00;0.00;0;0;0
1;15;-0.02;0.00;-1;0;0
1;6;0.00;0.00;0;0;0
1;7;0.00;0.00;0;0;0
1;9;0.00;0.00;0;0;0
1;8;-0.01;-0.02;0;1;0
1;8;0.00;0.00;0;0;0
1;8;0.00;0.00;0;0;0
1;14;0.00;0.00;0;0;0
1;8;-0.02;0.00;-1;0;0
1;10;0.00;0.00;0;0;0
1;11;-0.01;-0.02;0;1;0
1;7;0.00;0.00;0;0;0
1;7;0.00;0.00;0;0;0
1;9;0.00;0.00;0;0;0
1;10;-0.02;0.00;-1;0;0
1;7;0.00;0.00;0;0;0
1;18;-0.01;-0.02;0;1;0
1;10;0.00;0.00;0;0;0
1;5;0.00;0.00;0;0;0
1;12;-0.02;0.00;-1;0;0
1;7;0.00;0.00;0;0;0
1;17;0.00;0.00;0;0;0
1;8;-0.01;-0.02;0;1;0
1;8;0.00;0.00;0;0;0
1;8;0.00;0.00;0;0;0
1;8;0.00;0.00;0;0;0
1;9;-0.02;0.00;-1;0;0
1;8;0.00;0.00;0;0;0
1;9;0.00;0.00;0;0;0
1;8;0.00;0.00;0;0;0
1;8;-0.01;-0.02;0;1;0
1;8;0.00;0.00;0;0;0
1;8;0.00;0.00;0;0;0
1;13;-0.04;-0.02;-1;1;0
1;7;0.00;0.00;0;0;0
1;17;-0.01;-0.02;0;1;0
1;5;0.00;0.00;0;0;0
1;7;-0.01;-0.02;0;1;0
1;8;0.00;0.00;0;0;0
1;8;0.00;0.00;0;0;0
1;15;-0.01;-0.02;0;1;0
1;6;-0.04;-0.02;-1;1;0
1;10;0.00;0.00;0;0;0
1;7;-0.01;-0.02;0;1;0
1;10;0.00;0.00;0;0;0
1;7;0.00;0.00;0;0;0
1;8;-0.01;-0.02;0;1;0
1;7;-0.02;0.00;-1;0;0
1;8;0.00;0.00;0;0;0
1;8;-0.01;-0.02;0;1;0
1;9;0.00;0.00;0;0;0
1;8;0.00;0.00;0;0;0
1;8;-0.02;0.00;-1;0;0
1;8;0.00;0.00;0;0;0
1;8;0.00;0.00;0;0;0
1;11;0.00;0.00;0;0;0
1;7;0.00;0.00;0;0;0
1;7;0.00;0.00;0;0;0
1;11;-0.04;-0.02;-1;1;0
1;28;0.00;0.00;0;0;0
1;14;0.00;0.00;0;0;0
1;15;0.00;0.00;0;0;0
1;7;0.00;0.00;0;0;0
1;8;-0.01;-0.02;0;1;0
1;8;0.00;0.00;0;0;0
1;7;-0.02;0.00;-1;0;0
1;8;0.00;0.00;0;0;0
1;12;0.00;0.00;0;0;0
1;12;0.00;0.00;0;0;0
1;6;0.00;0.00;0;0;0
1;10;-0.01;-0.02;0;1;0
1;6;-0.02;0.00;-1;0;0
1;10;0.00;0.00;0;0;0
1;7;0.00;0.00;0;0;0
1;7;0.00;0.00;0;0;0
1;8;0.00;0.00;0;0;0
1;8;0.00;0.00;0;0;0
1;9;-0.04;-0.02;-1;1;0
1;8;0.00;0.00;0;0;0
1;11;0.00;0.00;0;0;0
1;9;0.00;0.00;0;0;0
1;8;0.00;0.00;0;0;0
1;9;0.00;0.00;0;0;0
1;9;-0.02;0.00;-1;0;0
1;8;-0.01;-0.02;0;1;0
1;7;0.00;0.00;0;0;0
1;18;0.00;0.00;0;0;0
1;8;0.00;0.00;0;0;0
1;7;0.00;0.00;0;0;0
1;14;-0.04;-0.02;-1;1;0
1;6;0.00;0.00;0;0;0
1;13;0.00;0.00;0;0;0
1;5;0.00;0.00;0;0;0
1;17;0.00;0.00;0;0;0
1;7;-0.01;-0.02;0;1;0
1;8;0.00;0.00;0;0;0
1;19;-0.04;-0.02;-1;1;0
1;6;0.00;0.00;0;0;0
1;7;0.00;0.00;0;0;0
1;15;-0.01;-0.02;0;1;0
1;7;0.00;0.00;0;0;0
1;7;-0.04;-0.02;-1;1;0
1;8;0.00;0.00;0;0;0
1;8;-0.01;-0.02;0;1;0
1;30;-0.01;-0.02;0;1;0
1;7;-0.04;-0.02;-1;1;0
1;10;0.00;0.00;0;0;0
1;8;-0.01;-0.02;0;1;0
1;16;-0.01;-0.02;0;1;0
1;11;0.00;0.00;0;0;0
1;9;-0.04;-0.02;-1;1;0
1;8;0.00;0.00;0;0;0
1;18;-0.01;-0.02;0;1;0
1;7;0.00;0.00;0;0;0
1;9;-0.02;0.00;-1;0;0
1;9;0.00;0.00;0;0;0
1;8;0.00;0.00;0;0;0
1;8;0.00;0.00;0;0;0
1;23;-0.04;-0.02;-1;1;0
1;8;0.00;0.00;0;0;0
1;8;0.00;0.00;0;0;0
1;8;0.00;0.00;0;0;0
1;8;0.00;0.00;0;0;0
1;9;0.00;0.00;0;0;0
1;8;0.00;0.00;0;0;0
1;9;-0.02;0.00;-1;0;0
1;7;0.00;0.00;0;0;0
1;8;-0.01;-0.02;0;1;0
1;10;0.00;0.00;0;0;0
1;8;0.00;0.00;0;0;0
1;8;0.00;0.00;0;0;0
1;7;0.00;0.00;0;0;0
1;9;0.00;0.00;0;0;0
1;8;-0.04;-0.02;-1;1;0
1;8;0.00;0.00;0;0;0
1;8;0.00;0.00;0;0;0
1;10;0.00;0.00;0;0;0
1;6;0.00;0.00;0;0;0
1;10;0.00;0.00;0;0;0
1;7;-0.01;-0.02;0;1;0
1;9;-0.02;0.00;-1;0;0
1;16;0.00;0.00;0;0;0
1;8;0.00;0.00;0;0;0
1;10;-0.01;-0.02;0;1;0
1;7;0.00;0.00;0;0;0
1;10;-0.02;0.00;-1;0;0
1;6;0.00;0.00;0;0;0
1;7;0.00;0.00;0;0;0
1;9;0.00;0.00;0;0;0
1;8;0.00;0.00;0;0;0
1;8;0.00;0.00;0;0;0
1;8;-0.01;-0.02;0;1;0
1;8;-0.02;0.00;-1;0;0
1;9;0.00;0.00;0;0;0
1;8;0.00;0.00;0;0;0
1;8;0.00;0.00;0;0;0
1;30;-0.04;-0.02;-1;1;0
1;7;0.00;0.00;0;0;0
1;13;0.00;0.00;0;0;0
1;9;0.00;0.00;0;0;0
1;8;0.00;0.00;0;0;0
1;7;-0.04;-0.02;-1;1;0
1;9;0.00;0.00;0;0;0
1;8;0.00;0.00;0;0;0
1;7;0.00;0.00;0;0;0
1;10;0.00;0.00;0;0;0
1;7;0.00;0.00;0;0;0
1;9;-0.02;0.00;-1;0;0
1;7;-0.01;-0.02;0;1;0
1;9;0.00;0.00;0;0;0
1;7;0.00;0.00;0;0;0
1;13;0.00;0.00;0;0;0
1;9;0.00;0.00;0;0;0
1;8;-0.02;0.00;-1;0;0
1;7;0.00;0.00;0;0;0
1;8;-0.01;-0.02;0;1;0
1;9;0.00;0.00;0;0;0
1;10;0.00;0.00;0;0;0
1;6;0.00;0.00;0;0;0
1;8;-0.02;0.00;-1;0;0
1;8;0.00;0.00;0;0;0
1;12;-0.01;-0.02;0;1;0
1;5;0.00;0.00;0;0;0
1;8;0.00;0.00;0;0;0
1;8;0.00;0.00;0;0;0
1;10;-0.02;0.00;-1;0;0
1;7;0.00;0.00;0;0;0
1;8;0.00;0.00;0;0;0
1;8;-0.01;-0.02;0;1;0
1;9;0.00;0.00;0;0;0
1;12;0.00;0.00;0;0;0
1;8;0.00;0.00;0;0;0
1;10;-0.02;0.00;-1;0;0
1;24;-0.01;-0.02;0;1;0
1;13;0.00;0.00;0;0;0
1;9;-0.02;0.00;-1;0;0
1;6;0.00;0.00;0;0;0
1;7;0.00;0.00;0;0;0
1;12;-0.01;-0.02;0;1;0
1;9;0.00;0.00;0;0;0
1;6;0.00;0.00;0;0;0
1;6;0.00;0.00;0;0;0
1;8;-0.02;0.00;-1;0;0
1;10;0.00;0.00;0;0;0
1;8;0.00;0.00;0;0;0
1;7;0.00;0.00;0;0;0
1;8;-0.01;-0.02;0;1;0
1;11;0.00;0.00;0;0;0
1;6;-0.02;0.00;-1;0;0
1;11;0.00;0.00;0;0;0
1;6;0.00;0.00;0;0;0
1;9;0.00;0.00;0;0;0
1;10;-0.01;-0.02;0;1;0
1;4;0.00;0.00;0;0;0
1;9;0.00;0.00;0;0;0
1;9;-0.04;-0.02;-1;1;0
1;9;0.00;0.00;0;0;0
1;6;0.00;0.00;0;0;0
1;8;-0.01;-0.02;0;1;0
1;10;0.00;0.00;0;0;0
1;8;-0.01;-0.02;0;1;0
1;8;0.00;0.00;0;0;0
1;10;-0.04;-0.02;-1;1;0
1;6;0.00;0.00;0;0;0
1;11;-0.01;-0.02;0;1;0
1;6;0.00;0.00;0;0;0
1;15;-0.02;-0.04;0;2;0
1;8;-0.02;0.00;-1;0;0
1;8;-0.01;-0.02;0;1;0
1;9;0.00;0.00;0;0;0
1;9;-0.01;-0.02;0;1;0
1;7;0.00;0.00;0;0;0
1;8;-0.02;0.00;-1;0;0
1;8;-0.01;-0.02;0;1;0
1;15;0.00;0.00;0;0;0
1;9;0.00;0.00;0;0;0
1;6;-0.04;-0.02;-1;1;0
1;7;0.00;0.00;0;0;0
1;8;0.00;0.00;0;0;0
1;10;0.00;0.00;0;0;0
1;7;0.00;0.00;0;0;0
1;8;-0.02;0.00;-1;0;0
1;8;0.00;0.00;0;0;0
1;9;0.00;0.00;0;0;0
1;8;0.00;0.00;0;0;0
1;8;-0.01;-0.02;0;1;0
1;11;0.00;0.00;0;0;0
1;10;-0.02;0.00;-1;0;0
1;7;0.00;0.00;0;0;0
1;9;0.00;0.00;0;0;0
1;8;0.00;0.00;0;0;0
1;8;0.00;0.00;0;0;0
1;8;0.00;0.00;0;0;0
1;8;-0.01;-0.02;0;1;0
1;9;-0.02;0.00;-1;0;0
1;8;0.00;0.00;0;0;0
1;8;0.00;0.00;0;0;0
1;8;0.00;0.00;0;0;0
1;8;0.00;0.00;0;0;0
1;9;-0.01;-0.02;0;1;0
1;8;0.00;0.00;0;0;0
1;8;-0.02;0.00;-1;0;0
1;8;0.00;0.00;0;0;0
1;8;0.00;0.00;0;0;0
1;9;0.00;0.00;0;0;0
1;9;-0.01;-0.02;0;1;0
1;7;0.00;0.00;0;0;0
1;8;-0.02;0.00;-1;0;0
1;8;0.00;0.00;0;0;0
1;9;0.00;0.00;0;0;0
1;8;0.00;0.00;0;0;0
1;9;0.00;0.00;0;0;0
1;8;-0.01;-0.02;0;1;0
1;12;-0.02;0.00;-1;0;0
1;8;0.00;0.00;0;0;0
1;10;0.00;0.00;0;0;0
1;6;0.00;0.00;0;0;0
1;10;0.00;0.00;0;0;0
1;6;-0.04;-0.02;-1;1;0
1;14;0.00;0.00;0;0;0
1;8;0.00;0.00;0;0;0
1;7;0.00;0.00;0;0;0
1;13;0.00;0.00;0;0;0
1;8;-0.02;0.00;-1;0;0
1;12;-0.01;-0.02;0;1;0
1;8;0.00;0.00;0;0;0
1;8;0.00;0.00;0;0;0
1;8;0.00;0.00;0;0;0
1;8;0.00;0.00;0;0;0
1;9;0.00;0.00;0;0;0
1;8;-0.04;-0.02;-1;1;0
1;8;0.00;0.00;0;0;0
1;10;0.00;0.00;0;0;0
1;26;0.00;0.00;0;0;0
1;10;-0.04;-0.02;-1;1;0
1;10;0.00;0.00;0;0;0
1;8;0.00;0.00;0;0;0
1;8;0.00;0.00;0;0;0
1;7;0.00;0.00;0;0;0
1;7;0.00;0.00;0;0;0
1;8;-0.02;0.00;-1;0;0
1;8;-0.01;-0.02;0;1;0
1;9;0.00;0.00;0;0;0
1;9;0.00;0.00;0;0;0
1;7;0.00;0.00;0;0;0
1;9;0.00;0.00;0;0;0
1;13;-0.02;0.00;-1;0;0
1;10;-0.01;-0.02;0;1;0
1;5;0.00;0.00;0;0;0
1;8;0.00;0.00;0;0;0
1;8;0.00;0.00;0;0;0
1;8;0.00;0.00;0;0;0
1;9;0.00;0.00;0;0;0
1;8;-0.02;0.00;-1;0;0
1;8;-0.01;-0.02;0;1;0
1;8;0.00;0.00;0;0;0
1;8;0.00;0.00;0;0;0
1;10;0.00;0.00;0;0;0
1;7;0.00;0.00;0;0;0
1;8;-0.02;0.00;-1;0;0
1;8;0.00;0.00;0;0;0
1;14;-0.01;-0.02;0;1;0
1;7;0.00;0.00;0;0;0
1;8;0.00;0.00;0;0;0
1;8;0.00;0.00;0;0;0
1;8;-0.02;0.00;-1;0;0
1;9;0.00;0.00;0;0;0
1;9;-0.01;-0.02;0;1;0
1;8;0.00;0.00;0;0;0
1;8;0.00;0.00;0;0;0
1;7;0.00;0.00;0;0;0
1;13;-0.02;0.00;-1;0;0
1;5;0.00;0.00;0;0;0
1;17;-0.01;-0.02;0;1;0
1;12;0.00;0.00;0;0;0
1;6;0.00;0.00;0;0;0
1;9;0.00;0.00;0;0;0
1;9;-0.02;0.00;-1;0;0
1;8;0.00;0.00;0;0;0
1;10;-0.01;-0.02;0;1;0
1;9;0.00;0.00;0;0;0
1;6;0.00;0.00;0;0;0
1;7;0.00;0.00;0;0;0
1;8;-0.02;0.00;-1;0;0
1;12;0.00;0.00;0;0;0
1;12;-0.01;-0.02;0;1;0
1;6;0.00;0.00;0;0;0
1;7;0.00;0.00;0;0;0
1;11;-0.02;0.00;-1;0;0
1;6;0.00;0.00;0;0;0
1;7;0.00;0.00;0;0;0
1;9;0.00;0.00;0;0;0
1;9;0.00;0.00;0;0;0
1;9;-0.01;-0.02;0;1;0
1;6;0.00;0.00;0;0;0
1;17;-0.02;0.00;-1;0;0
1;13;0.00;0.00;0;0;0
1;7;0.00;0.00;0;0;0
1;16;-0.01;-0.02;0;1;0
1;9;-0.02;0.00;-1;0;0
1;8;0.00;0.00;0;0;0
1;14;0.00;0.00;0;0;0
1;6;0.00;0.00;0;0;0
1;9;-0.01;-0.02;0;1;0
1;11;0.00;0.00;0;0;0
1;6;-0.02;0.00;-1;0;0
1;8;0.00;0.00;0;0;0
1;7;0.00;0.00;0;0;0
1;8;0.00;0.00;0;0;0
1;11;0.00;0.00;0;0;0
1;14;-0.01;-0.02;0;1;0
1;8;-0.02;0.00;-1;0;0
1;8;0.00;0.00;0;0;0
1;9;0.00;0.00;0;0;0
1;8;0.00;0.00;0;0;0
1;8;0.00;0.00;0;0;0
1;8;0.00;0.00;0;0;0
1;8;-0.01;-0.02;0;1;0
1;9;-0.02;0.00;-1;0;0
1;8;0.00;0.00;0;0;0
1;15;0.00;0.00;0;0;0
1;9;0.00;0.00;0;0;0
1;9;0.00;0.00;0;0;0
1;8;0.00;0.00;0;0;0
1;8;-0.02;0.00;-1;0;0
1;8;-0.01;-0.02;0;1;0
1;8;0.00;0.00;0;0;0
1;9;0.00;0.00;0;0;0
1;8;0.00;0.00;0;0;0
1;8;0.00;0.00;0;0;0
1;8;0.00;0.00;0;0;0
1;14;-0.04;-0.02;-1;1;0
1;14;0.00;0.00;0;0;0
1;6;0.00;0.00;0;0;0
1;12;0.00;0.00;0;0;0
1;7;0.00;0.00;0;0;0
1;12;-0.02;0.00;-1;0;0
1;5;0.00;0.00;0;0;0
1;16;-0.01;-0.02;0;1;0
1;8;0.00;0.00;0;0;0
1;8;0.00;0.00;0;0;0
1;10;0.00;0.00;0;0;0
1;7;-0.02;0.00;-1;0;0
1;9;0.00;0.00;0;0;0
1;15;-0.01;-0.02;0;1;0
1;6;0.00;0.00;0;0;0
1;15;0.00;0.00;0;0;0
1;16;-0.02;0.00;-1;0;0
1;10;0.00;0.00;0;0;0
1;7;0.00;0.00;0;0;0
1;8;0.00;0.00;0;0;0
1;8;-0.01;-0.02;0;1;0
1;12;0.00;0.00;0;0;0
1;4;-0.02;0.00;-1;0;0
1;9;0.00;0.00;0;0;0
1;11;0.00;0.00;0;0;0
1;6;-0.01;-0.02;0;1;0
1;7;0.00;0.00;0;0;0
1;8;0.00;0.00;0;0;0
1;9;-0.01;-0.02;0;1;0
1;8;0.00;0.00;0;0;0
1;8;-0.04;-0.02;-1;1;0
1;8;0.00;0.00;0;0;0
1;8;0.00;0.00;0;0;0
1;9;-0.01;-0.02;0;1;0
1;8;0.00;0.00;0;0;0
1;8;0.00;0.00;0;0;0
1;8;0.00;0.00;0;0;0
1;8;-0.01;-0.02;0;1;0
1;9;-0.02;0.00;-1;0;0
1;8;0.00;0.00;0;0;0
1;8;0.00;0.00;0;0;0
1;8;0.00;0.00;0;0;0
1;9;0.00;0.00;0;0;0
1;8;0.00;0.00;0;0;0
1;8;-0.02;0.00;-1;0;0
1;9;0.00;0.00;0;0;0
1;7;0.00;0.00;0;0;0
1;8;-0.01;-0.02;0;1;0
1;11;0.00;0.00;0;0;0
1;6;0.00;0.00;0;0;0
1;8;0.00;0.00;0;0;0
1;8;-0.02;0.00;-1;0;0
1;9;0.00;0.00;0;0;0
1;7;0.00;0.00;0;0;0
1;9;-0.04;-0.02;-1;1;0
1;8;0.00;0.00;0;0;0
1;11;0.00;0.00;0;0;0
1;5;-0.02;0.00;-1;0;0
1;9;0.00;0.00;0;0;0
1;8;0.00;0.00;0;0;0
1;12;-0.02;0.00;-1;0;0
1;8;0.00;0.00;0;0;0
1;8;-0.04;-0.02;-1;1;0
1;16;-0.02;0.00;-1;0;0
1;8;0.00;0.00;0;0;0
1;6;0.00;0.00;0;0;0
1;8;-0.02;0.00;-1;0;0
1;7;-0.01;-0.02;0;1;0
1;8;0.00;0.00;0;0;0
1;16;-0.02;0.00;-1;0;0
1;5;0.00;0.00;0;0;0
1;14;-0.02;0.00;-1;0;0
1;9;-0.01;-0.02;0;1;0
1;6;0.00;0.00;0;0;0
1;13;-0.02;0.00;-1;0;0
1;10;0.00;0.00;0;0;0
1;9;0.00;0.00;0;0;0
1;10;-0.01;-0.02;0;1;0
1;7;0.00;0.00;0;0;0
1;9;0.00;0.00;0;0;0
1;7;-0.02;0.00;-1;0;0
1;8;0.00;0.00;0;0;0
1;9;-0.01;-0.02;0;1;0
1;9;0.00;0.00;0;0;0
1;8;0.00;0.00;0;0;0
1;7;0.00;0.00;0;0;0
1;11;0.00;0.00;0;0;0
1;6;0.00;0.00;0;0;0
1;11;0.00;0.00;0;0;0
1;5;-0.02;0.00;-1;0;0
1;11;0.00;0.00;0;0;0
1;5;0.00;0.00;0;0;0
1;8;-0.01;-0.02;0;1;0
1;9;0.00;0.00;0;0;0
1;8;-0.02;0.00;-1;0;0
1;10;0.00;0.00;0;0;0
1;6;0.00;0.00;0;0;0
1;8;-0.02;0.00;-1;0;0
1;13;0.00;0.00;0;0;0
1;10;-0.04;-0.02;-1;1;0
1;9;0.00;0.00;0;0;0
1;15;-0.02;0.00;-1;0;0
1;8;-0.02;0.00;-1;0;0
1;7;0.00;0.00;0;0;0
1;18;-0.06;-0.02;-2;1;0
1;6;0.00;0.00;0;0;0
1;9;0.00;0.00;0;0;0
1;16;-0.05;0.00;-2;0;0
1;19;-0.04;-0.02;-1;1;0
1;6;0.00;0.00;0;0;0
1;14;-0.02;0.00;-1;0;0
1;7;0.00;0.00;0;0;0
1;8;0.00;0.00;0;0;0
1;7;-0.02;0.00;-1;0;0
1;9;-0.01;-0.02;0;1;0
1;15;0.00;0.00;0;0;0
1;5;0.00;0.00;0;0;0
1;8;0.00;0.00;0;0;0
1;9;-0.02;0.00;-1;0;0
1;8;-0.01;-0.02;0;1;0
1;8;0.00;0.00;0;0;0
1;30;0.00;0.00;0;0;0
1;7;0.00;0.00;0;0;0
1;8;0.00;0.00;0;0;0
1;8;-0.01;-0.02;0;1;0
1;8;0.00;0.00;0;0;0
1;9;0.00;0.00;0;0;0
1;8;0.00;0.00;0;0;0
1;8;-0.02;0.00;-1;0;0
1;8;0.00;0.00;0;0;0
1;8;0.00;0.00;0;0;0
1;9;0.00;0.00;0;0;0
1;8;0.00;0.00;0;0;0
1;8;-0.01;-0.02;0;1;0
1;8;-0.02;0.00;-1;0;0
1;8;0.00;0.00;0;0;0
1;8;0.00;0.00;0;0;0
1;9;0.00;0.00;0;0;0
1;8;0.00;0.00;0;0;0
1;8;-0.01;-0.02;0;1;0
1;8;-0.02;0.00;-1;0;0
1;8;0.00;0.00;0;0;0
1;9;0.00;0.00;0;0;0
1;8;0.00;0.00;0;0;0
1;8;0.00;0.00;0;0;0
1;8;0.00;0.00;0;0;0
1;8;-0.01;-0.02;0;1;0
1;9;-0.02;0.00;-1;0;0
1;8;0.00;0.00;0;0;0
1;8;0.00;0.00;0;0;0
1;8;0.00;0.00;0;0;0
1;8;0.00;0.00;0;0;0
1;9;0.00;0.00;0;0;0
1;8;-0.04;-0.02;-1;1;0
1;8;0.00;0.00;0;0;0
1;9;0.00;0.00;0;0;0
1;7;0.00;0.00;0;0;0
1;13;0.00;0.00;0;0;0
1;4;0.00;0.00;0;0;0
1;8;-0.04;-0.02;-1;1;0
1;8;0.00;0.00;0;0;0
1;9;0.00;0.00;0;0;0
1;7;0.00;0.00;0;0;0
1;9;0.00;0.00;0;0;0
1;8;-0.02;0.00;-1;0;0
1;8;-0.01;-0.02;0;1;0
1;8;0.00;0.00;0;0;0
1;8;0.00;0.00;0;0;0
1;9;0.00;0.00;0;0;0
1;8;-0.02;0.00;-1;0;0
1;8;0.00;0.00;0;0;0
1;8;-0.02;0.00;-1;0;0
1;8;0.00;0.00;0;0;0
1;9;-0.04;-0.02;-1;1;0
1;8;0.00;0.00;0;0;0
1;8;-0.02;0.00;-1;0;0
1;8;0.00;0.00;0;0;0
1;9;-0.02;0.00;-1;0;0
1;8;0.00;0.00;0;0;0
1;8;-0.02;0.00;-1;0;0
1;8;0.00;0.00;0;0;0
1;9;-0.02;0.00;-1;0;0
1;7;-0.04;-0.02;-1;1;0
1;8;0.00;0.00;0;0;0
1;11;0.00;0.00;0;0;0
1;8;-0.02;0.00;-1;0;0
1;6;-0.01;-0.02;0;1;0
1;8;0.00;0.00;0;0;0
1;9;-0.02;0.00;-1;0;0
1;8;0.00;0.00;0;0;0
1;8;-0.01;-0.02;0;1;0
1;8;0.00;0.00;0;0;0
1;8;0.00;0.00;0;0;0
1;8;-0.02;0.00;-1;0;0
1;9;0.00;0.00;0;0;0
1;8;0.00;0.00;0;0;0
1;13;-0.01;-0.02;0;1;0
1;7;0.00;0.00;0;0;0
1;8;0.00;0.00;0;0;0
1;16;-0.02;0.00;-1;0;0
1;5;0.00;0.00;0;0;0
1;8;0.00;0.00;0;0;0
1;8;0.00;0.00;0;0;0
1;10;0.00;0.00;0;0;0
1;7;0.00;0.00;0;0;0
1;8;0.00;0.00;0;0;0
1;8;-0.01;-0.02;0;1;0
1;8;0.00;0.00;0;0;0
1;8;-0.02;0.00;-1;0;0
1;9;0.00;0.00;0;0;0
1;8;0.00;0.00;0;0;0
1;8;0.00;0.00;0;0;0
1;18;-0.01;-0.02;0;1;0
1;7;0.00;0.00;0;0;0
1;8;-0.02;0.00;-1;0;0
1;11;0.00;0.00;0;0;0
1;6;0.00;0.00;0;0;0
1;7;-0.01;-0.02;0;1;0
1;9;0.00;0.00;0;0;0
1;10;0.00;0.00;0;0;0
1;7;-0.02;0.00;-1;0;0
1;8;0.00;0.00;0;0;0
1;7;-0.01;-0.02;0;1;0
1;9;0.00;0.00;0;0;0
1;13;0.00;0.00;0;0;0
1;7;-0.02;0.00;-1;0;0
1;12;0.00;0.00;0;0;0
1;9;0.00;0.00;0;0;0
1;8;-0.01;-0.02;0;1;0
1;8;0.00;0.00;0;0;0
1;9;-0.02;0.00;-1;0;0
1;8;0.00;0.00;0;0;0
1;7;0.00;0.00;0;0;0
1;13;0.00;0.00;0;0;0
1;8;0.00;0.00;0;0;0
1;8;-0.01;-0.02;0;1;0
1;8;-0.02;0.00;-1;0;0
1;12;0.00;0.00;0;0;0
1;5;0.00;0.00;0;0;0
1;8;0.00;0.00;0;0;0
1;8;0.00;0.00;0;0;0
1;24;-0.04;-0.02;-1;1;0
1;5;0.00;0.00;0;0;0
1;15;0.00;0.00;0;0;0
1;5;-0.01;-0.02;0;1;0
1;8;0.00;0.00;0;0;0
1;9;0.00;0.00;0;0;0
1;11;-0.02;0.00;-1;0;0
1;5;0.00;0.00;0;0;0
1;14;0.00;0.00;0;0;0
1;7;-0.01;-0.02;0;1;0
1;8;0.00;0.00;0;0;0
1;10;-0.02;0.00;-1;0;0
1;10;0.00;0.00;0;0;0
1;8;0.00;0.00;0;0;0
1;9;0.00;0.00;0;0;0
1;12;-0.01;-0.02;0;1;0
1;8;-0.02;0.00;-1;0;0
1;8;0.00;0.00;0;0;0
1;18;0.00;0.00;0;0;0
1;7;0.00;0.00;0;0;0
1;8;-0.01;-0.02;0;1;0
1;11;-0.02;0.00;-1;0;0
1;5;0.00;0.00;0;0;0
1;9;0.00;0.00;0;0;0
1;8;0.00;0.00;0;0;0
1;11;0.00;0.00;0;0;0
1;5;-0.01;-0.02;0;1;0
1;8;0.00;0.00;0;0;0
1;9;-0.02;0.00;-1;0;0
1;13;0.00;0.00;0;0;0
1;7;0.00;0.00;0;0;0
1;8;0.00;0.00;0;0;0
1;15;-0.01;-0.02;0;1;0
1;6;-0.02;0.00;-1;0;0
1;8;0.00;0.00;0;0;0
1;16;0.00;0.00;0;0;0
1;8;0.00;0.00;0;0;0
1;9;0.00;0.00;0;0;0
1;15;-0.04;-0.02;-1;1;0
1;5;0.00;0.00;0;0;0
1;12;0.00;0.00;0;0;0
1;17;0.00;0.00;0;0;0
1;15;-0.04;-0.02;-1;1;0
1;5;0.00;0.00;0;0;0
1;13;0.00;0.00;0;0;0
1;8;0.00;0.00;0;0;0
1;8;0.00;0.00;0;0;0
1;8;0.00;0.00;0;0;0
1;8;-0.01;-0.02;0;1;0
1;12;-0.02;0.00;-1;0;0
1;5;0.00;0.00;0;0;0
1;8;0.00;0.00;0;0;0
1;15;0.00;0.00;0;0;0
1;8;-0.01;-0.02;0;1;0
1;6;0.00;0.00;0;0;0
1;8;-0.02;0.00;-1;0;0
1;8;0.00;0.00;0;0;0
1;8;0.00;0.00;0;0;0
1;8;0.00;0.00;0;0;0
1;9;0.00;0.00;0;0;0
1;8;-0.01;-0.02;0;1;0
1;11;-0.02;0.00;-1;0;0
1;5;0.00;0.00;0;0;0
1;8;0.00;0.00;0;0;0
1;9;0.00;0.00;0;0;0
1;9;0.00;0.00;0;0;0
1;7;0.00;0.00;0;0;0
1;8;-0.01;-0.02;0;1;0
1;9;-0.02;0.00;-1;0;0
1;8;0.00;0.00;0;0;0
1;8;0.00;0.00;0;0;0
1;8;0.00;0.00;0;0;0
1;8;0.00;0.00;0;0;0
1;8;-0.01;-0.02;0;1;0
1;8;0.00;0.00;0;0;0
1;9;-0.02;0.00;-1;0;0
1;11;0.00;0.00;0;0;0
1;6;0.00;0.00;0;0;0
1;8;-0.01;-0.02;0;1;0
1;9;0.00;0.00;0;0;0
1;7;0.00;0.00;0;0;0
1;8;0.00;0.00;0;0;0
1;8;-0.02;0.00;-1;0;0
1;8;0.00;0.00;0;0;0
1;13;-0.01;-0.02;0;1;0
1;22;0.00;0.00;0;0;0
1;18;-0.02;0.00;-1;0;0
1;37;-0.01;-0.02;0;1;0
1;15;-0.04;-0.02;-1;1;0
1;17;0.00;0.00;0;0;0
1;6;0.00;0.00;0;0;0
1;14;0.00;0.00;0;0;0
1;18;-0.01;-0.02;0;1;0
1;16;-0.02;0.00;-1;0;0
1;23;0.00;0.00;0;0;0
1;6;0.00;0.00;0;0;0
1;8;-0.01;-0.02;0;1;0
1;8;-0.02;0.00;-1;0;0
1;9;0.00;0.00;0;0;0
1;8;0.00;0.00;0;0;0
1;9;0.00;0.00;0;0;0
1;7;0.00;0.00;0;0;0
1;8;0.00;0.00;0;0;0
1;8;-0.01;-0.02;0;1;0
1;9;-0.02;0.00;-1;0;0
1;11;0.00;0.00;0;0;0
1;5;0.00;0.00;0;0;0
1;9;0.00;0.00;0;0;0
1;7;0.00;0.00;0;0;0
1;10;0.00;0.00;0;0;0
1;7;-0.01;-0.02;0;1;0
1;8;0.00;0.00;0;0;0
1;8;-0.02;0.00;-1;0;0
1;8;0.00;0.00;0;0;0
1;9;0.00;0.00;0;0;0
1;8;0.00;0.00;0;0;0
1;8;0.00;0.00;0;0;0
1;8;-0.01;-0.02;0;1;0
1;8;0.00;0.00;0;0;0
1;9;-0.02;0.00;-1;0;0
1;8;0.00;0.00;0;0;0
1;10;0.00;0.00;0;0;0
1;6;0.00;0.00;0;0;0
1;8;-0.01;-0.02;0;1;0
1;10;0.00;0.00;0;0;0
1;7;0.00;0.00;0;0;0
1;8;-0.02;0.00;-1;0;0
1;8;0.00;0.00;0;0;0
1;8;0.00;0.00;0;0;0
1;8;0.00;0.00;0;0;0
1;9;-0.01;-0.02;0;1;0
1;10;0.00;0.00;0;0;0
1;6;-0.02;0.00;-1;0;0
1;15;0.00;0.00;0;0;0
1;6;0.00;0.00;0;0;0
1;8;0.00;0.00;0;0;0
1;8;0.00;0.00;0;0;0
1;14;-0.01;-0.02;0;1;0
1;6;-0.02;0.00;-1;0;0
1;9;0.00;0.00;0;0;0
1;8;0.00;0.00;0;0;0
1;8;0.00;0.00;0;0;0
1;8;0.00;0.00;0;0;0
1;8;-0.01;-0.02;0;1;0
1;9;0.00;0.00;0;0;0
1;15;-0.02;0.00;-1;0;0
1;6;0.00;0.00;0;0;0
1;7;0.00;0.00;0;0;0
1;13;0.00;0.00;0;0;0
1;8;-0.01;-0.02;0;1;0
1;8;0.00;0.00;0;0;0
1;8;-0.02;0.00;-1;0;0
1;8;0.00;0.00;0;0;0
1;8;0.00;0.00;0;0;0
1;9;0.00;0.00;0;0;0
1;8;0.00;0.00;0;0;0
1;8;0.00;0.00;0;0;0
1;8;-0.01;-0.02;0;1;0
1;13;-0.02;0.00;-1;0;0
1;8;0.00;0.00;0;0;0
1;8;0.00;0.00;0;0;0
1;8;0.00;0.00;0;0;0
1;12;0.00;0.00;0;0;0
1;13;0.00;0.00;0;0;0
1;8;-0.01;-0.02;0;1;0
1;8;-0.02;0.00;-1;0;0
1;8;0.00;0.00;0;0;0
1;8;0.00;0.00;0;0;0
1;9;0.00;0.00;0;0;0
1;12;0.00;0.00;0;0;0
1;8;-0.01;-0.02;0;1;0
1;8;-0.02;0.00;-1;0;0
1;12;0.00;0.00;0;0;0
1;5;0.00;0.00;0;0;0
1;10;0.00;0.00;0;0;0
1;6;0.00;0.00;0;0;0
1;8;0.00;0.00;0;0;0
1;9;-0.01;-0.02;0;1;0
1;10;0.00;0.00;0;0;0
1;12;-0.02;0.00;-1;0;0
1;9;0.00;0.00;0;0;0
1;7;0.00;0.00;0;0;0
1;8;0.00;0.00;0;0;0
1;7;0.00;0.00;0;0;0
1;10;-0.01;-0.02;0;1;0
1;9;-0.02;0.00;-1;0;0
1;5;0.00;0.00;0;0;0
1;8;0.00;0.00;0;0;0
1;11;0.00;0.00;0;0;0
1;6;0.00;0.00;0;0;0
1;8;0.00;0.00;0;0;0
1;8;0.00;0.00;0;0;0
1;8;-0.02;0.00;-1;0;0
1;12;-0.01;-0.02;0;1;0
1;9;0.00;0.00;0;0;0
1;8;0.00;0.00;0;0;0
1;9;0.00;0.00;0;0;0
1;8;0.00;0.00;0;0;0
1;9;-0.02;0.00;-1;0;0
1;7;-0.01;-0.02;0;1;0
1;8;0.00;0.00;0;0;0
1;19;0.00;0.00;0;0;0
1;6;0.00;0.00;0;0;0
1;12;-0.02;0.00;-1;0;0
1;9;-0.01;-0.02;0;1;0
1;7;0.00;0.00;0;0;0
1;17;0.00;0.00;0;0;0
1;8;0.00;0.00;0;0;0
1;8;-0.02;0.00;-1;0;0
1;8;0.00;0.00;0;0;0
1;10;-0.01;-0.02;0;1;0
1;7;0.00;0.00;0;0;0
1;8;0.00;0.00;0;0;0
1;8;0.00;0.00;0;0;0
1;12;0.00;0.00;0;0;0
1;9;-0.02;0.00;-1;0;0
1;8;0.00;0.00;0;0;0
1;13;-0.01;-0.02;0;1;0
1;7;0.00;0.00;0;0;0
1;8;0.00;0.00;0;0;0
1;9;0.00;0.00;0;0;0
1;8;-0.02;0.00;-1;0;0
1;12;0.00;0.00;0;0;0
1;8;0.00;0.00;0;0;0
1;8;-0.01;-0.02;0;1;0
1;9;0.00;0.00;0;0;0
1;14;-0.02;0.00;-1;0;0
1;6;0.00;0.00;0;0;0
1;9;0.00;0.00;0;0;0
1;13;-0.01;-0.02;0;1;0
1;7;0.00;0.00;0;0;0
1;11;0.00;0.00;0;0;0
1;5;0.00;0.00;0;0;0
1;9;-0.02;0.00;-1;0;0
1;8;0.00;0.00;0;0;0
1;7;0.00;0.00;0;0;0
1;11;-0.01;-0.02;0;1;0
1;10;0.00;0.00;0;0;0
1;8;0.00;0.00;0;0;0
1;9;-0.02;0.00;-1;0;0
1;19;0.00;0.00;0;0;0
1;6;0.00;0.00;0;0;0
1;8;0.00;0.00;0;0;0
1;8;-0.01;-0.02;0;1;0
1;8;0.00;0.00;0;0;0
1;7;0.00;0.00;0;0;0
1;8;-0.02;0.00;-1;0;0
1;10;0.00;0.00;0;0;0
1;7;0.00;0.00;0;0;0
1;8;0.00;0.00;0;0;0
1;8;0.00;0.00;0;0;0
1;9;-0.01;-0.02;0;1;0
1;7;-0.02;0.00;-1;0;0
1;9;0.00;0.00;0;0;0
1;8;0.00;0.00;0;0;0
1;8;0.00;0.00;0;0;0
1;8;0.00;0.00;0;0;0
1;7;0.00;0.00;0;0;0
1;8;-0.01;-0.02;0;1;0
1;13;-0.02;0.00;-1;0;0
1;5;0.00;0.00;0;0;0
1;8;0.00;0.00;0;0;0
1;7;0.00;0.00;0;0;0
1;9;0.00;0.00;0;0;0
1;9;-0.01;-0.02;0;1;0
1;7;0.00;0.00;0;0;0
1;8;-0.02;0.00;-1;0;0
1;9;0.00;0.00;0;0;0
1;8;0.00;0.00;0;0;0
1;9;0.00;0.00;0;0;0
1;8;-0.01;-0.02;0;1;0
1;8;0.00;0.00;0;0;0
1;8;-0.02;0.00;-1;0;0
1;8;0.00;0.00;0;0;0
1;8;0.00;0.00;0;0;0
1;8;0.00;0.00;0;0;0
1;9;0.00;0.00;0;0;0
1;9;-0.02;0.00;-1;0;0
1;7;0.00;0.00;0;0;0
1;8;0.00;0.00;0;0;0
1;9;0.00;0.00;0;0;0
1;11;0.00;0.00;0;0;0
1;5;-0.02;0.00;-1;0;0
1;8;0.00;0.00;0;0;0
1;15;0.00;0.00;0;0;0
1;6;0.00;0.00;0;0;0
1;9;0.00;0.00;0;0;0
1;7;0.00;0.00;0;0;0
1;8;-0.02;0.00;-1;0;0
1;9;0.00;0.00;0;0;0
1;12;0.00;0.00;0;0;0
1;16;0.00;0.00;0;0;0
1;11;0.00;0.00;0;0;0
1;7;-0.02;0.00;-1;0;0
1;9;0.00;0.00;0;0;0
1;7;0.00;0.00;0;0;0
1;7;0.00;0.00;0;0;0
1;16;0.00;0.00;0;0;0
1;5;0.00;0.00;0;0;0
1;8;-0.02;0.00;-1;0;0
1;8;0.00;0.00;0;0;0
1;8;0.00;0.00;0;0;0
1;8;0.00;0.00;0;0;0
1;8;0.00;0.00;0;0;0
1;8;0.00;0.00;0;0;0
1;9;-0.02;0.00;-1;0;0
1;18;0.00;0.00;0;0;0
1;7;0.00;0.00;0;0;0
1;9;0.00;0.00;0;0;0
1;7;0.00;0.00;0;0;0
1;10;-0.02;0.00;-1;0;0
1;6;0.00;0.00;0;0;0
1;9;0.00;0.00;0;0;0
1;7;0.00;0.00;0;0;0
1;9;0.00;0.00;0;0;0
1;8;0.00;0.00;0;0;0
1;8;0.00;0.00;0;0;0
1;15;-0.02;0.00;-1;0;0
1;6;0.00;0.00;0;0;0
1;8;0.00;0.00;0;0;0
1;7;0.00;0.00;0;0;0
1;15;0.00;0.00;0;0;0
1;7;0.00;0.00;0;0;0
1;8;-0.02;0.00;-1;0;0
1;10;0.00;0.00;0;0;0
1;6;0.00;0.00;0;0;0
1;8;0.00;0.00;0;0;0
1;12;0.00;0.00;0;0;0
1;17;-0.02;0.00;-1;0;0
1;8;0.00;0.00;0;0;0
1;15;0.00;0.00;0;0;0
1;7;0.00;0.00;0;0;0
1;7;0.00;0.00;0;0;0
1;8;-0.02;0.00;-1;0;0
1;12;0.00;0.00;0;0;0
1;11;0.00;0.00;0;0;0
1;6;0.00;0.00;0;0;0
1;14;0.00;0.00;0;0;0
1;7;-0.02;0.00;-1;0;0
1;11;0.00;0.00;0;0;0
1;10;0.00;0.00;0;0;0
1;7;0.00;0.00;0;0;0
1;11;0.00;0.00;0;0;0
1;5;0.00;0.00;0;0;0
1;12;-0.02;0.00;-1;0;0
1;5;0.00;0.00;0;0;0
1;10;0.00;0.00;0;0;0
1;6;0.00;0.00;0;0;0
1;12;0.00;0.00;0;0;0
1;9;0.00;0.00;0;0;0
1;8;-0.02;0.00;-1;0;0
1;17;0.00;0.00;0;0;0
1;7;0.00;0.00;0;0;0
1;8;0.00;0.00;0;0;0
1;9;0.00;0.00;0;0;0
1;7;0.00;0.00;0;0;0
1;13;0.00;0.00;0;0;0
1;7;0.00;0.00;0;0;0
1;10;-0.02;0.00;-1;0;0
1;8;0.00;0.00;0;0;0
1;8;0.00;0.00;0;0;0
1;8;0.00;0.00;0;0;0
1;9;-0.01;-0.02;0;1;0
1;23;0.00;0.00;0;0;0
1;5;0.00;0.00;0;0;0
1;8;0.00;0.00;0;0;0
1;8;0.00;0.00;0;0;0
1;11;0.00;0.00;0;0;0
1;6;0.00;0.00;0;0;0
1;8;0.00;0.00;0;0;0
1;12;0.00;0.00;0;0;0
1;8;0.00;0.00;0;0;0
1;8;0.00;0.00;0;0;0
1;9;0.00;0.00;0;0;0
1;7;0.00;0.00;0;0;0
1;12;0.00;0.00;0;0;0
1;10;0.00;0.00;0;0;0
1;8;0.00;0.00;0;0;0
1;8;0.00;0.00;0;0;0
1;8;0.00;0.00;0;0;0
1;7;0.00;0.00;0;0;0
1;14;0.00;0.00;0;0;0
1;11;0.00;0.00;0;0;0
1;5;0.00;0.00;0;0;0
1;11;0.00;0.00;0;0;0
1;5;0.00;0.00;0;0;0
1;8;0.00;0.00;0;0;0
1;9;0.00;0.00;0;0;0
1;9;0.00;0.00;0;0;0
1;8;0.00;0.00;0;0;0
1;8;0.00;0.00;0;0;0
1;7;0.00;0.00;0;0;0
1;18;0.00;0.00;0;0;0
1;7;0.00;0.00;0;0;0
1;7;0.00;0.00;0;0;0
1;20;0.00;0.00;0;0;0
1;10;0.00;0.00;0;0;0
1;8;0.00;0.00;0;0;0
1;12;0.00;0.00;0;0;0
1;13;0.00;0.00;0;0;0
1;8;0.00;0.00;0;0;0
1;7;0.00;0.00;0;0;0
1;12;0.00;0.00;0;0;0
1;9;0.00;0.00;0;0;0
1;9;0.00;0.00;0;0;0
1;7;0.00;0.00;0;0;0
1;14;0.00;0.00;0;0;0
1;7;0.00;0.00;0;0;0
1;8;0.00;0.00;0;0;0
1;26;0.00;0.00;0;0;0
1;8;0.00;0.00;0;0;0
1;15;0.00;0.00;0;0;0
1;5;0.00;0.00;0;0;0
1;12;0.00;0.00;0;0;0
1;8;0.00;0.00;0;0;0
1;10;0.00;0.00;0;0;0
1;7;0.00;0.00;0;0;0
1;11;0.00;0.00;0;0;0
1;7;0.00;0.00;0;0;0
1;6;0.00;0.00;0;0;0
1;10;0.00;0.00;0;0;0
1;7;0.00;0.00;0;0;0
1;14;0.00;0.00;0;0;0
1;6;0.00;0.00;0;0;0
1;7;0.00;0.00;0;0;0
1;13;0.00;0.00;0;0;0
1;5;0.00;0.00;0;0;0
1;7;0.00;0.00;0;0;0
1;8;0.00;0.00;0;0;0
1;10;0.00;0.00;0;0;0
1;8;0.00;0.00;0;0;0
1;7;0.00;0.00;0;0;0
1;8;0.00;0.00;0;0;0
1;11;0.00;0.00;0;0;0
1;6;0.00;0.00;0;0;0
1;8;0.00;0.00;0;0;0
1;8;0.00;0.00;0;0;0
1;9;0.00;0.00;0;0;0
1;7;0.00;0.00;0;0;0
1;9;0.00;0.00;0;0;0
1;7;0.00;0.00;0;0;0
1;9;0.00;0.00;0;0;0
1;8;0.00;0.00;0;0;0
1;10;0.00;0.00;0;0;0
1;7;0.00;0.00;0;0;0
1;11;0.00;0.00;0;0;0
1;11;0.00;0.00;0;0;0
1;7;0.00;0.00;0;0;0
1;8;0.00;0.00;0;0;0
1;7;0.00;0.00;0;0;0
1;13;0.00;0.00;0;0;0
1;8;0.00;0.00;0;0;0
1;8;0.00;0.00;0;0;0
1;12;0.00;0.00;0;0;0
1;12;0.00;0.00;0;0;0
1;12;0.00;0.00;0;0;0
1;8;0.00;0.00;0;0;0
1;6;0.00;0.00;0;0;0
1;8;0.00;0.00;0;0;0
1;8;0.00;0.00;0;0;0
1;12;0.00;0.00;0;0;0
1;6;0.00;0.00;0;0;0
1;7;0.00;0.00;0;0;0
1;7;0.00;0.00;0;0;0
1;8;0.00;0.00;0;0;0
1;10;0.00;0.00;0;0;0
1;8;0.00;0.00;0;0;0
1;7;0.00;0.00;0;0;0
1;9;0.00;0.00;0;0;0
1;8;0.00;0.00;0;0;0
1;8;0.00;0.00;0;0;0
1;9;0.00;0.00;0;0;0
1;12;0.00;0.00;0;0;0
1;8;0.00;0.00;0;0;0
1;7;0.00;0.00;0;0;0
1;12;0.00;0.00;0;0;0
1;6;0.00;0.00;0;0;0
1;8;0.00;0.00;0;0;0
1;7;0.00;0.00;0;0;0
1;11;0.00;0.00;0;0;0
1;7;0.00;0.00;0;0;0
1;8;0.00;0.00;0;0;0
1;7;0.00;0.00;0;0;0
1;8;0.00;0.00;0;0;0
1;8;0.00;0.00;0;0;0
1;9;0.00;0.00;0;0;0
1;8;0.00;0.00;0;0;0
1;8;0.00;0.00;0;0;0
1;14;0.00;0.00;0;0;0
1;8;0.00;0.00;0;0;0
1;8;0.00;0.00;0;0;0
1;8;0.00;0.00;0;0;0
1;7;0.00;0.00;0;0;0
1;8;0.00;0.00;0;0;0
1;8;0.00;0.00;0;0;0
1;9;0.00;0.00;0;0;0
1;11;0.00;0.00;0;0;0
1;7;0.00;0.00;0;0;0
1;7;0.00;0.00;0;0;0
1;7;0.00;0.00;0;0;0
1;10;0.00;0.00;0;0;0
1;11;0.00;0.00;0;0;0
1;5;0.00;0.00;0;0;0
1;7;-0.02;0.00;-1;0;0
1;12;0.00;0.00;0;0;0
1;9;0.00;0.00;0;0;0
1;8;0.00;0.00;0;0;0
1;12;0.00;0.00;0;0;0
1;5;0.00;0.00;0;0;0
1;10;0.00;0.00;0;0;0
1;9;-0.02;0.00;-1;0;0
1;6;0.00;0.00;0;0;0
1;7;0.00;0.00;0;0;0
1;8;0.00;0.00;0;0;0
1;8;0.00;0.00;0;0;0
1;15;0.00;0.00;0;0;0
1;7;0.00;0.00;0;0;0
1;8;-0.02;0.00;-1;0;0
1;13;0.00;0.00;0;0;0
1;7;0.00;0.00;0;0;0
1;8;0.00;0.00;0;0;0
1;8;0.00;0.00;0;0;0
1;12;0.00;0.00;0;0;0
1;5;0.00;0.00;0;0;0
1;9;-0.02;0.00;-1;0;0
1;8;0.00;0.00;0;0;0
1;16;0.00;0.00;0;0;0
1;7;0.00;0.00;0;0;0
1;8;0.00;0.00;0;0;0
1;15;-0.02;0.00;-1;0;0
1;7;0.00;0.00;0;0;0
1;7;0.00;0.00;0;0;0
1;8;0.00;0.00;0;0;0
1;9;0.00;0.00;0;0;0
1;16;0.00;0.00;0;0;0
1;5;0.00;0.00;0;0;0
1;7;-0.02;0.00;-1;0;0
1;8;0.00;0.00;0;0;0
1;14;0.00;0.00;0;0;0
1;7;0.00;0.00;0;0;0
1;8;0.00;0.00;0;0;0
1;10;-0.01;0.02;0;0;1
1;7;-0.02;0.00;-1;0;0
1;8;0.00;0.00;0;0;0
1;8;0.00;0.00;0;0;0
1;14;0.00;0.00;0;0;0
1;7;0.00;0.00;0;0;0
1;11;0.00;0.00;0;0;0
1;19;-0.04;0.02;-1;0;1
1;12;0.00;0.00;0;0;0
1;15;0.00;0.00;0;0;0
1;8;0.00;0.00;0;0;0
1;8;-0.02;0.00;-1;0;0
1;8;-0.01;0.02;0;0;1
1;8;0.00;0.00;0;0;0
1;9;0.00;0.00;0;0;0
1;8;0.00;0.00;0;0;0
1;8;0.00;0.00;0;0;0
1;8;0.00;0.00;0;0;0
1;8;-0.02;0.00;-1;0;0
1;8;0.00;0.00;0;0;0
1;9;-0.01;0.02;0;0;1
1;10;0.00;0.00;0;0;0
1;7;0.00;0.00;0;0;0
1;8;0.00;0.00;0;0;0
1;7;-0.02;0.00;-1;0;0
1;9;0.00;0.00;0;0;0
1;8;0.00;0.00;0;0;0
1;8;0.00;0.00;0;0;0
1;13;-0.01;0.02;0;0;1
1;9;-0.02;0.00;-1;0;0
1;7;0.00;0.00;0;0;0
1;10;0.00;0.00;0;0;0
1;7;0.00;0.00;0;0;0
1;10;0.00;0.00;0;0;0
1;6;-0.01;0.02;0;0;1
1;9;0.00;0.00;0;0;0
1;7;-0.02;0.00;-1;0;0
1;12;0.00;0.00;0;0;0
1;5;0.00;0.00;0;0;0
1;7;0.00;0.00;0;0;0
1;9;0.00;0.00;0;0;0
1;9;-0.01;0.02;0;0;1
1;8;-0.02;0.00;-1;0;0
1;9;0.00;0.00;0;0;0
1;7;0.00;0.00;0;0;0
1;12;0.00;0.00;0;0;0
1;8;0.00;0.00;0;0;0
1;8;0.00;0.00;0;0;0
1;8;-0.04;0.02;-1;0;1
1;9;0.00;0.00;0;0;0
1;9;0.00;0.00;0;0;0
1;10;0.00;0.00;0;0;0
1;27;-0.04;0.02;-1;0;1
1;27;0.00;0.00;0;0;0
1;5;0.00;0.00;0;0;0
1;15;-0.02;0.00;-1;0;0
1;10;0.00;0.00;0;0;0
1;7;-0.01;0.02;0;0;1
1;12;0.00;0.00;0;0;0
1;5;0.00;0.00;0;0;0
1;11;-0.02;0.00;-1;0;0
1;6;0.00;0.00;0;0;0
1;11;-0.01;0.02;0;0;1
1;15;0.00;0.00;0;0;0
1;7;0.00;0.00;0;0;0
1;10;-0.02;0.00;-1;0;0
1;6;0.00;0.00;0;0;0
1;11;-0.01;0.02;0;0;1
1;5;0.00;0.00;0;0;0
1;13;0.00;0.00;0;0;0
1;12;-0.02;0.00;-1;0;0
1;7;0.00;0.00;0;0;0
1;19;-0.01;0.02;0;0;1
1;7;0.00;0.00;0;0;0
1;8;0.00;0.00;0;0;0
1;11;-0.02;0.00;-1;0;0
1;5;0.00;0.00;0;0;0
1;15;-0.01;0.02;0;0;1
1;6;0.00;0.00;0;0;0
1;8;0.00;0.00;0;0;0
1;13;0.00;0.00;0;0;0
1;7;-0.02;0.00;-1;0;0
1;10;0.00;0.00;0;0;0
1;6;-0.01;0.02;0;0;1
1;9;0.00;0.00;0;0;0
1;9;0.00;0.00;0;0;0
1;7;0.00;0.00;0;0;0
1;8;0.00;0.00;0;0;0
1;20;-0.04;0.02;-1;0;1
1;5;0.00;0.00;0;0;0
1;12;0.00;0.00;0;0;0
1;11;0.00;0.00;0;0;0
1;6;0.00;0.00;0;0;0
1;7;-0.02;0.00;-1;0;0
1;10;0.00;0.00;0;0;0
1;17;-0.01;0.02;0;0;1
1;7;0.00;0.00;0;0;0
1;11;0.00;0.00;0;0;0
1;8;-0.02;0.00;-1;0;0
1;8;0.00;0.00;0;0;0
1;13;-0.01;0.02;0;0;1
1;5;0.00;0.00;0;0;0
1;7;0.00;0.00;0;0;0
1;8;0.00;0.00;0;0;0
1;11;0.00;0.00;0;0;0
1;14;-0.02;0.00;-1;0;0
1;8;-0.01;0.02;0;0;1
1;17;0.00;0.00;0;0;0
1;8;0.00;0.00;0;0;0
1;8;-0.01;-0.02;0;1;0
1;14;-0.02;0.00;-1;0;0
1;11;-0.01;0.02;0;0;1
1;7;0.00;0.00;0;0;0
1;10;0.00;0.00;0;0;0
1;7;0.00;0.00;0;0;0
1;8;0.00;0.00;0;0;0
1;8;0.00;0.00;0;0;0
1;8;-0.04;0.02;-1;0;1
1;26;0.00;0.00;0;0;0
1;7;0.00;0.00;0;0;0
1;8;0.00;0.00;0;0;0
1;14;-0.01;0.02;0;0;1
1;7;-0.02;0.00;-1;0;0
1;8;0.00;0.00;0;0;0
1;10;0.00;0.00;0;0;0
1;11;0.00;0.00;0;0;0
1;8;0.00;0.00;0;0;0
1;12;0.00;0.00;0;0;0
1;6;-0.04;0.02;-1;0;1
1;7;0.00;0.00;0;0;0
1;9;0.00;0.00;0;0;0
1;13;0.00;0.00;0;0;0
1;15;0.00;0.00;0;0;0
1;7;0.00;0.00;0;0;0
1;9;-0.04;0.02;-1;0;1
1;8;0.00;0.00;0;0;0
1;8;0.00;0.00;0;0;0
1;8;0.00;0.00;0;0;0
1;12;0.00;0.00;0;0;0
1;9;0.00;0.00;0;0;0
1;8;-0.01;0.02;0;0;1
1;8;0.00;0.00;0;0;0
1;8;-0.02;0.00;-1;0;0
1;8;0.00;0.00;0;0;0
1;9;0.00;0.00;0;0;0
1;9;0.00;0.00;0;0;0
1;7;0.00;0.00;0;0;0
1;8;0.00;0.00;0;0;0
1;8;-0.01;0.02;0;0;1
1;9;-0.02;0.00;-1;0;0
1;10;0.00;0.00;0;0;0
1;7;0.00;0.00;0;0;0
1;7;0.00;0.00;0;0;0
1;12;0.00;0.00;0;0;0
1;6;0.00;0.00;0;0;0
1;7;-0.01;0.02;0;0;1
1;8;-0.02;0.00;-1;0;0
1;8;0.00;0.00;0;0;0
1;9;0.00;0.00;0;0;0
1;7;0.00;0.00;0;0;0
1;9;0.00;0.00;0;0;0
1;8;0.00;0.00;0;0;0
1;8;0.00;0.00;0;0;0
1;9;-0.04;0.02;-1;0;1
1;8;0.00;0.00;0;0;0
1;9;0.00;0.00;0;0;0
1;15;0.00;0.00;0;0;0
1;6;0.00;0.00;0;0;0
1;8;0.00;0.00;0;0;0
1;8;-0.01;0.02;0;0;1
1;9;0.00;0.00;0;0;0
1;7;-0.02;0.00;-1;0;0
1;7;0.00;0.00;0;0;0
1;8;0.00;0.00;0;0;0
1;14;0.00;0.00;0;0;0
1;16;0.00;0.00;0;0;0
1;11;-0.04;0.02;-1;0;1
1;13;0.00;0.00;0;0;0
1;9;0.00;0.00;0;0;0
1;12;0.00;0.00;0;0;0
1;7;0.00;0.00;0;0;0
1;8;-0.04;0.02;-1;0;1
1;10;0.00;0.00;0;0;0
1;17;0.00;0.00;0;0;0
1;6;0.00;0.00;0;0;0
1;11;0.00;0.00;0;0;0
1;9;-0.02;0.00;-1;0;0
1;6;0.00;0.00;0;0;0
1;7;-0.01;0.02;0;0;1
1;18;0.00;0.00;0;0;0
1;10;0.00;0.00;0;0;0
1;5;0.00;0.00;0;0;0
1;11;0.00;0.00;0;0;0
1;6;-0.04;0.02;-1;0;1
1;10;0.00;0.00;0;0;0
1;6;0.00;0.00;0;0;0
1;15;0.00;0.00;0;0;0
1;6;0.00;0.00;0;0;0
1;7;0.00;0.00;0;0;0
1;8;0.00;0.00;0;0;0
1;12;-0.04;0.02;-1;0;1
1;25;0.00;0.00;0;0;0
1;8;0.00;0.00;0;0;0
1;11;0.00;0.00;0;0;0
1;6;-0.02;0.00;-1;0;0
1;9;-0.01;0.02;0;0;1
1;7;0.00;0.00;0;0;0
1;8;0.00;0.00;0;0;0
1;9;0.00;0.00;0;0;0
1;9;0.00;0.00;0;0;0
1;7;0.00;0.00;0;0;0
1;10;-0.02;0.00;-1;0;0
1;7;0.00;0.00;0;0;0
1;7;-0.01;0.02;0;0;1
1;9;0.00;0.00;0;0;0
1;11;0.00;0.00;0;0;0
1;11;0.00;0.00;0;0;0
1;7;0.00;0.00;0;0;0
1;8;-0.02;0.00;-1;0;0
1;9;-0.01;0.02;0;0;1
1;7;0.00;0.00;0;0;0
1;8;0.00;0.00;0;0;0
1;9;0.00;0.00;0;0;0
1;9;0.00;0.00;0;0;0
1;7;0.00;0.00;0;0;0
1;8;0.00;0.00;0;0;0
1;9;-0.04;0.02;-1;0;1
1;8;0.00;0.00;0;0;0
1;7;0.00;0.00;0;0;0
1;9;0.00;0.00;0;0;0
1;8;0.00;0.00;0;0;0
1;8;0.00;0.00;0;0;0
1;8;-0.01;0.02;0;0;1
1;8;-0.02;0.00;-1;0;0
1;9;0.00;0.00;0;0;0
1;10;0.00;0.00;0;0;0
1;7;0.00;0.00;0;0;0
1;10;0.00;0.00;0;0;0
1;7;0.00;0.00;0;0;0
1;9;-0.04;0.02;-1;0;1
1;6;0.00;0.00;0;0;0
1;13;0.00;0.00;0;0;0
1;8;0.00;0.00;0;0;0
1;7;0.00;0.00;0;0;0
1;9;0.00;0.00;0;0;0
1;14;-0.04;0.02;-1;0;1
1;6;0.00;0.00;0;0;0
1;8;0.00;0.00;0;0;0
1;8;0.00;0.00;0;0;0
1;9;0.00;0.00;0;0;0
1;11;0.00;0.00;0;0;0
1;16;-0.04;0.02;-1;0;1
1;5;0.00;0.00;0;0;0
1;14;0.00;0.00;0;0;0
1;7;0.00;0.00;0;0;0
1;11;0.00;0.00;0;0;0
1;10;0.00;0.00;0;0;0
1;8;-0.01;0.02;0;0;1
1;8;-0.02;0.00;-1;0;0
1;8;0.00;0.00;0;0;0
1;21;0.00;0.00;0;0;0
1;9;0.00;0.00;0;0;0
1;7;0.00;0.00;0;0;0
1;9;-0.04;0.02;-1;0;1
1;7;0.00;0.00;0;0;0
1;9;0.00;0.00;0;0;0
1;8;0.00;0.00;0;0;0
1;8;0.00;0.00;0;0;0
1;8;0.00;0.00;0;0;0
1;9;-0.02;0.00;-1;0;0
1;8;0.00;0.00;0;0;0
1;11;-0.01;0.02;0;0;1
1;5;0.00;0.00;0;0;0
1;8;0.00;0.00;0;0;0
1;8;0.00;0.00;0;0;0
1;8;0.00;0.00;0;0;0
1;9;-0.02;0.00;-1;0;0
1;8;-0.01;0.02;0;0;1
1;9;0.00;0.00;0;0;0
1;14;0.00;0.00;0;0;0
1;5;0.00;0.00;0;0;0
1;9;0.00;0.00;0;0;0
1;8;-0.04;0.02;-1;0;1
1;8;0.00;0.00;0;0;0
1;8;0.00;0.00;0;0;0
1;8;-0.01;0.02;0;0;1
1;9;0.00;0.00;0;0;0
1;8;-0.01;0.02;0;0;1
1;8;0.00;0.00;0;0;0
1;9;-0.04;0.02;-1;0;1
1;7;0.00;0.00;0;0;0
1;11;-0.01;0.02;0;0;1
1;7;0.00;0.00;0;0;0
1;8;-0.01;0.02;0;0;1
1;7;0.00;0.00;0;0;0
1;17;-0.02;0.04;-1;-1;1
1;8;-0.01;0.02;0;0;1
1;8;0.00;0.00;0;0;0
1;12;-0.01;0.02;0;0;1
1;7;-0.04;0.02;-1;0;1
1;6;0.00;0.00;0;0;0
1;8;0.00;0.00;0;0;0
1;14;0.00;0.04;0;-1;1
1;7;-0.01;0.02;0;0;1
1;7;0.00;0.00;0;0;0
1;10;-0.01;0.02;0;0;1
1;7;0.00;0.00;0;0;0
1;8;0.00;0.00;0;0;0
1;11;-0.01;0.02;0;0;1
1;9;0.00;0.00;0;0;0
1;10;0.00;0.00;0;0;0
1;7;0.00;0.00;0;0;0
1;8;-0.01;0.02;0;0;1
1;10;0.00;0.00;0;0;0
1;7;0.00;0.00;0;0;0
1;9;0.00;0.00;0;0;0
1;10;0.00;0.00;0;0;0
1;10;0.00;0.00;0;0;0
1;7;0.00;0.00;0;0;0
1;8;0.00;0.00;0;0;0
1;9;0.00;0.00;0;0;0
1;9;0.00;0.00;0;0;0
1;7;-0.01;0.02;0;0;1
1;9;0.00;0.00;0;0;0
1;12;0.00;0.00;0;0;0
1;11;0.00;0.00;0;0;0
1;6;0.00;0.00;0;0;0
1;8;0.00;0.00;0;0;0
1;7;0.00;0.00;0;0;0
1;21;-0.01;0.02;0;0;1
1;9;0.00;0.00;0;0;0
1;7;0.00;0.00;0;0;0
1;8;0.00;0.00;0;0;0
1;8;0.00;0.00;0;0;0
1;10;-0.01;0.02;0;0;1
1;7;0.00;0.00;0;0;0
1;8;0.01;0.02;0;-1;0
1;8;0.00;0.00;0;0;0
1;10;0.00;0.00;0;0;0
1;13;-0.01;0.02;0;0;1
1;7;-0.02;0.00;-1;0;0
1;12;0.00;0.00;0;0;0
1;9;0.01;0.02;0;-1;0
1;37;-0.02;0.04;0;0;2
1;7;0.00;0.00;0;0;0
1;9;0.00;0.04;0;-1;1
1;7;0.00;0.00;0;0;0
1;10;-0.01;0.02;0;0;1
1;8;-0.01;0.02;0;0;1
1;6;0.00;0.00;0;0;0
1;9;-0.01;0.02;0;0;1
1;8;0.00;0.00;0;0;0
1;8;-0.01;0.02;0;0;1
1;8;0.01;0.02;0;-1;0
1;8;-0.01;0.02;0;0;1
1;12;-0.01;0.02;0;0;1
1;6;0.00;0.00;0;0;0
1;7;-0.01;0.02;0;0;1
1;8;0.00;0.00;0;0;0
1;8;0.01;0.02;0;-1;0
1;10;0.00;0.00;0;0;0
1;7;-0.01;0.02;0;0;1
1;10;0.00;0.00;0;0;0
1;10;-0.02;0.00;-1;0;0
1;8;-0.01;0.02;0;0;1
1;12;0.00;0.00;0;0;0
1;5;0.00;0.00;0;0;0
1;8;0.00;0.00;0;0;0
1;8;0.00;0.00;0;0;0
1;9;0.00;0.00;0;0;0
1;8;0.00;0.00;0;0;0
1;13;-0.01;0.02;0;0;1
1;7;0.00;0.00;0;0;0
1;10;0.00;0.00;0;0;0
1;7;0.00;0.00;0;0;0
1;8;0.00;0.00;0;0;0
1;8;0.00;0.00;0;0;0
1;14;0.00;0.00;0;0;0
1;6;-0.01;0.02;0;0;1
1;8;0.00;0.00;0;0;0
1;9;0.00;0.00;0;0;0
1;8;0.00;0.00;0;0;0
1;16;0.00;0.00;0;0;0
1;5;0.00;0.00;0;0;0
1;7;0.00;0.00;0;0;0
1;9;-0.01;0.02;0;0;1
1;15;0.00;0.00;0;0;0
1;5;0.00;0.00;0;0;0
1;8;0.00;0.00;0;0;0
1;22;-0.01;0.02;0;0;1
1;8;0.00;0.00;0;0;0
1;8;0.00;0.00;0;0;0
1;9;0.00;0.00;0;0;0
1;7;0.00;0.00;0;0;0
1;8;0.01;0.02;0;-1;0
1;8;-0.01;0.02;0;0;1
1;10;0.00;0.00;0;0;0
1;6;0.00;0.00;0;0;0
1;11;0.00;0.00;0;0;0
1;7;0.00;0.00;0;0;0
1;20;-0.01;0.02;0;0;1
1;10;0.00;0.00;0;0;0
1;7;0.00;0.00;0;0;0
1;7;0.00;0.00;0;0;0
1;11;-0.01;0.02;0;0;1
1;9;-0.01;0.02;-1;-1;0
1;12;-0.01;0.02;0;0;1
1;5;0.00;0.00;0;0;0
1;8;0.00;0.00;0;0;0
1;9;-0.01;0.02;0;0;1
1;7;0.00;0.00;0;0;0
1;8;-0.01;0.02;0;0;1
1;9;-0.01;0.02;-1;-1;0
1;8;-0.01;0.02;0;0;1
1;9;0.00;0.00;0;0;0
1;7;-0.01;0.02;0;0;1
1;8;0.00;0.00;0;0;0
1;9;-0.01;0.02;0;0;1
1;8;-0.01;0.02;0;0;1
1;8;-0.01;0.02;-1;-1;0
1;8;-0.01;0.02;0;0;1
1;10;0.00;0.00;0;0;0
1;21;-0.05;0.04;-1;0;2
1;7;0.00;0.00;0;0;0
1;7;0.00;0.00;0;0;0
1;13;0.00;0.00;0;0;0
1;8;0.00;0.00;0;0;0
1;9;-0.02;0.00;-1;0;0
1;23;-0.01;0.02;0;0;1
1;9;0.00;0.00;0;0;0
1;8;0.00;0.00;0;0;0
1;14;0.00;0.00;0;0;0
1;6;0.00;0.00;0;0;0
1;9;-0.01;0.02;0;0;1
1;8;0.00;0.00;0;0;0
1;8;0.00;0.00;0;0;0
1;8;0.00;0.00;0;0;0
1;8;0.00;0.00;0;0;0
1;8;0.00;0.00;0;0;0
1;10;0.00;0.00;0;0;0
1;7;-0.01;0.02;0;0;1
1;8;0.00;0.00;0;0;0
1;8;0.00;0.00;0;0;0
1;8;0.00;0.00;0;0;0
1;9;0.00;0.00;0;0;0
1;8;0.00;0.00;0;0;0
1;8;0.00;0.00;0;0;0
1;8;0.00;0.00;0;0;0
1;8;0.00;0.00;0;0;0
1;9;-0.01;0.02;0;0;1
1;8;0.00;0.00;0;0;0
1;8;0.00;0.00;0;0;0
1;8;0.00;0.00;0;0;0
1;8;0.00;0.00;0;0;0
1;9;0.00;0.00;0;0;0
1;8;0.00;0.00;0;0;0
1;8;0.00;0.00;0;0;0
1;8;-0.01;0.02;0;0;1
1;8;0.00;0.00;0;0;0
1;9;0.00;0.00;0;0;0
1;8;0.00;0.00;0;0;0
1;8;0.00;0.00;0;0;0
1;8;-0.02;0.00;-1;0;0
1;12;-0.01;0.02;0;0;1
1;9;0.00;0.00;0;0;0
1;9;0.01;0.02;0;-1;0
1;7;-0.01;0.02;0;0;1
1;8;0.00;0.00;0;0;0
1;9;-0.02;0.00;-1;0;0
1;8;-0.01;0.02;0;0;1
1;12;0.00;0.00;0;0;0
1;8;-0.01;0.02;0;0;1
1;8;0.01;0.02;0;-1;0
1;8;0.00;0.00;0;0;0
1;12;-0.04;0.02;-1;0;1
1;5;0.00;0.00;0;0;0
1;9;-0.01;0.02;0;0;1
1;7;0.00;0.00;0;0;0
1;19;-0.02;0.04;-1;-1;1
1;8;-0.01;0.02;0;0;1
1;9;0.00;0.00;0;0;0
1;8;-0.01;0.02;0;0;1
1;6;0.00;0.00;0;0;0
1;9;0.00;0.00;0;0;0
1;7;-0.04;0.02;-1;0;1
1;8;0.01;0.02;0;-1;0
1;8;-0.01;0.02;0;0;1
1;8;0.00;0.00;0;0;0
1;8;0.00;0.00;0;0;0
1;9;-0.04;0.02;-1;0;1
1;8;0.00;0.00;0;0;0
1;8;0.00;0.04;0;-1;1
1;8;0.00;0.00;0;0;0
1;8;-0.01;0.02;0;0;1
1;9;0.00;0.00;0;0;0
1;8;0.00;0.00;0;0;0
1;8;0.00;0.00;0;0;0
1;8;-0.01;0.02;0;0;1
1;8;0.00;0.00;0;0;0
1;9;0.00;0.00;0;0;0
1;9;-0.02;0.00;-1;0;0
1;7;-0.01;0.02;0;0;1
1;8;0.00;0.00;0;0;0
1;8;0.00;0.00;0;0;0
1;11;0.00;0.00;0;0;0
1;6;0.00;0.00;0;0;0
1;10;-0.02;0.00;-1;0;0
1;6;0.00;0.00;0;0;0
1;10;0.00;0.00;0;0;0
1;6;0.00;0.00;0;0;0
1;9;0.00;0.00;0;0;0
1;8;0.00;0.00;0;0;0
1;10;-0.04;0.02;-1;0;1
1;7;0.00;0.00;0;0;0
1;10;0.00;0.00;0;0;0
1;6;0.00;0.00;0;0;0
1;8;0.00;0.00;0;0;0
1;9;0.00;0.00;0;0;0
1;16;-0.04;0.02;-1;0;1
1;8;0.00;0.00;0;0;0
1;8;0.00;0.00;0;0;0
1;9;0.00;0.00;0;0;0
1;7;0.00;0.00;0;0;0
1;8;0.00;0.00;0;0;0
1;12;-0.01;0.02;0;0;1
1;13;0.00;0.00;0;0;0
1;8;0.01;0.02;0;-1;0
1;8;0.00;0.00;0;0;0
1;10;0.00;0.00;0;0;0
1;7;-0.01;0.02;0;0;1
1;8;0.00;0.00;0;0;0
1;8;0.00;0.00;0;0;0
1;9;0.00;0.00;0;0;0
1;7;0.01;0.02;0;-1;0
1;13;0.00;0.00;0;0;0
1;9;-0.01;0.02;0;0;1
1;9;0.00;0.00;0;0;0
1;6;-0.01;0.02;0;0;1
1;9;0.00;0.00;0;0;0
1;9;0.01;0.02;0;-1;0
1;7;-0.01;0.02;0;0;1
1;14;-0.04;0.02;-1;0;1
1;9;0.00;0.00;0;0;0
1;6;0.00;0.00;0;0;0
1;8;-0.01;0.02;0;0;1
1;8;-0.01;0.02;0;0;1
1;13;0.01;0.02;0;-1;0
1;17;-0.02;0.04;0;0;2
1;11;-0.02;0.00;-1;0;0
1;8;-0.01;0.02;0;0;1
1;8;0.00;0.00;0;0;0
1;9;0.00;0.04;0;-1;1
1;12;-0.01;0.02;0;0;1
1;5;0.00;0.00;0;0;0
1;7;0.00;0.00;0;0;0
1;8;-0.04;0.02;-1;0;1
1;10;-0.01;0.02;0;0;1
1;7;0.00;0.00;0;0;0
1;12;0.00;0.04;0;-1;1
1;8;0.00;0.00;0;0;0
1;8;0.00;0.00;0;0;0
1;12;-0.01;0.02;0;0;1
1;7;0.00;0.00;0;0;0
1;10;0.01;0.02;0;-1;0
1;8;-0.01;0.02;0;0;1
1;15;0.00;0.00;0;0;0
1;6;0.00;0.00;0;0;0
1;8;0.00;0.00;0;0;0
1;22;0.01;0.02;0;-1;0
1;8;0.00;0.00;0;0;0
1;17;-0.01;0.02;0;0;1
1;23;0.00;0.00;0;0;0
1;4;0.00;0.00;0;0;0
1;8;0.01;0.02;0;-1;0
1;8;0.00;0.00;0;0;0
1;8;0.00;0.00;0;0;0
1;8;0.00;0.00;0;0;0
1;9;0.00;0.00;0;0;0
1;8;-0.01;0.02;0;0;1
1;8;0.00;0.00;0;0;0
1;8;0.00;0.00;0;0;0
1;19;0.00;0.00;0;0;0
1;7;-0.01;0.02;0;0;1
1;7;0.00;0.00;0;0;0
1;8;0.00;0.00;0;0;0
1;8;0.00;0.00;0;0;0
1;8;0.00;0.00;0;0;0
1;9;-0.01;0.02;0;0;1
1;8;0.00;0.00;0;0;0
1;8;0.00;0.00;0;0;0
1;8;0.00;0.00;0;0;0
1;8;0.00;0.00;0;0;0
1;9;0.00;0.00;0;0;0
1;8;0.00;0.04;0;-1;1
1;8;0.00;0.00;0;0;0
1;8;0.00;0.00;0;0;0
1;8;0.00;0.00;0;0;0
1;9;0.00;0.00;0;0;0
1;8;0.00;0.00;0;0;0
1;8;0.00;0.00;0;0;0
1;8;0.01;0.02;0;-1;0
1;8;-0.01;0.02;0;0;1
1;9;0.00;0.00;0;0;0
1;8;0.00;0.00;0;0;0
1;9;0.00;0.00;0;0;0
1;7;0.00;0.00;0;0;0
1;8;0.00;0.00;0;0;0
1;9;-0.01;0.02;0;0;1
1;9;0.01;0.02;0;-1;0
1;7;0.00;0.00;0;0;0
1;8;-0.01;0.02;0;0;1
1;8;0.00;0.00;0;0;0
1;10;-0.01;0.02;0;0;1
1;7;0.00;0.00;0;0;0
1;8;-0.01;0.02;0;0;1
1;8;0.00;0.00;0;0;0
1;14;-0.01;0.02;0;0;1
1;7;-0.01;0.02;0;0;1
1;8;0.01;0.02;0;-1;0
1;8;-0.01;0.02;0;0;1
1;8;0.00;0.00;0;0;0
1;8;-0.01;0.02;0;0;1
1;8;0.00;0.00;0;0;0
1;11;-0.01;0.02;0;0;1
1;10;-0.01;0.02;0;0;1
1;12;0.00;0.04;0;-1;1
1;12;0.00;0.00;0;0;0
1;9;-0.01;0.02;0;0;1
1;8;0.00;0.00;0;0;0
1;9;0.00;0.04;0;-1;1
1;8;0.00;0.00;0;0;0
1;8;0.00;0.00;0;0;0
1;7;-0.01;0.02;0;0;1
1;12;0.00;0.00;0;0;0
1;18;-0.01;0.02;-1;-1;0
1;9;-0.01;0.02;0;0;1
1;6;0.00;0.00;0;0;0
1;8;0.00;0.00;0;0;0
1;8;0.00;0.00;0;0;0
1;10;0.00;0.00;0;0;0
1;7;0.00;0.00;0;0;0
1;8;0.01;0.02;0;-1;0
1;8;-0.01;0.02;0;0;1
1;8;0.00;0.00;0;0;0
1;8;0.00;0.00;0;0;0
1;21;0.00;0.00;0;0;0
1;10;0.00;0.00;0;0;0
1;6;0.00;0.00;0;0;0
1;10;0.00;0.00;0;0;0
1;7;-0.01;0.02;0;0;1
1;8;0.00;0.00;0;0;0
1;8;0.00;0.00;0;0;0
1;8;0.00;0.00;0;0;0
1;8;0.00;0.00;0;0;0
1;9;0.00;0.00;0;0;0
1;9;0.00;0.00;0;0;0
1;9;0.00;0.00;0;0;0
1;10;-0.01;0.02;0;0;1
1;8;0.00;0.00;0;0;0
1;9;0.00;0.00;0;0;0
1;9;0.00;0.00;0;0;0
1;7;0.00;0.00;0;0;0
1;8;0.00;0.00;0;0;0
1;8;-0.01;0.02;0;0;1
1;9;0.00;0.00;0;0;0
1;8;0.00;0.00;0;0;0
1;9;0.00;0.00;0;0;0
1;12;0.00;0.00;0;0;0
1;7;0.00;0.00;0;0;0
1;10;-0.01;0.02;0;0;1
1;8;0.00;0.00;0;0;0
1;7;0.00;0.00;0;0;0
1;8;0.01;0.02;0;-1;0
1;8;0.00;0.00;0;0;0
1;17;0.00;0.00;0;0;0
1;8;0.00;0.00;0;0;0
1;8;-0.01;0.02;0;0;1
1;12;0.00;0.00;0;0;0
1;13;0.01;0.02;0;-1;0
1;8;0.00;0.00;0;0;0
1;11;0.00;0.00;0;0;0
1;5;-0.01;0.02;0;0;1
1;11;0.00;0.00;0;0;0
1;6;0.00;0.00;0;0;0
1;8;0.00;0.00;0;0;0
1;24;0.01;0.02;0;-1;0
1;12;-0.01;0.02;0;0;1
1;5;0.00;0.00;0;0;0
1;8;0.00;0.00;0;0;0
1;8;0.00;0.00;0;0;0
1;8;-0.01;0.02;0;0;1
1;9;0.00;0.00;0;0;0
1;10;0.00;0.04;0;-1;1
1;6;0.00;0.00;0;0;0
1;8;0.00;0.00;0;0;0
1;8;-0.01;0.02;0;0;1
1;15;-0.01;0.02;0;0;1
1;6;0.00;0.00;0;0;0
1;8;0.00;0.00;0;0;0
1;10;-0.01;0.02;0;0;1
1;6;0.00;0.00;0;0;0
1;9;0.00;0.04;0;-1;1
1;8;0.00;0.00;0;0;0
1;8;-0.01;0.02;0;0;1
1;8;0.00;0.00;0;0;0
1;8;-0.01;0.02;0;0;1
1;9;0.00;0.00;0;0;0
1;8;0.00;0.04;0;-1;1
1;10;0.00;0.00;0;0;0
1;6;-0.01;0.02;0;0;1
1;10;0.00;0.00;0;0;0
1;10;0.00;0.00;0;0;0
1;5;0.01;0.02;0;-1;0
1;8;-0.01;0.02;0;0;1
1;8;0.00;0.00;0;0;0
1;8;0.00;0.00;0;0;0
1;22;0.01;0.02;0;-1;0
1;9;0.00;0.00;0;0;0
1;8;-0.01;0.02;0;0;1
1;6;0.00;0.00;0;0;0
1;9;0.00;0.00;0;0;0
1;9;0.00;0.00;0;0;0
1;9;0.00;0.00;0;0;0
1;6;0.00;0.00;0;0;0
1;11;0.01;0.02;0;-1;0
1;7;0.00;0.00;0;0;0
1;9;0.00;0.00;0;0;0
1;6;0.00;0.00;0;0;0
1;8;0.00;0.00;0;0;0
1;8;-0.01;0.02;0;0;1
1;8;0.00;0.00;0;0;0
1;9;0.00;0.00;0;0;0
1;13;0.00;0.00;0;0;0
1;7;0.00;0.00;0;0;0
1;11;-0.01;0.02;0;0;1
1;8;0.00;0.00;0;0;0
1;7;0.01;0.02;0;-1;0
1;7;0.00;0.00;0;0;0
1;8;0.00;0.00;0;0;0
1;8;0.00;0.00;0;0;0
1;8;0.00;0.00;0;0;0
1;9;0.00;0.00;0;0;0
1;9;0.00;0.00;0;0;0
1;7;-0.01;0.02;0;0;1
1;9;0.01;0.02;0;-1;0
1;7;0.00;0.00;0;0;0
1;16;-0.01;0.02;0;0;1
1;7;0.00;0.00;0;0;0
1;6;0.00;0.00;0;0;0
1;8;-0.01;0.02;0;0;1
1;8;0.00;0.00;0;0;0
1;9;0.00;0.04;0;-1;1
1;8;0.00;0.00;0;0;0
1;9;-0.01;0.02;0;0;1
1;7;0.00;0.00;0;0;0
1;8;-0.01;0.02;0;0;1
1;9;0.00;0.00;0;0;0
1;9;0.01;0.02;0;-1;0
1;11;-0.01;0.02;0;0;1
1;8;-0.01;0.02;0;0;1
1;8;0.00;0.00;0;0;0
1;9;0.00;0.00;0;0;0
1;8;-0.02;0.04;-1;-1;1
1;8;0.00;0.00;0;0;0
1;8;-0.01;0.02;0;0;1
1;8;0.00;0.00;0;0;0
1;13;-0.01;0.02;0;0;1
1;12;0.00;0.04;0;-1;1
1;8;-0.02;0.00;-1;0;0
1;8;-0.01;0.02;0;0;1
1;9;0.00;0.00;0;0;0
1;14;-0.01;0.02;0;0;1
1;7;0.00;0.00;0;0;0
1;7;-0.01;0.02;0;0;1
1;8;0.00;0.00;0;0;0
1;9;-0.02;0.00;-1;0;0
1;8;-0.01;0.02;0;0;1
1;8;0.00;0.00;0;0;0
1;14;0.00;0.00;0;0;0
1;7;0.00;0.00;0;0;0
1;17;-0.04;0.02;-1;0;1
1;9;0.00;0.00;0;0;0
1;6;0.00;0.00;0;0;0
1;10;0.00;0.00;0;0;0
1;7;0.00;0.00;0;0;0
1;8;0.00;0.00;0;0;0
1;8;0.00;0.00;0;0;0
1;11;-0.02;0.00;-1;0;0
1;5;0.00;0.00;0;0;0
1;9;-0.01;0.02;0;0;1
1;9;0.00;0.00;0;0;0
1;13;0.00;0.00;0;0;0
1;6;0.00;0.00;0;0;0
1;8;0.00;0.00;0;0;0
1;19;-0.04;0.02;-1;0;1
1;9;0.00;0.00;0;0;0
1;5;0.00;0.00;0;0;0
1;11;0.00;0.00;0;0;0
1;21;0.00;0.00;0;0;0
1;10;-0.04;0.02;-1;0;1
1;7;0.00;0.00;0;0;0
1;9;0.00;0.00;0;0;0
1;8;0.00;0.00;0;0;0
1;8;0.00;0.00;0;0;0
1;8;0.00;0.00;0;0;0
1;8;0.00;0.00;0;0;0
1;13;-0.04;0.02;-1;0;1
1;8;0.00;0.00;0;0;0
1;8;0.00;0.00;0;0;0
1;8;0.00;0.00;0;0;0
1;8;-0.01;0.02;0;0;1
1;9;0.00;0.00;0;0;0
1;10;0.00;0.00;0;0;0
1;6;-0.04;0.02;-1;0;1
1;13;0.00;0.00;0;0;0
1;12;-0.01;0.02;0;0;1
1;8;-0.01;0.02;0;0;1
1;8;0.00;0.00;0;0;0
1;8;-0.01;0.02;0;0;1
1;18;0.00;0.04;0;-1;1
1;7;0.00;0.00;0;0;0
1;8;-0.04;0.02;-1;0;1
1;9;0.00;0.00;0;0;0
1;7;-0.01;0.02;0;0;1
1;9;0.00;0.00;0;0;0
1;8;0.00;0.00;0;0;0
1;8;-0.04;0.02;-1;0;1
1;8;0.01;0.02;0;-1;0
1;8;0.00;0.00;0;0;0
1;8;0.00;0.00;0;0;0
1;20;-0.04;0.02;-1;0;1
1;5;0.00;0.00;0;0;0
1;8;0.00;0.00;0;0;0
1;24;-0.01;0.02;0;0;1
1;5;0.00;0.00;0;0;0
1;8;0.00;0.00;0;0;0
1;9;0.00;0.00;0;0;0
1;7;0.00;0.00;0;0;0
1;9;0.00;0.00;0;0;0
1;8;0.00;0.00;0;0;0
1;8;-0.01;0.02;0;0;1
1;9;0.00;0.00;0;0;0
1;9;0.00;0.00;0;0;0
1;7;0.00;0.00;0;0;0
1;8;0.00;0.00;0;0;0
1;8;0.00;0.00;0;0;0
1;8;0.00;0.00;0;0;0
1;8;-0.01;0.02;0;0;1
1;12;0.00;0.00;0;0;0
1;5;0.00;0.00;0;0;0
1;12;0.00;0.00;0;0;0
1;13;0.00;0.00;0;0;0
1;12;0.00;0.00;0;0;0
1;9;-0.01;0.02;0;0;1
1;12;0.00;0.00;0;0;0
1;7;0.00;0.00;0;0;0
1;11;0.00;0.00;0;0;0
1;9;0.00;0.00;0;0;0
1;9;-0.01;0.02;0;0;1
1;8;0.00;0.00;0;0;0
1;9;0.00;0.00;0;0;0
1;8;0.00;0.00;0;0;0
1;30;-0.01;0.02;0;0;1
1;17;0.00;0.00;0;0;0
1;6;0.00;0.00;0;0;0
1;8;0.00;0.00;0;0;0
1;13;-0.01;0.02;0;0;1
1;14;0.00;0.00;0;0;0
1;6;0.00;0.00;0;0;0
1;9;0.00;0.00;0;0;0
1;7;0.00;0.00;0;0;0
1;10;0.00;0.00;0;0;0
1;7;-0.01;0.02;0;0;1
1;10;0.00;0.00;0;0;0
1;10;0.00;0.00;0;0;0
1;8;0.00;0.00;0;0;0
1;8;0.00;0.00;0;0;0
1;9;-0.02;0.00;-1;0;0
1;8;-0.01;0.02;0;0;1
1;8;0.00;0.00;0;0;0
1;8;0.00;0.00;0;0;0
1;11;0.00;0.00;0;0;0
1;6;0.00;0.00;0;0;0
1;8;0.00;0.00;0;0;0
1;9;-0.01;0.02;0;0;1
1;7;0.00;0.00;0;0;0
1;8;-0.02;0.00;-1;0;0
1;9;0.00;0.00;0;0;0
1;8;0.00;0.00;0;0;0
1;17;0.00;0.04;0;-1;1
1;7;-0.01;0.02;0;0;1
1;8;0.00;0.00;0;0;0
1;9;-0.01;0.02;0;0;1
1;8;0.00;0.00;0;0;0
1;8;-0.01;0.02;0;0;1
1;8;0.00;0.00;0;0;0
1;8;-0.01;0.02;0;0;1
1;9;0.00;0.00;0;0;0
1;9;-0.01;0.02;0;0;1
1;9;0.00;0.00;0;0;0
1;11;0.00;0.04;0;-1;1
1;7;-0.01;0.02;0;0;1
1;9;0.00;0.00;0;0;0
1;6;-0.04;0.02;-1;0;1
1;13;0.00;0.04;0;-1;1
1;16;-0.01;0.02;0;0;1
1;11;0.00;0.00;0;0;0
1;9;-0.01;0.02;0;0;1
1;8;0.01;0.02;0;-1;0
1;8;0.00;0.00;0;0;0
1;23;-0.01;0.02;0;0;1
1;6;0.00;0.00;0;0;0
1;10;0.00;0.00;0;0;0
1;9;0.01;0.02;0;-1;0
1;6;0.00;0.00;0;0;0
1;8;0.00;0.00;0;0;0
1;8;-0.01;0.02;0;0;1
1;21;0.00;0.00;0;0;0
1;8;0.00;0.00;0;0;0
1;10;0.00;0.00;0;0;0
1;6;0.00;0.00;0;0;0
1;12;-0.01;0.02;0;0;1
1;9;0.00;0.00;0;0;0
1;8;0.00;0.00;0;0;0
1;7;0.00;0.00;0;0;0
1;9;0.00;0.00;0;0;0
1;8;0.00;0.00;0;0;0
1;9;0.00;0.00;0;0;0
1;7;-0.01;0.02;0;0;1
1;9;0.00;0.00;0;0;0
1;8;0.00;0.00;0;0;0
1;13;0.00;0.00;0;0;0
1;9;0.00;0.00;0;0;0
1;12;-0.01;0.02;0;0;1
1;7;0.00;0.00;0;0;0
1;8;0.00;0.00;0;0;0
1;8;0.00;0.00;0;0;0
1;9;0.00;0.00;0;0;0
1;8;0.00;0.00;0;0;0
1;8;0.00;0.00;0;0;0
1;11;-0.01;0.02;0;0;1
1;5;0.00;0.00;0;0;0
1;9;0.00;0.00;0;0;0
1;8;0.00;0.00;0;0;0
1;11;0.00;0.00;0;0;0
1;5;0.00;0.00;0;0;0
1;9;0.00;0.00;0;0;0
1;8;0.00;0.00;0;0;0
1;8;-0.01;0.02;0;0;1
1;8;0.00;0.00;0;0;0
1;8;0.00;0.00;0;0;0
1;8;0.01;0.02;0;-1;0
1;9;0.00;0.00;0;0;0
1;7;0.00;0.00;0;0;0
1;10;0.00;0.00;0;0;0
1;15;-0.01;0.02;0;0;1
1;8;0.00;0.00;0;0;0
1;16;0.01;0.02;0;-1;0
1;5;0.00;0.00;0;0;0
1;11;0.00;0.00;0;0;0
1;13;0.00;0.00;0;0;0
1;5;-0.01;0.02;0;0;1
1;8;0.00;0.00;0;0;0
1;8;0.01;0.02;0;-1;0
1;7;0.00;0.00;0;0;0
1;16;0.00;0.00;0;0;0
1;9;0.00;0.00;0;0;0
1;7;0.00;0.00;0;0;0
1;7;-0.01;0.02;0;0;1
1;7;0.01;0.02;0;-1;0
1;13;0.00;0.00;0;0;0
1;8;0.00;0.00;0;0;0
1;8;0.00;0.00;0;0;0
1;8;0.00;0.00;0;0;0
1;13;-0.01;0.02;0;0;1
1;9;0.01;0.02;0;-1;0
1;11;0.00;0.00;0;0;0
1;12;0.00;0.00;0;0;0
1;9;0.00;0.00;0;0;0
1;8;-0.01;0.02;0;0;1
1;9;0.00;0.00;0;0;0
1;7;0.01;0.02;0;-1;0
1;9;0.00;0.00;0;0;0
1;7;0.00;0.00;0;0;0
1;9;0.00;0.00;0;0;0
1;8;0.00;0.00;0;0;0
1;8;-0.01;0.02;0;0;1
1;7;0.00;0.00;0;0;0
1;9;0.01;0.02;0;-1;0
1;10;0.00;0.00;0;0;0
1;7;0.00;0.00;0;0;0
1;8;0.00;0.00;0;0;0
1;8;0.00;0.00;0;0;0
1;13;0.00;0.04;0;-1;1
1;11;0.00;0.00;0;0;0
1;5;0.00;0.00;0;0;0
1;9;0.00;0.00;0;0;0
1;7;0.00;0.00;0;0;0
1;11;0.00;0.00;0;0;0
1;9;-0.01;0.02;-1;-1;0
1;11;-0.01;0.02;0;0;1
1;21;0.00;0.00;0;0;0
1;7;0.00;0.00;0;0;0
1;7;0.00;0.00;0;0;0
1;8;0.00;0.04;0;-1;1
1;8;0.00;0.00;0;0;0
1;9;0.00;0.00;0;0;0
1;7;-0.01;0.02;0;0;1
1;9;0.00;0.00;0;0;0
1;8;0.00;0.00;0;0;0
1;9;0.01;0.02;0;-1;0
1;7;-0.01;0.02;0;0;1
1;7;0.00;0.00;0;0;0
1;9;0.00;0.00;0;0;0
1;8;-0.01;0.02;0;0;1
1;9;0.00;0.00;0;0;0
1;8;0.01;0.02;0;-1;0
1;11;-0.01;0.02;0;0;1
1;12;-0.01;0.02;0;0;1
1;8;0.00;0.00;0;0;0
1;6;0.00;0.00;0;0;0
1;8;-0.01;0.02;0;0;1
1;8;0.01;0.02;0;-1;0
1;9;-0.01;0.02;0;0;1
1;11;0.00;0.00;0;0;0
1;8;-0.01;0.02;0;0;1
1;12;0.01;0.02;0;-1;0
1;5;-0.01;0.02;0;0;1
1;9;0.00;0.00;0;0;0
1;7;0.00;0.00;0;0;0
1;11;-0.01;0.02;0;0;1
1;6;0.00;0.00;0;0;0
1;12;0.00;0.04;0;-1;1
1;5;0.00;0.00;0;0;0
1;13;-0.01;0.02;0;0;1
1;8;0.00;0.00;0;0;0
1;7;-0.02;0.00;-1;0;0
1;18;-0.01;0.02;0;0;1
1;9;0.00;0.00;0;0;0
1;6;0.00;0.00;0;0;0
1;8;-0.01;0.02;0;0;1
1;8;0.00;0.00;0;0;0
1;9;0.00;0.00;0;0;0
1;16;-0.02;0.00;-1;0;0
1;8;0.00;0.00;0;0;0
1;14;0.00;0.00;0;0;0
1;18;-0.02;0.00;-1;0;0
1;6;0.00;0.00;0;0;0
1;7;-0.01;0.02;0;0;1
1;8;0.00;0.00;0;0;0
1;8;0.00;0.00;0;0;0
1;9;0.00;0.00;0;0;0
1;9;0.00;0.00;0;0;0
1;7;-0.02;0.00;-1;0;0
1;8;0.00;0.00;0;0;0
1;19;-0.01;0.02;0;0;1
1;6;0.00;0.00;0;0;0
1;12;0.00;0.00;0;0;0
1;8;0.00;0.00;0;0;0
1;11;-0.02;0.00;-1;0;0
1;7;0.00;0.00;0;0;0
1;9;-0.01;0.02;0;0;1
1;8;0.00;0.00;0;0;0
1;6;0.00;0.00;0;0;0
1;9;0.00;0.00;0;0;0
1;8;0.00;0.00;0;0;0
1;8;0.00;0.00;0;0;0
1;15;-0.02;0.04;-1;-1;1
1;5;0.00;0.00;0;0;0
1;10;0.00;0.00;0;0;0
1;7;0.00;0.00;0;0;0
1;8;0.00;0.00;0;0;0
1;7;0.00;0.00;0;0;0
1;12;-0.02;0.00;-1;0;0
1;6;-0.01;0.02;0;0;1
1;12;0.00;0.00;0;0;0
1;8;0.00;0.00;0;0;0
1;8;0.00;0.00;0;0;0
1;7;0.00;0.00;0;0;0
1;9;0.00;0.00;0;0;0
1;9;-0.01;0.02;0;0;1
1;8;-0.02;0.00;-1;0;0
1;8;0.00;0.00;0;0;0
1;8;0.00;0.00;0;0;0
1;9;0.00;0.00;0;0;0
1;8;0.00;0.00;0;0;0
1;9;0.00;0.00;0;0;0
1;7;-0.01;0.02;0;0;1
1;8;-0.02;0.00;-1;0;0
1;9;0.00;0.00;0;0;0
1;13;0.00;0.00;0;0;0
1;21;-0.01;0.02;0;0;1
1;17;0.00;0.00;0;0;0
1;6;-0.02;0.00;-1;0;0
1;7;0.00;0.00;0;0;0
1;8;0.00;0.00;0;0;0
1;9;-0.01;0.02;0;0;1
1;8;0.00;0.00;0;0;0
1;9;0.00;0.00;0;0;0
1;7;0.00;0.00;0;0;0
1;8;0.00;0.00;0;0;0
1;8;0.00;0.00;0;0;0
1;11;-0.01;0.02;0;0;1
1;8;0.00;0.00;0;0;0
1;7;0.00;0.00;0;0;0
1;7;0.00;0.00;0;0;0
1;9;0.01;0.02;0;-1;0
1;9;-0.02;0.00;-1;0;0
1;12;-0.01;0.02;0;0;1
1;8;0.00;0.00;0;0;0
1;8;0.00;0.00;0;0;0
1;9;0.00;0.00;0;0;0
1;8;0.01;0.02;0;-1;0
1;10;0.00;0.00;0;0;0
1;7;0.00;0.00;0;0;0
1;8;-0.01;0.02;0;0;1
1;7;0.00;0.00;0;0;0
1;8;0.00;0.00;0;0;0
1;8;0.00;0.00;0;0;0
1;8;0.01;0.02;0;-1;0
1;8;0.00;0.00;0;0;0
1;8;-0.01;0.02;0;0;1
1;9;0.00;0.00;0;0;0
1;9;0.00;0.00;0;0;0
1;8;0.00;0.00;0;0;0
1;7;-0.01;0.02;0;0;1
1;9;0.01;0.02;0;-1;0
1;9;0.00;0.00;0;0;0
1;13;0.00;0.00;0;0;0
1;7;0.00;0.00;0;0;0
1;8;-0.01;0.02;0;0;1
1;11;0.00;0.00;0;0;0
1;6;0.00;0.00;0;0;0
1;8;0.01;0.02;0;-1;0
1;7;0.00;0.00;0;0;0
1;9;0.00;0.00;0;0;0
1;7;0.00;0.00;0;0;0
1;11;-0.01;0.02;0;0;1
1;7;0.00;0.00;0;0;0
1;8;0.00;0.00;0;0;0
1;8;0.00;0.00;0;0;0
1;10;0.00;0.00;0;0;0
1;8;0.00;0.00;0;0;0
1;8;0.00;0.00;0;0;0
1;14;-0.01;0.02;0;0;1
1;5;0.00;0.00;0;0;0
1;7;0.00;0.00;0;0;0
1;12;0.00;0.00;0;0;0
1;6;0.00;0.00;0;0;0
1;8;-0.01;0.02;0;0;1
1;8;0.00;0.00;0;0;0
1;10;0.00;0.00;0;0;0
1;7;0.00;0.00;0;0;0
1;15;0.00;0.00;0;0;0
1;12;0.00;0.00;0;0;0
1;5;-0.01;0.02;0;0;1
1;9;0.00;0.00;0;0;0
1;7;0.00;0.00;0;0;0
1;8;0.01;0.02;0;-1;0
1;22;-0.01;0.02;0;0;1
1;8;-0.01;0.02;0;0;1
1;7;0.00;0.00;0;0;0
1;8;-0.01;0.02;0;0;1
1;13;0.00;0.04;0;-1;1
1;9;0.00;0.00;0;0;0
1;8;-0.01;0.02;0;0;1
1;9;0.00;0.00;0;0;0
1;10;-0.01;0.02;0;0;1
1;6;-0.01;0.02;0;0;1
1;7;0.00;0.00;0;0;0
1;15;0.00;0.04;0;-1;1
1;6;-0.01;0.02;0;0;1
1;8;0.00;0.00;0;0;0
1;8;-0.01;0.02;0;0;1
1;16;-0.01;0.02;0;0;1
1;19;0.00;0.04;0;-1;1
1;7;-0.01;0.02;0;0;1
1;11;0.00;0.00;0;0;0
1;14;-0.01;0.02;0;0;1
1;7;0.00;0.00;0;0;0
1;13;-0.01;0.02;-1;-1;0
1;7;-0.01;0.02;0;0;1
1;8;0.00;0.00;0;0;0
1;8;0.00;0.00;0;0;0
1;9;0.00;0.00;0;0;0
1;8;0.00;0.00;0;0;0
1;11;0.00;0.00;0;0;0
1;6;-0.01;0.02;0;0;1
1;8;0.00;0.00;0;0;0
1;16;0.00;0.00;0;0;0
1;16;0.00;0.00;0;0;0
1;10;0.00;0.00;0;0;0
1;7;0.00;0.00;0;0;0
1;13;0.00;0.00;0;0;0
1;8;0.00;0.00;0;0;0
1;8;-0.01;0.02;0;0;1
1;9;0.00;0.00;0;0;0
1;10;0.00;0.00;0;0;0
1;5;0.00;0.00;0;0;0
1;7;0.00;0.00;0;0;0
1;11;0.00;0.00;0;0;0
1;9;0.00;0.00;0;0;0
1;6;0.00;0.00;0;0;0
1;11;-0.01;0.02;0;0;1
1;5;0.00;0.00;0;0;0
1;11;0.00;0.00;0;0;0
1;6;0.00;0.00;0;0;0
1;8;0.01;0.02;0;-1;0
1;8;0.00;0.00;0;0;0
1;10;-0.01;0.02;0;0;1
1;8;0.00;0.00;0;0;0
1;20;0.00;0.00;0;0;0
1;7;0.00;0.00;0;0;0
1;8;0.01;0.02;0;-1;0
1;8;0.00;0.00;0;0;0
1;8;-0.01;0.02;0;0;1
1;8;0.00;0.00;0;0;0
1;10;0.00;0.00;0;0;0
1;7;0.00;0.00;0;0;0
1;8;0.01;0.02;0;-1;0
1;8;0.00;0.00;0;0;0
1;12;-0.01;0.02;0;0;1
1;5;0.00;0.00;0;0;0
1;8;0.00;0.00;0;0;0
1;9;0.00;0.00;0;0;0
1;8;0.00;0.00;0;0;0
1;8;0.01;0.02;0;-1;0
1;7;-0.01;0.02;0;0;1
1;8;0.00;0.00;0;0;0
1;15;0.00;0.00;0;0;0
1;7;0.00;0.00;0;0;0
1;8;0.00;0.00;0;0;0
1;8;0.00;0.00;0;0;0
1;7;0.01;0.02;0;-1;0
1;9;-0.01;0.02;0;0;1
1;9;0.00;0.00;0;0;0
1;8;0.00;0.00;0;0;0
1;8;0.00;0.00;0;0;0
1;7;0.00;0.00;0;0;0
1;8;0.00;0.00;0;0;0
1;9;0.00;0.04;0;-1;1
1;8;0.00;0.00;0;0;0
1;13;0.00;0.00;0;0;0
1;8;0.00;0.00;0;0;0
1;9;0.00;0.00;0;0;0
1;7;0.00;0.00;0;0;0
1;8;0.01;0.02;0;-1;0
1;8;-0.01;0.02;0;0;1
1;13;0.00;0.00;0;0;0
1;9;0.00;0.00;0;0;0
1;7;0.00;0.00;0;0;0
1;10;0.00;0.00;0;0;0
1;8;-0.01;0.02;0;0;1
1;8;0.01;0.02;0;-1;0
1;17;0.00;0.00;0;0;0
1;7;0.00;0.00;0;0;0
1;11;0.00;0.00;0;0;0
1;19;-0.01;0.02;0;0;1
1;12;0.01;0.02;0;-1;0
1;7;0.00;0.00;0;0;0
1;8;0.00;0.00;0;0;0
1;7;0.00;0.00;0;0;0
1;12;0.00;0.00;0;0;0
1;6;0.00;0.00;0;0;0
1;8;-0.01;0.02;0;0;1
1;8;0.01;0.02;0;-1;0
1;7;0.00;0.00;0;0;0
1;9;0.00;0.00;0;0;0
1;9;0.00;0.00;0;0;0
1;8;0.00;0.00;0;0;0
1;7;-0.01;0.02;0;0;1
1;8;0.00;0.00;0;0;0
1;9;0.01;0.02;0;-1;0
1;8;0.00;0.00;0;0;0
1;8;0.00;0.00;0;0;0
1;8;0.00;0.00;0;0;0
1;8;0.00;0.00;0;0;0
1;9;0.00;0.00;0;0;0
1;8;-0.01;0.02;0;0;1
1;11;0.00;0.00;0;0;0
1;10;0.01;0.02;0;-1;0
1;9;0.00;0.00;0;0;0
1;8;0.00;0.00;0;0;0
1;7;0.00;0.00;0;0;0
1;9;-0.01;0.02;0;0;1
1;8;0.00;0.00;0;0;0
1;8;0.00;0.00;0;0;0
1;8;0.01;0.02;0;-1;0
1;8;0.00;0.00;0;0;0
1;8;0.00;0.00;0;0;0
1;8;0.00;0.00;0;0;0
1;8;0.00;0.00;0;0;0
1;12;-0.01;0.02;0;0;1
1;6;0.00;0.00;0;0;0
1;8;0.00;0.00;0;0;0
1;7;0.01;0.02;0;-1;0
1;15;0.00;0.00;0;0;0
1;8;0.00;0.00;0;0;0
1;7;-0.01;0.02;0;0;1
1;11;0.00;0.00;0;0;0
1;8;0.00;0.00;0;0;0
1;8;0.00;0.00;0;0;0
1;16;0.01;0.02;0;-1;0
1;5;0.00;0.00;0;0;0
1;8;-0.01;0.02;0;0;1
1;7;0.00;0.00;0;0;0
1;8;0.00;0.00;0;0;0
1;9;-0.01;0.02;0;0;1
1;18;0.01;0.02;0;-1;0
1;7;-0.01;0.02;0;0;1
1;7;0.00;0.00;0;0;0
1;10;0.00;0.00;0;0;0
1;10;-0.01;0.02;0;0;1
1;6;0.00;0.00;0;0;0
1;9;-0.01;0.02;0;0;1
1;17;0.00;0.04;0;-1;1
1;6;0.00;0.00;0;0;0
1;8;-0.01;0.02;0;0;1
1;9;0.00;0.00;0;0;0
1;7;0.00;0.00;0;0;0
1;10;0.00;0.00;0;0;0
1;8;0.00;0.04;0;-1;1
1;9;0.00;0.00;0;0;0
1;12;-0.01;0.02;0;0;1
1;12;0.00;0.00;0;0;0
1;8;0.01;0.02;0;-1;0
1;7;0.00;0.00;0;0;0
1;8;-0.01;0.02;0;0;1
1;13;0.00;0.00;0;0;0
1;8;0.00;0.00;0;0;0
1;9;0.00;0.00;0;0;0
1;10;0.00;0.00;0;0;0
1;10;-0.01;0.02;0;0;1
1;11;0.01;0.02;0;-1;0
1;6;0.00;0.00;0;0;0
1;10;0.00;0.00;0;0;0
1;9;0.00;0.00;0;0;0
1;5;0.00;0.00;0;0;0
1;7;0.00;0.00;0;0;0
1;14;0.00;0.00;0;0;0
1;16;0.01;0.02;0;-1;0
1;7;-0.01;0.02;0;0;1
1;13;0.00;0.00;0;0;0
1;6;0.00;0.00;0;0;0
1;23;0.00;0.00;0;0;0
1;8;0.01;0.02;0;-1;0
1;8;-0.01;0.02;0;0;1
1;8;0.00;0.00;0;0;0
1;9;0.00;0.00;0;0;0
1;9;0.00;0.00;0;0;0
1;10;0.00;0.00;0;0;0
1;11;-0.01;0.02;0;0;1
1;7;0.01;0.02;0;-1;0
1;9;0.00;0.00;0;0;0
1;19;0.00;0.00;0;0;0
1;11;0.00;0.00;0;0;0
1;6;-0.01;0.02;0;0;1
1;7;0.00;0.00;0;0;0
1;8;0.01;0.02;0;-1;0
1;12;0.00;0.00;0;0;0
1;7;0.00;0.00;0;0;0
1;7;0.00;0.00;0;0;0
1;8;0.00;0.00;0;0;0
1;7;0.00;0.00;0;0;0
1;8;-0.01;0.02;0;0;1
1;9;0.01;0.02;0;-1;0
1;11;0.00;0.00;0;0;0
1;10;0.00;0.00;0;0;0
1;7;0.00;0.00;0;0;0
1;9;0.00;0.00;0;0;0
1;9;0.00;0.00;0;0;0
1;8;0.01;0.02;0;-1;0
1;14;-0.01;0.02;0;0;1
1;6;0.00;0.00;0;0;0
1;13;-0.01;0.02;0;0;1
1;8;0.00;0.00;0;0;0
1;8;0.00;0.00;0;0;0
1;9;-0.01;0.02;0;0;1
1;9;0.01;0.02;0;-1;0
1;9;-0.01;0.02;0;0;1
1;12;-0.01;0.02;0;0;1
1;6;0.00;0.00;0;0;0
1;7;-0.01;0.02;0;0;1
1;8;0.00;0.00;0;0;0
1;9;-0.01;0.02;0;0;1
1;8;0.00;0.00;0;0;0
1;8;0.00;0.04;0;-1;1
1;8;0.00;0.00;0;0;0
1;8;-0.01;0.02;0;0;1
1;9;0.00;0.00;0;0;0
1;8;-0.01;0.02;0;0;1
1;9;0.01;0.02;0;-1;0
1;7;0.00;0.00;0;0;0
1;8;-0.01;0.02;0;0;1
1;9;0.00;0.00;0;0;0
1;8;0.00;0.00;0;0;0
1;8;-0.01;0.02;0;0;1
1;8;0.01;0.02;0;-1;0
1;8;0.00;0.00;0;0;0
1;9;0.00;0.00;0;0;0
1;8;0.00;0.00;0;0;0
1;8;0.00;0.00;0;0;0
1;8;0.01;0.02;0;-1;0
1;8;0.00;0.00;0;0;0
1;9;-0.01;0.02;0;0;1
1;8;0.00;0.00;0;0;0
1;8;0.00;0.00;0;0;0
1;8;0.00;0.00;0;0;0
1;8;0.00;0.00;0;0;0
1;8;0.00;0.00;0;0;0
1;9;0.00;0.00;0;0;0
1;8;0.00;0.00;0;0;0
1;8;0.01;0.02;0;-1;0
1;8;0.00;0.00;0;0;0
1;8;0.00;0.00;0;0;0
1;9;-0.01;0.02;0;0;1
1;9;0.00;0.00;0;0;0
1;8;0.00;0.00;0;0;0
1;7;0.00;0.00;0;0;0
1;8;0.00;0.00;0;0;0
1;9;0.01;0.02;0;-1;0
1;8;-0.01;0.02;0;0;1
1;8;0.00;0.00;0;0;0
1;11;0.00;0.00;0;0;0
1;6;0.00;0.00;0;0;0
1;13;0.00;0.00;0;0;0
1;7;0.01;0.02;0;-1;0
1;8;-0.01;0.02;0;0;1
1;9;0.00;0.00;0;0;0
1;10;0.00;0.00;0;0;0
1;8;0.00;0.00;0;0;0
1;7;0.00;0.00;0;0;0
1;7;0.01;0.02;0;-1;0
1;12;-0.01;0.02;0;0;1
1;8;0.00;0.00;0;0;0
1;9;0.00;0.00;0;0;0
1;11;0.00;0.00;0;0;0
1;6;0.00;0.00;0;0;0
1;7;0.00;0.04;0;-1;1
1;8;0.00;0.00;0;0;0
1;9;0.00;0.00;0;0;0
1;8;0.00;0.00;0;0;0
1;15;0.00;0.00;0;0;0
1;15;0.00;0.04;0;-1;1
1;7;0.00;0.00;0;0;0
1;12;0.00;0.00;0;0;0
1;7;0.00;0.00;0;0;0
1;8;0.00;0.00;0;0;0
1;11;-0.01;0.02;0;0;1
1;7;0.01;0.02;0;-1;0
1;7;0.00;0.00;0;0;0
1;9;0.00;0.00;0;0;0
1;8;0.00;0.00;0;0;0
1;9;0.00;0.00;0;0;0
1;11;-0.01;0.02;0;0;1
1;10;0.01;0.02;0;-1;0
1;10;0.00;0.00;0;0;0
1;16;0.00;0.00;0;0;0
1;8;0.00;0.00;0;0;0
1;6;-0.01;0.02;0;0;1
1;7;0.01;0.02;0;-1;0
1;13;0.00;0.00;0;0;0
1;9;0.00;0.00;0;0;0
1;7;0.00;0.00;0;0;0
1;8;0.00;0.00;0;0;0
1;15;0.00;0.04;0;-1;1
1;6;0.00;0.00;0;0;0
1;8;0.00;0.00;0;0;0
1;8;0.00;0.00;0;0;0
1;11;0.00;0.00;0;0;0
1;6;0.00;0.00;0;0;0
1;8;-0.01;0.02;0;0;1
1;8;0.01;0.02;0;-1;0
1;12;0.00;0.00;0;0;0
1;8;0.00;0.00;0;0;0
1;8;0.00;0.00;0;0;0
1;10;-0.01;0.02;0;0;1
1;7;0.00;0.00;0;0;0
1;24;0.01;0.02;0;-1;0
1;8;0.00;0.00;0;0;0
1;16;-0.01;0.02;0;0;1
1;6;0.01;0.02;0;-1;0
1;8;0.00;0.00;0;0;0
1;14;0.00;0.00;0;0;0
1;12;0.00;0.00;0;0;0
1;10;0.00;0.00;0;0;0
1;16;0.00;0.04;0;-1;1
1;5;0.00;0.00;0;0;0
1;9;0.00;0.00;0;0;0
1;8;0.00;0.00;0;0;0
1;8;0.00;0.00;0;0;0
1;7;-0.01;0.02;0;0;1
1;8;0.00;0.00;0;0;0
1;9;0.00;0.00;0;0;0
1;8;0.01;0.02;0;-1;0
1;8;0.00;0.00;0;0;0
1;8;0.00;0.00;0;0;0
1;8;0.00;0.00;0;0;0
1;9;-0.01;0.02;0;0;1
1;8;0.00;0.00;0;0;0
1;8;0.01;0.02;0;-1;0
1;8;0.00;0.00;0;0;0
1;8;0.00;0.00;0;0;0
1;14;0.00;0.00;0;0;0
1;8;-0.01;0.02;0;0;1
1;7;0.00;0.00;0;0;0
1;9;0.01;0.02;0;-1;0
1;7;0.00;0.00;0;0;0
1;9;0.00;0.00;0;0;0
1;8;-0.01;0.02;0;0;1
1;8;0.00;0.00;0;0;0
1;8;0.00;0.00;0;0;0
1;8;0.00;0.04;0;-1;1
1;11;0.00;0.00;0;0;0
1;7;-0.01;0.02;0;0;1
1;8;0.00;0.00;0;0;0
1;8;-0.01;0.02;0;0;1
1;7;0.00;0.00;0;0;0
1;9;-0.01;0.02;0;0;1
1;8;-0.01;0.02;0;0;1
1;8;0.00;0.00;0;0;0
1;8;0.00;0.04;0;-1;1
1;8;0.00;0.00;0;0;0
1;13;-0.01;0.02;0;0;1
1;8;0.00;0.00;0;0;0
1;12;0.00;0.04;0;-1;1
1;6;0.00;0.00;0;0;0
1;6;0.00;0.00;0;0;0
1;9;0.00;0.00;0;0;0
1;8;0.00;0.04;0;-1;1
1;8;0.00;0.00;0;0;0
1;8;0.00;0.00;0;0;0
1;8;0.00;0.00;0;0;0
1;8;0.00;0.00;0;0;0
1;9;0.01;0.02;0;-1;0
1;8;-0.01;0.02;0;0;1
1;8;0.00;0.00;0;0;0
1;8;0.00;0.00;0;0;0
1;8;0.00;0.00;0;0;0
1;9;0.00;0.00;0;0;0
1;8;0.00;0.00;0;0;0
1;8;0.00;0.00;0;0;0
1;8;0.01;0.02;0;-1;0
1;8;-0.01;0.02;0;0;1
1;9;0.00;0.00;0;0;0
1;8;0.00;0.00;0;0;0
1;8;0.00;0.00;0;0;0
1;8;0.00;0.00;0;0;0
1;8;0.00;0.00;0;0;0
1;9;0.00;0.00;0;0;0
1;8;0.01;0.02;0;-1;0
1;8;-0.01;0.02;0;0;1
1;8;0.00;0.00;0;0;0
1;8;0.00;0.00;0;0;0
1;9;0.00;0.00;0;0;0
1;8;0.00;0.00;0;0;0
1;8;0.01;0.02;0;-1;0
1;8;0.00;0.00;0;0;0
1;8;-0.01;0.02;0;0;1
1;8;0.00;0.00;0;0;0
1;9;0.00;0.00;0;0;0
1;8;0.00;0.00;0;0;0
1;8;0.01;0.02;0;-1;0
1;8;0.00;0.00;0;0;0
1;9;-0.01;0.02;0;0;1
1;8;0.00;0.00;0;0;0
1;9;0.00;0.00;0;0;0
1;7;0.00;0.00;0;0;0
1;10;0.01;0.02;0;-1;0
1;7;0.00;0.00;0;0;0
1;10;-0.01;0.02;0;0;1
1;9;0.00;0.00;0;0;0
1;9;0.00;0.00;0;0;0
1;8;0.00;0.00;0;0;0
1;8;0.01;0.02;0;-1;0
1;9;0.00;0.00;0;0;0
1;8;-0.01;0.02;0;0;1
1;8;0.00;0.00;0;0;0
1;12;0.00;0.00;0;0;0
1;5;0.00;0.00;0;0;0
1;8;0.00;0.00;0;0;0
1;10;0.01;0.02;0;-1;0
1;7;0.00;0.00;0;0;0
1;7;-0.01;0.02;0;0;1
1;8;0.00;0.00;0;0;0
1;9;0.00;0.00;0;0;0
1;11;0.01;0.02;0;-1;0
1;8;0.00;0.00;0;0;0
1;6;0.00;0.00;0;0;0
1;7;0.00;0.00;0;0;0
1;9;-0.01;0.02;0;0;1
1;8;0.00;0.00;0;0;0
1;9;0.01;0.02;0;-1;0
1;7;0.00;0.00;0;0;0
1;9;0.00;0.00;0;0;0
1;7;0.00;0.00;0;0;0
1;10;0.00;0.00;0;0;0
1;7;-0.01;0.02;0;0;1
1;9;0.00;0.00;0;0;0
1;7;0.01;0.02;0;-1;0
1;15;0.00;0.00;0;0;0
1;6;0.00;0.00;0;0;0
1;8;0.00;0.00;0;0;0
1;15;-0.01;0.02;0;0;1
1;12;0.01;0.02;0;-1;0
1;6;0.00;0.00;0;0;0
1;8;0.00;0.00;0;0;0
1;12;-0.01;0.02;0;0;1
1;8;0.00;0.00;0;0;0
1;13;0.01;0.02;0;-1;0
1;8;0.00;0.00;0;0;0
1;8;0.00;0.00;0;0;0
1;11;0.00;0.00;0;0;0
1;6;0.00;0.00;0;0;0
1;11;-0.01;0.02;0;0;1
1;5;0.00;0.00;0;0;0
1;25;0.01;0.02;0;-1;0
1;8;0.00;0.00;0;0;0
1;8;0.00;0.00;0;0;0
1;8;0.00;0.00;0;0;0
1;11;0.00;0.04;0;-1;1
1;6;0.00;0.00;0;0;0
1;9;0.00;0.00;0;0;0
1;8;0.00;0.00;0;0;0
1;9;0.00;0.00;0;0;0
1;6;0.00;0.00;0;0;0
1;9;-0.01;0.02;0;0;1
1;7;0.01;0.02;0;-1;0
1;11;0.00;0.00;0;0;0
1;7;0.00;0.00;0;0;0
1;9;0.00;0.00;0;0;0
1;14;0.00;0.00;0;0;0
1;9;0.00;0.04;0;-1;1
1;8;0.00;0.00;0;0;0
1;8;0.00;0.00;0;0;0
1;8;0.00;0.00;0;0;0
1;8;0.00;0.00;0;0;0
1;9;0.00;0.00;0;0;0
1;8;0.01;0.02;0;-1;0
1;8;0.00;0.00;0;0;0
1;9;-0.01;0.02;0;0;1
1;7;0.00;0.00;0;0;0
1;9;0.00;0.00;0;0;0
1;8;0.00;0.00;0;0;0
1;10;0.01;0.02;0;-1;0
1;6;0.00;0.00;0;0;0
1;8;0.00;0.00;0;0;0
1;9;0.00;0.00;0;0;0
1;8;-0.01;0.02;0;0;1
1;8;0.00;0.00;0;0;0
1;8;0.00;0.00;0;0;0
1;9;0.01;0.02;0;-1;0
1;7;0.00;0.00;0;0;0
1;9;0.00;0.00;0;0;0
1;8;0.00;0.00;0;0;0
1;8;-0.01;0.02;0;0;1
1;8;0.00;0.00;0;0;0
1;8;0.00;0.00;0;0;0
1;9;-0.01;0.02;0;0;1
1;8;0.01;0.02;0;-1;0
1;12;-0.01;0.02;0;0;1
1;8;0.00;0.00;0;0;0
1;9;-0.01;0.02;0;0;1
1;10;0.00;0.00;0;0;0
1;8;0.00;0.00;0;0;0
1;6;-0.01;0.02;0;0;1
1;9;0.01;0.02;0;-1;0
1;15;-0.01;0.02;0;0;1
1;6;0.00;0.00;0;0;0
1;10;-0.01;0.02;0;0;1
1;17;0.00;0.04;0;-1;1
1;13;0.00;0.00;0;0;0
1;8;-0.01;0.02;0;0;1
1;8;0.00;0.00;0;0;0
1;8;0.01;0.02;0;-1;0
1;8;-0.01;0.02;0;0;1
1;25;0.00;0.00;0;0;0
1;9;0.00;0.00;0;0;0
1;7;0.00;0.04;0;-1;1
1;11;0.00;0.00;0;0;0
1;7;0.00;0.00;0;0;0
1;7;0.00;0.00;0;0;0
1;8;0.00;0.00;0;0;0
1;8;0.00;0.00;0;0;0
1;9;0.00;0.00;0;0;0
1;8;0.01;0.02;0;-1;0
1;8;0.00;0.00;0;0;0
1;8;0.00;0.00;0;0;0
1;11;0.00;0.00;0;0;0
1;6;-0.01;0.02;0;0;1
1;8;0.00;0.00;0;0;0
1;8;0.00;0.00;0;0;0
1;8;0.00;0.00;0;0;0
1;8;0.00;0.00;0;0;0
1;9;0.01;0.02;0;-1;0
1;15;0.00;0.00;0;0;0
1;6;0.00;0.00;0;0;0
1;7;-0.01;0.02;0;0;1
1;8;0.00;0.00;0;0;0
1;11;0.00;0.00;0;0;0
1;7;0.00;0.00;0;0;0
1;8;0.01;0.02;0;-1;0
1;7;0.00;0.00;0;0;0
1;16;-0.01;0.02;0;0;1
1;6;0.00;0.00;0;0;0
1;7;0.00;0.00;0;0;0
1;8;0.00;0.00;0;0;0
1;11;0.01;0.02;0;-1;0
1;5;-0.01;0.02;0;0;1
1;9;0.00;0.00;0;0;0
1;8;0.00;0.00;0;0;0
1;10;0.00;0.00;0;0;0
1;6;0.00;0.00;0;0;0
1;8;0.00;0.00;0;0;0
1;10;0.01;0.02;0;-1;0
1;7;-0.01;0.02;0;0;1
1;8;0.00;0.00;0;0;0
1;12;0.00;0.00;0;0;0
1;8;0.00;0.00;0;0;0
1;9;0.00;0.00;0;0;0
1;8;0.01;0.02;0;-1;0
1;8;0.00;0.00;0;0;0
1;15;-0.01;0.02;0;0;1
1;9;0.00;0.00;0;0;0
1;6;0.00;0.00;0;0;0
1;7;0.00;0.00;0;0;0
1;10;0.00;0.00;0;0;0
1;6;0.01;0.02;0;-1;0
1;9;-0.01;0.02;0;0;1
1;8;0.00;0.00;0;0;0
1;9;0.00;0.00;0;0;0
1;7;0.00;0.00;0;0;0
1;8;0.00;0.00;0;0;0
1;8;0.00;0.00;0;0;0
1;11;-0.01;0.02;0;0;1
1;7;0.00;0.00;0;0;0
1;9;0.01;0.02;0;-1;0
1;6;0.00;0.00;0;0;0
1;9;0.00;0.00;0;0;0
1;8;-0.01;0.02;0;0;1
1;8;0.00;0.00;0;0;0
1;8;0.00;0.00;0;0;0
1;8;0.00;0.00;0;0;0
1;11;0.01;0.02;0;-1;0
1;5;0.00;0.00;0;0;0
1;9;0.00;0.00;0;0;0
1;14;0.00;0.00;0;0;0
1;8;-0.01;0.02;0;0;1
1;10;0.00;0.00;0;0;0
1;5;0.00;0.00;0;0;0
1;12;0.01;0.02;0;-1;0
1;4;0.00;0.00;0;0;0
1;14;0.00;0.00;0;0;0
1;13;-0.01;0.02;0;0;1
1;6;0.00;0.00;0;0;0
1;8;0.00;0.00;0;0;0
1;8;0.00;0.00;0;0;0
1;13;0.01;0.02;0;-1;0
1;8;-0.01;0.02;0;0;1
1;8;0.00;0.00;0;0;0
1;8;0.00;0.00;0;0;0
1;8;0.00;0.00;0;0;0
1;8;0.00;0.00;0;0;0
1;9;0.01;0.02;0;-1;0
1;8;-0.01;0.02;0;0;1
1;8;0.00;0.00;0;0;0
1;8;0.00;0.00;0;0;0
1;8;0.00;0.00;0;0;0
1;8;0.00;0.00;0;0;0
1;9;-0.01;0.02;0;0;1
1;8;0.01;0.02;0;-1;0
1;8;0.00;0.00;0;0;0
1;8;0.00;0.00;0;0;0
1;8;0.00;0.00;0;0;0
1;10;0.00;0.00;0;0;0
1;7;0.00;0.00;0;0;0
1;8;-0.01;0.02;0;0;1
1;8;0.01;0.02;0;-1;0
1;8;0.00;0.00;0;0;0
1;9;0.00;0.00;0;0;0
1;8;0.00;0.00;0;0;0
1;8;0.00;0.00;0;0;0
1;8;-0.01;0.02;0;0;1
1;8;0.00;0.00;0;0;0
1;10;0.01;0.02;0;-1;0
1;7;0.00;0.00;0;0;0
1;9;0.00;0.00;0;0;0
1;8;0.00;0.00;0;0;0
1;7;-0.01;0.02;0;0;1
1;9;0.00;0.00;0;0;0
1;11;0.00;0.00;0;0;0
1;9;0.01;0.02;0;-1;0
1;20;-0.01;0.02;0;0;1
1;10;0.00;0.00;0;0;0
1;7;0.00;0.00;0;0;0
1;13;0.00;0.00;0;0;0
1;7;0.01;0.02;0;-1;0
1;11;0.00;0.00;0;0;0
1;22;-0.01;0.02;0;0;1
1;8;0.00;0.00;0;0;0
1;8;0.00;0.00;0;0;0
1;12;0.01;0.02;0;-1;0
1;5;0.00;0.00;0;0;0
1;8;-0.01;0.02;0;0;1
1;8;0.00;0.00;0;0;0
1;12;0.00;0.00;0;0;0
1;5;0.00;0.00;0;0;0
1;8;0.00;0.00;0;0;0
1;8;0.00;0.00;0;0;0
1;12;0.00;0.04;0;-1;1
1;9;0.00;0.00;0;0;0
1;10;0.00;0.00;0;0;0
1;20;-0.01;0.02;0;0;1
1;7;0.01;0.02;0;-1;0
1;8;0.00;0.00;0;0;0
1;8;0.00;0.00;0;0;0
1;8;0.00;0.00;0;0;0
1;8;0.00;0.00;0;0;0
1;8;-0.01;0.02;0;0;1
1;10;0.00;0.00;0;0;0
1;7;0.00;0.00;0;0;0
1;8;0.01;0.02;0;-1;0
1;8;0.00;0.00;0;0;0
1;12;0.00;0.00;0;0;0
1;13;-0.01;0.02;0;0;1
1;8;0.00;0.00;0;0;0
1;8;0.00;0.00;0;0;0
1;8;0.01;0.02;0;-1;0
1;8;0.00;0.00;0;0;0
1;9;0.00;0.00;0;0;0
1;8;-0.01;0.02;0;0;1
1;8;0.00;0.00;0;0;0
1;8;0.00;0.00;0;0;0
1;8;0.00;0.00;0;0;0
1;9;0.01;0.02;0;-1;0
1;9;0.00;0.00;0;0;0
1;7;0.00;0.00;0;0;0
1;9;-0.01;0.02;0;0;1
1;7;0.00;0.00;0;0;0
1;11;0.00;0.00;0;0;0
1;6;0.00;0.00;0;0;0
1;8;0.01;0.02;0;-1;0
1;8;-0.01;0.02;0;0;1
1;8;0.00;0.00;0;0;0
1;9;0.00;0.00;0;0;0
1;8;0.00;0.00;0;0;0
1;11;0.00;0.00;0;0;0
1;5;0.00;0.00;0;0;0
1;8;0.00;0.00;0;0;0
1;8;0.00;0.04;0;-1;1
1;9;0.00;0.00;0;0;0
1;8;0.00;0.00;0;0;0
1;11;0.00;0.00;0;0;0
1;10;0.00;0.00;0;0;0
1;8;-0.01;0.02;0;0;1
1;8;0.00;0.00;0;0;0
1;8;0.00;0.00;0;0;0
1;8;0.00;0.00;0;0;0
1;8;0.01;0.02;0;-1;0
1;8;0.00;0.00;0;0;0
1;17;-0.01;0.02;0;0;1
1;21;0.00;0.00;0;0;0
1;10;0.01;0.02;0;-1;0
1;7;0.00;0.00;0;0;0
1;8;0.00;0.00;0;0;0
1;7;-0.01;0.02;0;0;1
1;8;0.00;0.00;0;0;0
1;9;0.00;0.00;0;0;0
1;10;0.01;0.02;0;-1;0
1;9;0.00;0.00;0;0;0
1;6;0.00;0.00;0;0;0
1;7;-0.01;0.02;0;0;1
1;8;0.00;0.00;0;0;0
1;11;0.00;0.00;0;0;0
1;6;0.00;0.00;0;0;0
1;8;0.01;0.02;0;-1;0
1;8;0.00;0.00;0;0;0
1;10;0.00;0.00;0;0;0
1;7;-0.01;0.02;0;0;1
1;8;0.00;0.00;0;0;0
1;8;0.00;0.00;0;0;0
1;8;0.00;0.00;0;0;0
1;8;0.01;0.02;0;-1;0
1;9;0.00;0.00;0;0;0
1;8;-0.01;0.02;0;0;1
1;8;0.00;0.00;0;0;0
1;8;0.00;0.00;0;0;0
1;8;0.00;0.00;0;0;0
1;9;0.00;0.00;0;0;0
1;8;0.00;0.04;0;-1;1
1;8;0.00;0.00;0;0;0
1;8;0.00;0.00;0;0;0
1;13;0.00;0.00;0;0;0
1;8;0.00;0.00;0;0;0
1;8;0.00;0.00;0;0;0
1;8;0.00;0.04;0;-1;1
1;9;0.00;0.00;0;0;0
1;18;0.00;0.00;0;0;0
1;13;0.01;0.02;0;-1;0
1;6;0.00;0.00;0;0;0
1;7;-0.01;0.02;0;0;1
1;8;0.00;0.00;0;0;0
1;9;0.00;0.00;0;0;0
1;8;0.00;0.00;0;0;0
1;8;0.00;0.00;0;0;0
1;8;0.01;0.02;0;-1;0
1;8;0.00;0.00;0;0;0
1;9;-0.01;0.02;0;0;1
1;8;0.00;0.00;0;0;0
1;8;0.00;0.00;0;0;0
1;8;0.00;0.00;0;0;0
1;8;0.00;0.00;0;0;0
1;9;0.00;0.00;0;0;0
1;8;0.00;0.04;0;-1;1
1;9;0.00;0.00;0;0;0
1;7;0.00;0.00;0;0;0
1;8;0.00;0.00;0;0;0
1;8;0.00;0.00;0;0;0
1;9;0.00;0.00;0;0;0
1;8;0.01;0.02;0;-1;0
1;8;0.00;0.00;0;0;0
1;8;0.00;0.00;0;0;0
1;8;0.00;0.00;0;0;0
1;9;0.00;0.00;0;0;0
1;8;0.01;0.02;0;-1;0
1;8;0.00;0.00;0;0;0
1;8;0.00;0.00;0;0;0
1;8;0.00;0.00;0;0;0
1;9;0.00;0.00;0;0;0
1;8;0.01;0.02;0;-1;0
1;8;0.00;0.00;0;0;0
1;8;0.00;0.00;0;0;0
1;8;0.00;0.00;0;0;0
1;9;0.00;0.00;0;0;0
1;8;0.00;0.00;0;0;0
1;10;0.00;0.00;0;0;0
1;6;0.00;0.00;0;0;0
1;8;0.01;0.02;0;-1;0
1;12;0.00;0.00;0;0;0
1;16;0.00;0.00;0;0;0
1;5;0.00;0.00;0;0;0
1;8;0.00;0.00;0;0;0
1;8;0.00;0.00;0;0;0
1;9;0.01;0.02;0;-1;0
1;13;0.00;0.00;0;0;0
1;8;0.00;0.00;0;0;0
1;8;0.00;0.00;0;0;0
1;11;0.00;0.00;0;0;0
1;8;0.01;0.02;0;-1;0
1;6;0.00;0.00;0;0;0
1;8;0.00;0.00;0;0;0
1;8;0.00;0.00;0;0;0
1;9;0.00;0.00;0;0;0
1;7;0.01;0.02;0;-1;0
1;18;0.00;0.00;0;0;0
1;7;0.00;0.00;0;0;0
1;7;0.00;0.00;0;0;0
1;9;0.00;0.00;0;0;0
1;8;0.00;0.00;0;0;0
1;8;0.01;0.02;0;-1;0
1;8;0.00;0.00;0;0;0
1;8;0.00;0.00;0;0;0
1;9;0.00;0.00;0;0;0
1;8;0.00;0.00;0;0;0
1;8;0.00;0.00;0;0;0
1;8;0.01;0.02;0;-1;0
1;9;0.00;0.00;0;0;0
1;8;0.00;0.00;0;0;0
1;8;0.00;0.00;0;0;0
1;12;0.00;0.00;0;0;0
1;11;0.01;0.02;0;-1;0
1;5;0.00;0.00;0;0;0
1;9;0.00;0.00;0;0;0
1;9;0.00;0.00;0;0;0
1;7;0.00;0.00;0;0;0
1;9;0.00;0.00;0;0;0
1;7;0.00;0.00;0;0;0
1;15;0.00;0.00;0;0;0
1;7;0.00;0.00;0;0;0
1;7;-0.01;0.02;0;0;1
1;8;0.00;0.00;0;0;0
1;13;0.00;0.00;0;0;0
1;9;0.00;0.00;0;0;0
1;7;0.00;0.00;0;0;0
1;16;0.00;0.00;0;0;0
1;9;0.00;0.00;0;0;0
1;8;0.00;0.00;0;0;0
1;8;0.00;0.00;0;0;0
1;8;0.00;0.00;0;0;0
1;8;0.00;0.00;0;0;0
1;8;0.00;0.00;0;0;0
1;12;0.00;0.00;0;0;0
1;5;0.00;0.00;0;0;0
1;8;0.00;0.00;0;0;0
1;8;0.00;0.00;0;0;0
1;8;0.00;0.00;0;0;0
1;9;0.00;0.00;0;0;0
1;8;0.00;0.00;0;0;0
1;8;0.00;0.00;0;0;0
1;8;0.00;0.00;0;0;0
1;8;0.00;0.00;0;0;0
1;9;0.00;0.00;0;0;0
1;8;0.00;0.00;0;0;0
1;12;0.00;0.00;0;0;0
1;8;0.00;0.00;0;0;0
1;9;0.00;0.00;0;0;0
1;8;0.00;0.00;0;0;0
1;8;0.00;0.00;0;0;0
1;8;0.00;0.00;0;0;0
1;8;0.00;0.00;0;0;0
1;8;0.00;0.00;0;0;0
1;9;0.00;0.00;0;0;0
1;8;0.00;0.00;0;0;0
1;8;0.00;0.00;0;0;0
1;8;0.00;0.00;0;0;0
1;8;0.00;0.00;0;0;0
1;9;0.00;0.00;0;0;0
1;8;0.00;0.00;0;0;0
1;8;0.00;0.00;0;0;0
1;8;0.00;0.00;0;0;0
1;8;0.00;0.00;0;0;0
1;9;0.00;0.00;0;0;0
1;8;0.00;0.00;0;0;0
1;8;0.00;0.00;0;0;0
1;8;0.00;0.00;0;0;0
1;8;0.00;0.00;0;0;0
1;8;0.00;0.00;0;0;0
1;13;0.00;0.00;0;0;0
1;8;0.00;0.00;0;0;0
1;8;0.00;0.00;0;0;0
1;8;0.00;0.00;0;0;0
1;10;0.00;0.00;0;0;0
1;7;0.00;0.00;0;0;0
1;9;0.00;0.00;0;0;0
1;7;0.00;0.00;0;0;0
1;13;0.00;0.00;0;0;0
1;8;0.00;0.00;0;0;0
1;8;0.00;0.00;0;0;0
1;11;0.00;0.00;0;0;0
1;6;0.00;0.00;0;0;0
1;7;0.00;0.00;0;0;0
1;9;0.01;0.02;0;-1;0
1;8;0.00;0.00;0;0;0
1;8;0.00;0.00;0;0;0
1;10;0.00;0.00;0;0;0
1;7;0.00;0.00;0;0;0
1;8;0.00;0.00;0;0;0
1;8;0.00;0.00;0;0;0
1;10;0.00;0.00;0;0;0
1;6;0.00;0.00;0;0;0
1;13;0.00;0.00;0;0;0
1;11;0.00;0.00;0;0;0
1;10;0.00;0.00;0;0;0
1;7;0.00;0.00;0;0;0
1;8;0.00;0.00;0;0;0
1;8;0.00;0.00;0;0;0
1;12;0.00;0.00;0;0;0
1;5;0.00;0.00;0;0;0
1;28;0.00;0.00;0;0;0
1;9;0.00;0.00;0;0;0
1;9;0.00;0.00;0;0;0
1;7;0.00;0.00;0;0;0
1;12;0.00;0.00;0;0;0
1;12;0.00;0.00;0;0;0
1;6;0.00;0.00;0;0;0
1;11;0.00;0.00;0;0;0
1;8;0.00;0.00;0;0;0
1;10;0.00;0.00;0;0;0
1;7;0.00;0.00;0;0;0
1;8;0.00;0.00;0;0;0
1;8;0.00;0.00;0;0;0
1;12;0.00;0.00;0;0;0
1;8;0.00;0.00;0;0;0
1;9;0.00;0.00;0;0;0
1;8;0.00;0.00;0;0;0
1;8;0.00;0.00;0;0;0
1;8;0.00;0.00;0;0;0
1;8;0.00;0.00;0;0;0
1;9;0.00;0.00;0;0;0
1;8;0.00;0.00;0;0;0
1;8;0.00;0.00;0;0;0
1;8;0.00;0.00;0;0;0
1;9;0.00;0.00;0;0;0
1;8;0.00;0.00;0;0;0
1;9;0.00;0.00;0;0;0
1;8;0.00;0.00;0;0;0
1;12;0.00;0.00;0;0;0
1;7;0.00;0.00;0;0;0
1;9;0.00;0.00;0;0;0
1;8;0.00;0.00;0;0;0
1;9;0.00;0.00;0;0;0
1;7;0.00;0.00;0;0;0
1;12;0.00;0.00;0;0;0
1;9;0.00;0.00;0;0;0
1;8;0.00;0.00;0;0;0
1;8;0.00;0.00;0;0;0
1;10;0.00;0.00;0;0;0
1;19;0.00;0.00;0;0;0
1;8;0.00;0.00;0;0;0
1;8;0.00;0.00;0;0;0
1;8;0.00;0.00;0;0;0
1;9;0.00;0.00;0;0;0
1;8;0.00;0.00;0;0;0
1;8;0.00;0.00;0;0;0
1;8;0.00;0.00;0;0;0
1;9;0.00;0.00;0;0;0
1;7;0.00;0.00;0;0;0
1;9;0.00;0.00;0;0;0
1;8;0.00;0.00;0;0;0
1;9;0.00;0.00;0;0;0
1;7;0.00;0.00;0;0;0
1;9;0.00;0.00;0;0;0
1;15;0.00;0.00;0;0;0
1;6;0.00;0.00;0;0;0
1;7;0.00;0.00;0;0;0
1;8;0.00;0.00;0;0;0
1;13;0.00;0.00;0;0;0
1;8;0.00;0.00;0;0;0
1;10;0.00;0.00;0;0;0
1;12;0.00;0.00;0;0;0
1;6;0.00;0.00;0;0;0
1;9;0.00;0.00;0;0;0
1;8;0.00;0.00;0;0;0
1;8;0.00;0.00;0;0;0
1;8;0.00;0.00;0;0;0
1;8;0.00;0.00;0;0;0
1;9;0.00;0.00;0;0;0
1;11;0.00;0.00;0;0;0
1;5;0.00;0.00;0;0;0
1;8;0.00;0.00;0;0;0
1;8;0.00;0.00;0;0;0
1;9;0.00;0.00;0;0;0
1;8;0.00;0.00;0;0;0
1;8;0.00;0.00;0;0;0
1;8;0.00;0.00;0;0;0
1;9;0.00;0.00;0;0;0
1;8;0.00;0.00;0;0;0
1;12;0.00;0.00;0;0;0
1;8;0.00;0.00;0;0;0
1;13;0.00;0.00;0;0;0
1;7;0.00;0.00;0;0;0
1;9;0.00;0.00;0;0;0
1;17;0.00;0.00;0;0;0
1;7;0.00;0.00;0;0;0
1;8;0.00;0.00;0;0;0
1;9;0.00;0.00;0;0;0
1;14;0.00;0.00;0;0;0
1;7;0.00;0.00;0;0;0
1;7;0.00;0.00;0;0;0
1;8;0.00;0.00;0;0;0
1;9;0.00;0.00;0;0;0
1;8;0.00;0.00;0;0;0
1;8;0.00;0.00;0;0;0
1;14;0.00;0.00;0;0;0
1;7;0.00;0.00;0;0;0
1;11;0.00;0.00;0;0;0
1;7;0.00;0.00;0;0;0
1;10;0.00;0.00;0;0;0
1;8;0.00;0.00;0;0;0
1;24;0.00;0.00;0;0;0
1;5;0.00;0.00;0;0;0
1;8;0.00;0.00;0;0;0
1;8;0.00;0.00;0;0;0
1;10;0.00;0.00;0;0;0
1;7;0.00;0.00;0;0;0
1;8;0.00;0.00;0;0;0
1;8;0.00;0.00;0;0;0
1;12;0.00;0.00;0;0;0
1;5;0.00;0.00;0;0;0
1;9;0.00;0.00;0;0;0
1;7;0.00;0.00;0;0;0
1;8;0.00;0.00;0;0;0
1;8;0.00;0.00;0;0;0
1;9;0.00;0.00;0;0;0
1;8;0.00;0.00;0;0;0
1;8;0.00;0.00;0;0;0
1;8;0.00;0.00;0;0;0
1;8;0.00;0.00;0;0;0
1;9;0.00;0.00;0;0;0
1;8;0.00;0.00;0;0;0
1;8;0.00;0.00;0;0;0
1;8;0.00;0.00;0;0;0
1;8;0.00;0.00;0;0;0
1;9;0.00;0.00;0;0;0
1;8;0.00;0.00;0;0;0
1;8;0.00;0.00;0;0;0
1;8;0.00;0.00;0;0;0
1;8;0.00;0.00;0;0;0
1;7;0.00;0.00;0;0;0
1;10;0.00;0.00;0;0;0
1;8;0.00;0.00;0;0;0
1;8;0.00;0.00;0;0;0
1;8;0.00;0.00;0;0;0
1;8;0.00;0.00;0;0;0
1;9;0.00;0.00;0;0;0
1;8;0.00;0.00;0;0;0
1;8;0.00;0.00;0;0;0
1;8;0.01;0.02;0;-1;0
1;11;0.00;0.00;0;0;0
1;6;0.00;0.00;0;0;0
1;8;0.00;0.00;0;0;0
1;8;0.00;0.00;0;0;0
1;8;0.00;0.00;0;0;0
1;10;0.00;0.00;0;0;0
1;12;0.00;0.00;0;0;0
1;8;0.00;0.00;0;0;0
1;7;0.00;0.00;0;0;0
1;14;0.00;0.00;0;0;0
1;6;0.00;0.00;0;0;0
1;10;0.00;0.00;0;0;0
1;7;0.00;0.00;0;0;0
1;13;0.00;0.00;0;0;0
1;7;0.00;0.00;0;0;0
1;9;0.00;0.00;0;0;0
1;8;0.00;0.00;0;0;0
1;8;0.00;0.00;0;0;0
1;11;0.00;0.00;0;0;0
1;9;0.00;0.00;0;0;0
1;10;0.00;0.00;0;0;0
1;9;0.00;0.00;0;0;0
1;10;0.00;0.00;0;0;0
1;9;0.00;0.00;0;0;0
1;7;0.00;0.00;0;0;0
1;9;0.00;0.00;0;0;0
1;8;0.00;0.00;0;0;0
1;10;0.00;0.00;0;0;0
1;8;0.01;0.02;0;-1;0
1;8;0.00;0.00;0;0;0
1;9;0.00;0.00;0;0;0
1;6;0.00;0.00;0;0;0
1;10;0.00;0.00;0;0;0
1;15;0.00;0.00;0;0;0
1;8;0.01;0.02;0;-1;0
1;8;0.00;0.00;0;0;0
1;8;0.00;0.00;0;0;0
1;8;0.00;0.00;0;0;0
1;8;0.00;0.00;0;0;0
1;9;0.00;0.00;0;0;0
1;8;0.00;0.00;0;0;0
1;8;0.00;0.00;0;0;0
1;8;0.00;0.04;0;-1;1
1;11;0.00;0.00;0;0;0
1;6;0.00;0.00;0;0;0
1;8;0.00;0.00;0;0;0
1;8;0.00;0.00;0;0;0
1;11;0.00;0.00;0;0;0
1;7;-0.01;0.02;0;0;1
1;6;0.01;0.02;0;-1;0
1;9;0.00;0.00;0;0;0
1;10;0.00;0.00;0;0;0
1;6;0.00;0.00;0;0;0
1;8;0.00;0.00;0;0;0
1;8;0.00;0.00;0;0;0
1;13;0.00;0.04;0;-1;1
1;8;0.00;0.00;0;0;0
1;8;0.00;0.00;0;0;0
1;8;0.00;0.00;0;0;0
1;12;0.00;0.00;0;0;0
1;5;0.01;0.02;0;-1;0
1;8;0.00;0.00;0;0;0
1;8;-0.01;0.02;0;0;1
1;8;0.00;0.00;0;0;0
1;7;0.00;0.00;0;0;0
1;9;0.00;0.00;0;0;0
1;8;0.00;0.00;0;0;0
1;9;0.01;0.02;0;-1;0
1;12;0.00;0.00;0;0;0
1;8;0.00;0.00;0;0;0
1;9;-0.01;0.02;0;0;1
1;8;0.00;0.00;0;0;0
1;8;0.01;0.02;0;-1;0
1;11;0.00;0.00;0;0;0
1;5;0.00;0.00;0;0;0
1;11;0.00;0.00;0;0;0
1;10;-0.01;0.02;0;0;1
1;8;0.00;0.00;0;0;0
1;13;0.00;0.00;0;0;0
1;9;0.00;0.00;0;0;0
1;9;0.00;0.00;0;0;0
1;6;-0.01;0.02;0;0;1
1;12;0.00;0.00;0;0;0
1;13;0.00;0.00;0;0;0
1;8;0.00;0.00;0;0;0
1;16;-0.01;0.02;0;0;1
1;8;0.00;0.00;0;0;0
1;8;0.00;0.00;0;0;0
1;9;0.00;0.00;0;0;0
1;8;0.00;0.00;0;0;0
1;14;0.00;0.00;0;0;0
1;6;0.00;0.00;0;0;0
1;13;-0.01;0.02;0;0;1
1;8;0.00;0.00;0;0;0
1;8;0.00;0.00;0;0;0
1;11;0.00;0.00;0;0;0
1;9;0.00;0.00;0;0;0
1;9;0.00;0.00;0;0;0
1;18;-0.01;0.02;0;0;1
1;6;0.00;0.00;0;0;0
1;9;0.00;0.00;0;0;0
1;8;0.00;0.00;0;0;0
1;7;0.00;0.00;0;0;0
1;8;0.00;0.00;0;0;0
1;9;0.00;0.00;0;0;0
1;8;0.00;0.00;0;0;0
1;12;0.01;0.02;0;-1;0
1;11;0.00;0.00;0;0;0
1;6;0.00;0.00;0;0;0
1;10;0.00;0.00;0;0;0
1;7;0.00;0.00;0;0;0
1;11;0.00;0.00;0;0;0
1;5;-0.01;0.02;0;0;1
1;11;0.00;0.00;0;0;0
1;7;0.00;0.00;0;0;0
1;8;0.00;0.00;0;0;0
1;7;0.01;0.02;0;-1;0
1;8;0.00;0.00;0;0;0
1;13;0.00;0.00;0;0;0
1;10;0.00;0.00;0;0;0
1;6;0.00;0.00;0;0;0
1;9;0.00;0.00;0;0;0
1;11;0.01;0.02;0;-1;0
1;8;-0.01;0.02;0;0;1
1;8;0.00;0.00;0;0;0
1;12;0.00;0.00;0;0;0
1;5;0.00;0.00;0;0;0
1;8;0.00;0.00;0;0;0
1;16;0.00;0.04;0;-1;1
1;9;0.00;0.00;0;0;0
1;8;0.00;0.00;0;0;0
1;8;0.00;0.00;0;0;0
1;11;0.00;0.00;0;0;0
1;5;0.01;0.02;0;-1;0
1;12;-0.01;0.02;0;0;1
1;5;0.00;0.00;0;0;0
1;11;0.00;0.00;0;0;0
1;5;0.00;0.00;0;0;0
1;10;0.00;0.00;0;0;0
1;6;0.01;0.02;0;-1;0
1;15;-0.01;0.02;0;0;1
1;7;0.00;0.00;0;0;0
1;7;0.00;0.00;0;0;0
1;10;0.00;0.00;0;0;0
1;8;0.00;0.00;0;0;0
1;7;0.01;0.02;0;-1;0
1;8;-0.01;0.02;0;0;1
1;11;0.00;0.00;0;0;0
1;6;0.00;0.00;0;0;0
1;7;0.00;0.00;0;0;0
1;8;0.00;0.00;0;0;0
1;8;0.01;0.02;0;-1;0
1;9;0.00;0.00;0;0;0
1;11;-0.01;0.02;0;0;1
1;5;0.00;0.00;0;0;0
1;8;0.00;0.00;0;0;0
1;9;0.00;0.00;0;0;0
1;8;0.00;0.00;0;0;0
1;8;0.01;0.02;0;-1;0
1;8;0.00;0.00;0;0;0
1;12;-0.01;0.02;0;0;1
1;7;0.00;0.00;0;0;0
1;7;0.00;0.00;0;0;0
1;7;0.00;0.00;0;0;0
1;8;0.01;0.02;0;-1;0
1;10;0.00;0.00;0;0;0
1;7;0.00;0.00;0;0;0
1;8;0.00;0.00;0;0;0
1;7;-0.01;0.02;0;0;1
1;10;0.00;0.00;0;0;0
1;8;0.00;0.00;0;0;0
1;8;0.01;0.02;0;-1;0
1;7;0.00;0.00;0;0;0
1;11;0.00;0.00;0;0;0
1;7;-0.01;0.02;0;0;1
1;7;0.00;0.00;0;0;0
1;9;0.00;0.00;0;0;0
1;8;0.01;0.02;0;-1;0
1;8;0.00;0.00;0;0;0
1;7;0.00;0.00;0;0;0
1;19;-0.01;0.02;0;0;1
1;8;0.00;0.00;0;0;0
1;7;0.01;0.02;0;-1;0
1;8;0.00;0.00;0;0;0
1;8;0.00;0.00;0;0;0
1;8;-0.01;0.02;0;0;1
1;11;0.00;0.00;0;0;0
1;10;0.00;0.00;0;0;0
1;9;0.01;0.02;0;-1;0
1;7;0.00;0.00;0;0;0
1;8;0.00;0.00;0;0;0
1;10;0.00;0.00;0;0;0
1;7;-0.01;0.02;0;0;1
1;10;0.00;0.00;0;0;0
1;6;0.01;0.02;0;-1;0
1;10;0.00;0.00;0;0;0
1;7;0.00;0.00;0;0;0
1;11;0.00;0.00;0;0;0
1;5;0.00;0.00;0;0;0
1;10;-0.01;0.02;0;0;1
1;16;0.01;0.02;0;-1;0
1;7;0.00;0.00;0;0;0
1;7;0.00;0.00;0;0;0
1;11;0.00;0.00;0;0;0
1;10;0.00;0.00;0;0;0
1;8;-0.01;0.02;0;0;1
1;8;0.00;0.00;0;0;0
1;11;0.01;0.02;0;-1;0
1;8;0.00;0.00;0;0;0
1;7;0.00;0.00;0;0;0
1;15;-0.01;0.02;0;0;1
1;11;0.00;0.00;0;0;0
1;6;0.01;0.02;0;-1;0
1;9;0.00;0.00;0;0;0
1;7;0.00;0.00;0;0;0
1;8;0.00;0.00;0;0;0
1;8;0.00;0.00;0;0;0
1;9;-0.01;0.02;0;0;1
1;9;0.00;0.00;0;0;0
1;8;0.01;0.02;0;-1;0
1;7;0.00;0.00;0;0;0
1;12;0.00;0.00;0;0;0
1;5;0.00;0.00;0;0;0
1;8;0.00;0.00;0;0;0
1;9;-0.01;0.02;0;0;1
1;11;0.00;0.00;0;0;0
1;6;0.01;0.02;0;-1;0
1;7;0.00;0.00;0;0;0
1;8;0.00;0.00;0;0;0
1;12;0.00;0.00;0;0;0
1;6;0.00;0.00;0;0;0
1;8;-0.01;0.02;0;0;1
1;9;0.00;0.00;0;0;0
1;9;0.01;0.02;0;-1;0
1;6;0.00;0.00;0;0;0
1;8;0.00;0.00;0;0;0
1;8;0.00;0.00;0;0;0
1;8;0.00;0.00;0;0;0
1;8;0.00;0.00;0;0;0
1;8;-0.01;0.02;0;0;1
1;8;0.01;0.02;0;-1;0
1;13;0.00;0.00;0;0;0
1;7;0.00;0.00;0;0;0
1;8;0.00;0.00;0;0;0
1;9;0.00;0.00;0;0;0
1;9;-0.01;0.02;0;0;1
1;7;0.00;0.00;0;0;0
1;8;0.01;0.02;0;-1;0
1;9;0.00;0.00;0;0;0
1;9;0.00;0.00;0;0;0
1;8;0.00;0.00;0;0;0
1;7;-0.01;0.02;0;0;1
1;8;0.00;0.00;0;0;0
1;9;0.00;0.00;0;0;0
1;9;0.01;0.02;0;-1;0
1;7;0.00;0.00;0;0;0
1;8;0.00;0.00;0;0;0
1;9;0.00;0.00;0;0;0
1;7;-0.01;0.02;0;0;1
1;8;0.00;0.00;0;0;0
1;9;0.00;0.00;0;0;0
1;8;0.00;0.00;0;0;0
1;9;0.01;0.02;0;-1;0
1;7;0.00;0.00;0;0;0
1;8;0.00;0.00;0;0;0
1;9;-0.01;0.02;0;0;1
1;8;0.00;0.00;0;0;0
1;9;0.00;0.00;0;0;0
1;7;0.00;0.00;0;0;0
1;8;0.00;0.00;0;0;0
1;9;0.01;0.02;0;-1;0
1;9;0.00;0.00;0;0;0
1;7;-0.01;0.02;0;0;1
1;9;0.00;0.00;0;0;0
1;8;0.00;0.00;0;0;0
1;12;0.00;0.00;0;0;0
1;8;0.00;0.00;0;0;0
1;12;0.01;0.02;0;-1;0
1;9;-0.01;0.02;0;0;1
1;7;0.00;0.00;0;0;0
1;9;0.00;0.00;0;0;0
1;8;0.00;0.00;0;0;0
1;9;0.00;0.00;0;0;0
1;8;0.00;0.00;0;0;0
1;8;0.01;0.02;0;-1;0
1;8;-0.01;0.02;0;0;1
1;8;0.00;0.00;0;0;0
1;8;0.00;0.00;0;0;0
1;13;0.00;0.00;0;0;0
1;9;0.00;0.00;0;0;0
1;8;0.00;0.00;0;0;0
1;8;0.00;0.04;0;-1;1
1;8;0.00;0.00;0;0;0
1;8;0.00;0.00;0;0;0
1;11;0.00;0.00;0;0;0
1;6;0.00;0.00;0;0;0
1;9;-0.01;0.02;0;0;1
1;7;0.00;0.00;0;0;0
1;8;0.01;0.02;0;-1;0
1;8;0.00;0.00;0;0;0
1;9;0.00;0.00;0;0;0
1;11;0.00;0.00;0;0;0
1;6;-0.01;0.02;0;0;1
1;7;0.00;0.00;0;0;0
1;8;0.00;0.00;0;0;0
1;9;0.00;0.00;0;0;0
1;11;0.01;0.02;0;-1;0
1;8;0.00;0.00;0;0;0
1;15;-0.01;0.02;0;0;1
1;7;0.00;0.00;0;0;0
1;8;0.00;0.00;0;0;0
1;8;0.00;0.00;0;0;0
1;8;0.00;0.00;0;0;0
1;13;0.00;0.04;0;-1;1
1;8;0.00;0.00;0;0;0
1;10;0.00;0.00;0;0;0
1;6;0.00;0.00;0;0;0
1;7;0.00;0.00;0;0;0
1;8;0.00;0.00;0;0;0
1;14;-0.01;0.02;0;0;1
1;8;0.00;0.00;0;0;0
1;8;0.01;0.02;0;-1;0
1;7;0.00;0.00;0;0;0
1;10;0.00;0.00;0;0;0
1;8;0.00;0.00;0;0;0
1;8;0.00;0.00;0;0;0
1;8;-0.01;0.02;0;0;1
1;12;0.01;0.02;0;-1;0
1;10;0.00;0.00;0;0;0
1;7;0.00;0.00;0;0;0
1;13;0.00;0.00;0;0;0
1;13;-0.01;0.02;0;0;1
1;6;0.00;0.00;0;0;0
1;13;0.01;0.02;0;-1;0
1;7;0.00;0.00;0;0;0
1;8;0.00;0.00;0;0;0
1;9;0.00;0.00;0;0;0
1;7;-0.01;0.02;0;0;1
1;9;0.00;0.00;0;0;0
1;12;0.00;0.00;0;0;0
1;5;0.01;0.02;0;-1;0
1;8;0.00;0.00;0;0;0
1;12;0.00;0.00;0;0;0
1;5;-0.01;0.02;0;0;1
1;8;0.00;0.00;0;0;0
1;8;0.00;0.00;0;0;0
1;9;0.00;0.00;0;0;0
1;7;0.00;0.00;0;0;0
1;8;0.01;0.02;0;-1;0
1;9;-0.01;0.02;0;0;1
1;12;0.00;0.00;0;0;0
1;7;0.00;0.00;0;0;0
1;8;0.00;0.00;0;0;0
1;13;0.00;0.00;0;0;0
1;5;0.01;0.02;0;-1;0
1;8;0.00;0.00;0;0;0
1;8;-0.01;0.02;0;0;1
1;9;0.00;0.00;0;0;0
1;8;0.00;0.00;0;0;0
1;7;0.00;0.00;0;0;0
1;8;0.00;0.00;0;0;0
1;8;0.01;0.02;0;-1;0
1;15;-0.01;0.02;0;0;1
1;7;0.00;0.00;0;0;0
1;7;0.00;0.00;0;0;0
1;9;0.00;0.00;0;0;0
1;8;0.00;0.00;0;0;0
1;7;0.00;0.00;0;0;0
1;10;0.00;0.04;0;-1;1
1;12;0.00;0.00;0;0;0
1;7;0.00;0.00;0;0;0
1;8;0.00;0.00;0;0;0
1;8;0.00;0.00;0;0;0
1;9;-0.01;0.02;0;0;1
1;8;0.00;0.00;0;0;0
1;8;0.00;0.00;0;0;0
1;8;0.01;0.02;0;-1;0
1;8;0.00;0.00;0;0;0
1;9;0.00;0.00;0;0;0
1;8;0.00;0.00;0;0;0
1;14;-0.01;0.02;0;0;1
1;7;0.00;0.00;0;0;0
1;9;0.01;0.02;0;-1;0
1;7;0.00;0.00;0;0;0
1;8;0.00;0.00;0;0;0
1;8;0.00;0.00;0;0;0
1;9;-0.01;0.02;0;0;1
1;8;0.00;0.00;0;0;0
1;13;0.01;0.02;0;-1;0
1;7;0.00;0.00;0;0;0
1;8;0.00;0.00;0;0;0
1;8;-0.01;0.02;0;0;1
1;9;0.00;0.00;0;0;0
1;8;0.00;0.00;0;0;0
1;8;0.01;0.02;0;-1;0
1;8;0.00;0.00;0;0;0
1;12;-0.01;0.02;0;0;1
1;9;0.00;0.00;0;0;0
1;8;0.00;0.00;0;0;0
1;21;0.00;0.00;0;0;0
1;8;0.01;0.02;0;-1;0
1;9;-0.01;0.02;0;0;1
1;8;0.00;0.00;0;0;0
1;8;0.00;0.00;0;0;0
1;7;0.00;0.00;0;0;0
1;8;0.00;0.00;0;0;0
1;11;0.00;0.00;0;0;0
1;7;0.01;0.02;0;-1;0
1;8;-0.01;0.02;0;0;1
1;7;0.00;0.00;0;0;0
1;12;0.00;0.00;0;0;0
1;16;0.01;0.02;0;-1;0
1;6;0.00;0.00;0;0;0
1;14;-0.01;0.02;0;0;1
1;7;0.00;0.00;0;0;0
1;8;0.00;0.00;0;0;0
1;17;0.01;0.02;0;-1;0
1;7;0.00;0.00;0;0;0
1;9;-0.01;0.02;0;0;1
1;15;0.00;0.00;0;0;0
1;5;0.00;0.00;0;0;0
1;10;0.00;0.00;0;0;0
1;6;0.00;0.00;0;0;0
1;18;0.00;0.04;0;-1;1
1;7;0.00;0.00;0;0;0
1;8;0.00;0.00;0;0;0
1;15;0.00;0.00;0;0;0
1;6;0.00;0.00;0;0;0
1;6;0.00;0.04;0;-1;1
1;8;0.00;0.00;0;0;0
1;9;0.00;0.00;0;0;0
1;16;0.00;0.00;0;0;0
1;8;0.00;0.00;0;0;0
1;9;0.00;0.00;0;0;0
1;9;0.00;0.04;0;-1;1
1;8;0.00;0.00;0;0;0
1;7;0.00;0.00;0;0;0
1;8;0.00;0.00;0;0;0
1;18;0.00;0.00;0;0;0
1;7;0.01;0.02;0;-1;0
1;14;-0.01;0.02;0;0;1
1;6;0.00;0.00;0;0;0
1;8;0.00;0.00;0;0;0
1;8;0.00;0.00;0;0;0
1;8;0.00;0.00;0;0;0
1;15;0.00;0.04;0;-1;1
1;7;0.00;0.00;0;0;0
1;10;0.00;0.00;0;0;0
1;6;0.00;0.00;0;0;0
1;8;0.00;0.00;0;0;0
1;7;0.00;0.00;0;0;0
1;10;-0.01;0.02;0;0;1
1;9;0.01;0.02;0;-1;0
1;7;0.00;0.00;0;0;0
1;8;0.00;0.00;0;0;0
1;9;0.00;0.00;0;0;0
1;10;0.00;0.00;0;0;0
1;10;-0.01;0.02;0;0;1
1;8;0.01;0.02;0;-1;0
1;14;0.00;0.00;0;0;0
1;7;0.00;0.00;0;0;0
1;8;0.00;0.00;0;0;0
1;12;-0.01;0.02;0;0;1
1;9;0.01;0.02;0;-1;0
1;9;0.00;0.00;0;0;0
1;7;0.00;0.00;0;0;0
1;8;0.00;0.00;0;0;0
1;8;0.00;0.00;0;0;0
1;10;-0.01;0.02;0;0;1
1;6;0.01;0.02;0;-1;0
1;12;0.00;0.00;0;0;0
1;8;0.00;0.00;0;0;0
1;7;0.00;0.00;0;0;0
1;6;0.00;0.00;0;0;0
1;8;-0.01;0.02;0;0;1
1;12;0.01;0.02;0;-1;0
1;5;0.00;0.00;0;0;0
1;7;0.00;0.00;0;0;0
1;12;0.00;0.00;0;0;0
1;9;0.00;0.00;0;0;0
1;8;-0.01;0.02;0;0;1
1;8;0.00;0.00;0;0;0
1;9;0.01;0.02;0;-1;0
1;11;0.00;0.00;0;0;0
1;12;0.00;0.00;0;0;0
1;9;0.00;0.00;0;0;0
1;11;0.00;0.04;0;-1;1
1;6;0.00;0.00;0;0;0
1;7;0.00;0.00;0;0;0
1;10;0.00;0.00;0;0;0
1;7;0.00;0.00;0;0;0
1;8;0.00;0.00;0;0;0
1;8;0.00;0.04;0;-1;1
1;13;0.00;0.00;0;0;0
1;11;0.00;0.00;0;0;0
1;6;0.00;0.00;0;0;0
1;7;0.00;0.00;0;0;0
1;10;-0.01;0.02;0;0;1
1;6;0.01;0.02;0;-1;0
1;10;0.00;0.00;0;0;0
1;7;0.00;0.00;0;0;0
1;8;0.00;0.00;0;0;0
1;8;0.00;0.00;0;0;0
1;8;0.00;0.00;0;0;0
1;9;-0.01;0.02;0;0;1
1;10;0.01;0.02;0;-1;0
1;7;0.00;0.00;0;0;0
1;11;0.00;0.00;0;0;0
1;9;0.00;0.00;0;0;0
1;8;0.00;0.00;0;0;0
1;8;-0.01;0.02;0;0;1
1;10;0.01;0.02;0;-1;0
1;8;0.00;0.00;0;0;0
1;7;0.00;0.00;0;0;0
1;12;0.00;0.00;0;0;0
1;5;0.00;0.00;0;0;0
1;10;0.00;0.04;0;-1;1
1;13;0.00;0.00;0;0;0
1;8;0.00;0.00;0;0;0
1;11;0.00;0.00;0;0;0
1;8;0.01;0.02;0;-1;0
1;9;-0.01;0.02;0;0;1
1;7;0.00;0.00;0;0;0
1;9;0.00;0.00;0;0;0
1;10;0.00;0.00;0;0;0
1;6;0.00;0.00;0;0;0
1;7;0.00;0.00;0;0;0
1;8;0.01;0.02;0;-1;0
1;10;-0.01;0.02;0;0;1
1;10;0.00;0.00;0;0;0
1;23;0.00;0.00;0;0;0
1;19;0.00;0.04;0;-1;1
1;8;0.00;0.00;0;0;0
1;8;0.00;0.00;0;0;0
1;7;0.00;0.00;0;0;0
1;8;0.00;0.00;0;0;0
1;9;0.01;0.02;0;-1;0
1;8;0.00;0.00;0;0;0
1;8;-0.01;0.02;0;0;1
1;8;0.00;0.00;0;0;0
1;8;0.00;0.00;0;0;0
1;9;0.00;0.00;0;0;0
1;10;0.01;0.02;0;-1;0
1;7;0.00;0.00;0;0;0
1;10;-0.01;0.02;0;0;1
1;10;0.00;0.00;0;0;0
1;8;0.00;0.00;0;0;0
1;8;0.00;0.00;0;0;0
1;8;0.01;0.02;0;-1;0
1;8;0.00;0.00;0;0;0
1;8;0.00;0.00;0;0;0
1;9;-0.01;0.02;0;0;1
1;10;0.00;0.00;0;0;0
1;7;0.00;0.00;0;0;0
1;7;0.00;0.00;0;0;0
1;8;0.01;0.02;0;-1;0
1;11;0.00;0.00;0;0;0
1;7;0.00;0.00;0;0;0
1;7;-0.01;0.02;0;0;1
1;8;0.00;0.00;0;0;0
1;14;0.01;0.02;0;-1;0
1;8;0.00;0.00;0;0;0
1;7;0.00;0.00;0;0;0
1;8;0.00;0.00;0;0;0
1;9;-0.01;0.02;0;0;1
1;7;0.00;0.00;0;0;0
1;10;0.01;0.02;0;-1;0
1;7;0.00;0.00;0;0;0
1;9;0.00;0.00;0;0;0
1;9;0.00;0.00;0;0;0
1;9;-0.01;0.02;0;0;1
1;7;0.00;0.00;0;0;0
1;9;0.01;0.02;0;-1;0
1;8;0.00;0.00;0;0;0
1;6;0.00;0.00;0;0;0
1;8;0.00;0.00;0;0;0
1;8;0.00;0.00;0;0;0
1;10;-0.01;0.02;0;0;1
1;9;0.00;0.00;0;0;0
1;6;0.01;0.02;0;-1;0
1;12;0.00;0.00;0;0;0
1;16;0.00;0.00;0;0;0
1;6;0.00;0.00;0;0;0
1;8;-0.01;0.02;0;0;1
1;11;0.01;0.02;0;-1;0
1;9;0.00;0.00;0;0;0
1;8;0.00;0.00;0;0;0
1;9;0.00;0.00;0;0;0
1;7;0.00;0.00;0;0;0
1;8;0.00;0.00;0;0;0
1;8;0.00;0.04;0;-1;1
1;14;0.00;0.00;0;0;0
1;8;0.00;0.00;0;0;0
1;11;0.00;0.00;0;0;0
1;14;0.00;0.00;0;0;0
1;13;0.00;0.04;0;-1;1
1;7;0.00;0.00;0;0;0
1;12;0.00;0.00;0;0;0
1;9;0.00;0.00;0;0;0
1;7;0.00;0.00;0;0;0
1;8;0.00;0.00;0;0;0
1;8;0.00;0.04;0;-1;1
1;8;0.00;0.00;0;0;0
1;8;0.00;0.00;0;0;0
1;10;0.00;0.00;0;0;0
1;11;0.00;0.00;0;0;0
1;9;0.00;0.00;0;0;0
1;8;0.01;0.02;0;-1;0
1;8;-0.01;0.02;0;0;1
1;8;0.00;0.00;0;0;0
1;11;0.00;0.00;0;0;0
1;6;0.00;0.00;0;0;0
1;7;0.00;0.00;0;0;0
1;8;0.00;0.00;0;0;0
1;9;0.01;0.02;0;-1;0
1;8;-0.01;0.02;0;0;1
1;8;0.00;0.00;0;0;0
1;9;0.00;0.00;0;0;0
1;8;0.00;0.00;0;0;0
1;8;0.00;0.00;0;0;0
1;9;0.01;0.02;0;-1;0
1;10;0.00;0.00;0;0;0
1;6;-0.01;0.02;0;0;1
1;7;0.00;0.00;0;0;0
1;9;0.00;0.00;0;0;0
1;8;0.00;0.00;0;0;0
1;9;0.00;0.00;0;0;0
1;7;0.01;0.02;0;-1;0
1;9;0.00;0.00;0;0;0
1;12;-0.01;0.02;0;0;1
1;11;0.00;0.00;0;0;0
1;6;0.00;0.00;0;0;0
1;8;0.00;0.00;0;0;0
1;7;0.01;0.02;0;-1;0
1;9;0.00;0.00;0;0;0
1;8;0.00;0.00;0;0;0
1;13;-0.01;0.02;0;0;1
1;15;0.00;0.00;0;0;0
1;7;0.00;0.00;0;0;0
1;15;0.01;0.02;0;-1;0
1;10;0.00;0.00;0;0;0
1;11;0.00;0.00;0;0;0
1;14;0.00;0.00;0;0;0
1;9;0.00;0.04;0;-1;1
1;15;0.00;0.00;0;0;0
1;6;0.00;0.00;0;0;0
1;9;0.00;0.00;0;0;0
1;7;0.00;0.00;0;0;0
1;8;0.00;0.00;0;0;0
1;8;0.00;0.00;0;0;0
1;15;0.00;0.04;0;-1;1
1;6;0.00;0.00;0;0;0
1;8;0.00;0.00;0;0;0
1;13;0.00;0.00;0;0;0
1;7;0.00;0.00;0;0;0
1;13;0.01;0.02;0;-1;0
1;16;-0.01;0.02;0;0;1
1;5;0.00;0.00;0;0;0
1;8;0.00;0.00;0;0;0
1;11;0.00;0.00;0;0;0
1;6;0.00;0.00;0;0;0
1;7;0.01;0.02;0;-1;0
1;8;0.00;0.00;0;0;0
1;14;0.00;0.00;0;0;0
1;12;0.00;0.00;0;0;0
1;7;0.00;0.00;0;0;0
1;13;0.01;0.02;0;-1;0
1;8;0.00;0.00;0;0;0
1;8;0.00;0.00;0;0;0
1;8;0.00;0.00;0;0;0
1;12;0.00;0.00;0;0;0
1;8;0.00;0.00;0;0;0
1;8;0.00;0.00;0;0;0
1;9;0.01;0.02;0;-1;0
1;8;0.00;0.00;0;0;0
1;9;0.00;0.00;0;0;0
1;7;0.00;0.00;0;0;0
1;14;0.00;0.00;0;0;0
1;12;0.00;0.00;0;0;0
1;7;0.01;0.02;0;-1;0
1;13;0.00;0.00;0;0;0
1;8;0.00;0.00;0;0;0
1;8;0.00;0.00;0;0;0
1;24;0.00;0.00;0;0;0
1;7;0.01;0.02;0;-1;0
1;7;0.00;0.00;0;0;0
1;16;0.00;0.00;0;0;0
1;8;0.00;0.00;0;0;0
1;7;0.00;0.00;0;0;0
1;8;0.00;0.00;0;0;0
1;9;0.01;0.02;0;-1;0
1;11;0.00;0.00;0;0;0
1;6;0.00;0.00;0;0;0
1;13;0.00;0.00;0;0;0
1;11;0.00;0.00;0;0;0
1;8;0.00;0.00;0;0;0
1;9;0.00;0.00;0;0;0
1;12;0.01;0.02;0;-1;0
1;11;0.00;0.00;0;0;0
1;5;0.00;0.00;0;0;0
1;11;0.00;0.00;0;0;0
1;11;0.00;0.00;0;0;0
1;6;0.00;0.00;0;0;0
1;10;0.01;0.02;0;-1;0
1;10;0.00;0.00;0;0;0
1;7;0.00;0.00;0;0;0
1;6;0.00;0.00;0;0;0
1;8;0.00;0.00;0;0;0
1;12;0.00;0.00;0;0;0
1;7;0.00;0.00;0;0;0
1;8;0.00;0.00;0;0;0
1;6;0.01;0.02;0;-1;0
1;9;0.00;0.00;0;0;0
1;7;0.00;0.00;0;0;0
1;9;0.00;0.00;0;0;0
1;8;0.00;0.00;0;0;0
1;14;0.00;0.00;0;0;0
1;7;0.00;0.00;0;0;0
1;8;0.01;0.02;0;-1;0
1;16;0.00;0.00;0;0;0
1;4;0.00;0.00;0;0;0
1;11;0.00;0.00;0;0;0
1;5;0.00;0.00;0;0;0
1;12;0.00;0.00;0;0;0
1;6;0.01;0.02;0;-1;0
1;8;0.00;0.00;0;0;0
1;7;0.00;0.00;0;0;0
1;13;0.00;0.00;0;0;0
1;9;0.00;0.00;0;0;0
1;7;0.00;0.00;0;0;0
1;9;0.00;0.00;0;0;0
1;8;0.00;0.00;0;0;0
1;11;0.00;0.00;0;0;0
1;9;0.00;0.00;0;0;0
1;9;0.00;0.00;0;0;0
1;10;0.00;0.00;0;0;0
1;7;0.00;0.00;0;0;0
1;6;0.00;0.00;0;0;0
1;9;0.00;0.00;0;0;0
1;11;0.00;0.00;0;0;0
1;9;0.00;0.00;0;0;0
1;5;0.00;0.00;0;0;0
1;8;0.00;0.00;0;0;0
1;11;0.00;0.00;0;0;0
1;9;0.00;0.00;0;0;0
1;5;0.00;0.00;0;0;0
1;7;0.00;0.00;0;0;0
1;12;0.00;0.00;0;0;0
1;10;0.00;0.00;0;0;0
1;7;0.00;0.00;0;0;0
1;12;0.00;0.00;0;0;0
1;9;0.00;0.00;0;0;0
1;8;0.00;0.00;0;0;0
1;11;0.00;0.00;0;0;0
1;6;0.00;0.00;0;0;0
1;8;0.00;0.00;0;0;0
1;7;0.00;0.00;0;0;0
1;11;0.00;0.00;0;0;0
1;8;0.00;0.00;0;0;0
1;8;0.00;0.00;0;0;0
1;6;0.00;0.00;0;0;0
1;8;0.00;0.00;0;0;0
1;10;0.00;0.00;0;0;0
1;11;0.00;0.00;0;0;0
1;5;0.00;0.00;0;0;0
1;7;0.00;0.00;0;0;0
1;33;0.00;0.00;0;0;0
1;8;0.00;0.00;0;0;0
1;8;0.00;0.00;0;0;0
1;8;0.00;0.00;0;0;0
1;10;0.00;0.00;0;0;0
1;13;0.00;0.00;0;0;0
1;7;0.00;0.00;0;0;0
1;7;0.00;0.00;0;0;0
1;11;0.00;0.00;0;0;0
1;6;0.00;0.00;0;0;0
1;9;0.00;0.00;0;0;0
1;7;0.00;0.00;0;0;0
1;8;0.00;0.00;0;0;0
1;8;0.00;0.00;0;0;0
1;10;0.00;0.00;0;0;0
1;7;0.00;0.00;0;0;0
1;10;0.00;0.00;0;0;0
1;6;0.00;0.00;0;0;0
1;10;0.00;0.00;0;0;0
1;7;0.00;0.00;0;0;0
1;9;0.00;0.00;0;0;0
1;7;0.00;0.00;0;0;0
1;8;0.00;0.00;0;0;0
1;8;0.00;0.00;0;0;0
1;8;0.00;0.00;0;0;0
1;9;0.00;0.00;0;0;0
1;8;0.00;0.00;0;0;0
1;8;0.00;0.00;0;0;0
1;8;0.00;0.00;0;0;0
1;12;0.00;0.00;0;0;0
1;8;0.00;0.00;0;0;0
1;8;0.00;0.00;0;0;0
1;9;0.00;0.00;0;0;0
1;9;0.00;0.00;0;0;0
1;8;0.00;0.00;0;0;0
1;7;0.00;0.00;0;0;0
1;8;0.00;0.00;0;0;0
1;8;0.00;0.00;0;0;0
1;12;0.00;0.00;0;0;0
1;9;0.00;0.00;0;0;0
1;9;0.00;0.00;0;0;0
1;7;0.00;0.00;0;0;0
1;13;0.00;0.00;0;0;0
1;15;0.00;0.00;0;0;0
1;14;0.00;0.00;0;0;0
1;7;0.00;0.00;0;0;0
1;10;0.00;0.00;0;0;0
1;7;0.00;0.00;0;0;0
1;10;0.00;0.00;0;0;0
1;6;0.00;0.00;0;0;0
1;14;0.00;0.00;0;0;0
1;8;0.00;0.00;0;0;0
1;7;0.00;0.00;0;0;0
1;17;0.00;0.00;0;0;0
1;7;0.00;0.00;0;0;0
1;8;0.00;0.00;0;0;0
1;8;0.00;0.00;0;0;0
1;17;0.00;0.00;0;0;0
1;8;0.00;0.00;0;0;0
1;8;0.00;0.00;0;0;0
1;8;0.00;0.00;0;0;0
1;12;0.00;0.00;0;0;0
1;5;0.00;0.00;0;0;0
1;8;0.00;0.00;0;0;0
1;8;0.00;0.00;0;0;0
1;10;0.00;0.00;0;0;0
1;7;0.00;0.00;0;0;0
1;9;0.00;0.00;0;0;0
1;7;0.00;0.00;0;0;0
1;8;0.00;0.00;0;0;0
1;9;0.00;0.00;0;0;0
1;8;0.00;0.00;0;0;0
1;14;0.00;0.00;0;0;0
1;12;0.00;0.00;0;0;0
1;6;0.00;0.00;0;0;0
1;9;0.00;0.00;0;0;0
1;8;0.00;0.00;0;0;0
1;14;0.00;0.00;0;0;0
1;6;0.00;0.00;0;0;0
1;20;0.00;0.00;0;0;0
1;5;0.00;0.00;0;0;0
1;8;0.00;0.00;0;0;0
1;11;0.00;0.00;0;0;0
1;5;0.00;0.00;0;0;0
1;9;0.00;0.00;0;0;0
1;8;0.00;0.00;0;0;0
1;13;0.00;0.00;0;0;0
1;8;0.00;0.00;0;0;0
1;11;0.00;0.00;0;0;0
1;12;0.00;0.00;0;0;0
1;5;0.00;0.00;0;0;0
1;9;0.00;0.00;0;0;0
1;37;0.00;0.00;0;0;0
1;10;0.00;0.00;0;0;0
1;7;0.00;0.00;0;0;0
1;7;0.00;0.00;0;0;0
1;8;0.00;0.00;0;0;0
1;8;0.00;0.00;0;0;0
1;8;0.00;0.00;0;0;0
1;8;0.00;0.00;0;0;0
1;8;0.00;0.00;0;0;0
1;9;0.00;0.00;0;0;0
1;8;0.00;0.00;0;0;0
1;11;0.00;0.00;0;0;0
1;5;0.00;0.00;0;0;0
1;8;0.00;0.00;0;0;0
1;9;0.00;0.00;0;0;0
1;9;0.00;0.00;0;0;0
1;7;0.00;0.00;0;0;0
1;8;0.00;0.00;0;0;0
1;8;0.00;0.00;0;0;0
1;9;0.00;0.00;0;0;0
1;8;0.00;0.00;0;0;0
1;8;0.00;0.00;0;0;0
1;9;0.00;0.00;0;0;0
1;7;0.00;0.00;0;0;0
1;9;0.00;0.00;0;0;0
1;8;0.00;0.00;0;0;0
1;9;0.00;0.00;0;0;0
1;7;0.00;0.00;0;0;0
1;8;0.00;0.00;0;0;0
1;9;0.00;0.00;0;0;0
1;11;0.00;0.00;0;0;0
1;5;0.00;0.00;0;0;0
1;8;0.00;0.00;0;0;0
1;8;0.00;0.00;0;0;0
1;9;0.00;0.00;0;0;0
1;8;0.00;0.00;0;0;0
1;8;0.00;0.00;0;0;0
1;8;0.00;0.00;0;0;0
1;11;0.00;0.00;0;0;0
1;5;0.00;0.00;0;0;0
1;12;0.00;0.00;0;0;0
1;5;0.00;0.00;0;0;0
1;13;0.00;0.00;0;0;0
1;7;0.00;0.00;0;0;0
1;8;0.00;0.00;0;0;0
1;10;0.00;0.00;0;0;0
1;9;0.00;0.00;0;0;0
1;7;0.00;0.00;0;0;0
1;8;0.00;0.00;0;0;0
1;16;0.00;0.00;0;0;0
1;4;0.00;0.00;0;0;0
1;10;0.00;0.00;0;0;0
1;6;0.00;0.00;0;0;0
1;8;0.00;0.00;0;0;0
1;8;0.00;0.00;0;0;0
1;17;0.00;0.00;0;0;0
1;13;0.00;0.00;0;0;0
1;15;0.00;0.00;0;0;0
1;5;0.00;0.00;0;0;0
1;9;0.00;0.00;0;0;0
1;7;0.00;0.00;0;0;0
1;8;0.00;0.00;0;0;0
1;8;0.00;0.00;0;0;0
1;9;0.00;0.00;0;0;0
1;15;0.00;0.00;0;0;0
1;17;0.00;0.00;0;0;0
1;30;0.00;0.00;0;0;0
1;13;0.00;0.00;0;0;0
1;17;0.00;0.00;0;0;0
1;6;0.00;0.00;0;0;0
1;8;0.00;0.00;0;0;0
1;8;0.00;0.00;0;0;0
1;8;0.00;0.00;0;0;0
1;9;0.00;0.00;0;0;0
1;16;0.00;0.00;0;0;0
1;8;0.00;0.00;0;0;0
1;8;0.00;0.00;0;0;0
1;9;0.00;0.00;0;0;0
1;8;0.00;0.00;0;0;0
1;8;0.00;0.00;0;0;0
1;8;0.00;0.00;0;0;0
1;9;0.00;0.00;0;0;0
1;8;0.00;0.00;0;0;0
1;8;0.00;0.00;0;0;0
1;8;0.00;0.00;0;0;0
1;9;0.00;0.00;0;0;0
1;7;0.00;0.00;0;0;0
1;9;0.00;0.00;0;0;0
1;8;0.00;0.00;0;0;0
1;13;0.00;0.00;0;0;0
1;7;0.00;0.00;0;0;0
1;8;0.00;0.00;0;0;0
1;9;0.00;0.00;0;0;0
1;12;0.00;0.00;0;0;0
1;9;0.00;0.00;0;0;0
1;7;0.00;0.00;0;0;0
1;8;0.00;0.00;0;0;0
1;9;0.00;0.00;0;0;0
1;8;0.00;0.00;0;0;0
1;8;0.00;0.00;0;0;0
1;12;0.00;0.00;0;0;0
1;16;0.00;0.00;0;0;0
1;11;0.00;0.00;0;0;0
1;7;0.00;0.00;0;0;0
1;8;0.00;0.00;0;0;0
1;7;0.00;0.00;0;0;0
1;9;0.00;0.00;0;0;0
1;8;0.00;0.00;0;0;0
1;8;0.00;0.00;0;0;0
1;8;0.00;0.00;0;0;0
1;8;0.00;0.00;0;0;0
1;9;0.00;0.00;0;0;0
1;8;0.00;0.00;0;0;0
1;9;0.00;0.00;0;0;0
1;9;0.00;0.00;0;0;0
1;18;0.00;0.00;0;0;0
1;6;0.00;0.00;0;0;0
1;7;0.00;0.00;0;0;0
1;18;0.00;0.00;0;0;0
1;7;0.00;0.00;0;0;0
1;8;0.00;0.00;0;0;0
1;16;0.00;0.00;0;0;0
1;9;0.00;0.00;0;0;0
1;12;0.00;0.00;0;0;0
1;11;0.00;0.00;0;0;0
1;5;0.00;0.00;0;0;0
1;8;0.00;0.00;0;0;0
1;8;0.00;0.00;0;0;0
1;17;0.00;0.00;0;0;0
1;8;0.00;0.00;0;0;0
1;8;0.00;0.00;0;0;0
1;16;0.00;0.00;0;0;0
1;7;0.00;0.00;0;0;0
1;6;0.00;0.00;0;0;0
1;8;0.00;0.00;0;0;0
1;8;0.00;0.00;0;0;0
1;8;0.00;0.00;0;0;0
1;9;0.00;0.00;0;0;0
1;8;0.00;0.00;0;0;0
1;8;0.00;0.00;0;0;0
1;8;0.00;0.00;0;0;0
1;8;0.00;0.00;0;0;0
1;9;0.00;0.00;0;0;0
1;8;0.00;0.00;0;0;0
1;8;0.00;0.00;0;0;0
1;8;0.00;0.00;0;0;0
1;8;0.00;0.00;0;0;0
1;12;0.00;0.00;0;0;0
1;10;0.00;0.00;0;0;0
1;7;0.00;0.00;0;0;0
1;8;0.00;0.00;0;0;0
1;8;0.00;0.00;0;0;0
1;9;0.00;0.00;0;0;0
1;8;0.00;0.00;0;0;0
1;8;0.00;0.00;0;0;0
1;9;0.00;0.00;0;0;0
1;8;0.00;0.00;0;0;0
1;8;0.00;0.00;0;0;0
1;9;0.00;0.00;0;0;0
1;7;0.00;0.00;0;0;0
1;9;0.00;0.00;0;0;0
1;7;0.00;0.00;0;0;0
1;13;0.00;0.00;0;0;0
1;19;0.00;0.00;0;0;0
1;5;0.00;0.00;0;0;0
1;13;0.00;0.00;0;0;0
1;8;0.00;0.00;0;0;0
1;8;0.00;0.00;0;0;0
1;8;0.00;0.00;0;0;0
1;9;0.00;0.00;0;0;0
1;7;0.00;0.00;0;0;0
1;9;0.00;0.00;0;0;0
1;8;0.00;0.00;0;0;0
1;14;0.00;0.00;0;0;0
1;10;0.00;0.00;0;0;0
1;9;0.00;0.00;0;0;0
1;9;0.00;0.00;0;0;0
1;7;0.00;0.00;0;0;0
1;8;0.00;0.00;0;0;0
1;8;0.00;0.00;0;0;0
1;9;0.00;0.00;0;0;0
1;18;0.00;0.00;0;0;0
1;6;0.00;0.00;0;0;0
1;8;0.00;0.00;0;0;0
1;17;0.00;0.00;0;0;0
1;8;0.00;0.00;0;0;0
1;8;0.00;0.00;0;0;0
1;9;0.00;0.00;0;0;0
1;15;0.00;0.00;0;0;0
1;9;0.00;0.00;0;0;0
1;9;0.00;0.00;0;0;0
1;7;0.00;0.00;0;0;0
1;8;0.00;0.00;0;0;0
1;9;0.00;0.00;0;0;0
1;17;0.00;0.00;0;0;0
1;7;0.00;0.00;0;0;0
1;8;0.00;0.00;0;0;0
1;10;0.00;0.00;0;0;0
1;8;0.00;0.00;0;0;0
1;7;0.00;0.00;0;0;0
1;8;0.00;0.00;0;0;0
1;8;0.00;0.00;0;0;0
1;10;0.00;0.00;0;0;0
1;7;0.00;0.00;0;0;0
1;8;0.00;0.00;0;0;0
1;8;0.00;0.00;0;0;0
1;12;0.00;0.00;0;0;0
1;4;0.00;0.00;0;0;0
1;14;0.00;0.00;0;0;0
1;8;0.00;0.00;0;0;0
1;9;0.00;0.00;0;0;0
1;6;0.00;0.00;0;0;0
1;9;0.00;0.00;0;0;0
1;10;0.00;0.00;0;0;0
1;7;0.00;0.00;0;0;0
1;7;0.00;0.00;0;0;0
1;11;0.00;0.00;0;0;0
1;5;0.00;0.00;0;0;0
1;9;0.00;0.00;0;0;0
1;8;0.00;0.00;0;0;0
1;12;0.00;0.00;0;0;0
1;8;0.00;0.00;0;0;0
1;9;0.00;0.00;0;0;0
1;8;0.00;0.00;0;0;0
1;8;0.00;0.00;0;0;0
1;15;0.00;0.00;0;0;0
1;5;0.00;0.00;0;0;0
1;9;0.00;0.00;0;0;0
1;8;0.00;0.00;0;0;0
1;8;0.00;0.00;0;0;0
1;8;0.00;0.00;0;0;0
1;8;0.00;0.00;0;0;0
1;16;0.00;0.00;0;0;0
1;8;0.00;0.00;0;0;0
1;5;0.00;0.00;0;0;0
1;9;0.00;0.00;0;0;0
1;19;0.00;0.00;0;0;0
1;5;0.00;0.00;0;0;0
1;11;0.00;0.00;0;0;0
1;5;0.00;0.00;0;0;0
1;11;0.00;0.00;0;0;0
1;6;0.00;0.00;0;0;0
1;8;0.00;0.00;0;0;0
1;9;0.00;0.00;0;0;0
1;13;0.00;0.00;0;0;0
1;6;0.00;0.00;0;0;0
1;10;0.00;0.00;0;0;0
1;7;0.00;0.00;0;0;0
1;8;0.00;0.00;0;0;0
1;8;0.00;0.00;0;0;0
1;15;0.00;0.00;0;0;0
1;6;0.00;0.00;0;0;0
1;8;0.00;0.00;0;0;0
1;19;0.00;0.00;0;0;0
1;5;0.00;0.00;0;0;0
1;9;0.00;0.00;0;0;0
1;11;0.00;0.00;0;0;0
1;5;0.00;0.00;0;0;0
1;9;0.00;0.00;0;0;0
1;7;0.00;0.00;0;0;0
1;16;0.00;0.00;0;0;0
1;5;0.00;0.00;0;0;0
1;9;0.00;0.00;0;0;0
1;18;0.00;0.00;0;0;0
1;6;0.00;0.00;0;0;0
1;11;0.00;0.00;0;0;0
1;6;0.00;0.00;0;0;0
1;31;0.00;0.00;0;0;0
1;9;0.00;0.00;0;0;0
1;8;0.00;0.00;0;0;0
1;8;0.00;0.00;0;0;0
1;9;0.00;0.00;0;0;0
1;8;0.00;0.00;0;0;0
1;8;0.00;0.00;0;0;0
1;8;0.00;0.00;0;0;0
1;8;0.00;0.00;0;0;0
1;9;0.00;0.00;0;0;0
1;8;0.00;0.00;0;0;0
1;9;0.00;0.00;0;0;0
1;7;0.00;0.00;0;0;0
1;8;0.00;0.00;0;0;0
1;9;0.00;0.00;0;0;0
1;8;0.00;0.00;0;0;0
1;8;0.00;0.00;0;0;0
1;8;0.00;0.00;0;0;0
1;8;0.00;0.00;0;0;0
1;8;0.00;0.00;0;0;0
1;9;0.00;0.00;0;0;0
1;8;0.00;0.00;0;0;0
1;11;0.00;0.00;0;0;0
1;5;0.00;0.00;0;0;0
1;9;0.00;0.00;0;0;0
1;9;0.00;0.00;0;0;0
1;9;0.00;0.00;0;0;0
1;6;0.00;0.00;0;0;0
1;8;0.00;0.00;0;0;0
1;8;0.00;0.00;0;0;0
1;15;0.00;0.00;0;0;0
1;7;0.00;0.00;0;0;0
1;7;0.00;0.00;0;0;0
1;8;0.00;0.00;0;0;0
1;8;0.00;0.00;0;0;0
1;9;0.00;0.00;0;0;0
1;8;0.00;0.00;0;0;0
1;9;0.00;0.00;0;0;0
1;14;0.00;0.00;0;0;0
1;7;0.00;0.00;0;0;0
1;8;0.00;0.00;0;0;0
1;8;0.00;0.00;0;0;0
1;7;0.00;0.00;0;0;0
1;8;0.00;0.00;0;0;0
1;8;0.00;0.00;0;0;0
1;9;0.00;0.00;0;0;0
1;8;0.00;0.00;0;0;0
1;8;0.00;0.00;0;0;0
1;8;0.00;0.00;0;0;0
1;8;0.00;0.00;0;0;0
1;15;0.00;0.00;0;0;0
1;6;0.00;0.00;0;0;0
1;12;0.00;0.00;0;0;0
1;11;0.00;0.00;0;0;0
1;8;0.00;0.00;0;0;0
1;6;0.00;0.00;0;0;0
1;8;0.00;0.00;0;0;0
1;11;0.00;0.00;0;0;0
1;5;0.00;0.00;0;0;0
1;9;0.00;0.00;0;0;0
1;12;0.00;0.00;0;0;0
1;19;0.00;0.00;0;0;0
1;5;0.00;0.00;0;0;0
1;15;0.00;0.00;0;0;0
1;7;0.00;0.00;0;0;0
1;7;0.00;0.00;0;0;0
1;8;0.00;0.00;0;0;0
1;8;0.00;0.00;0;0;0
1;9;0.00;0.00;0;0;0
1;8;0.00;0.00;0;0;0
1;8;0.00;0.00;0;0;0
1;8;0.00;0.00;0;0;0
1;8;0.00;0.00;0;0;0
1;9;0.00;0.00;0;0;0
1;9;0.00;0.00;0;0;0
1;12;0.00;0.00;0;0;0
1;7;0.00;0.00;0;0;0
1;8;0.00;0.00;0;0;0
1;12;0.00;0.00;0;0;0
1;5;0.00;0.00;0;0;0
1;8;0.00;0.00;0;0;0
1;8;0.00;0.00;0;0;0
1;13;0.00;0.00;0;0;0
1;8;0.00;0.00;0;0;0
1;8;0.00;0.00;0;0;0
1;9;0.00;0.00;0;0;0
1;10;0.00;0.00;0;0;0
1;5;0.00;0.00;0;0;0
1;9;0.00;0.00;0;0;0
1;8;0.00;0.00;0;0;0
1;8;0.00;0.00;0;0;0
1;8;0.00;0.00;0;0;0
1;8;0.00;0.00;0;0;0
1;9;0.00;0.00;0;0;0
1;8;0.00;0.00;0;0;0
1;8;0.00;0.00;0;0;0
1;8;0.00;0.00;0;0;0
1;8;0.00;0.00;0;0;0
1;9;0.00;0.00;0;0;0
1;17;0.00;0.00;0;0;0
1;7;0.00;0.00;0;0;0
1;8;0.00;0.00;0;0;0
1;9;0.00;0.00;0;0;0
1;8;0.00;0.00;0;0;0
1;8;0.00;0.00;0;0;0
1;8;0.00;0.00;0;0;0
1;11;0.00;0.00;0;0;0
1;10;0.00;0.00;0;0;0
1;8;0.00;0.00;0;0;0
1;8;0.00;0.00;0;0;0
1;8;0.00;0.00;0;0;0
1;11;0.01;0.02;0;-1;0
1;14;0.00;0.00;0;0;0
1;9;0.00;0.00;0;0;0
1;8;0.00;0.00;0;0;0
1;7;0.00;0.00;0;0;0
1;10;0.00;0.00;0;0;0
1;11;0.00;0.00;0;0;0
1;8;0.00;0.00;0;0;0
1;12;0.01;0.02;0;-1;0
1;8;0.00;0.00;0;0;0
1;9;0.00;0.00;0;0;0
1;8;0.00;0.00;0;0;0
1;14;0.00;0.00;0;0;0
1;6;0.00;0.00;0;0;0
1;9;0.00;0.00;0;0;0
1;13;0.00;0.00;0;0;0
1;12;0.01;0.02;0;-1;0
1;7;0.00;0.00;0;0;0
1;10;0.00;0.00;0;0;0
1;8;0.00;0.00;0;0;0
1;8;0.00;0.00;0;0;0
1;7;0.00;0.00;0;0;0
1;10;0.00;0.00;0;0;0
1;6;0.00;0.00;0;0;0
1;11;0.01;0.02;0;-1;0
1;7;0.00;0.00;0;0;0
1;13;0.00;0.00;0;0;0
1;6;0.00;0.00;0;0;0
1;9;0.00;0.00;0;0;0
1;8;0.00;0.00;0;0;0
1;8;0.00;0.00;0;0;0
1;8;0.01;0.02;0;-1;0
1;8;0.00;0.00;0;0;0
1;8;0.00;0.00;0;0;0
1;9;0.00;0.00;0;0;0
1;8;0.00;0.00;0;0;0
1;11;0.00;0.00;0;0;0
1;5;0.00;0.00;0;0;0
1;8;0.00;0.00;0;0;0
1;12;0.01;0.02;0;-1;0
1;5;0.00;0.00;0;0;0
1;8;0.00;0.00;0;0;0
1;8;0.00;0.00;0;0;0
1;8;0.00;0.00;0;0;0
1;11;0.00;0.00;0;0;0
1;6;0.00;0.00;0;0;0
1;8;0.00;0.00;0;0;0
1;21;0.01;0.02;0;-1;0
1;8;0.00;0.00;0;0;0
1;12;0.00;0.00;0;0;0
1;9;0.00;0.00;0;0;0
1;7;0.00;0.00;0;0;0
1;9;0.00;0.00;0;0;0
1;8;0.01;0.02;0;-1;0
1;8;0.00;0.00;0;0;0
1;8;0.00;0.00;0;0;0
1;8;0.00;0.00;0;0;0
1;8;0.00;0.00;0;0;0
1;9;0.00;0.00;0;0;0
1;8;0.00;0.00;0;0;0
1;7;0.01;0.02;0;-1;0
1;11;0.00;0.00;0;0;0
1;5;0.00;0.00;0;0;0
1;10;0.00;0.00;0;0;0
1;10;0.00;0.00;0;0;0
1;5;0.00;0.00;0;0;0
1;18;0.00;0.00;0;0;0
1;7;0.01;0.02;0;-1;0
1;8;0.00;0.00;0;0;0
1;12;0.00;0.00;0;0;0
1;8;0.00;0.00;0;0;0
1;13;0.00;0.00;0;0;0
1;38;0.01;0.02;0;-1;0
1;7;0.00;0.00;0;0;0
1;8;0.00;0.00;0;0;0
1;8;0.00;0.00;0;0;0
1;8;0.00;0.00;0;0;0
1;8;0.00;0.00;0;0;0
1;9;0.00;0.00;0;0;0
1;8;0.00;0.00;0;0;0
1;8;0.00;0.00;0;0;0
1;8;0.00;0.00;0;0;0
1;8;0.00;0.00;0;0;0
1;9;0.00;0.00;0;0;0
1;8;0.00;0.00;0;0;0
1;8;0.00;0.00;0;0;0
1;8;0.00;0.00;0;0;0
1;8;0.00;0.00;0;0;0
1;8;0.00;0.00;0;0;0
1;9;0.00;0.00;0;0;0
1;8;0.00;0.00;0;0;0
1;8;0.00;0.00;0;0;0
1;8;0.00;0.00;0;0;0
1;8;0.00;0.00;0;0;0
1;9;0.00;0.00;0;0;0
1;9;0.00;0.00;0;0;0
1;7;0.01;0.02;0;-1;0
1;8;0.00;0.00;0;0;0
1;8;0.00;0.00;0;0;0
1;9;0.00;0.00;0;0;0
1;8;0.00;0.00;0;0;0
1;8;0.00;0.00;0;0;0
1;8;0.00;0.00;0;0;0
1;8;0.01;0.02;0;-1;0
1;10;0.00;0.00;0;0;0
1;7;0.00;0.00;0;0;0
1;8;0.00;0.00;0;0;0
1;8;0.00;0.00;0;0;0
1;12;0.01;0.02;0;-1;0
1;19;0.00;0.00;0;0;0
1;6;0.00;0.00;0;0;0
1;8;0.00;0.00;0;0;0
1;8;0.00;0.00;0;0;0
1;10;0.00;0.00;0;0;0
1;7;0.00;0.00;0;0;0
1;8;0.01;0.02;0;-1;0
1;19;0.00;0.00;0;0;0
1;6;0.00;0.00;0;0;0
1;8;0.00;0.00;0;0;0
1;14;0.00;0.00;0;0;0
1;6;0.00;0.00;0;0;0
1;8;0.00;0.00;0;0;0
1;9;0.01;0.02;0;-1;0
1;13;-0.01;0.02;0;0;1
1;7;0.00;0.00;0;0;0
1;11;0.00;0.00;0;0;0
1;5;0.00;0.00;0;0;0
1;11;0.01;0.02;0;-1;0
1;6;0.00;0.00;0;0;0
1;8;0.00;0.00;0;0;0
1;8;0.00;0.00;0;0;0
1;13;-0.01;0.02;0;0;1
1;8;0.00;0.00;0;0;0
1;9;0.01;0.02;0;-1;0
1;7;0.00;0.00;0;0;0
1;8;0.00;0.00;0;0;0
1;8;0.00;0.00;0;0;0
1;12;0.00;0.00;0;0;0
1;17;0.00;0.04;0;-1;1
1;8;0.00;0.00;0;0;0
1;9;0.00;0.00;0;0;0
1;8;0.00;0.00;0;0;0
1;8;0.00;0.00;0;0;0
1;16;0.01;0.02;0;-1;0
1;8;-0.01;0.02;0;0;1
1;9;0.00;0.00;0;0;0
1;11;0.00;0.00;0;0;0
1;5;0.00;0.00;0;0;0
1;14;0.01;0.02;0;-1;0
1;8;0.00;0.00;0;0;0
1;10;0.00;0.00;0;0;0
1;5;0.00;0.00;0;0;0
1;8;-0.01;0.02;0;0;1
1;8;0.00;0.00;0;0;0
1;7;0.01;0.02;0;-1;0
1;13;0.00;0.00;0;0;0
1;5;0.00;0.00;0;0;0
1;8;0.00;0.00;0;0;0
1;8;0.00;0.00;0;0;0
1;18;0.01;0.02;0;-1;0
1;7;-0.01;0.02;0;0;1
1;8;0.00;0.00;0;0;0
1;9;0.00;0.00;0;0;0
1;13;0.00;0.00;0;0;0
1;7;0.00;0.00;0;0;0
1;8;0.00;0.00;0;0;0
1;8;0.00;0.00;0;0;0
1;9;0.00;0.04;0;-1;1
1;7;0.00;0.00;0;0;0
1;9;0.00;0.00;0;0;0
1;8;0.00;0.00;0;0;0
1;8;0.00;0.00;0;0;0
1;7;0.00;0.00;0;0;0
1;9;0.01;0.02;0;-1;0
1;25;-0.01;0.02;0;0;1
1;19;0.01;0.02;0;-1;0
1;6;0.00;0.00;0;0;0
1;9;0.00;0.00;0;0;0
1;30;-0.01;0.02;0;0;1
1;6;0.01;0.02;0;-1;0
1;8;0.00;0.00;0;0;0
1;7;0.00;0.00;0;0;0
1;8;0.00;0.00;0;0;0
1;8;-0.01;0.02;0;0;1
1;11;0.00;0.00;0;0;0
1;7;0.00;0.00;0;0;0
1;7;0.01;0.02;0;-1;0
1;15;0.00;0.00;0;0;0
1;6;0.00;0.00;0;0;0
1;9;0.00;0.00;0;0;0
1;8;-0.01;0.02;0;0;1
1;10;0.00;0.00;0;0;0
1;8;0.01;0.02;0;-1;0
1;6;0.00;0.00;0;0;0
1;9;0.00;0.00;0;0;0
1;8;0.00;0.00;0;0;0
1;7;0.00;0.00;0;0;0
1;14;0.00;0.04;0;-1;1
1;7;0.00;0.00;0;0;0
1;9;0.00;0.00;0;0;0
1;21;0.00;0.00;0;0;0
1;8;0.00;0.00;0;0;0
1;8;-0.01;0.02;0;0;1
1;9;0.01;0.02;0;-1;0
1;7;0.00;0.00;0;0;0
1;7;0.00;0.00;0;0;0
1;9;0.00;0.00;0;0;0
1;7;0.00;0.00;0;0;0
1;10;-0.01;0.02;0;0;1
1;8;0.00;0.00;0;0;0
1;7;0.01;0.02;0;-1;0
1;8;0.00;0.00;0;0;0
1;9;0.00;0.00;0;0;0
1;9;0.00;0.00;0;0;0
1;45;0.00;0.04;0;-1;1
1;9;0.00;0.00;0;0;0
1;8;0.01;0.02;0;-1;0
1;11;0.00;0.00;0;0;0
1;9;0.00;0.00;0;0;0
1;7;0.00;0.00;0;0;0
1;8;-0.01;0.02;0;0;1
1;13;0.01;0.02;0;-1;0
1;8;0.00;0.00;0;0;0
1;9;0.00;0.00;0;0;0
1;9;0.00;0.00;0;0;0
1;7;-0.01;0.02;0;0;1
1;8;0.00;0.00;0;0;0
1;7;0.01;0.02;0;-1;0
1;11;0.00;0.00;0;0;0
1;7;0.00;0.00;0;0;0
1;7;0.00;0.00;0;0;0
1;7;-0.01;0.02;0;0;1
1;8;0.00;0.00;0;0;0
1;12;0.00;0.00;0;0;0
1;6;0.00;0.00;0;0;0
1;8;0.01;0.02;0;-1;0
1;7;0.00;0.00;0;0;0
1;8;-0.01;0.02;0;0;1
1;17;0.00;0.00;0;0;0
1;5;0.00;0.00;0;0;0
1;8;0.00;0.00;0;0;0
1;7;0.00;0.00;0;0;0
1;10;0.01;0.02;0;-1;0
1;8;0.00;0.00;0;0;0
1;8;0.00;0.00;0;0;0
1;11;-0.01;0.02;0;0;1
1;12;0.00;0.00;0;0;0
1;5;0.00;0.00;0;0;0
1;9;0.01;0.02;0;-1;0
1;7;-0.01;0.02;0;0;1
1;9;0.00;0.00;0;0;0
1;7;0.00;0.00;0;0;0
1;9;0.00;0.00;0;0;0
1;27;0.00;0.04;0;-1;1
1;9;0.00;0.00;0;0;0
1;5;0.00;0.00;0;0;0
1;16;0.00;0.00;0;0;0
1;12;0.00;0.04;0;-1;1
1;20;0.00;0.00;0;0;0
1;13;0.01;0.02;0;-1;0
1;5;0.00;0.00;0;0;0
1;8;0.00;0.00;0;0;0
1;8;-0.01;0.02;0;0;1
1;8;0.00;0.00;0;0;0
1;11;0.00;0.00;0;0;0
1;7;0.01;0.02;0;-1;0
1;7;0.00;0.00;0;0;0
1;18;0.00;0.00;0;0;0
1;7;-0.01;0.02;0;0;1
1;8;0.00;0.00;0;0;0
1;11;0.01;0.02;0;-1;0
1;5;0.00;0.00;0;0;0
1;8;0.00;0.00;0;0;0
1;9;0.00;0.00;0;0;0
1;10;-0.01;0.02;0;0;1
1;9;0.00;0.00;0;0;0
1;7;0.00;0.00;0;0;0
1;6;0.01;0.02;0;-1;0
1;9;0.00;0.00;0;0;0
1;7;-0.01;0.02;0;0;1
1;8;0.00;0.00;0;0;0
1;8;0.00;0.00;0;0;0
1;8;0.00;0.00;0;0;0
1;8;0.01;0.02;0;-1;0
1;9;0.00;0.00;0;0;0
1;8;-0.01;0.02;0;0;1
1;8;0.00;0.00;0;0;0
1;8;0.00;0.00;0;0;0
1;20;0.01;0.02;0;-1;0
1;6;0.00;0.00;0;0;0
1;7;0.00;0.00;0;0;0
1;8;0.00;0.00;0;0;0
1;8;0.01;0.02;0;-1;0
1;9;0.00;0.00;0;0;0
1;9;0.00;0.00;0;0;0
1;7;0.00;0.00;0;0;0
1;8;0.00;0.00;0;0;0
1;8;0.00;0.00;0;0;0
1;10;0.01;0.02;0;-1;0
1;7;0.00;0.00;0;0;0
1;10;0.00;0.00;0;0;0
1;7;0.00;0.00;0;0;0
1;13;0.00;0.00;0;0;0
1;9;0.00;0.00;0;0;0
1;10;0.00;0.00;0;0;0
1;11;0.01;0.02;0;-1;0
1;6;0.00;0.00;0;0;0
1;8;0.00;0.00;0;0;0
1;8;0.00;0.00;0;0;0
1;12;0.00;0.00;0;0;0
1;8;0.00;0.00;0;0;0
1;8;0.01;0.02;0;-1;0
1;9;0.00;0.00;0;0;0
1;13;0.00;0.00;0;0;0
1;12;0.00;0.00;0;0;0
1;15;0.00;0.00;0;0;0
1;6;0.01;0.02;0;-1;0
1;12;0.00;0.00;0;0;0
1;12;0.00;0.00;0;0;0
1;8;-0.01;0.02;0;0;1
1;13;0.00;0.00;0;0;0
1;7;0.00;0.00;0;0;0
1;8;0.01;0.02;0;-1;0
1;9;0.00;0.00;0;0;0
1;8;-0.01;0.02;0;0;1
1;9;0.00;0.00;0;0;0
1;8;0.00;0.00;0;0;0
1;8;0.00;0.00;0;0;0
1;13;0.01;0.02;0;-1;0
1;9;-0.01;0.02;0;0;1
1;7;0.00;0.00;0;0;0
1;11;0.00;0.00;0;0;0
1;5;0.00;0.00;0;0;0
1;8;0.00;0.00;0;0;0
1;8;0.00;0.04;0;-1;1
1;13;0.00;0.00;0;0;0
1;8;0.00;0.00;0;0;0
1;17;0.00;0.00;0;0;0
1;11;0.01;0.02;0;-1;0
1;6;-0.01;0.02;0;0;1
1;7;0.00;0.00;0;0;0
1;7;0.00;0.00;0;0;0
1;9;0.00;0.00;0;0;0
1;7;0.00;0.00;0;0;0
1;9;0.00;0.00;0;0;0
1;9;0.01;0.02;0;-1;0
1;9;-0.01;0.02;0;0;1
1;7;0.00;0.00;0;0;0
1;8;0.00;0.00;0;0;0
1;9;0.00;0.00;0;0;0
1;8;0.00;0.00;0;0;0
1;8;0.00;0.00;0;0;0
1;8;0.01;0.02;0;-1;0
1;7;0.00;0.00;0;0;0
1;10;0.00;0.00;0;0;0
1;7;0.00;0.00;0;0;0
1;8;0.00;0.00;0;0;0
1;8;0.00;0.00;0;0;0
1;8;0.01;0.02;0;-1;0
1;9;0.00;0.00;0;0;0
1;9;0.00;0.00;0;0;0
1;8;0.00;0.00;0;0;0
1;7;0.00;0.00;0;0;0
1;8;0.00;0.00;0;0;0
1;8;0.00;0.00;0;0;0
1;9;0.01;0.02;0;-1;0
1;8;0.00;0.00;0;0;0
1;8;0.00;0.00;0;0;0
1;8;0.00;0.00;0;0;0
1;8;0.00;0.00;0;0;0
1;9;0.00;0.00;0;0;0
1;8;0.00;0.00;0;0;0
1;8;0.00;0.00;0;0;0
1;8;0.01;0.02;0;-1;0
1;8;0.00;0.00;0;0;0
1;9;0.00;0.00;0;0;0
1;8;0.00;0.00;0;0;0
1;8;0.00;0.00;0;0;0
1;17;0.00;0.00;0;0;0
1;14;0.01;0.02;0;-1;0
1;11;0.00;0.00;0;0;0
1;8;0.00;0.00;0;0;0
1;7;0.00;0.00;0;0;0
1;10;0.00;0.00;0;0;0
1;7;0.00;0.00;0;0;0
1;8;0.00;0.00;0;0;0
1;8;0.01;0.02;0;-1;0
1;8;0.00;0.00;0;0;0
1;8;0.00;0.00;0;0;0
1;12;0.00;0.00;0;0;0
1;6;0.00;0.00;0;0;0
1;9;0.00;0.00;0;0;0
1;9;0.00;0.00;0;0;0
1;6;0.00;0.00;0;0;0
1;9;0.01;0.02;0;-1;0
1;11;0.00;0.00;0;0;0
1;8;0.00;0.00;0;0;0
1;8;0.00;0.00;0;0;0
1;8;0.00;0.00;0;0;0
1;10;0.00;0.00;0;0;0
1;20;0.01;0.02;0;-1;0
1;19;0.00;0.00;0;0;0
1;6;0.00;0.00;0;0;0
1;8;-0.01;0.02;0;0;1
1;14;0.00;0.00;0;0;0
1;7;0.01;0.02;0;-1;0
1;8;0.00;0.00;0;0;0
1;10;0.00;0.00;0;0;0
1;15;-0.01;0.02;0;0;1
1;9;0.00;0.00;0;0;0
1;7;0.00;0.00;0;0;0
1;7;0.00;0.00;0;0;0
1;31;0.00;0.04;0;-1;1
1;7;0.00;0.00;0;0;0
1;8;0.00;0.00;0;0;0
1;7;0.00;0.04;0;-1;1
1;8;0.00;0.00;0;0;0
1;8;0.00;0.00;0;0;0
1;13;0.00;0.00;0;0;0
1;5;0.00;0.00;0;0;0
1;8;0.00;0.00;0;0;0
1;7;-0.01;0.02;0;0;1
1;8;0.00;0.00;0;0;0
1;10;0.01;0.02;0;-1;0
1;8;0.00;0.00;0;0;0
1;8;0.00;0.00;0;0;0
1;9;0.00;0.00;0;0;0
1;7;0.00;0.00;0;0;0
1;7;-0.01;0.02;0;0;1
1;9;0.00;0.00;0;0;0
1;8;0.00;0.00;0;0;0
1;8;0.01;0.02;0;-1;0
1;8;0.00;0.00;0;0;0
1;8;0.00;0.00;0;0;0
1;9;0.00;0.00;0;0;0
1;8;0.00;0.00;0;0;0
1;8;0.00;0.00;0;0;0
1;12;0.01;0.02;0;-1;0
1;5;0.00;0.00;0;0;0
1;8;0.00;0.00;0;0;0
1;8;0.00;0.00;0;0;0
1;9;0.00;0.00;0;0;0
1;13;0.00;0.00;0;0;0
1;7;0.00;0.00;0;0;0
1;9;0.00;0.00;0;0;0
1;8;0.01;0.02;0;-1;0
1;7;0.00;0.00;0;0;0
1;8;0.00;0.00;0;0;0
1;8;0.00;0.00;0;0;0
1;13;0.00;0.00;0;0;0
1;9;0.00;0.00;0;0;0
1;7;0.00;0.00;0;0;0
1;11;0.01;0.02;0;-1;0
1;6;0.00;0.00;0;0;0
1;10;0.00;0.00;0;0;0
1;7;0.00;0.00;0;0;0
1;8;0.00;0.00;0;0;0
1;7;0.00;0.00;0;0;0
1;10;0.00;0.00;0;0;0
1;8;0.01;0.02;0;-1;0
1;11;0.00;0.00;0;0;0
1;9;0.00;0.00;0;0;0
1;9;0.00;0.00;0;0;0
1;8;0.00;0.00;0;0;0
1;9;0.00;0.00;0;0;0
1;16;0.01;0.02;0;-1;0
1;7;0.00;0.00;0;0;0
1;9;0.00;0.00;0;0;0
1;8;0.00;0.00;0;0;0
1;8;0.00;0.00;0;0;0
1;8;0.00;0.00;0;0;0
1;7;0.00;0.00;0;0;0
1;10;0.00;0.00;0;0;0
1;8;0.01;0.02;0;-1;0
1;7;0.00;0.00;0;0;0
1;9;0.00;0.00;0;0;0
1;11;0.00;0.00;0;0;0
1;8;0.00;0.00;0;0;0
1;12;0.00;0.00;0;0;0
1;9;-0.01;0.02;0;0;1
1;5;0.01;0.02;0;-1;0
1;8;0.00;0.00;0;0;0
1;7;0.00;0.00;0;0;0
1;12;0.00;0.00;0;0;0
1;7;0.00;0.00;0;0;0
1;7;-0.01;0.02;0;0;1
1;8;0.00;0.00;0;0;0
1;11;0.01;0.02;0;-1;0
1;16;0.00;0.00;0;0;0
1;6;0.00;0.00;0;0;0
1;10;-0.01;0.02;0;0;1
1;6;0.00;0.00;0;0;0
1;8;0.00;0.00;0;0;0
1;8;0.01;0.02;0;-1;0
1;11;0.00;0.00;0;0;0
1;6;0.00;0.00;0;0;0
1;8;0.00;0.00;0;0;0
1;7;-0.01;0.02;0;0;1
1;10;0.00;0.00;0;0;0
1;8;0.01;0.02;0;-1;0
1;8;0.00;0.00;0;0;0
1;7;0.00;0.00;0;0;0
1;8;0.00;0.00;0;0;0
1;10;-0.01;0.02;0;0;1
1;8;0.00;0.00;0;0;0
1;7;0.00;0.00;0;0;0
1;8;0.00;0.00;0;0;0
1;8;0.01;0.02;0;-1;0
1;9;0.00;0.00;0;0;0
1;8;-0.01;0.02;0;0;1
1;8;0.00;0.00;0;0;0
1;8;0.00;0.00;0;0;0
1;19;0.00;0.00;0;0;0
1;7;0.01;0.02;0;-1;0
1;7;-0.01;0.02;0;0;1
1;10;0.00;0.00;0;0;0
1;7;0.00;0.00;0;0;0
1;9;0.00;0.00;0;0;0
1;7;0.00;0.00;0;0;0
1;10;0.01;0.02;0;-1;0
1;7;0.00;0.00;0;0;0
1;8;0.00;0.00;0;0;0
1;9;0.00;0.00;0;0;0
1;8;0.00;0.00;0;0;0
1;8;0.00;0.00;0;0;0
1;7;0.00;0.00;0;0;0
1;9;0.01;0.02;0;-1;0
1;7;0.00;0.00;0;0;0
1;9;0.00;0.00;0;0;0
1;8;0.00;0.00;0;0;0
1;8;0.00;0.00;0;0;0
1;14;0.00;0.00;0;0;0
1;8;0.00;0.00;0;0;0
1;8;0.00;0.00;0;0;0
1;9;0.01;0.02;0;-1;0
1;7;0.00;0.00;0;0;0
1;8;0.00;0.00;0;0;0
1;18;0.00;0.00;0;0;0
1;11;0.00;0.00;0;0;0
1;8;0.00;0.00;0;0;0
1;12;0.01;0.02;0;-1;0
1;13;0.00;0.00;0;0;0
1;10;0.00;0.00;0;0;0
1;9;0.00;0.00;0;0;0
1;10;0.00;0.00;0;0;0
1;7;0.01;0.02;0;-1;0
1;10;-0.01;0.02;0;0;1
1;7;0.00;0.00;0;0;0
1;7;0.00;0.00;0;0;0
1;13;0.00;0.00;0;0;0
1;9;0.00;0.00;0;0;0
1;15;0.01;0.02;0;-1;0
1;11;-0.01;0.02;0;0;1
1;6;0.00;0.00;0;0;0
1;9;0.00;0.00;0;0;0
1;9;0.00;0.00;0;0;0
1;6;0.00;0.00;0;0;0
1;8;0.00;0.00;0;0;0
1;8;-0.01;0.02;0;0;1
1;14;0.01;0.02;0;-1;0
1;8;0.00;0.00;0;0;0
1;8;0.00;0.00;0;0;0
1;7;0.00;0.00;0;0;0
1;8;0.00;0.00;0;0;0
1;9;0.01;0.02;0;-1;0
1;8;-0.01;0.02;0;0;1
1;8;0.00;0.00;0;0;0
1;8;0.00;0.00;0;0;0
1;8;0.00;0.00;0;0;0
1;10;0.00;0.00;0;0;0
1;7;0.01;0.02;0;-1;0
1;8;0.00;0.00;0;0;0
1;8;-0.01;0.02;0;0;1
1;16;0.00;0.00;0;0;0
1;17;0.01;0.02;0;-1;0
1;8;0.00;0.00;0;0;0
1;8;0.00;0.00;0;0;0
1;8;-0.01;0.02;0;0;1
1;9;0.00;0.00;0;0;0
1;8;0.00;0.00;0;0;0
1;8;0.00;0.00;0;0;0
1;8;0.01;0.02;0;-1;0
1;8;0.00;0.00;0;0;0
1;9;-0.01;0.02;0;0;1
1;8;0.00;0.00;0;0;0
1;11;0.00;0.00;0;0;0
1;6;0.00;0.00;0;0;0
1;10;0.01;0.02;0;-1;0
1;7;0.00;0.00;0;0;0
1;11;0.00;0.00;0;0;0
1;8;-0.01;0.02;0;0;1
1;9;0.00;0.00;0;0;0
1;21;0.01;0.02;0;-1;0
1;10;0.00;0.00;0;0;0
1;7;0.00;0.00;0;0;0
1;12;0.00;0.00;0;0;0
1;8;0.00;0.00;0;0;0
1;9;0.01;0.02;0;-1;0
1;7;0.00;0.00;0;0;0
1;9;0.00;0.00;0;0;0
1;6;0.00;0.00;0;0;0
1;11;0.00;0.00;0;0;0
1;8;0.01;0.02;0;-1;0
1;7;0.00;0.00;0;0;0
1;7;0.00;0.00;0;0;0
1;8;0.00;0.00;0;0;0
1;21;0.00;0.00;0;0;0
1;6;0.01;0.02;0;-1;0
1;11;0.00;0.00;0;0;0
1;8;0.00;0.00;0;0;0
1;8;0.00;0.00;0;0;0
1;8;-0.01;0.02;0;0;1
1;9;0.00;0.00;0;0;0
1;8;0.00;0.00;0;0;0
1;7;0.01;0.02;0;-1;0
1;9;0.00;0.00;0;0;0
1;10;0.00;0.00;0;0;0
1;6;0.00;0.00;0;0;0
1;9;0.00;0.00;0;0;0
1;13;0.00;0.00;0;0;0
1;8;-0.01;0.02;0;0;1
1;11;0.01;0.02;0;-1;0
1;5;0.00;0.00;0;0;0
1;14;0.00;0.00;0;0;0
1;5;0.00;0.00;0;0;0
1;9;0.00;0.00;0;0;0
1;8;0.00;0.04;0;-1;1
1;8;0.00;0.00;0;0;0
1;9;0.00;0.00;0;0;0
1;12;0.00;0.00;0;0;0
1;5;0.00;0.00;0;0;0
1;12;0.01;0.02;0;-1;0
1;7;0.00;0.00;0;0;0
1;8;-0.01;0.02;0;0;1
1;8;0.00;0.00;0;0;0
1;9;0.00;0.00;0;0;0
1;13;0.01;0.02;0;-1;0
1;7;0.00;0.00;0;0;0
1;12;0.00;0.00;0;0;0
1;10;0.00;0.00;0;0;0
1;7;-0.01;0.02;0;0;1
1;8;0.00;0.00;0;0;0
1;9;0.01;0.02;0;-1;0
1;9;0.00;0.00;0;0;0
1;16;0.00;0.00;0;0;0
1;7;0.00;0.00;0;0;0
1;10;0.00;0.00;0;0;0
1;6;0.00;0.04;0;-1;1
1;9;0.00;0.00;0;0;0
1;8;0.00;0.00;0;0;0
1;9;0.00;0.00;0;0;0
1;14;0.00;0.00;0;0;0
1;10;0.01;0.02;0;-1;0
1;7;-0.01;0.02;0;0;1
1;9;0.00;0.00;0;0;0
1;11;0.00;0.00;0;0;0
1;10;0.00;0.00;0;0;0
1;8;0.01;0.02;0;-1;0
1;10;0.00;0.00;0;0;0
1;6;-0.01;0.02;0;0;1
1;14;0.00;0.00;0;0;0
1;6;0.00;0.00;0;0;0
1;9;0.00;0.00;0;0;0
1;17;0.01;0.02;0;-1;0
1;14;0.00;0.00;0;0;0
1;5;0.00;0.00;0;0;0
1;14;0.00;0.04;0;-1;1
1;8;0.00;0.00;0;0;0
1;7;0.00;0.00;0;0;0
1;12;0.00;0.00;0;0;0
1;9;0.00;0.00;0;0;0
1;8;0.00;0.00;0;0;0
1;8;0.00;0.04;0;-1;1
1;8;0.00;0.00;0;0;0
1;8;0.00;0.00;0;0;0
1;9;0.00;0.00;0;0;0
1;8;0.00;0.00;0;0;0
1;8;0.00;0.00;0;0;0
1;8;0.01;0.02;0;-1;0
1;10;-0.01;0.02;0;0;1
1;7;0.00;0.00;0;0;0
1;8;0.00;0.00;0;0;0
1;8;0.00;0.00;0;0;0
1;14;0.00;0.00;0;0;0
1;7;0.01;0.02;0;-1;0
1;8;-0.01;0.02;0;0;1
1;8;0.00;0.00;0;0;0
1;8;0.00;0.00;0;0;0
1;8;0.00;0.00;0;0;0
1;8;0.00;0.00;0;0;0
1;10;0.01;0.02;0;-1;0
1;8;0.00;0.00;0;0;0
1;7;0.00;0.00;0;0;0
1;8;0.00;0.00;0;0;0
1;8;0.00;0.00;0;0;0
1;9;-0.01;0.02;0;0;1
1;8;0.01;0.02;0;-1;0
1;9;0.00;0.00;0;0;0
1;7;0.00;0.00;0;0;0
1;8;0.00;0.00;0;0;0
1;9;0.00;0.00;0;0;0
1;13;0.00;0.00;0;0;0
1;12;0.00;0.04;0;-1;1
1;7;0.00;0.00;0;0;0
1;13;0.00;0.00;0;0;0
1;10;0.00;0.00;0;0;0
1;6;0.00;0.00;0;0;0
1;8;0.01;0.02;0;-1;0
1;8;-0.01;0.02;0;0;1
1;18;0.00;0.00;0;0;0
1;9;0.00;0.00;0;0;0
1;7;0.00;0.00;0;0;0
1;7;0.01;0.02;0;-1;0
1;8;0.00;0.00;0;0;0
1;18;-0.01;0.02;0;0;1
1;7;0.00;0.00;0;0;0
1;8;0.00;0.00;0;0;0
1;13;0.01;0.02;0;-1;0
1;8;0.00;0.00;0;0;0
1;16;-0.01;0.02;0;0;1
1;9;0.00;0.00;0;0;0
1;7;0.00;0.00;0;0;0
1;10;0.01;0.02;0;-1;0
1;7;0.00;0.00;0;0;0
1;11;0.00;0.00;0;0;0
1;5;0.00;0.00;0;0;0
1;11;-0.01;0.02;0;0;1
1;6;0.00;0.00;0;0;0
1;12;0.01;0.02;0;-1;0
1;10;0.00;0.00;0;0;0
1;10;0.00;0.00;0;0;0
1;9;0.00;0.00;0;0;0
1;8;-0.01;0.02;0;0;1
1;8;0.00;0.00;0;0;0
1;8;0.01;0.02;0;-1;0
1;8;0.00;0.00;0;0;0
1;9;0.00;0.00;0;0;0
1;8;0.00;0.00;0;0;0
1;11;-0.01;0.02;0;0;1
1;6;0.00;0.00;0;0;0
1;7;0.01;0.02;0;-1;0
1;9;0.00;0.00;0;0;0
1;8;0.00;0.00;0;0;0
1;8;0.00;0.00;0;0;0
1;11;0.00;0.00;0;0;0
1;16;0.00;0.04;0;-1;1
1;7;0.00;0.00;0;0;0
1;9;0.00;0.00;0;0;0
1;6;0.00;0.00;0;0;0
1;9;0.00;0.00;0;0;0
1;8;0.00;0.00;0;0;0
1;13;0.01;0.02;0;-1;0
1;11;0.00;0.00;0;0;0
1;8;0.00;0.00;0;0;0
1;10;-0.01;0.02;0;0;1
1;7;0.00;0.00;0;0;0
1;8;0.00;0.00;0;0;0
1;8;0.00;0.00;0;0;0
1;8;0.00;0.00;0;0;0
1;8;0.00;0.00;0;0;0
1;11;-0.01;0.02;0;0;1
1;6;0.00;0.00;0;0;0
1;9;0.00;0.00;0;0;0
1;11;0.00;0.00;0;0;0
1;16;0.00;0.04;0;-1;1
1;9;0.00;0.00;0;0;0
1;8;0.00;0.00;0;0;0
1;8;0.00;0.00;0;0;0
1;8;0.00;0.00;0;0;0
1;9;0.00;0.00;0;0;0
1;9;0.00;0.00;0;0;0
1;11;0.00;0.04;0;-1;1
1;6;0.00;0.00;0;0;0
1;7;0.00;0.00;0;0;0
1;8;0.00;0.00;0;0;0
1;10;0.00;0.00;0;0;0
1;6;0.00;0.00;0;0;0
1;8;0.01;0.02;0;-1;0
1;9;0.00;0.00;0;0;0
1;12;0.00;0.00;0;0;0
1;8;0.00;0.00;0;0;0
1;10;0.00;0.00;0;0;0
1;8;0.00;0.04;0;-1;1
1;6;0.00;0.00;0;0;0
1;9;0.00;0.00;0;0;0
1;8;0.00;0.00;0;0;0
1;11;0.00;0.00;0;0;0
1;6;0.00;0.00;0;0;0
1;9;-0.01;0.02;0;0;1
1;8;0.00;0.00;0;0;0
1;7;0.00;0.00;0;0;0
1;8;0.01;0.02;0;-1;0
1;8;0.00;0.00;0;0;0
1;8;0.00;0.00;0;0;0
1;8;-0.01;0.02;0;0;1
1;9;0.00;0.00;0;0;0
1;8;0.00;0.00;0;0;0
1;12;0.01;0.02;0;-1;0
1;10;0.00;0.00;0;0;0
1;7;0.00;0.00;0;0;0
1;9;-0.01;0.02;0;0;1
1;7;0.00;0.00;0;0;0
1;8;0.00;0.00;0;0;0
1;8;0.00;0.00;0;0;0
1;12;0.01;0.02;0;-1;0
1;6;0.00;0.00;0;0;0
1;10;0.00;0.00;0;0;0
1;5;-0.01;0.02;0;0;1
1;9;0.00;0.00;0;0;0
1;7;0.00;0.00;0;0;0
1;11;0.00;0.00;0;0;0
1;6;0.01;0.02;0;-1;0
1;15;0.00;0.00;0;0;0
1;5;0.00;0.00;0;0;0
1;10;0.00;0.00;0;0;0
1;8;-0.01;0.02;0;0;1
1;7;0.00;0.00;0;0;0
1;8;0.00;0.00;0;0;0
1;9;0.01;0.02;0;-1;0
1;7;0.00;0.00;0;0;0
1;9;0.00;0.00;0;0;0
1;8;-0.01;0.02;0;0;1
1;12;0.00;0.00;0;0;0
1;8;0.00;0.00;0;0;0
1;9;0.00;0.00;0;0;0
1;8;0.01;0.02;0;-1;0
1;9;-0.01;0.02;0;0;1
1;7;0.00;0.00;0;0;0
1;11;0.00;0.00;0;0;0
1;15;0.00;0.00;0;0;0
1;8;0.00;0.04;0;-1;1
1;10;0.00;0.00;0;0;0
1;6;0.00;0.00;0;0;0
1;7;0.00;0.00;0;0;0
1;9;0.00;0.00;0;0;0
1;9;0.00;0.00;0;0;0
1;7;0.00;0.00;0;0;0
1;8;0.00;0.04;0;-1;1
1;8;0.00;0.00;0;0;0
1;17;0.00;0.00;0;0;0
1;15;0.00;0.00;0;0;0
1;9;0.00;0.00;0;0;0
1;9;-0.01;0.02;0;0;1
1;12;0.01;0.02;0;-1;0
1;8;0.00;0.00;0;0;0
1;8;0.00;0.00;0;0;0
1;8;0.00;0.00;0;0;0
1;9;0.00;0.00;0;0;0
1;8;-0.01;0.02;0;0;1
1;14;0.01;0.02;0;-1;0
1;14;0.00;0.00;0;0;0
1;9;0.00;0.00;0;0;0
1;8;-0.01;0.02;0;0;1
1;9;0.00;0.00;0;0;0
1;7;0.00;0.00;0;0;0
1;8;0.01;0.02;0;-1;0
1;9;0.00;0.00;0;0;0
1;8;0.00;0.00;0;0;0
1;8;-0.01;0.02;0;0;1
1;8;0.00;0.00;0;0;0
1;8;0.00;0.00;0;0;0
1;9;0.01;0.02;0;-1;0
1;8;0.00;0.00;0;0;0
1;9;0.00;0.00;0;0;0
1;7;0.00;0.00;0;0;0
1;10;-0.01;0.02;0;0;1
1;7;0.00;0.00;0;0;0
1;8;0.00;0.00;0;0;0
1;8;0.01;0.02;0;-1;0
1;8;0.00;0.00;0;0;0
1;8;0.00;0.00;0;0;0
1;9;-0.01;0.02;0;0;1
1;8;0.00;0.00;0;0;0
1;17;0.00;0.00;0;0;0
1;7;0.00;0.00;0;0;0
1;8;0.00;0.00;0;0;0
1;9;-0.01;0.02;0;0;1
1;8;0.00;0.00;0;0;0
1;8;0.00;0.00;0;0;0
1;8;0.00;0.00;0;0;0
1;8;0.00;0.00;0;0;0
1;9;-0.01;0.02;0;0;1
1;8;0.00;0.00;0;0;0
1;8;0.00;0.00;0;0;0
1;8;0.00;0.00;0;0;0
1;8;0.00;0.00;0;0;0
1;9;-0.01;0.02;0;0;1
1;12;0.00;0.00;0;0;0
1;12;0.00;0.00;0;0;0
1;8;0.01;0.02;0;-1;0
1;11;0.00;0.00;0;0;0
1;6;0.00;0.00;0;0;0
1;8;-0.01;0.02;0;0;1
1;8;0.00;0.00;0;0;0
1;10;0.00;0.00;0;0;0
1;6;0.00;0.00;0;0;0
1;10;0.00;0.00;0;0;0
1;7;0.00;0.00;0;0;0
1;12;0.00;0.00;0;0;0
1;11;0.01;0.02;0;-1;0
1;7;-0.01;0.02;0;0;1
1;9;0.00;0.00;0;0;0
1;6;0.00;0.00;0;0;0
1;12;0.00;0.00;0;0;0
1;8;0.00;0.00;0;0;0
1;9;-0.01;0.02;0;0;1
1;11;0.01;0.02;0;-1;0
1;6;0.00;0.00;0;0;0
1;7;0.00;0.00;0;0;0
1;8;0.00;0.00;0;0;0
1;26;-0.01;0.02;0;0;1
1;7;0.00;0.00;0;0;0
1;10;0.01;0.02;0;-1;0
1;13;-0.01;0.02;0;0;1
1;6;0.00;0.00;0;0;0
1;10;0.00;0.00;0;0;0
1;8;0.00;0.00;0;0;0
1;13;0.01;0.02;0;-1;0
1;9;-0.01;0.02;0;0;1
1;5;0.00;0.00;0;0;0
1;11;0.00;0.00;0;0;0
1;5;0.00;0.00;0;0;0
1;8;0.00;0.00;0;0;0
1;10;0.00;0.00;0;0;0
1;7;-0.01;0.02;0;0;1
1;8;0.00;0.00;0;0;0
1;8;0.00;0.00;0;0;0
1;13;0.01;0.02;0;-1;0
1;11;-0.01;0.02;0;0;1
1;5;0.00;0.00;0;0;0
1;11;0.00;0.00;0;0;0
1;5;0.00;0.00;0;0;0
1;8;0.00;0.00;0;0;0
1;11;0.00;0.00;0;0;0
1;12;-0.01;0.02;0;0;1
1;8;0.00;0.00;0;0;0
1;6;-0.02;0.00;-1;0;0
1;9;0.00;0.00;0;0;0
1;8;0.00;0.00;0;0;0
1;8;0.00;0.00;0;0;0
1;8;-0.01;0.02;0;0;1
1;9;0.00;0.00;0;0;0
1;7;0.00;0.00;0;0;0
1;9;-0.02;0.00;-1;0;0
1;11;0.00;0.00;0;0;0
1;5;-0.01;0.02;0;0;1
1;8;0.00;0.00;0;0;0
1;8;0.00;0.00;0;0;0
1;9;-0.01;0.02;0;0;1
1;8;0.00;0.00;0;0;0
1;8;-0.01;0.02;0;0;1
1;8;0.00;0.00;0;0;0
1;8;0.00;0.00;0;0;0
1;9;0.00;0.00;0;0;0
1;8;0.00;0.00;0;0;0
1;8;-0.01;0.02;0;0;1
1;13;-0.02;0.00;-1;0;0
1;7;-0.01;0.02;0;0;1
1;11;0.00;0.00;0;0;0
1;6;0.00;0.00;0;0;0
1;11;-0.01;0.02;0;0;1
1;5;-0.02;0.00;-1;0;0
1;11;0.00;0.00;0;0;0
1;6;0.00;0.00;0;0;0
1;8;0.01;0.02;0;-1;0
1;8;0.00;0.00;0;0;0
1;9;-0.04;0.02;-1;0;1
1;7;0.00;0.00;0;0;0
1;10;0.00;0.00;0;0;0
1;7;0.00;0.00;0;0;0
1;9;0.00;0.00;0;0;0
1;7;0.00;0.00;0;0;0
1;8;0.00;0.00;0;0;0
1;12;0.00;0.00;0;0;0
1;13;-0.01;0.02;0;0;1
1;6;0.00;0.00;0;0;0
1;7;0.00;0.00;0;0;0
1;10;0.00;0.00;0;0;0
1;6;0.00;0.00;0;0;0
1;10;0.00;0.00;0;0;0
1;8;0.00;0.00;0;0;0
1;7;0.00;0.00;0;0;0
1;7;-0.01;0.02;0;0;1
1;9;0.00;0.00;0;0;0
1;8;0.00;0.00;0;0;0
1;15;-0.02;0.00;-1;0;0
1;6;0.00;0.00;0;0;0
1;12;0.00;0.00;0;0;0
1;9;-0.01;0.02;0;0;1
1;7;0.00;0.00;0;0;0
1;8;0.00;0.00;0;0;0
1;10;-0.01;0.02;0;0;1
1;12;-0.04;0.02;-1;0;1
1;7;0.00;0.00;0;0;0
1;8;0.00;0.00;0;0;0
1;8;-0.01;0.02;0;0;1
1;9;0.00;0.00;0;0;0
1;8;-0.01;0.02;0;0;1
1;16;-0.01;0.02;0;0;1
1;12;-0.02;0.04;-1;-1;1
1;16;-0.01;0.02;0;0;1
1;6;0.00;0.00;0;0;0
1;8;-0.01;0.02;0;0;1
1;11;0.00;0.04;0;-1;1
1;7;-0.02;0.00;-1;0;0
1;6;-0.01;0.02;0;0;1
1;21;-0.01;0.02;0;0;1
1;9;-0.02;0.00;-1;0;0
1;20;-0.01;0.02;0;0;1
1;13;0.00;0.00;0;0;0
1;11;0.00;0.00;0;0;0
1;9;0.00;0.00;0;0;0
1;7;0.00;0.00;0;0;0
1;9;-0.01;0.02;0;0;1
1;7;0.00;0.00;0;0;0
1;8;0.00;0.00;0;0;0
1;8;0.00;0.00;0;0;0
1;9;0.00;0.00;0;0;0
1;8;0.00;0.00;0;0;0
1;14;0.00;0.00;0;0;0
1;21;0.00;0.00;0;0;0
1;7;0.00;0.00;0;0;0
1;7;0.00;0.00;0;0;0
1;8;0.00;0.00;0;0;0
1;8;-0.01;0.02;0;0;1
1;8;0.00;0.00;0;0;0
1;9;0.00;0.00;0;0;0
1;8;0.00;0.00;0;0;0
1;8;0.00;0.00;0;0;0
1;8;0.00;0.00;0;0;0
1;8;0.00;0.00;0;0;0
1;9;-0.01;0.02;0;0;1
1;8;0.00;0.00;0;0;0
1;8;0.00;0.00;0;0;0
1;8;0.00;0.00;0;0;0
1;8;0.00;0.00;0;0;0
1;10;0.00;0.00;0;0;0
1;7;0.00;0.00;0;0;0
1;8;0.00;0.00;0;0;0
1;8;-0.01;0.02;0;0;1
1;8;0.00;0.00;0;0;0
1;9;0.00;0.00;0;0;0
1;8;0.00;0.00;0;0;0
1;9;0.00;0.00;0;0;0
1;7;0.00;0.00;0;0;0
1;8;0.00;0.00;0;0;0
1;8;-0.01;0.02;0;0;1
1;9;0.00;0.00;0;0;0
1;8;0.00;0.00;0;0;0
1;8;0.00;0.00;0;0;0
1;8;0.00;0.00;0;0;0
1;16;0.00;0.00;0;0;0
1;5;0.00;0.00;0;0;0
1;8;-0.01;0.02;0;0;1
1;8;0.00;0.00;0;0;0
1;8;0.00;0.00;0;0;0
1;8;0.00;0.00;0;0;0
1;12;0.00;0.00;0;0;0
1;7;0.00;0.00;0;0;0
1;7;0.00;0.00;0;0;0
1;7;0.00;0.00;0;0;0
1;12;-0.01;0.02;0;0;1
1;5;0.00;0.00;0;0;0
1;13;0.00;0.00;0;0;0
1;7;0.00;0.00;0;0;0
1;9;0.00;0.00;0;0;0
1;7;0.00;0.00;0;0;0
1;9;-0.01;0.02;0;0;1
1;8;0.00;0.00;0;0;0
1;14;0.00;0.04;0;-1;1
1;7;0.00;0.00;0;0;0
1;8;0.00;0.00;0;0;0
1;15;-0.01;0.02;0;0;1
1;5;0.00;0.00;0;0;0
1;27;-0.01;0.02;0;0;1
1;6;-0.01;0.02;0;0;1
1;8;0.01;0.02;0;-1;0
1;8;-0.01;0.02;0;0;1
1;8;0.00;0.00;0;0;0
1;9;-0.01;0.02;0;0;1
1;8;0.00;0.00;0;0;0
1;8;-0.01;0.02;0;0;1
1;8;0.01;0.02;0;-1;0
1;8;0.00;0.00;0;0;0
1;9;-0.01;0.02;0;0;1
1;8;0.00;0.00;0;0;0
1;8;-0.01;0.02;0;0;1
1;8;0.00;0.00;0;0;0
1;12;0.00;0.00;0;0;0
1;9;0.01;0.02;0;-1;0
1;8;-0.01;0.02;0;0;1
1;8;0.00;0.00;0;0;0
1;8;0.00;0.00;0;0;0
1;8;0.00;0.00;0;0;0
1;9;0.00;0.00;0;0;0
1;8;0.00;0.00;0;0;0
1;13;0.00;0.00;0;0;0
1;7;0.00;0.00;0;0;0
1;11;0.00;0.00;0;0;0
1;6;0.00;0.00;0;0;0
1;8;-0.01;0.02;0;0;1
1;8;0.00;0.00;0;0;0
1;9;0.00;0.00;0;0;0
1;7;0.00;0.00;0;0;0
1;9;0.00;0.00;0;0;0
1;9;0.00;0.00;0;0;0
1;8;0.00;0.00;0;0;0
1;30;-0.01;0.02;0;0;1
1;8;0.00;0.00;0;0;0
1;6;0.00;0.00;0;0;0
1;8;0.00;0.00;0;0;0
1;8;-0.01;0.02;0;0;1
1;9;0.00;0.00;0;0;0
1;8;0.00;0.00;0;0;0
1;8;0.00;0.00;0;0;0
1;8;0.00;0.00;0;0;0
1;8;-0.02;0.00;-1;0;0
1;9;-0.01;0.02;0;0;1
1;8;0.00;0.00;0;0;0
1;8;0.00;0.00;0;0;0
1;8;0.00;0.00;0;0;0
1;8;0.00;0.00;0;0;0
1;8;0.00;0.00;0;0;0
1;10;-0.04;0.02;-1;0;1
1;7;0.01;0.02;0;-1;0
1;8;0.00;0.00;0;0;0
1;8;-0.01;0.02;0;0;1
1;8;0.00;0.00;0;0;0
1;9;0.00;0.00;0;0;0
1;8;-0.01;0.02;0;0;1
1;8;-0.02;0.00;-1;0;0
1;8;-0.01;0.02;0;0;1
1;8;0.00;0.00;0;0;0
1;9;0.00;0.04;0;-1;1
1;8;0.00;0.00;0;0;0
1;8;-0.01;0.02;0;0;1
1;8;-0.01;0.02;0;0;1
1;8;0.00;0.00;0;0;0
1;13;-0.02;0.04;-1;-1;1
1;8;0.00;0.00;0;0;0
1;8;-0.01;0.02;0;0;1
1;8;0.00;0.00;0;0;0
1;8;0.00;0.00;0;0;0
1;9;-0.01;0.02;0;0;1
1;8;0.01;0.02;0;-1;0
1;8;0.00;0.00;0;0;0
1;8;0.00;0.00;0;0;0
1;8;0.00;0.00;0;0;0
1;9;0.00;0.00;0;0;0
1;9;-0.01;0.02;0;0;1
1;8;0.00;0.00;0;0;0
1;10;0.00;0.00;0;0;0
1;5;0.00;0.00;0;0;0
1;12;0.00;0.00;0;0;0
1;5;0.00;0.00;0;0;0
1;9;0.00;0.00;0;0;0
1;7;0.00;0.00;0;0;0
1;9;0.00;0.00;0;0;0
1;8;0.00;0.00;0;0;0
1;9;0.00;0.00;0;0;0
1;7;0.00;0.00;0;0;0
1;9;0.00;0.00;0;0;0
1;7;-0.01;0.02;0;0;1
1;14;0.00;0.00;0;0;0
1;7;0.00;0.00;0;0;0
1;8;0.00;0.00;0;0;0
1;8;0.00;0.00;0;0;0
1;9;-0.01;0.02;0;0;1
1;8;0.00;0.00;0;0;0
1;9;0.00;0.00;0;0;0
1;7;0.00;0.00;0;0;0
1;8;0.00;0.00;0;0;0
1;8;0.00;0.00;0;0;0
1;8;-0.01;0.02;0;0;1
1;9;0.00;0.00;0;0;0
1;8;0.00;0.00;0;0;0
1;8;0.00;0.00;0;0;0
1;16;0.00;0.00;0;0;0
1;9;0.00;0.00;0;0;0
1;8;0.00;0.00;0;0;0
1;9;-0.01;0.02;0;0;1
1;7;0.00;0.00;0;0;0
1;9;0.00;0.00;0;0;0
1;8;0.00;0.00;0;0;0
1;21;0.00;0.00;0;0;0
1;12;-0.01;0.02;0;0;1
1;8;0.00;0.00;0;0;0
1;8;0.00;0.00;0;0;0
1;8;0.00;0.00;0;0;0
1;8;0.00;0.00;0;0;0
1;10;0.00;0.00;0;0;0
1;7;-0.01;0.02;0;0;1
1;9;0.00;0.00;0;0;0
1;8;0.00;0.00;0;0;0
1;7;0.00;0.00;0;0;0
1;8;0.00;0.00;0;0;0
1;8;0.00;0.00;0;0;0
1;9;0.00;0.00;0;0;0
1;8;-0.01;0.02;0;0;1
1;8;0.00;0.00;0;0;0
1;8;0.00;0.00;0;0;0
1;9;0.00;0.00;0;0;0
1;8;0.00;0.00;0;0;0
1;8;0.00;0.00;0;0;0
1;8;0.00;0.00;0;0;0
1;8;0.00;0.00;0;0;0
1;8;-0.01;0.02;0;0;1
1;9;0.00;0.00;0;0;0
1;8;0.00;0.00;0;0;0
1;8;0.00;0.00;0;0;0
1;8;0.00;0.00;0;0;0
1;23;0.00;0.00;0;0;0
1;6;-0.01;0.02;0;0;1
1;8;0.00;0.00;0;0;0
1;8;0.00;0.00;0;0;0
1;8;0.00;0.00;0;0;0
1;9;0.00;0.00;0;0;0
1;8;0.00;0.00;0;0;0
1;8;-0.01;0.02;0;0;1
1;8;0.00;0.00;0;0;0
1;8;0.00;0.00;0;0;0
1;9;0.00;0.00;0;0;0
1;11;-0.01;0.02;0;0;1
1;7;0.00;0.00;0;0;0
1;8;0.00;0.00;0;0;0
1;8;0.00;0.00;0;0;0
1;7;0.00;0.00;0;0;0
1;8;0.00;0.00;0;0;0
1;9;0.00;0.00;0;0;0
1;8;-0.01;0.02;0;0;1
1;14;0.00;0.00;0;0;0
1;6;0.00;0.00;0;0;0
1;8;0.00;0.00;0;0;0
1;8;0.00;0.00;0;0;0
1;8;0.00;0.00;0;0;0
1;8;-0.01;0.02;0;0;1
1;9;0.00;0.00;0;0;0
1;8;0.00;0.00;0;0;0
1;10;0.00;0.00;0;0;0
1;7;0.00;0.00;0;0;0
1;7;0.00;0.00;0;0;0
1;8;-0.01;0.02;0;0;1
1;9;0.00;0.00;0;0;0
1;14;0.00;0.00;0;0;0
1;6;0.00;0.00;0;0;0
1;8;0.00;0.00;0;0;0
1;9;-0.01;0.02;0;0;1
1;8;0.00;0.00;0;0;0
1;8;0.00;0.00;0;0;0
1;8;0.00;0.00;0;0;0
1;8;0.00;0.00;0;0;0
1;10;-0.01;0.02;0;0;1
1;7;0.00;0.00;0;0;0
1;8;0.00;0.00;0;0;0
1;8;0.00;0.00;0;0;0
1;8;0.00;0.00;0;0;0
1;8;0.00;0.00;0;0;0
1;9;0.00;0.00;0;0;0
1;19;-0.01;0.02;0;0;1
1;5;0.00;0.00;0;0;0
1;8;0.00;0.00;0;0;0
1;9;0.00;0.00;0;0;0
1;12;0.00;0.00;0;0;0
1;8;0.00;0.00;0;0;0
1;8;0.00;0.00;0;0;0
1;8;-0.01;0.02;0;0;1
1;9;0.00;0.00;0;0;0
1;12;0.00;0.00;0;0;0
1;8;0.00;0.00;0;0;0
1;9;-0.01;0.02;0;0;1
1;11;0.00;0.00;0;0;0
1;7;0.00;0.00;0;0;0
1;6;0.00;0.00;0;0;0
1;9;0.00;0.00;0;0;0
1;9;-0.01;0.02;0;0;1
1;8;0.00;0.00;0;0;0
1;7;0.00;0.00;0;0;0
1;8;0.00;0.00;0;0;0
1;10;0.00;0.00;0;0;0
1;6;0.00;0.00;0;0;0
1;31;-0.01;0.02;0;0;1
1;6;0.00;0.00;0;0;0
1;8;0.00;0.00;0;0;0
1;9;0.00;0.00;0;0;0
1;8;-0.01;0.02;0;0;1
1;8;0.00;0.00;0;0;0
1;8;0.00;0.00;0;0;0
1;8;0.00;0.00;0;0;0
1;8;0.00;0.00;0;0;0
1;9;0.00;0.00;0;0;0
1;8;-0.01;0.02;0;0;1
1;8;0.00;0.00;0;0;0
1;8;0.00;0.00;0;0;0
1;9;0.00;0.00;0;0;0
1;10;0.00;0.00;0;0;0
1;10;0.00;0.00;0;0;0
1;8;-0.01;0.02;0;0;1
1;8;0.00;0.00;0;0;0
1;8;0.00;0.00;0;0;0
1;9;0.00;0.00;0;0;0
1;8;0.00;0.00;0;0;0
1;9;0.00;0.00;0;0;0
1;7;-0.01;0.02;0;0;1
1;9;0.00;0.00;0;0;0
1;8;0.00;0.00;0;0;0
1;8;0.00;0.00;0;0;0
1;8;0.00;0.00;0;0;0
1;8;0.00;0.00;0;0;0
1;8;0.00;0.00;0;0;0
1;9;-0.01;0.02;0;0;1
1;8;0.00;0.00;0;0;0
1;8;0.00;0.00;0;0;0
1;8;0.00;0.00;0;0;0
1;8;0.00;0.00;0;0;0
1;12;0.00;0.00;0;0;0
1;6;-0.01;0.02;0;0;1
1;7;0.00;0.00;0;0;0
1;8;0.00;0.00;0;0;0
1;8;0.00;0.00;0;0;0
1;9;0.00;0.00;0;0;0
1;9;0.00;0.00;0;0;0
1;7;0.00;0.00;0;0;0
1;8;0.00;0.00;0;0;0
1;9;0.00;0.00;0;0;0
1;7;0.00;0.00;0;0;0
1;9;0.00;0.00;0;0;0
1;8;0.00;0.00;0;0;0
1;8;0.00;0.00;0;0;0
1;12;0.00;0.00;0;0;0
1;34;0.00;0.00;0;0;0
1;11;0.00;0.00;0;0;0
1;9;0.00;0.00;0;0;0
1;8;0.00;0.00;0;0;0
1;8;0.00;0.00;0;0;0
1;8;0.00;0.00;0;0;0
1;8;-0.02;0.00;-1;0;0
1;11;0.00;0.00;0;0;0
1;7;0.00;0.00;0;0;0
1;8;0.00;0.00;0;0;0
1;7;0.00;0.00;0;0;0
1;10;0.00;0.00;0;0;0
1;9;0.00;0.00;0;0;0
1;11;0.00;0.00;0;0;0
1;10;-0.02;0.00;-1;0;0
1;9;0.00;0.00;0;0;0
1;10;0.00;0.00;0;0;0
1;13;0.00;0.00;0;0;0
1;6;0.00;0.00;0;0;0
1;13;-0.02;0.00;-1;0;0
1;13;0.00;0.00;0;0;0
1;7;0.00;0.00;0;0;0
1;32;-0.02;0.00;-1;0;0
1;9;0.00;0.00;0;0;0
1;9;0.00;0.00;0;0;0
1;8;0.00;0.00;0;0;0
1;11;0.00;0.00;0;0;0
1;12;0.00;0.00;0;0;0
1;5;0.00;0.00;0;0;0
1;11;0.00;0.00;0;0;0
1;8;0.00;0.00;0;0;0
1;8;0.00;0.00;0;0;0
1;9;-0.02;0.00;-1;0;0
1;14;0.00;0.00;0;0;0
1;7;0.00;0.00;0;0;0
1;25;0.00;0.00;0;0;0
1;8;0.00;0.00;0;0;0
1;8;0.00;0.00;0;0;0
1;8;0.00;0.00;0;0;0
1;8;0.00;0.00;0;0;0
1;9;-0.01;0.02;0;0;1
1;8;0.00;0.00;0;0;0
1;15;0.00;0.00;0;0;0
1;5;0.00;0.00;0;0;0
1;17;0.00;0.00;0;0;0
1;12;0.00;0.00;0;0;0
1;8;0.00;0.00;0;0;0
1;8;0.00;0.00;0;0;0
1;9;0.00;0.00;0;0;0
1;8;0.00;0.00;0;0;0
1;8;0.00;0.00;0;0;0
1;7;0.00;0.00;0;0;0
1;8;0.00;0.00;0;0;0
1;8;0.00;0.00;0;0;0
1;10;0.00;0.00;0;0;0
1;8;0.00;0.00;0;0;0
1;7;0.00;0.00;0;0;0
1;9;0.00;0.00;0;0;0
1;8;0.00;0.00;0;0;0
1;9;0.00;0.00;0;0;0
1;8;0.00;0.00;0;0;0
1;8;0.00;0.00;0;0;0
1;7;0.00;0.00;0;0;0
1;9;0.00;0.00;0;0;0
1;9;0.00;0.00;0;0;0
1;8;0.00;0.00;0;0;0
1;8;0.00;0.00;0;0;0
1;8;0.00;0.00;0;0;0
1;8;0.00;0.00;0;0;0
1;9;0.00;0.00;0;0;0
1;8;0.00;0.00;0;0;0
1;8;0.00;0.00;0;0;0
1;8;0.00;0.00;0;0;0
1;8;0.00;0.00;0;0;0
1;9;0.00;0.00;0;0;0
1;8;0.00;0.00;0;0;0
1;8;0.00;0.00;0;0;0
1;8;0.00;0.00;0;0;0
1;11;0.00;0.00;0;0;0
1;5;0.00;0.00;0;0;0
1;9;0.00;0.00;0;0;0
1;8;0.00;0.00;0;0;0
1;8;0.00;0.00;0;0;0
1;8;0.00;0.00;0;0;0
1;8;0.00;0.00;0;0;0
1;9;0.00;0.00;0;0;0
1;8;0.00;0.00;0;0;0
1;8;0.00;0.00;0;0;0
1;8;0.00;0.00;0;0;0
1;14;0.00;0.00;0;0;0
1;7;0.00;0.00;0;0;0
1;9;0.00;0.00;0;0;0
1;7;0.00;0.00;0;0;0
1;9;0.00;0.00;0;0;0
1;7;0.00;0.00;0;0;0
1;12;0.00;0.00;0;0;0
1;10;0.00;0.00;0;0;0
1;10;0.00;0.00;0;0;0
1;5;0.00;0.00;0;0;0
1;9;0.00;0.00;0;0;0
1;17;0.00;0.00;0;0;0
1;12;0.00;0.00;0;0;0
1;9;0.00;0.00;0;0;0
1;11;0.00;0.00;0;0;0
1;15;0.00;0.00;0;0;0
1;8;0.00;0.00;0;0;0
1;10;0.00;0.00;0;0;0
1;8;0.00;0.00;0;0;0
1;8;0.00;0.00;0;0;0
1;7;0.00;0.00;0;0;0
1;8;0.00;0.00;0;0;0
1;14;0.00;0.00;0;0;0
1;8;0.00;0.00;0;0;0
1;8;0.00;0.00;0;0;0
1;8;0.00;0.00;0;0;0
1;14;0.00;0.00;0;0;0
1;8;0.00;0.00;0;0;0
1;7;0.00;0.00;0;0;0
1;8;0.00;0.00;0;0;0
1;8;0.00;0.00;0;0;0
1;9;0.00;0.00;0;0;0
1;8;0.00;0.00;0;0;0
1;17;0.00;0.00;0;0;0
1;8;0.00;0.00;0;0;0
1;14;0.00;0.00;0;0;0
1;8;0.00;0.00;0;0;0
1;8;0.00;0.00;0;0;0
1;6;0.00;0.00;0;0;0
1;8;0.00;0.00;0;0;0
1;8;0.00;0.00;0;0;0
1;9;0.00;0.00;0;0;0
1;7;0.00;0.00;0;0;0
1;8;0.00;0.00;0;0;0
1;8;0.00;0.00;0;0;0
1;8;0.00;0.00;0;0;0
1;8;0.00;0.00;0;0;0
1;12;0.00;0.00;0;0;0
1;6;0.00;0.00;0;0;0
1;8;0.00;0.00;0;0;0
1;7;0.00;0.00;0;0;0
1;13;0.00;0.00;0;0;0
1;5;0.00;0.00;0;0;0
1;8;0.00;0.00;0;0;0
1;7;0.00;0.00;0;0;0
1;9;0.00;0.00;0;0;0
1;7;0.00;0.00;0;0;0
1;12;0.00;0.00;0;0;0
1;7;0.00;0.00;0;0;0
1;7;0.00;0.00;0;0;0
1;8;0.00;0.00;0;0;0
1;8;0.00;0.00;0;0;0
1;8;0.00;0.00;0;0;0
1;8;0.00;0.00;0;0;0
1;8;0.00;0.00;0;0;0
1;8;0.00;0.00;0;0;0
1;8;0.00;0.00;0;0;0
1;8;0.00;0.00;0;0;0
1;12;0.00;0.00;0;0;0
1;5;0.00;0.00;0;0;0
1;8;0.00;0.00;0;0;0
1;8;0.00;0.00;0;0;0
1;13;0.00;0.00;0;0;0
1;9;0.00;0.00;0;0;0
1;7;0.00;0.00;0;0;0
1;11;0.00;0.00;0;0;0
1;5;0.00;0.00;0;0;0
1;9;0.00;0.00;0;0;0
1;8;0.00;0.00;0;0;0
1;8;0.00;0.00;0;0;0
1;8;0.00;0.00;0;0;0
1;10;0.00;0.00;0;0;0
1;8;0.00;0.00;0;0;0
1;12;0.00;0.00;0;0;0
1;7;0.00;0.00;0;0;0
1;8;0.00;0.00;0;0;0
1;10;0.00;0.00;0;0;0
1;9;0.00;0.00;0;0;0
1;6;0.00;0.00;0;0;0
1;8;0.00;0.00;0;0;0
1;16;0.00;0.00;0;0;0
1;13;0.00;0.00;0;0;0
1;8;0.00;0.00;0;0;0
1;9;0.00;0.00;0;0;0
1;7;0.00;0.00;0;0;0
1;17;0.00;0.00;0;0;0
1;11;0.00;0.00;0;0;0
1;8;0.00;0.00;0;0;0
1;8;0.00;0.00;0;0;0
1;14;0.00;0.00;0;0;0
1;8;0.00;0.00;0;0;0
1;12;0.00;0.00;0;0;0
1;9;0.00;0.00;0;0;0
1;7;0.00;0.00;0;0;0
1;9;0.00;0.00;0;0;0
1;8;0.00;0.00;0;0;0
1;8;0.00;0.00;0;0;0
1;8;0.00;0.00;0;0;0
1;8;0.00;0.00;0;0;0
1;9;0.00;0.00;0;0;0
1;9;0.00;0.00;0;0;0
1;8;0.00;0.00;0;0;0
1;7;0.00;0.00;0;0;0
1;10;0.00;0.00;0;0;0
1;9;0.00;0.00;0;0;0
1;6;0.00;0.00;0;0;0
1;8;0.00;0.00;0;0;0
1;8;0.00;0.00;0;0;0
1;7;0.00;0.00;0;0;0
1;8;0.00;0.00;0;0;0
1;9;0.00;0.00;0;0;0
1;8;0.00;0.00;0;0;0
1;8;0.00;0.00;0;0;0
1;8;0.00;0.00;0;0;0
1;8;0.00;0.00;0;0;0
1;12;0.00;0.00;0;0;0
1;6;0.00;0.00;0;0;0
1;8;0.00;0.00;0;0;0
1;8;0.00;0.00;0;0;0
1;8;0.00;0.00;0;0;0
1;9;0.00;0.00;0;0;0
1;10;0.00;0.00;0;0;0
1;10;0.00;0.00;0;0;0
1;10;0.00;0.00;0;0;0
1;6;0.00;0.00;0;0;0
1;9;0.00;0.00;0;0;0
1;7;0.00;0.00;0;0;0
1;8;0.00;0.00;0;0;0
1;8;0.00;0.00;0;0;0
1;10;0.00;0.00;0;0;0
1;8;0.00;0.00;0;0;0
1;11;0.00;0.00;0;0;0
1;11;0.00;0.00;0;0;0
1;6;0.00;0.00;0;0;0
1;8;0.00;0.00;0;0;0
1;8;0.00;0.00;0;0;0
1;14;0.00;0.00;0;0;0
1;7;0.00;0.00;0;0;0
1;8;0.00;0.00;0;0;0
1;7;0.00;0.00;0;0;0
1;14;0.00;0.00;0;0;0
1;9;0.00;0.00;0;0;0
1;11;0.00;0.00;0;0;0
1;15;0.00;0.00;0;0;0
1;6;0.00;0.00;0;0;0
1;8;0.00;0.00;0;0;0
1;7;0.00;0.00;0;0;0
1;8;0.00;0.00;0;0;0
1;11;0.00;0.00;0;0;0
1;7;0.00;0.00;0;0;0
1;7;0.00;0.00;0;0;0
1;8;0.00;0.00;0;0;0
1;13;0.00;0.00;0;0;0
1;10;0.00;0.00;0;0;0
1;8;0.00;0.00;0;0;0
1;9;0.00;0.00;0;0;0
1;10;0.00;0.00;0;0;0
1;7;0.00;0.00;0;0;0
1;12;0.00;0.00;0;0;0
1;6;0.00;0.00;0;0;0
1;9;0.00;0.00;0;0;0
1;7;0.00;0.00;0;0;0
1;16;0.00;0.00;0;0;0
1;10;0.00;0.00;0;0;0
1;7;0.00;0.00;0;0;0
1;17;0.00;0.00;0;0;0
1;8;0.00;0.00;0;0;0
1;9;0.00;0.00;0;0;0
1;12;0.00;0.00;0;0;0
1;7;0.00;0.00;0;0;0
1;7;0.00;0.00;0;0;0
1;9;0.00;0.00;0;0;0
1;8;0.00;0.00;0;0;0
1;8;0.00;0.00;0;0;0
1;8;0.00;0.00;0;0;0
1;8;0.00;0.00;0;0;0
1;13;0.00;0.00;0;0;0
1;11;0.00;0.00;0;0;0
1;6;0.00;0.00;0;0;0
1;15;0.00;0.00;0;0;0
1;6;0.00;0.00;0;0;0
1;8;0.00;0.00;0;0;0
1;7;0.00;0.00;0;0;0
1;8;0.00;0.00;0;0;0
1;8;0.00;0.00;0;0;0
1;10;0.00;0.00;0;0;0
1;8;0.00;0.00;0;0;0
1;8;0.00;0.00;0;0;0
1;7;0.00;0.00;0;0;0
1;9;0.00;0.00;0;0;0
1;9;0.00;0.00;0;0;0
1;8;0.00;0.00;0;0;0
1;11;0.00;0.00;0;0;0
1;8;0.00;0.00;0;0;0
1;5;0.00;0.00;0;0;0
1;9;0.00;0.00;0;0;0
1;11;0.00;0.00;0;0;0
1;8;0.00;0.00;0;0;0
1;5;0.00;0.00;0;0;0
1;8;0.00;0.00;0;0;0
1;12;0.00;0.00;0;0;0
1;8;0.00;0.00;0;0;0
1;9;0.00;0.00;0;0;0
1;9;0.00;0.00;0;0;0
1;7;0.00;0.00;0;0;0
1;17;0.00;0.00;0;0;0
1;9;0.00;0.00;0;0;0
1;7;0.00;0.00;0;0;0
1;7;0.00;0.00;0;0;0
1;8;0.00;0.00;0;0;0
1;9;0.00;0.00;0;0;0
1;10;0.00;0.00;0;0;0
1;7;0.00;0.00;0;0;0
1;7;0.00;0.00;0;0;0
1;12;0.00;0.00;0;0;0
1;18;0.00;0.00;0;0;0
1;10;0.00;0.00;0;0;0
1;6;0.00;0.00;0;0;0
1;8;0.00;0.00;0;0;0
1;14;0.00;0.00;0;0;0
1;8;0.00;0.00;0;0;0
1;7;0.00;0.00;0;0;0
1;8;0.00;0.00;0;0;0
1;7;0.00;0.00;0;0;0
1;11;0.00;0.00;0;0;0
1;7;0.00;0.00;0;0;0
1;35;0.00;0.00;0;0;0
1;11;0.00;0.00;0;0;0
1;7;0.00;0.00;0;0;0
1;7;0.00;0.00;0;0;0
1;8;0.00;0.00;0;0;0
1;9;0.00;0.00;0;0;0
1;8;0.00;0.00;0;0;0
1;8;0.00;0.00;0;0;0
1;8;0.00;0.00;0;0;0
1;9;0.00;0.00;0;0;0
1;8;0.00;0.00;0;0;0
1;8;0.00;0.00;0;0;0
1;9;0.00;0.00;0;0;0
1;8;0.00;0.00;0;0;0
1;8;0.00;0.00;0;0;0
1;9;0.00;0.00;0;0;0
1;8;0.00;0.00;0;0;0
1;7;0.00;0.00;0;0;0
1;8;0.00;0.00;0;0;0
1;8;0.00;0.00;0;0;0
1;9;0.00;0.00;0;0;0
1;8;0.00;0.00;0;0;0
1;8;0.00;0.00;0;0;0
1;8;0.00;0.00;0;0;0
1;11;0.00;0.00;0;0;0
1;7;0.00;0.00;0;0;0
1;8;0.00;0.00;0;0;0
1;7;0.00;0.00;0;0;0
1;8;0.00;0.00;0;0;0
1;9;0.00;0.00;0;0;0
1;8;0.00;0.00;0;0;0
1;11;0.00;0.00;0;0;0
1;6;0.00;0.00;0;0;0
1;8;0.00;0.00;0;0;0
1;9;0.00;0.00;0;0;0
1;7;0.00;0.00;0;0;0
1;11;0.00;0.00;0;0;0
1;6;0.00;0.00;0;0;0
1;8;0.00;0.00;0;0;0
1;10;0.00;0.00;0;0;0
1;7;0.00;0.00;0;0;0
1;9;0.00;0.00;0;0;0
1;7;0.00;0.00;0;0;0
1;13;0.00;0.00;0;0;0
1;7;0.00;0.00;0;0;0
1;11;0.00;0.00;0;0;0
1;6;0.00;0.00;0;0;0
1;7;0.00;0.00;0;0;0
1;8;0.00;0.00;0;0;0
1;12;0.00;0.00;0;0;0
1;8;0.00;0.00;0;0;0
1;9;0.00;0.00;0;0;0
1;8;0.00;0.00;0;0;0
1;10;0.00;0.00;0;0;0
1;7;0.00;0.00;0;0;0
1;7;0.00;0.00;0;0;0
1;10;0.00;0.00;0;0;0
1;8;0.00;0.00;0;0;0
1;7;0.00;0.00;0;0;0
1;8;0.00;0.00;0;0;0
1;10;0.00;0.00;0;0;0
1;9;0.00;0.00;0;0;0
1;7;0.00;0.00;0;0;0
1;8;0.00;0.00;0;0;0
1;7;0.00;0.00;0;0;0
1;8;0.00;0.00;0;0;0
1;9;0.00;0.00;0;0;0
1;8;0.00;0.00;0;0;0
1;8;0.00;0.00;0;0;0
1;12;0.00;0.00;0;0;0
1;8;0.00;0.00;0;0;0
1;9;0.00;0.00;0;0;0
1;9;0.00;0.00;0;0;0
1;7;0.00;0.00;0;0;0
1;8;0.00;0.00;0;0;0
1;11;0.00;0.00;0;0;0
1;9;0.00;0.00;0;0;0
1;6;0.00;0.00;0;0;0
1;7;0.00;0.00;0;0;0
1;8;0.00;0.00;0;0;0
1;8;0.00;0.00;0;0;0
1;10;0.00;0.00;0;0;0
1;8;0.00;0.00;0;0;0
1;7;0.00;0.00;0;0;0
1;8;0.00;0.00;0;0;0
1;8;0.00;0.00;0;0;0
1;8;0.00;0.00;0;0;0
1;13;0.00;0.00;0;0;0
1;5;0.00;0.00;0;0;0
1;7;0.00;0.00;0;0;0
1;9;0.00;0.00;0;0;0
1;8;0.00;0.00;0;0;0
1;8;0.00;0.00;0;0;0
1;8;0.00;0.00;0;0;0
1;9;0.00;0.00;0;0;0
1;12;0.00;0.00;0;0;0
1;9;0.00;0.00;0;0;0
1;7;0.00;0.00;0;0;0
1;9;0.00;0.00;0;0;0
1;7;0.00;0.00;0;0;0
1;10;0.00;0.00;0;0;0
1;10;0.00;0.00;0;0;0
1;7;0.00;0.00;0;0;0
1;7;0.00;0.00;0;0;0
1;8;0.00;0.00;0;0;0
1;14;0.00;0.00;0;0;0
1;8;0.00;0.00;0;0;0
1;9;0.00;0.00;0;0;0
1;6;0.00;0.00;0;0;0
1;8;0.00;0.00;0;0;0
1;7;0.00;0.00;0;0;0
1;12;0.00;0.00;0;0;0
1;6;0.00;0.00;0;0;0
1;14;0.00;0.00;0;0;0
1;10;0.00;0.00;0;0;0
1;8;0.00;0.00;0;0;0
1;8;0.00;0.00;0;0;0
1;9;0.00;0.00;0;0;0
1;8;0.00;0.00;0;0;0
1;8;0.00;0.00;0;0;0
1;7;0.00;0.00;0;0;0
1;11;0.00;0.00;0;0;0
1;7;0.00;0.00;0;0;0
1;8;0.00;0.00;0;0;0
1;9;0.00;0.00;0;0;0
1;9;0.00;0.00;0;0;0
1;8;0.00;0.00;0;0;0
1;8;0.00;0.00;0;0;0
1;7;0.00;0.00;0;0;0
1;9;0.00;0.00;0;0;0
1;8;0.00;0.00;0;0;0
1;8;0.00;0.00;0;0;0
1;8;0.00;0.00;0;0;0
1;7;0.00;0.00;0;0;0
1;8;0.00;0.00;0;0;0
1;8;0.00;0.00;0;0;0
1;8;0.00;0.00;0;0;0
1;11;0.00;0.00;0;0;0
1;7;0.00;0.00;0;0;0
1;7;0.00;0.00;0;0;0
1;9;0.00;0.00;0;0;0
1;12;0.00;0.00;0;0;0
1;8;0.00;0.00;0;0;0
1;9;0.00;0.00;0;0;0
1;10;0.00;0.00;0;0;0
1;7;0.00;0.00;0;0;0
1;8;0.00;0.00;0;0;0
1;7;0.00;0.00;0;0;0
1;11;0.00;0.00;0;0;0
1;7;0.00;0.00;0;0;0
1;11;0.00;0.00;0;0;0
1;12;0.00;0.00;0;0;0
1;9;0.00;0.00;0;0;0
1;11;0.00;0.00;0;0;0
1;6;0.00;0.00;0;0;0
1;6;0.00;0.00;0;0;0
1;9;0.00;0.00;0;0;0
1;9;0.00;0.00;0;0;0
1;12;0.00;0.00;0;0;0
1;7;0.00;0.00;0;0;0
1;17;0.00;0.00;0;0;0
1;5;0.00;0.00;0;0;0
1;7;0.00;0.00;0;0;0
1;18;0.00;0.00;0;0;0
1;8;0.00;0.00;0;0;0
1;8;0.00;0.00;0;0;0
1;10;0.00;0.00;0;0;0
1;10;0.00;0.00;0;0;0
1;8;0.00;0.00;0;0;0
1;8;0.00;0.00;0;0;0
1;8;0.00;0.00;0;0;0
1;8;0.00;0.00;0;0;0
1;8;0.00;0.00;0;0;0
1;8;0.00;0.00;0;0;0
1;10;0.00;0.00;0;0;0
1;8;0.00;0.00;0;0;0
1;8;0.00;0.00;0;0;0
1;7;0.00;0.00;0;0;0
1;11;0.00;0.00;0;0;0
1;7;0.00;0.00;0;0;0
1;8;0.00;0.00;0;0;0
1;7;0.00;0.00;0;0;0
1;12;0.00;0.00;0;0;0
1;8;0.00;0.00;0;0;0
1;9;0.00;0.00;0;0;0
1;8;0.00;0.00;0;0;0
1;14;0.00;0.00;0;0;0
1;7;0.00;0.00;0;0;0
1;7;0.00;0.00;0;0;0
1;9;0.00;0.00;0;0;0
1;8;0.00;0.00;0;0;0
1;8;0.00;0.00;0;0;0
1;10;0.00;0.00;0;0;0
1;7;0.00;0.00;0;0;0
1;8;0.00;0.00;0;0;0
1;8;0.00;0.00;0;0;0
1;8;0.00;0.00;0;0;0
1;8;0.00;0.00;0;0;0
1;8;0.00;0.00;0;0;0
1;15;0.00;0.00;0;0;0
1;7;0.00;0.00;0;0;0
1;10;0.00;0.00;0;0;0
1;9;0.00;0.00;0;0;0
1;8;0.00;0.00;0;0;0
1;9;0.00;0.00;0;0;0
1;8;0.00;0.00;0;0;0
1;8;0.00;0.00;0;0;0
1;9;0.00;0.00;0;0;0
1;11;0.00;0.00;0;0;0
1;7;0.00;0.00;0;0;0
1;7;0.00;0.00;0;0;0
1;7;0.00;0.00;0;0;0
1;7;0.00;0.00;0;0;0
1;14;0.00;0.00;0;0;0
1;9;0.00;0.00;0;0;0
1;7;0.00;0.00;0;0;0
1;7;0.00;0.00;0;0;0
1;9;0.00;0.00;0;0;0
1;7;0.00;0.00;0;0;0
1;9;0.00;0.00;0;0;0
1;8;0.00;0.00;0;0;0
1;8;0.00;0.00;0;0;0
1;8;0.00;0.00;0;0;0
1;8;0.00;0.00;0;0;0
1;9;0.00;0.00;0;0;0
1;8;0.00;0.00;0;0;0
1;8;0.00;0.00;0;0;0
1;9;0.00;0.00;0;0;0
1;8;0.00;0.00;0;0;0
1;10;0.00;0.00;0;0;0
1;7;0.00;0.00;0;0;0
1;7;0.00;0.00;0;0;0
1;12;0.00;0.00;0;0;0
1;8;0.00;0.00;0;0;0
1;10;0.00;0.00;0;0;0
1;7;0.00;0.00;0;0;0
1;9;0.00;0.00;0;0;0
1;7;0.00;0.00;0;0;0
1;9;0.00;0.00;0;0;0
1;8;0.00;0.00;0;0;0
1;8;0.00;0.00;0;0;0
1;8;0.00;0.00;0;0;0
1;9;0.00;0.00;0;0;0
1;7;0.00;0.00;0;0;0
1;9;0.00;0.00;0;0;0
1;8;0.00;0.00;0;0;0
1;10;0.00;0.00;0;0;0
1;8;0.00;0.00;0;0;0
1;12;0.00;0.00;0;0;0
1;8;0.00;0.00;0;0;0
1;12;0.00;0.00;0;0;0
1;15;0.00;0.00;0;0;0
1;8;0.00;0.00;0;0;0
1;9;0.00;0.00;0;0;0
1;8;0.00;0.00;0;0;0
1;9;0.00;0.00;0;0;0
1;8;0.00;0.00;0;0;0
1;8;0.00;0.00;0;0;0
1;8;0.00;0.00;0;0;0
1;14;0.00;0.00;0;0;0
1;7;0.00;0.00;0;0;0
1;7;0.00;0.00;0;0;0
1;12;0.00;0.00;0;0;0
1;6;0.00;0.00;0;0;0
1;8;0.00;0.00;0;0;0
1;7;0.00;0.00;0;0;0
1;12;0.00;0.00;0;0;0
1;8;0.00;0.00;0;0;0
1;11;0.00;0.00;0;0;0
1;17;0.00;0.00;0;0;0
1;6;0.00;0.00;0;0;0
1;8;0.00;0.00;0;0;0
1;8;0.00;0.00;0;0;0
1;8;0.00;0.00;0;0;0
1;8;0.00;0.00;0;0;0
1;10;0.00;0.00;0;0;0
1;13;0.00;0.00;0;0;0
1;6;0.00;0.00;0;0;0
1;8;0.00;0.00;0;0;0
1;8;0.00;0.00;0;0;0
1;8;0.00;0.00;0;0;0
1;9;0.00;0.00;0;0;0
1;8;0.00;0.00;0;0;0
1;8;0.00;0.00;0;0;0
1;8;0.00;0.00;0;0;0
1;8;0.00;0.00;0;0;0
1;11;0.00;0.00;0;0;0
1;7;0.00;0.00;0;0;0
1;14;0.00;0.00;0;0;0
1;6;0.00;0.00;0;0;0
1;7;0.00;0.00;0;0;0
1;9;0.00;0.00;0;0;0
1;10;0.00;0.00;0;0;0
1;7;0.00;0.00;0;0;0
1;8;0.00;0.00;0;0;0
1;7;0.00;0.00;0;0;0
1;9;0.00;0.00;0;0;0
1;8;0.00;0.00;0;0;0
1;8;0.00;0.00;0;0;0
1;8;0.00;0.00;0;0;0
1;8;0.00;0.00;0;0;0
1;14;0.00;0.00;0;0;0
1;7;0.00;0.00;0;0;0
1;8;0.00;0.00;0;0;0
1;9;0.00;0.00;0;0;0
1;8;0.00;0.00;0;0;0
1;11;0.00;0.00;0;0;0
1;5;0.00;0.00;0;0;0
1;11;0.00;0.00;0;0;0
1;6;0.00;0.00;0;0;0
1;7;0.00;0.00;0;0;0
1;8;0.00;0.00;0;0;0
1;10;0.00;0.00;0;0;0
1;7;0.00;0.00;0;0;0
1;9;0.00;0.00;0;0;0
1;9;0.00;0.00;0;0;0
1;7;0.00;0.00;0;0;0
1;8;0.00;0.00;0;0;0
1;9;0.00;0.00;0;0;0
1;8;0.00;0.00;0;0;0
1;13;0.00;0.00;0;0;0
1;6;0.00;0.00;0;0;0
1;9;0.00;0.00;0;0;0
1;8;0.00;0.00;0;0;0
1;15;0.00;0.00;0;0;0
1;5;0.00;0.00;0;0;0
1;9;0.00;0.00;0;0;0
1;15;0.00;0.00;0;0;0
1;6;0.00;0.00;0;0;0
1;7;0.00;0.00;0;0;0
1;8;0.00;0.00;0;0;0
1;10;0.00;0.00;0;0;0
1;10;0.00;0.00;0;0;0
1;8;0.00;0.00;0;0;0
1;7;0.01;0.02;0;-1;0
1;10;0.00;0.00;0;0;0
1;9;0.00;0.00;0;0;0
1;8;0.00;0.00;0;0;0
1;12;0.00;0.00;0;0;0
1;10;0.00;0.00;0;0;0
1;8;0.00;0.00;0;0;0
1;7;0.00;0.00;0;0;0
1;9;0.01;0.02;0;-1;0
1;10;0.00;0.00;0;0;0
1;6;0.00;0.00;0;0;0
1;11;0.00;0.00;0;0;0
1;12;0.00;0.00;0;0;0
1;6;-0.02;0.00;-1;0;0
1;9;0.00;0.00;0;0;0
1;6;0.00;0.00;0;0;0
1;14;0.01;0.02;0;-1;0
1;11;0.00;0.00;0;0;0
1;8;0.00;0.00;0;0;0
1;15;0.00;0.00;0;0;0
1;8;0.00;0.00;0;0;0
1;6;0.00;0.00;0;0;0
1;8;0.00;0.00;0;0;0
1;11;0.01;0.02;0;-1;0
1;5;0.00;0.00;0;0;0
1;9;0.00;0.00;0;0;0
1;16;0.00;0.00;0;0;0
1;4;0.00;0.00;0;0;0
1;9;0.00;0.00;0;0;0
1;7;0.01;0.02;0;-1;0
1;20;0.00;0.00;0;0;0
1;5;0.00;0.00;0;0;0
1;14;0.00;0.00;0;0;0
1;11;0.00;0.00;0;0;0
1;9;0.00;0.00;0;0;0
1;7;0.00;0.00;0;0;0
1;9;0.00;0.00;0;0;0
1;7;0.00;0.00;0;0;0
1;11;0.00;0.00;0;0;0
1;8;0.00;0.00;0;0;0
1;8;0.00;0.00;0;0;0
1;7;0.00;0.00;0;0;0
1;18;0.00;0.00;0;0;0
1;10;0.00;0.00;0;0;0
1;8;0.00;0.00;0;0;0
1;4;0.00;0.00;0;0;0
1;8;0.00;0.00;0;0;0
1;8;0.00;0.00;0;0;0
1;9;0.00;0.00;0;0;0
1;8;0.00;0.00;0;0;0
1;8;0.01;0.02;0;-1;0
1;8;0.00;0.00;0;0;0
1;15;0.00;0.00;0;0;0
1;14;0.00;0.00;0;0;0
1;30;0.01;0.02;0;-1;0
1;21;0.00;0.00;0;0;0
1;7;0.00;0.00;0;0;0
1;8;0.00;0.00;0;0;0
1;9;0.00;0.00;0;0;0
1;10;0.00;0.00;0;0;0
1;7;0.00;0.00;0;0;0
1;7;0.00;0.00;0;0;0
1;11;0.00;0.00;0;0;0
1;6;0.00;0.00;0;0;0
1;8;0.00;0.00;0;0;0
1;7;0.00;0.00;0;0;0
1;10;0.00;0.00;0;0;0
1;7;0.00;0.00;0;0;0
1;8;0.00;0.00;0;0;0
1;8;0.00;0.00;0;0;0
1;13;0.00;0.00;0;0;0
1;7;0.00;0.00;0;0;0
1;11;0.00;0.00;0;0;0
1;11;0.00;0.00;0;0;0
1;8;0.00;0.00;0;0;0
1;7;0.00;0.00;0;0;0
1;8;0.00;0.00;0;0;0
1;9;0.00;0.00;0;0;0
1;8;0.00;0.00;0;0;0
1;8;0.00;0.00;0;0;0
1;8;0.00;0.00;0;0;0
1;8;0.00;0.00;0;0;0
1;22;0.00;0.00;0;0;0
1;8;0.00;0.00;0;0;0
1;12;0.00;0.00;0;0;0
1;15;0.00;0.00;0;0;0
1;5;0.00;0.00;0;0;0
1;8;0.00;0.00;0;0;0
1;8;0.00;0.00;0;0;0
1;8;0.00;0.00;0;0;0
1;8;0.00;0.00;0;0;0
1;9;0.00;0.00;0;0;0
1;8;0.00;0.00;0;0;0
1;8;0.00;0.00;0;0;0
1;8;0.00;0.00;0;0;0
1;8;0.00;0.00;0;0;0
1;10;0.00;0.00;0;0;0
1;7;0.00;0.00;0;0;0
1;8;0.00;0.00;0;0;0
1;8;0.00;0.00;0;0;0
1;8;0.00;0.00;0;0;0
1;9;0.00;0.00;0;0;0
1;8;0.00;0.00;0;0;0
1;8;0.00;0.00;0;0;0
1;8;0.00;0.00;0;0;0
1;8;0.00;0.00;0;0;0
1;9;0.00;0.00;0;0;0
1;8;0.00;0.00;0;0;0
1;8;0.00;0.00;0;0;0
1;8;0.00;0.00;0;0;0
1;8;0.00;0.00;0;0;0
1;8;0.00;0.00;0;0;0
1;9;0.00;0.00;0;0;0
1;8;0.00;0.00;0;0;0
1;8;0.00;0.00;0;0;0
1;8;0.00;0.00;0;0;0
1;8;0.00;0.00;0;0;0
1;9;0.00;0.00;0;0;0
1;8;0.00;0.00;0;0;0
1;10;0.00;0.00;0;0;0
1;7;0.00;0.00;0;0;0
1;7;0.00;0.00;0;0;0
1;9;0.00;0.00;0;0;0
1;8;0.00;0.00;0;0;0
1;8;0.00;0.00;0;0;0
1;8;0.00;0.00;0;0;0
1;8;0.00;0.00;0;0;0
1;9;0.00;0.00;0;0;0
1;8;0.00;0.00;0;0;0
1;8;0.00;0.00;0;0;0
1;8;0.00;0.00;0;0;0
1;11;0.00;0.00;0;0;0
1;7;0.00;0.00;0;0;0
1;7;0.00;0.00;0;0;0
1;8;0.00;0.00;0;0;0
1;8;0.00;0.00;0;0;0
1;8;0.00;0.00;0;0;0
1;8;0.00;0.00;0;0;0
1;9;0.00;0.00;0;0;0
1;8;0.00;0.00;0;0;0
1;9;0.00;0.00;0;0;0
1;8;0.00;0.00;0;0;0
1;8;0.00;0.00;0;0;0
1;8;0.00;0.00;0;0;0
1;9;0.00;0.00;0;0;0
1;7;0.00;0.00;0;0;0
1;10;0.00;0.00;0;0;0
1;7;0.00;0.00;0;0;0
1;10;0.00;0.00;0;0;0
1;8;0.00;0.00;0;0;0
1;10;0.00;0.00;0;0;0
1;5;0.00;0.00;0;0;0
1;7;0.00;0.00;0;0;0
1;9;0.00;0.00;0;0;0
1;8;0.00;0.00;0;0;0
1;8;0.00;0.00;0;0;0
1;8;0.00;0.00;0;0;0
1;8;0.00;0.00;0;0;0
1;8;0.00;0.00;0;0;0
1;9;0.00;0.00;0;0;0
1;19;0.00;0.00;0;0;0
1;9;0.00;0.00;0;0;0
1;9;0.00;0.00;0;0;0
1;10;0.00;0.00;0;0;0
1;7;0.00;0.00;0;0;0
1;7;0.00;0.00;0;0;0
1;8;0.00;0.00;0;0;0
1;16;0.00;0.00;0;0;0
1;5;0.00;0.00;0;0;0
1;9;0.00;0.00;0;0;0
1;7;0.00;0.00;0;0;0
1;8;0.00;0.00;0;0;0
1;9;0.00;0.00;0;0;0
1;8;0.00;0.00;0;0;0
1;16;0.00;0.00;0;0;0
1;9;0.00;0.00;0;0;0
1;11;0.00;0.00;0;0;0
1;5;0.00;0.00;0;0;0
1;8;0.00;0.00;0;0;0
1;9;0.00;0.00;0;0;0
1;10;0.00;0.00;0;0;0
1;5;0.00;0.00;0;0;0
1;13;0.00;0.00;0;0;0
1;6;0.00;0.00;0;0;0
1;11;0.00;0.00;0;0;0
1;7;0.00;0.00;0;0;0
1;25;0.00;0.00;0;0;0
1;8;0.00;0.00;0;0;0
1;9;0.00;0.00;0;0;0
1;8;0.00;0.00;0;0;0
1;8;0.00;0.00;0;0;0
1;8;0.00;0.00;0;0;0
1;10;0.00;0.00;0;0;0
1;7;0.00;0.00;0;0;0
1;7;0.00;0.00;0;0;0
1;9;0.00;0.00;0;0;0
1;8;0.00;0.00;0;0;0
1;8;0.00;0.00;0;0;0
1;8;0.00;0.00;0;0;0
1;8;0.00;0.00;0;0;0
1;10;0.00;0.00;0;0;0
1;7;0.00;0.00;0;0;0
1;9;0.00;0.00;0;0;0
1;7;0.00;0.00;0;0;0
1;9;0.00;0.00;0;0;0
1;8;0.00;0.00;0;0;0
1;8;0.00;0.00;0;0;0
1;9;0.00;0.00;0;0;0
1;7;0.00;0.00;0;0;0
1;8;0.00;0.00;0;0;0
1;9;0.00;0.00;0;0;0
1;8;0.00;0.00;0;0;0
1;8;0.00;0.00;0;0;0
1;8;0.00;0.00;0;0;0
1;8;0.00;0.00;0;0;0
1;8;0.00;0.00;0;0;0
1;10;0.00;0.00;0;0;0
1;7;0.00;0.00;0;0;0
1;8;0.00;0.00;0;0;0
1;8;0.00;0.00;0;0;0
1;9;0.00;0.00;0;0;0
1;8;0.00;0.00;0;0;0
1;8;0.00;0.00;0;0;0
1;20;0.02;0.00;1;0;0
1;10;0.00;0.00;0;0;0
1;7;0.00;0.00;0;0;0
1;8;0.00;0.00;0;0;0
1;10;0.00;0.00;0;0;0
1;8;0.00;0.00;0;0;0
1;7;0.02;0.00;1;0;0
1;8;0.00;0.00;0;0;0
1;13;0.00;0.00;0;0;0
1;8;0.00;0.00;0;0;0
1;11;0.00;0.00;0;0;0
1;19;0.02;0.00;1;0;0
1;7;0.00;0.00;0;0;0
1;9;0.00;0.00;0;0;0
1;7;0.00;0.00;0;0;0
1;8;0.00;0.00;0;0;0
1;8;0.00;0.00;0;0;0
1;8;0.00;0.00;0;0;0
1;8;0.00;0.00;0;0;0
1;8;0.02;0.00;1;0;0
1;9;0.00;0.00;0;0;0
1;8;0.00;0.00;0;0;0
1;12;0.00;0.00;0;0;0
1;17;0.00;0.00;0;0;0
1;8;0.02;0.00;1;0;0
1;11;0.00;0.00;0;0;0
1;5;0.00;0.00;0;0;0
1;8;0.00;0.00;0;0;0
1;16;0.00;0.00;0;0;0
1;5;0.00;0.00;0;0;0
1;9;0.00;0.00;0;0;0
1;7;0.00;0.00;0;0;0
1;13;0.00;0.00;0;0;0
1;9;0.00;0.00;0;0;0
1;17;0.02;0.00;1;0;0
1;7;0.00;0.00;0;0;0
1;7;0.00;0.00;0;0;0
1;8;0.00;0.00;0;0;0
1;13;-0.01;0.02;0;0;1
1;5;0.00;0.00;0;0;0
1;9;0.00;0.00;0;0;0
1;7;0.02;0.00;1;0;0
1;7;0.00;0.00;0;0;0
1;9;0.00;0.00;0;0;0
1;8;0.00;0.00;0;0;0
1;13;0.00;0.00;0;0;0
1;21;0.02;0.00;1;0;0
1;10;0.00;0.00;0;0;0
1;5;0.00;0.00;0;0;0
1;10;0.00;0.00;0;0;0
1;22;0.00;0.00;0;0;0
1;5;0.00;0.00;0;0;0
1;12;0.02;0.00;1;0;0
1;9;0.00;0.00;0;0;0
1;9;0.00;0.00;0;0;0
1;18;0.00;0.00;0;0;0
1;15;0.00;0.00;0;0;0
1;30;0.02;0.00;1;0;0
1;5;0.00;0.00;0;0;0
1;8;0.00;0.00;0;0;0
1;9;0.00;0.00;0;0;0
1;8;0.00;0.00;0;0;0
1;8;0.00;0.00;0;0;0
1;9;0.02;0.00;1;0;0
1;7;0.00;0.00;0;0;0
1;8;0.00;0.00;0;0;0
1;9;0.00;0.00;0;0;0
1;12;0.00;0.00;0;0;0
1;8;0.00;0.00;0;0;0
1;8;0.00;0.00;0;0;0
1;11;0.02;0.00;1;0;0
1;10;0.00;0.00;0;0;0
1;8;0.00;0.00;0;0;0
1;8;0.00;0.00;0;0;0
1;9;0.00;0.00;0;0;0
1;8;0.00;0.00;0;0;0
1;8;0.00;0.00;0;0;0
1;8;0.02;0.00;1;0;0
1;12;0.00;0.00;0;0;0
1;14;0.00;0.00;0;0;0
1;8;0.00;0.00;0;0;0
1;7;0.00;0.00;0;0;0
1;8;0.00;0.00;0;0;0
1;8;0.00;0.00;0;0;0
1;9;0.02;0.00;1;0;0
1;8;0.00;0.00;0;0;0
1;8;0.00;0.00;0;0;0
1;8;0.00;0.00;0;0;0
1;8;0.00;0.00;0;0;0
1;20;0.00;0.00;0;0;0
1;7;0.02;0.00;1;0;0
1;6;0.00;0.00;0;0;0
1;8;0.00;0.00;0;0;0
1;8;0.00;0.00;0;0;0
1;9;0.00;0.00;0;0;0
1;8;0.00;0.00;0;0;0
1;8;0.00;0.00;0;0;0
1;8;0.02;0.00;1;0;0
1;8;0.00;0.00;0;0;0
1;9;0.00;0.00;0;0;0
1;8;0.00;0.00;0;0;0
1;8;0.00;0.00;0;0;0
1;9;0.00;0.00;0;0;0
1;7;0.02;0.00;1;0;0
1;9;0.00;0.00;0;0;0
1;12;0.00;0.00;0;0;0
1;8;0.00;0.00;0;0;0
1;8;0.00;0.00;0;0;0
1;10;0.00;0.00;0;0;0
1;8;0.00;0.00;0;0;0
1;7;0.02;0.00;1;0;0
1;8;0.00;0.00;0;0;0
1;18;0.00;0.00;0;0;0
1;7;0.00;0.00;0;0;0
1;8;0.00;0.00;0;0;0
1;8;0.00;0.00;0;0;0
1;8;0.02;0.00;1;0;0
1;8;0.00;0.00;0;0;0
1;9;0.00;0.00;0;0;0
1;8;0.00;0.00;0;0;0
1;8;0.00;0.00;0;0;0
1;8;0.00;0.00;0;0;0
1;8;0.00;0.00;0;0;0
1;8;0.02;0.00;1;0;0
1;10;0.00;0.00;0;0;0
1;8;0.00;0.00;0;0;0
1;7;0.00;0.00;0;0;0
1;10;0.00;0.00;0;0;0
1;13;0.02;0.00;1;0;0
1;7;0.00;0.00;0;0;0
1;7;0.00;0.00;0;0;0
1;9;0.00;0.00;0;0;0
1;7;0.00;0.00;0;0;0
1;9;0.00;0.00;0;0;0
1;8;0.00;0.00;0;0;0
1;8;0.02;0.00;1;0;0
1;8;0.00;0.00;0;0;0
1;8;0.00;0.00;0;0;0
1;8;0.00;0.00;0;0;0
1;9;0.00;0.00;0;0;0
1;9;0.00;0.00;0;0;0
1;7;0.00;0.00;0;0;0
1;8;0.00;0.00;0;0;0
1;14;0.02;0.00;1;0;0
1;7;0.00;0.00;0;0;0
1;8;0.00;0.00;0;0;0
1;8;0.00;0.00;0;0;0
1;11;0.00;0.00;0;0;0
1;5;0.00;0.00;0;0;0
1;9;0.02;0.00;1;0;0
1;9;0.00;0.00;0;0;0
1;9;0.00;0.00;0;0;0
1;6;0.00;0.00;0;0;0
1;12;0.00;0.00;0;0;0
1;6;0.00;0.00;0;0;0
1;9;0.00;0.00;0;0;0
1;7;0.02;0.00;1;0;0
1;8;0.00;0.00;0;0;0
1;7;0.00;0.00;0;0;0
1;15;0.00;0.00;0;0;0
1;7;0.00;0.00;0;0;0
1;7;0.00;0.00;0;0;0
1;20;0.04;-0.02;1;0;-1
1;5;0.00;0.00;0;0;0
1;8;0.00;0.00;0;0;0
1;12;0.00;0.00;0;0;0
1;8;0.00;0.00;0;0;0
1;10;0.00;0.00;0;0;0
1;7;0.00;0.00;0;0;0
1;8;0.01;-0.02;0;0;-1
1;8;0.02;0.00;1;0;0
1;9;0.00;0.00;0;0;0
1;7;0.00;0.00;0;0;0
1;9;0.00;0.00;0;0;0
1;8;0.00;0.00;0;0;0
1;8;0.00;0.00;0;0;0
1;8;0.00;0.00;0;0;0
1;17;0.05;0.00;1;-1;-1
1;16;0.00;0.00;0;0;0
1;42;0.04;-0.02;1;0;-1
1;7;0.00;0.00;0;0;0
1;8;0.00;0.00;0;0;0
1;9;0.00;0.00;0;0;0
1;8;0.00;0.00;0;0;0
1;8;0.02;0.00;1;0;0
1;8;0.00;0.00;0;0;0
1;8;0.01;-0.02;0;0;-1
1;9;0.00;0.00;0;0;0
1;8;0.00;0.00;0;0;0
1;8;0.00;0.00;0;0;0
1;8;0.00;0.00;0;0;0
1;8;0.02;0.00;1;0;0
1;8;0.00;0.00;0;0;0
1;9;0.01;-0.02;0;0;-1
1;8;0.00;0.00;0;0;0
1;8;0.00;0.00;0;0;0
1;8;0.00;0.00;0;0;0
1;8;0.00;0.00;0;0;0
1;9;0.00;0.00;0;0;0
1;8;0.02;0.00;1;0;0
1;9;0.01;-0.02;0;0;-1
1;8;0.00;0.00;0;0;0
1;7;0.00;0.00;0;0;0
1;9;0.00;0.00;0;0;0
1;9;0.00;0.00;0;0;0
1;7;0.00;0.00;0;0;0
1;8;0.02;0.00;1;0;0
1;8;0.00;0.00;0;0;0
1;10;0.01;-0.02;0;0;-1
1;7;0.00;0.00;0;0;0
1;8;0.00;0.00;0;0;0
1;8;0.00;0.00;0;0;0
1;8;0.02;0.00;1;0;0
1;8;0.00;0.00;0;0;0
1;14;0.01;-0.02;0;0;-1
1;14;0.00;0.00;0;0;0
1;7;0.00;0.00;0;0;0
1;6;0.00;0.00;0;0;0
1;9;0.02;0.00;1;0;0
1;8;0.00;0.00;0;0;0
1;12;0.01;-0.02;0;0;-1
1;9;0.00;0.00;0;0;0
1;8;0.00;0.00;0;0;0
1;18;0.02;0.00;1;0;0
1;8;0.00;0.00;0;0;0
1;6;0.00;0.00;0;0;0
1;8;0.01;-0.02;0;0;-1
1;14;0.00;0.00;0;0;0
1;9;0.00;0.00;0;0;0
1;6;0.00;0.00;0;0;0
1;16;0.02;0.00;1;0;0
1;5;0.00;0.00;0;0;0
1;8;0.01;-0.02;0;0;-1
1;9;0.00;0.00;0;0;0
1;16;0.00;0.00;0;0;0
1;7;0.00;0.00;0;0;0
1;12;0.02;0.00;1;0;0
1;8;0.01;-0.02;0;0;-1
1;8;0.00;0.00;0;0;0
1;8;0.00;0.00;0;0;0
1;11;0.00;0.00;0;0;0
1;6;0.00;0.00;0;0;0
1;8;0.00;0.00;0;0;0
1;8;0.04;-0.02;1;0;-1
1;16;0.00;0.00;0;0;0
1;5;0.00;0.00;0;0;0
1;8;0.00;0.00;0;0;0
1;8;0.00;0.00;0;0;0
1;8;0.01;-0.02;0;0;-1
1;8;0.02;0.00;1;0;0
1;9;0.00;0.00;0;0;0
1;8;0.00;0.00;0;0;0
1;8;0.00;0.00;0;0;0
1;8;0.00;0.00;0;0;0
1;8;0.01;-0.02;0;0;-1
1;9;0.00;0.00;0;0;0
1;8;0.02;0.00;1;0;0
1;8;0.00;0.00;0;0;0
1;8;0.00;0.00;0;0;0
1;8;0.00;0.00;0;0;0
1;9;0.00;0.00;0;0;0
1;8;0.04;-0.02;1;0;-1
1;8;0.00;0.00;0;0;0
1;9;0.02;0.00;1;0;0
1;7;0.00;0.00;0;0;0
1;9;0.00;0.00;0;0;0
1;8;0.02;0.00;1;0;0
1;8;0.00;0.00;0;0;0
1;8;0.02;0.00;1;0;0
1;8;0.01;-0.02;0;0;-1
1;8;0.02;0.00;1;0;0
1;9;0.00;0.00;0;0;0
1;12;0.02;0.00;1;0;0
1;17;0.04;-0.02;1;0;-1
1;8;0.02;0.00;1;0;0
1;13;0.02;0.00;1;0;0
1;7;0.00;0.00;0;0;0
1;8;0.01;-0.02;0;0;-1
1;19;0.02;0.00;1;0;0
1;9;0.02;0.00;1;0;0
1;5;0.01;-0.02;0;0;-1
1;14;0.00;0.00;0;0;0
1;12;0.00;0.00;0;0;0
1;9;0.04;-0.02;1;0;-1
1;9;0.00;0.00;0;0;0
1;5;0.00;0.00;0;0;0
1;9;0.00;0.00;0;0;0
1;8;0.00;0.00;0;0;0
1;11;0.00;0.00;0;0;0
1;5;0.01;-0.02;0;0;-1
1;9;0.00;0.00;0;0;0
1;7;0.00;0.00;0;0;0
1;17;0.02;0.00;1;0;0
1;9;0.00;0.00;0;0;0
1;7;0.00;0.00;0;0;0
1;15;0.00;0.00;0;0;0
1;6;0.01;-0.02;0;0;-1
1;8;0.00;0.00;0;0;0
1;8;0.00;0.00;0;0;0
1;8;0.02;0.00;1;0;0
1;8;0.00;0.00;0;0;0
1;9;0.00;0.00;0;0;0
1;8;0.00;0.00;0;0;0
1;8;0.01;-0.02;0;0;-1
1;8;0.02;0.00;1;0;0
1;8;0.00;0.00;0;0;0
1;8;0.00;0.00;0;0;0
1;9;0.00;0.00;0;0;0
1;8;0.00;0.00;0;0;0
1;8;0.00;0.00;0;0;0
1;8;0.04;-0.02;1;0;-1
1;8;0.00;0.00;0;0;0
1;10;0.00;0.00;0;0;0
1;11;0.02;0.00;1;0;0
1;13;0.00;0.00;0;0;0
1;7;0.04;-0.02;1;0;-1
1;10;0.00;0.00;0;0;0
1;7;0.02;0.00;1;0;0
1;11;0.00;0.00;0;0;0
1;8;0.02;0.00;1;0;0
1;10;0.02;0.00;1;0;0
1;12;0.01;-0.02;0;0;-1
1;11;0.02;0.00;1;0;0
1;6;0.02;0.00;1;0;0
1;7;0.00;0.00;0;0;0
1;8;0.02;0.00;1;0;0
1;13;0.02;0.00;1;0;0
1;8;0.01;-0.02;0;0;-1
1;26;0.05;0.00;2;0;0
1;12;0.04;-0.02;1;0;-1
1;8;0.00;0.00;0;0;0
1;8;0.02;0.00;1;0;0
1;7;0.00;0.00;0;0;0
1;9;0.00;0.00;0;0;0
1;29;0.02;0.00;1;0;0
1;7;0.00;0.00;0;0;0
1;16;0.00;0.00;0;0;0
1;5;0.02;0.00;1;0;0
1;8;0.00;0.00;0;0;0
1;8;0.00;0.00;0;0;0
1;9;0.00;0.00;0;0;0
1;8;0.00;0.00;0;0;0
1;8;0.00;0.00;0;0;0
1;8;0.00;0.00;0;0;0
1;8;0.00;0.00;0;0;0
1;8;0.00;0.00;0;0;0
1;9;0.00;0.00;0;0;0
1;8;0.02;0.00;1;0;0
1;11;0.00;0.00;0;0;0
1;7;0.01;-0.02;0;0;-1
1;6;0.00;0.00;0;0;0
1;9;0.00;0.00;0;0;0
1;8;0.00;0.00;0;0;0
1;11;0.02;0.00;1;0;0
1;5;0.00;0.00;0;0;0
1;8;0.00;0.00;0;0;0
1;9;0.00;0.00;0;0;0
1;8;0.00;0.00;0;0;0
1;8;0.00;0.00;0;0;0
1;8;0.00;0.00;0;0;0
1;8;0.02;0.00;1;0;0
1;9;0.00;0.00;0;0;0
1;8;0.01;0.02;0;-1;0
1;8;0.00;0.00;0;0;0
1;10;0.00;0.00;0;0;0
1;7;0.00;0.00;0;0;0
1;9;0.02;0.00;1;0;0
1;7;0.00;0.00;0;0;0
1;13;0.00;0.00;0;0;0
1;7;0.02;0.00;1;0;0
1;8;0.00;0.00;0;0;0
1;9;0.01;0.02;0;-1;0
1;8;0.02;0.00;1;0;0
1;8;0.00;0.00;0;0;0
1;8;0.02;0.00;1;0;0
1;8;0.00;0.00;0;0;0
1;10;0.02;0.00;1;0;0
1;7;0.00;0.00;0;0;0
1;8;0.00;0.00;0;0;0
1;8;0.02;0.00;1;0;0
1;9;0.02;0.00;1;0;0
1;7;0.02;0.00;0;-1;-1
1;9;0.02;0.00;1;0;0
1;8;0.00;0.00;0;0;0
1;8;0.02;0.00;1;0;0
1;8;0.00;0.00;0;0;0
1;8;0.02;0.00;1;0;0
1;9;0.01;0.02;0;-1;0
1;10;0.01;-0.02;0;0;-1
1;7;0.00;0.00;0;0;0
1;7;0.02;0.00;1;0;0
1;8;0.00;0.00;0;0;0
1;11;0.00;0.00;0;0;0
1;6;0.00;0.00;0;0;0
1;9;0.01;0.02;0;-1;0
1;7;0.02;0.00;1;0;0
1;8;0.00;0.00;0;0;0
1;9;0.00;0.00;0;0;0
1;8;0.00;0.00;0;0;0
1;8;0.00;0.00;0;0;0
1;8;0.00;0.00;0;0;0
1;8;0.00;0.00;0;0;0
1;9;0.02;0.00;1;0;0
1;8;0.00;0.00;0;0;0
1;8;0.00;0.00;0;0;0
1;8;0.00;0.00;0;0;0
1;8;0.00;0.00;0;0;0
1;8;0.00;0.00;0;0;0
1;9;0.00;0.00;0;0;0
1;8;0.00;0.00;0;0;0
1;8;0.00;0.00;0;0;0
1;8;0.02;0.00;1;0;0
1;8;0.00;0.00;0;0;0
1;9;0.00;0.00;0;0;0
1;8;0.00;0.00;0;0;0
1;8;0.00;0.00;0;0;0
1;9;0.00;0.00;0;0;0
1;8;0.00;0.00;0;0;0
1;8;0.02;0.00;1;0;0
1;9;0.00;0.00;0;0;0
1;7;0.00;0.00;0;0;0
1;8;0.00;0.00;0;0;0
1;8;0.00;0.00;0;0;0
1;9;0.00;0.00;0;0;0
1;8;0.00;0.00;0;0;0
1;8;0.02;0.00;1;0;0
1;8;0.01;-0.02;0;0;-1
1;8;0.00;0.00;0;0;0
1;9;0.00;0.00;0;0;0
1;8;0.02;0.00;1;0;0
1;8;0.00;0.00;0;0;0
1;8;0.00;0.00;0;0;0
1;8;0.02;0.00;1;0;0
1;10;0.01;-0.02;0;0;-1
1;7;0.02;0.00;1;0;0
1;8;0.00;0.00;0;0;0
1;8;0.00;0.00;0;0;0
1;8;0.02;0.00;1;0;0
1;8;0.00;0.00;0;0;0
1;9;0.02;0.00;1;0;0
1;8;0.01;-0.02;0;0;-1
1;8;0.02;0.00;1;0;0
1;8;0.00;0.00;0;0;0
1;8;0.02;0.00;1;0;0
1;9;0.00;0.00;0;0;0
1;11;0.04;-0.02;1;0;-1
1;5;0.00;0.00;0;0;0
1;8;0.02;0.00;1;0;0
1;8;0.00;0.00;0;0;0
1;10;0.02;0.00;1;0;0
1;7;0.00;0.00;0;0;0
1;8;0.00;0.00;0;0;0
1;8;0.01;-0.02;0;0;-1
1;8;0.00;0.00;0;0;0
1;9;0.00;0.00;0;0;0
1;8;0.02;0.00;1;0;0
1;8;0.00;0.00;0;0;0
1;8;0.01;-0.02;0;0;-1
1;9;0.00;0.00;0;0;0
1;8;0.00;0.00;0;0;0
1;8;0.00;0.00;0;0;0
1;12;0.00;0.00;0;0;0
1;8;0.00;0.00;0;0;0
1;8;0.00;0.00;0;0;0
1;9;0.01;-0.02;0;0;-1
1;12;0.02;0.00;1;0;0
1;8;0.00;0.00;0;0;0
1;8;0.00;0.00;0;0;0
1;8;0.00;0.00;0;0;0
1;9;0.00;0.00;0;0;0
1;8;0.00;0.00;0;0;0
1;8;0.01;-0.02;0;0;-1
1;11;0.02;0.00;1;0;0
1;6;0.00;0.00;0;0;0
1;8;0.00;0.00;0;0;0
1;8;0.00;0.00;0;0;0
1;8;0.00;0.00;0;0;0
1;11;0.04;-0.02;1;0;-1
1;9;0.00;0.00;0;0;0
1;9;0.00;0.00;0;0;0
1;12;0.02;0.00;1;0;0
1;8;0.00;0.00;0;0;0
1;9;0.02;0.00;1;0;0
1;7;0.00;0.00;0;0;0
1;9;0.04;-0.02;1;0;-1
1;8;0.00;0.00;0;0;0
1;8;0.02;0.00;1;0;0
1;7;0.00;0.00;0;0;0
1;9;0.02;0.00;1;0;0
1;10;0.00;0.00;0;0;0
1;7;0.02;0.00;1;0;0
1;8;0.01;-0.02;0;0;-1
1;8;0.02;0.00;1;0;0
1;10;0.00;0.00;0;0;0
1;7;0.02;0.00;1;0;0
1;9;0.00;0.00;0;0;0
1;22;0.04;-0.02;1;0;-1
1;5;0.02;0.00;1;0;0
1;9;0.00;0.00;0;0;0
1;10;0.02;0.00;1;0;0
1;6;0.00;0.00;0;0;0
1;8;0.02;0.00;1;0;0
1;8;0.00;0.00;0;0;0
1;12;0.04;-0.02;1;0;-1
1;5;0.00;0.00;0;0;0
1;8;0.00;0.00;0;0;0
1;8;0.00;0.00;0;0;0
1;11;0.02;0.00;1;0;0
1;6;0.00;0.00;0;0;0
1;10;0.00;0.00;0;0;0
1;6;0.00;0.00;0;0;0
1;12;0.00;0.00;0;0;0
1;9;0.02;0.00;1;0;0
1;8;0.00;0.00;0;0;0
1;8;0.00;0.00;0;0;0
1;8;0.00;0.00;0;0;0
1;8;0.00;0.00;0;0;0
1;7;0.00;0.00;0;0;0
1;12;0.00;0.00;0;0;0
1;7;0.00;0.00;0;0;0
1;7;0.00;0.00;0;0;0
1;8;0.00;0.00;0;0;0
1;7;0.00;0.00;0;0;0
1;10;0.02;0.00;1;0;0
1;7;0.00;0.00;0;0;0
1;9;0.00;0.00;0;0;0
1;12;0.00;0.00;0;0;0
1;8;0.00;0.00;0;0;0
1;8;0.00;0.00;0;0;0
1;9;0.02;0.00;1;0;0
1;7;0.00;0.00;0;0;0
1;9;0.00;0.00;0;0;0
1;9;0.01;-0.02;0;0;-1
1;8;0.00;0.00;0;0;0
1;9;0.02;0.00;1;0;0
1;7;0.00;0.00;0;0;0
1;8;0.00;0.00;0;0;0
1;8;0.02;0.00;1;0;0
1;9;0.00;0.00;0;0;0
1;7;0.01;-0.02;0;0;-1
1;9;0.02;0.00;1;0;0
1;7;0.00;0.00;0;0;0
1;9;0.02;0.00;1;0;0
1;8;0.00;0.00;0;0;0
1;9;0.02;0.00;1;0;0
1;8;0.00;0.00;0;0;0
1;7;0.02;0.00;1;0;0
1;8;0.04;-0.02;1;0;-1
1;13;0.02;0.00;1;0;0
1;8;0.00;0.00;0;0;0
1;14;0.02;0.00;1;0;0
1;6;0.02;0.00;1;0;0
1;8;0.01;-0.02;0;0;-1
1;9;0.02;0.00;1;0;0
1;8;0.00;0.00;0;0;0
1;8;0.02;0.00;1;0;0
1;8;0.00;0.00;0;0;0
1;8;0.02;0.00;1;0;0
1;9;0.00;0.00;0;0;0
1;8;0.01;-0.02;0;0;-1
1;10;0.02;0.00;1;0;0
1;16;0.00;0.00;0;0;0
1;6;0.00;0.00;0;0;0
1;10;0.02;0.00;1;0;0
1;7;0.00;0.00;0;0;0
1;8;0.01;-0.02;0;0;-1
1;8;0.00;0.00;0;0;0
1;9;0.00;0.00;0;0;0
1;18;0.00;0.00;0;0;0
1;6;0.00;0.00;0;0;0
1;8;0.01;-0.02;0;0;-1
1;11;0.00;0.00;0;0;0
1;9;0.00;0.00;0;0;0
1;5;0.00;0.00;0;0;0
1;8;0.02;0.00;1;0;0
1;8;0.00;0.00;0;0;0
1;21;0.01;-0.02;0;0;-1
1;8;0.00;0.00;0;0;0
1;7;0.00;0.00;0;0;0
1;9;0.02;0.00;1;0;0
1;8;0.00;0.00;0;0;0
1;9;0.00;0.00;0;0;0
1;8;0.00;0.00;0;0;0
1;13;0.04;-0.02;1;0;-1
1;10;0.00;0.00;0;0;0
1;5;0.00;0.00;0;0;0
1;9;0.00;0.00;0;0;0
1;11;0.00;0.00;0;0;0
1;9;0.00;0.00;0;0;0
1;8;0.02;0.00;1;0;0
1;13;0.01;-0.02;0;0;-1
1;12;0.00;0.00;0;0;0
1;15;0.00;0.00;0;0;0
1;5;0.00;0.00;0;0;0
1;23;0.04;-0.02;1;0;-1
1;6;0.00;0.00;0;0;0
1;16;0.00;0.00;0;0;0
1;9;0.00;0.00;0;0;0
1;12;0.02;0.00;1;0;0
1;8;0.00;0.00;0;0;0
1;8;0.04;-0.02;1;0;-1
1;16;0.00;0.00;0;0;0
1;8;0.02;0.00;1;0;0
1;5;0.00;0.00;0;0;0
1;9;0.02;0.00;1;0;0
1;14;0.00;0.00;0;0;0
1;6;0.04;-0.02;1;0;-1
1;8;0.00;0.00;0;0;0
1;8;0.02;0.00;1;0;0
1;11;0.02;0.00;1;0;0
1;5;0.00;0.00;0;0;0
1;9;0.02;0.00;1;0;0
1;8;0.00;0.00;0;0;0
1;7;0.04;-0.02;1;0;-1
1;9;0.00;0.00;0;0;0
1;7;0.02;0.00;1;0;0
1;9;0.02;0.00;1;0;0
1;8;0.00;0.00;0;0;0
1;8;0.02;0.00;1;0;0
1;8;0.00;0.00;0;0;0
1;8;0.04;-0.02;1;0;-1
1;10;0.00;0.00;0;0;0
1;7;0.00;0.00;0;0;0
1;8;0.00;0.00;0;0;0
1;8;0.02;0.00;1;0;0
1;9;0.00;0.00;0;0;0
1;9;0.00;0.00;0;0;0
1;7;0.00;0.00;0;0;0
1;9;0.01;-0.02;0;0;-1
1;8;0.00;0.00;0;0;0
1;8;0.02;0.00;1;0;0
1;8;0.00;0.00;0;0;0
1;8;0.00;0.00;0;0;0
1;9;0.00;0.00;0;0;0
1;8;0.00;0.00;0;0;0
1;7;0.00;0.00;0;0;0
1;8;0.00;0.00;0;0;0
1;10;0.01;-0.02;0;0;-1
1;8;0.00;0.00;0;0;0
1;8;0.00;0.00;0;0;0
1;8;0.00;0.00;0;0;0
1;8;0.00;0.00;0;0;0
1;8;0.02;0.00;1;0;0
1;9;0.00;0.00;0;0;0
1;8;0.00;0.00;0;0;0
1;13;0.00;0.00;0;0;0
1;7;0.01;-0.02;0;0;-1
1;9;0.00;0.00;0;0;0
1;7;0.02;0.00;1;0;0
1;9;0.00;0.00;0;0;0
1;8;0.00;0.00;0;0;0
1;7;0.00;0.00;0;0;0
1;9;0.00;0.00;0;0;0
1;13;0.00;0.00;0;0;0
1;8;0.04;-0.02;1;0;-1
1;7;0.00;0.00;0;0;0
1;8;0.00;0.00;0;0;0
1;9;0.02;0.00;1;0;0
1;8;0.00;0.00;0;0;0
1;7;0.00;0.00;0;0;0
1;9;0.02;0.00;1;0;0
1;11;0.00;0.00;0;0;0
1;6;0.02;0.00;1;0;0
1;8;0.00;0.00;0;0;0
1;7;0.00;0.00;0;0;0
1;9;0.04;-0.02;1;0;-1
1;8;0.00;0.00;0;0;0
1;9;0.02;0.00;1;0;0
1;7;0.00;0.00;0;0;0
1;9;0.02;0.00;1;0;0
1;8;0.00;0.00;0;0;0
1;7;0.04;-0.02;1;0;-1
1;9;0.00;0.00;0;0;0
1;8;0.02;0.00;1;0;0
1;9;0.00;0.00;0;0;0
1;8;0.00;0.00;0;0;0
1;7;0.00;0.00;0;0;0
1;9;0.04;-0.02;1;0;-1
1;10;0.00;0.00;0;0;0
1;8;0.00;0.00;0;0;0
1;7;0.00;0.00;0;0;0
1;8;0.00;0.00;0;0;0
1;8;0.01;-0.02;0;0;-1
1;11;0.00;0.00;0;0;0
1;6;0.02;0.00;1;0;0
1;14;0.00;0.00;0;0;0
1;6;0.00;0.00;0;0;0
1;9;0.00;0.00;0;0;0
1;7;0.00;0.00;0;0;0
1;13;0.00;0.00;0;0;0
1;11;0.01;-0.02;0;0;-1
1;8;0.00;0.00;0;0;0
1;10;0.02;0.00;1;0;0
1;8;0.00;0.00;0;0;0
1;10;0.00;0.00;0;0;0
1;6;0.00;0.00;0;0;0
1;7;0.00;0.00;0;0;0
1;12;0.01;-0.02;0;0;-1
1;6;0.00;0.00;0;0;0
1;7;0.00;0.00;0;0;0
1;10;0.02;0.00;1;0;0
1;7;0.00;0.00;0;0;0
1;8;0.00;0.00;0;0;0
1;9;0.00;0.00;0;0;0
1;12;0.01;-0.02;0;0;-1
1;9;0.00;0.00;0;0;0
1;7;0.02;0.00;1;0;0
1;16;0.00;0.00;0;0;0
1;8;0.00;0.00;0;0;0
1;8;0.00;0.00;0;0;0
1;8;0.00;0.00;0;0;0
1;9;0.04;-0.02;1;0;-1
1;14;0.00;0.00;0;0;0
1;7;0.02;0.00;1;0;0
1;11;0.00;0.00;0;0;0
1;9;0.02;0.00;1;0;0
1;5;0.00;0.00;0;0;0
1;7;0.00;0.00;0;0;0
1;13;0.02;0.00;1;0;0
1;7;0.01;-0.02;0;0;-1
1;9;0.02;0.00;1;0;0
1;12;0.02;0.00;1;0;0
1;11;0.00;0.00;0;0;0
1;6;0.02;0.00;1;0;0
1;7;0.01;-0.02;0;0;-1
1;10;0.00;0.00;0;0;0
1;7;0.02;0.00;1;0;0
1;8;0.00;0.00;0;0;0
1;7;0.00;0.00;0;0;0
1;9;0.02;0.00;1;0;0
1;10;0.01;-0.02;0;0;-1
1;11;0.00;0.00;0;0;0
1;7;0.00;0.00;0;0;0
1;14;0.01;-0.02;0;0;-1
1;11;0.02;0.00;1;0;0
1;5;0.00;0.00;0;0;0
1;14;0.00;0.00;0;0;0
1;9;0.00;0.00;0;0;0
1;5;0.01;-0.02;0;0;-1
1;8;0.00;0.00;0;0;0
1;17;0.00;0.00;0;0;0
1;8;0.00;0.00;0;0;0
1;7;0.02;0.00;1;0;0
1;22;0.00;0.00;0;0;0
1;10;0.01;-0.02;0;0;-1
1;21;0.00;0.00;0;0;0
1;6;0.00;0.00;0;0;0
1;7;0.00;0.00;0;0;0
1;9;0.02;0.00;1;0;0
1;9;0.01;-0.02;0;0;-1
1;25;0.00;0.00;0;0;0
1;7;0.00;0.00;0;0;0
1;10;0.02;0.00;1;0;0
1;8;0.00;0.00;0;0;0
1;9;0.00;0.00;0;0;0
1;6;0.01;-0.02;0;0;-1
1;9;0.00;0.00;0;0;0
1;7;0.00;0.00;0;0;0
1;7;0.00;0.00;0;0;0
1;9;0.02;0.00;1;0;0
1;8;0.00;0.00;0;0;0
1;8;0.00;0.00;0;0;0
1;8;0.00;0.00;0;0;0
1;9;0.01;-0.02;0;0;-1
1;15;0.00;0.00;0;0;0
1;6;0.02;0.00;1;0;0
1;8;0.00;0.00;0;0;0
1;8;0.00;0.00;0;0;0
1;8;0.00;0.00;0;0;0
1;8;0.01;-0.02;0;0;-1
1;9;0.00;0.00;0;0;0
1;8;0.00;0.00;0;0;0
1;7;0.00;0.00;0;0;0
1;8;0.00;0.00;0;0;0
1;10;0.02;0.00;1;0;0
1;8;0.00;0.00;0;0;0
1;8;0.01;-0.02;0;0;-1
1;8;0.00;0.00;0;0;0
1;12;0.00;0.00;0;0;0
1;8;0.00;0.00;0;0;0
1;8;0.00;0.00;0;0;0
1;8;0.00;0.00;0;0;0
1;8;0.04;-0.02;1;0;-1
1;8;0.00;0.00;0;0;0
1;9;0.00;0.00;0;0;0
1;8;0.00;0.00;0;0;0
1;10;0.02;0.00;1;0;0
1;7;0.00;0.00;0;0;0
1;8;0.02;0.00;1;0;0
1;8;0.00;0.00;0;0;0
1;8;0.01;-0.02;0;0;-1
1;8;0.02;0.00;1;0;0
1;8;0.00;0.00;0;0;0
1;8;0.02;0.00;1;0;0
1;12;0.02;0.00;1;0;0
1;6;0.00;0.00;0;0;0
1;7;0.00;0.00;0;0;0
1;8;0.04;-0.02;1;0;-1
1;8;0.00;0.00;0;0;0
1;8;0.02;0.00;1;0;0
1;9;0.00;0.00;0;0;0
1;8;0.00;0.00;0;0;0
1;10;0.04;-0.02;1;0;-1
1;35;0.04;-0.02;1;0;-1
1;8;0.00;0.00;0;0;0
1;10;0.00;0.00;0;0;0
1;7;0.00;0.00;0;0;0
1;10;0.01;-0.02;0;0;-1
1;9;0.00;0.00;0;0;0
1;6;0.00;0.00;0;0;0
1;8;0.02;0.00;1;0;0
1;31;0.01;-0.02;0;0;-1
1;6;0.00;0.00;0;0;0
1;10;0.00;0.00;0;0;0
1;6;0.00;0.00;0;0;0
1;16;0.02;0.00;1;0;0
1;14;0.00;0.00;0;0;0
1;7;0.01;-0.02;0;0;-1
1;9;0.00;0.00;0;0;0
1;8;0.00;0.00;0;0;0
1;7;0.00;0.00;0;0;0
1;9;0.02;0.00;1;0;0
1;8;0.00;0.00;0;0;0
1;17;0.01;-0.02;0;0;-1
1;8;0.00;0.00;0;0;0
1;7;0.00;0.00;0;0;0
1;11;0.02;0.00;1;0;0
1;6;0.01;-0.02;0;0;-1
1;9;0.00;0.00;0;0;0
1;7;0.00;0.00;0;0;0
1;10;0.00;0.00;0;0;0
1;7;0.00;0.00;0;0;0
1;8;0.02;0.00;1;0;0
1;8;0.01;-0.02;0;0;-1
1;13;0.00;0.00;0;0;0
1;9;0.00;0.00;0;0;0
1;7;0.00;0.00;0;0;0
1;7;0.02;0.00;1;0;0
1;10;0.00;0.00;0;0;0
1;7;0.01;-0.02;0;0;-1
1;8;0.00;0.00;0;0;0
1;8;0.00;0.00;0;0;0
1;8;0.00;0.00;0;0;0
1;9;0.00;0.00;0;0;0
1;8;0.02;0.00;1;0;0
1;8;0.01;-0.02;0;0;-1
1;8;0.00;0.00;0;0;0
1;14;0.00;0.00;0;0;0
1;12;0.00;0.00;0;0;0
1;8;0.00;0.00;0;0;0
1;19;0.04;-0.02;1;0;-1
1;14;0.00;0.00;0;0;0
1;21;0.00;0.00;0;0;0
1;11;0.04;-0.02;1;0;-1
1;25;0.00;0.00;0;0;0
1;13;0.00;0.00;0;0;0
1;9;0.02;0.00;1;0;0
1;7;0.01;-0.02;0;0;-1
1;8;0.00;0.00;0;0;0
1;12;0.00;0.00;0;0;0
1;9;0.00;0.00;0;0;0
1;11;0.00;0.00;0;0;0
1;13;0.04;-0.02;1;0;-1
1;7;0.00;0.00;0;0;0
1;8;0.00;0.00;0;0;0
1;14;0.00;0.00;0;0;0
1;15;0.02;0.00;1;0;0
1;9;0.04;-0.02;1;0;-1
1;10;0.00;0.00;0;0;0
1;7;0.00;0.00;0;0;0
1;8;0.02;0.00;1;0;0
1;8;0.00;0.00;0;0;0
1;9;0.02;0.00;1;0;0
1;7;0.00;0.00;0;0;0
1;9;0.02;0.00;1;0;0
1;8;0.00;0.00;0;0;0
1;9;0.04;-0.02;1;0;-1
1;7;0.00;0.00;0;0;0
1;9;0.00;0.00;0;0;0
1;8;0.02;0.00;1;0;0
1;7;0.00;0.00;0;0;0
1;8;0.01;-0.02;0;0;-1
1;10;0.00;0.00;0;0;0
1;7;0.02;0.00;1;0;0
1;7;0.00;0.00;0;0;0
1;9;0.00;0.00;0;0;0
1;8;0.01;-0.02;0;0;-1
1;9;0.00;0.00;0;0;0
1;7;0.00;0.00;0;0;0
1;19;0.02;0.00;1;0;0
1;7;0.01;-0.02;0;0;-1
1;7;0.00;0.00;0;0;0
1;9;0.00;0.00;0;0;0
1;7;0.00;0.00;0;0;0
1;9;0.00;0.00;0;0;0
1;8;0.00;0.00;0;0;0
1;8;0.00;0.00;0;0;0
1;9;0.01;-0.02;0;0;-1
1;7;0.02;0.00;1;0;0
1;9;0.00;0.00;0;0;0
1;13;0.00;0.00;0;0;0
1;9;0.00;0.00;0;0;0
1;11;0.00;0.00;0;0;0
1;18;0.02;0.00;1;0;0
1;7;0.01;-0.02;0;0;-1
1;7;0.00;0.00;0;0;0
1;11;0.00;0.00;0;0;0
1;6;0.00;0.00;0;0;0
1;8;0.02;0.00;1;0;0
1;8;0.00;0.00;0;0;0
1;8;0.00;0.00;0;0;0
1;8;0.01;-0.02;0;0;-1
1;9;0.00;0.00;0;0;0
1;8;0.00;0.00;0;0;0
1;10;0.02;0.00;1;0;0
1;7;0.00;0.00;0;0;0
1;7;0.00;0.00;0;0;0
1;8;0.01;-0.02;0;0;-1
1;10;0.00;0.00;0;0;0
1;7;0.01;-0.02;0;0;-1
1;8;0.00;0.00;0;0;0
1;8;0.00;0.00;0;0;0
1;9;0.04;-0.02;1;0;-1
1;9;0.00;0.00;0;0;0
1;7;0.01;-0.02;0;0;-1
1;8;0.00;0.00;0;0;0
1;8;0.01;-0.02;0;0;-1
1;12;0.00;0.00;0;0;0
1;6;0.01;-0.02;0;0;-1
1;7;0.02;0.00;1;0;0
1;8;0.01;-0.02;0;0;-1
1;9;0.00;0.00;0;0;0
1;7;0.01;-0.02;0;0;-1
1;8;0.00;0.00;0;0;0
1;9;0.04;-0.02;1;0;-1
1;8;0.01;-0.02;0;0;-1
1;8;0.00;0.00;0;0;0
1;8;0.01;-0.02;0;0;-1
1;8;0.00;0.00;0;0;0
1;9;0.02;0.00;1;0;0
1;12;0.01;-0.02;0;0;-1
1;8;0.00;0.00;0;0;0
1;13;0.01;-0.02;0;0;-1
1;8;0.02;0.00;1;0;0
1;11;0.00;0.00;0;0;0
1;6;0.00;0.00;0;0;0
1;24;0.04;-0.02;1;0;-1
1;8;0.00;0.00;0;0;0
1;12;0.00;0.00;0;0;0
1;15;0.00;0.00;0;0;0
1;6;0.00;0.00;0;0;0
1;13;0.00;0.00;0;0;0
1;9;0.00;0.00;0;0;0
1;7;0.02;0.00;1;0;0
1;10;0.01;-0.02;0;0;-1
1;11;0.00;0.00;0;0;0
1;9;0.00;0.00;0;0;0
1;17;0.00;0.00;0;0;0
1;6;0.00;0.00;0;0;0
1;9;0.02;0.00;1;0;0
1;8;0.01;-0.02;0;0;-1
1;16;0.00;0.00;0;0;0
1;8;0.00;0.00;0;0;0
1;8;0.00;0.00;0;0;0
1;8;0.00;0.00;0;0;0
1;8;0.02;0.00;1;0;0
1;9;0.01;-0.02;0;0;-1
1;7;0.00;0.00;0;0;0
1;9;0.00;0.00;0;0;0
1;9;0.00;0.00;0;0;0
1;13;0.00;0.00;0;0;0
1;7;0.02;0.00;1;0;0
1;37;0.02;-0.04;0;0;-2
1;9;0.00;0.00;0;0;0
1;7;0.01;-0.02;0;0;-1
1;8;0.02;0.00;1;0;0
1;8;0.00;0.00;0;0;0
1;9;0.01;-0.02;0;0;-1
1;9;0.00;0.00;0;0;0
1;7;0.01;-0.02;0;0;-1
1;10;0.00;0.00;0;0;0
1;7;0.04;-0.02;1;0;-1
1;10;0.00;0.00;0;0;0
1;6;0.01;-0.02;0;0;-1
1;17;0.01;-0.02;0;0;-1
1;7;0.00;0.00;0;0;0
1;8;0.04;-0.02;1;0;-1
1;8;0.00;0.00;0;0;0
1;9;0.01;-0.02;0;0;-1
1;7;0.00;0.00;0;0;0
1;9;0.00;0.00;0;0;0
1;8;0.04;-0.02;1;0;-1
1;15;0.00;0.00;0;0;0
1;6;0.00;0.00;0;0;0
1;8;0.00;0.00;0;0;0
1;9;0.01;-0.02;0;0;-1
1;8;0.02;0.00;1;0;0
1;11;0.00;0.00;0;0;0
1;8;0.00;0.00;0;0;0
1;9;0.00;0.00;0;0;0
1;8;0.00;0.00;0;0;0
1;8;0.00;0.00;0;0;0
1;8;0.02;0.00;1;0;0
1;8;0.00;0.00;0;0;0
1;9;0.01;-0.02;0;0;-1
1;11;0.00;0.00;0;0;0
1;6;0.00;0.00;0;0;0
1;17;0.00;0.00;0;0;0
1;11;0.00;0.00;0;0;0
1;8;0.00;0.00;0;0;0
1;11;0.02;0.00;1;0;0
1;7;0.01;-0.02;0;0;-1
1;7;0.00;0.00;0;0;0
1;8;0.00;0.00;0;0;0
1;14;0.00;0.00;0;0;0
1;7;0.00;0.00;0;0;0
1;7;0.01;-0.02;0;0;-1
1;8;0.02;0.00;1;0;0
1;15;0.00;0.00;0;0;0
1;6;0.01;-0.02;0;0;-1
1;8;0.00;0.00;0;0;0
1;12;0.01;-0.02;0;0;-1
1;11;0.00;0.00;0;0;0
1;7;0.01;-0.02;0;0;-1
1;11;0.00;0.00;0;0;0
1;8;0.04;-0.02;1;0;-1
1;6;0.00;0.00;0;0;0
1;11;0.01;-0.02;0;0;-1
1;5;0.00;0.00;0;0;0
1;23;0.02;-0.04;0;0;-2
1;11;0.02;0.00;1;0;0
1;6;0.01;-0.02;0;0;-1
1;9;0.00;0.00;0;0;0
1;7;0.01;-0.02;0;0;-1
1;8;0.00;0.00;0;0;0
1;8;0.04;-0.02;1;0;-1
1;9;0.00;0.00;0;0;0
1;8;0.00;0.00;0;0;0
1;8;0.01;-0.02;0;0;-1
1;8;0.00;0.00;0;0;0
1;8;0.00;0.00;0;0;0
1;9;0.04;-0.02;1;0;-1
1;8;0.00;0.00;0;0;0
1;8;0.00;0.00;0;0;0
1;8;0.00;0.00;0;0;0
1;8;0.00;0.00;0;0;0
1;10;0.01;-0.02;0;0;-1
1;13;0.02;0.00;1;0;0
1;7;0.00;0.00;0;0;0
1;7;0.00;0.00;0;0;0
1;8;0.00;0.00;0;0;0
1;9;0.00;0.00;0;0;0
1;8;0.00;0.00;0;0;0
1;8;0.00;0.00;0;0;0
1;8;0.00;0.00;0;0;0
1;14;0.02;0.00;1;0;0
1;8;0.01;-0.02;0;0;-1
1;8;0.00;0.00;0;0;0
1;13;0.00;0.00;0;0;0
1;8;0.00;0.00;0;0;0
1;8;0.00;0.00;0;0;0
1;8;0.00;0.00;0;0;0
1;7;0.00;0.00;0;0;0
1;9;0.04;-0.02;1;0;-1
1;9;0.00;0.00;0;0;0
1;8;0.00;0.00;0;0;0
1;11;0.00;0.00;0;0;0
1;9;0.00;0.00;0;0;0
1;19;0.04;-0.02;1;0;-1
1;14;0.00;0.00;0;0;0
1;10;0.00;0.00;0;0;0
1;19;0.01;-0.02;0;0;-1
1;7;0.00;0.00;0;0;0
1;8;0.04;-0.02;1;0;-1
1;9;0.00;0.00;0;0;0
1;7;0.01;-0.02;0;0;-1
1;8;0.00;0.00;0;0;0
1;26;0.02;-0.04;0;0;-2
1;7;0.00;0.00;0;0;0
1;8;0.01;-0.02;0;0;-1
1;13;0.01;-0.02;0;0;-1
1;11;0.02;0.00;1;0;0
1;5;0.01;-0.02;0;0;-1
1;22;0.01;-0.02;0;0;-1
1;11;0.04;-0.02;1;0;-1
1;17;0.01;-0.02;0;0;-1
1;15;0.01;-0.02;0;0;-1
1;6;0.02;0.00;1;0;0
1;11;0.00;0.00;0;0;0
1;8;0.00;0.00;0;0;0
1;8;0.01;-0.02;0;0;-1
1;9;0.00;0.00;0;0;0
1;8;0.02;0.00;1;0;0
1;8;0.00;0.00;0;0;0
1;8;0.00;0.00;0;0;0
1;8;0.00;0.00;0;0;0
1;16;0.01;-0.02;0;0;-1
1;6;0.00;0.00;0;0;0
1;7;0.00;0.00;0;0;0
1;8;0.00;0.00;0;0;0
1;10;0.00;0.00;0;0;0
1;12;0.02;0.00;1;0;0
1;8;0.00;0.00;0;0;0
1;11;0.01;-0.02;0;0;-1
1;23;0.00;0.00;0;0;0
1;7;0.00;0.00;0;0;0
1;7;0.00;0.00;0;0;0
1;8;0.02;0.00;1;0;0
1;8;0.00;0.00;0;0;0
1;9;0.00;0.00;0;0;0
1;8;0.01;-0.02;0;0;-1
1;8;0.00;0.00;0;0;0
1;8;0.00;0.00;0;0;0
1;8;0.00;0.00;0;0;0
1;9;0.02;0.00;1;0;0
1;8;0.00;0.00;0;0;0
1;8;0.01;-0.02;0;0;-1
1;8;0.00;0.00;0;0;0
1;8;0.00;0.00;0;0;0
1;8;0.00;0.00;0;0;0
1;9;0.02;0.00;1;0;0
1;8;0.00;0.00;0;0;0
1;8;0.01;-0.02;0;0;-1
1;8;0.00;0.00;0;0;0
1;8;0.00;0.00;0;0;0
1;9;0.00;0.00;0;0;0
1;8;0.00;0.00;0;0;0
1;8;0.02;0.00;1;0;0
1;8;0.01;-0.02;0;0;-1
1;8;0.00;0.00;0;0;0
1;9;0.00;0.00;0;0;0
1;8;0.00;0.00;0;0;0
1;8;0.00;0.00;0;0;0
1;8;0.00;0.00;0;0;0
1;8;0.01;-0.02;0;0;-1
1;10;0.02;0.00;1;0;0
1;7;0.00;0.00;0;0;0
1;8;0.00;0.00;0;0;0
1;8;0.00;0.00;0;0;0
1;8;0.00;0.00;0;0;0
1;9;0.00;0.00;0;0;0
1;8;0.04;-0.02;1;0;-1
1;11;0.00;0.00;0;0;0
1;8;0.00;0.00;0;0;0
1;5;0.00;0.00;0;0;0
1;8;0.00;0.00;0;0;0
1;10;0.00;0.00;0;0;0
1;7;0.04;-0.02;1;0;-1
1;8;0.00;0.00;0;0;0
1;8;0.00;0.00;0;0;0
1;10;0.00;0.00;0;0;0
1;7;0.00;0.00;0;0;0
1;8;0.00;0.00;0;0;0
1;8;0.01;-0.02;0;0;-1
1;10;0.02;0.00;1;0;0
1;8;0.00;0.00;0;0;0
1;7;0.00;0.00;0;0;0
1;8;0.00;0.00;0;0;0
1;12;0.00;0.00;0;0;0
1;12;0.01;-0.02;0;0;-1
1;5;0.02;0.00;1;0;0
1;8;0.00;0.00;0;0;0
1;15;0.00;0.00;0;0;0
1;6;0.00;0.00;0;0;0
1;7;0.00;0.00;0;0;0
1;10;0.01;-0.02;0;0;-1
1;7;0.00;0.00;0;0;0
1;8;0.02;0.00;1;0;0
1;8;0.00;0.00;0;0;0
1;11;0.00;0.00;0;0;0
1;6;0.00;0.00;0;0;0
1;8;0.00;0.00;0;0;0
1;8;0.01;-0.02;0;0;-1
1;17;0.00;0.00;0;0;0
1;7;0.00;0.00;0;0;0
1;9;0.00;0.00;0;0;0
1;8;0.00;0.00;0;0;0
1;8;0.01;-0.02;0;0;-1
1;8;0.00;0.00;0;0;0
1;8;0.00;0.00;0;0;0
1;9;0.00;0.00;0;0;0
1;9;0.00;0.00;0;0;0
1;7;0.00;0.00;0;0;0
1;8;0.00;0.00;0;0;0
1;9;0.01;-0.02;0;0;-1
1;28;0.02;0.00;1;0;0
1;11;0.00;0.00;0;0;0
1;6;0.00;0.00;0;0;0
1;11;0.01;-0.02;0;0;-1
1;6;0.00;0.00;0;0;0
1;8;0.00;0.00;0;0;0
1;10;0.00;0.00;0;0;0
1;6;0.00;0.00;0;0;0
1;8;0.00;0.00;0;0;0
1;13;0.01;-0.02;0;0;-1
1;11;0.00;0.00;0;0;0
1;5;0.00;0.00;0;0;0
1;7;0.00;0.00;0;0;0
1;10;0.00;0.00;0;0;0
1;7;0.00;0.00;0;0;0
1;9;0.01;-0.02;0;0;-1
1;7;0.00;0.00;0;0;0
1;14;0.00;0.00;0;0;0
1;13;0.00;0.00;0;0;0
1;6;0.00;0.00;0;0;0
1;8;0.00;0.00;0;0;0
1;8;0.00;0.00;0;0;0
1;9;0.00;0.00;0;0;0
1;8;0.00;0.00;0;0;0
1;8;0.00;0.00;0;0;0
1;8;0.00;0.00;0;0;0
1;8;0.00;0.00;0;0;0
1;8;0.00;0.00;0;0;0
1;10;0.00;0.00;0;0;0
1;7;0.00;0.00;0;0;0
1;8;0.00;0.00;0;0;0
1;8;0.00;0.00;0;0;0
1;8;0.00;0.00;0;0;0
1;9;0.00;0.00;0;0;0
1;8;0.00;0.00;0;0;0
1;8;0.00;0.00;0;0;0
1;13;0.00;0.00;0;0;0
1;8;0.00;0.00;0;0;0
1;8;0.00;0.00;0;0;0
1;10;0.00;0.00;0;0;0
1;20;0.00;0.00;0;0;0
1;7;0.00;0.00;0;0;0
1;8;0.00;0.00;0;0;0
1;8;0.00;0.00;0;0;0
1;9;0.00;0.00;0;0;0
1;7;0.00;0.00;0;0;0
1;9;0.00;0.00;0;0;0
1;9;0.00;0.00;0;0;0
1;13;0.00;0.00;0;0;0
1;6;0.00;0.00;0;0;0
1;12;0.00;0.00;0;0;0
1;12;0.00;0.00;0;0;0
1;5;0.00;0.00;0;0;0
1;12;0.00;0.00;0;0;0
1;9;0.00;0.00;0;0;0
1;8;0.00;0.00;0;0;0
1;8;0.00;0.00;0;0;0
1;12;0.00;0.00;0;0;0
1;10;0.00;0.00;0;0;0
1;11;0.00;0.00;0;0;0
1;12;0.00;0.00;0;0;0
1;5;0.00;0.00;0;0;0
1;7;0.00;0.00;0;0;0
1;8;0.00;0.00;0;0;0
1;13;0.00;0.00;0;0;0
1;8;0.00;0.00;0;0;0
1;8;0.00;0.00;0;0;0
1;8;0.00;0.00;0;0;0
1;13;0.00;0.00;0;0;0
1;8;0.00;0.00;0;0;0
1;8;0.00;0.00;0;0;0
1;12;0.00;0.00;0;0;0
1;8;0.00;0.00;0;0;0
1;8;0.00;0.00;0;0;0
1;9;0.00;0.00;0;0;0
1;9;0.00;0.00;0;0;0
1;7;0.00;0.00;0;0;0
1;8;0.00;0.00;0;0;0
1;8;0.00;0.00;0;0;0
1;9;0.00;0.00;0;0;0
1;8;0.00;0.00;0;0;0
1;8;0.00;0.00;0;0;0
1;8;0.00;0.00;0;0;0
1;8;0.00;0.00;0;0;0
1;9;0.00;0.00;0;0;0
1;8;0.00;0.00;0;0;0
1;8;0.00;0.00;0;0;0
1;8;0.00;0.00;0;0;0
1;8;0.00;0.00;0;0;0
1;9;0.00;0.00;0;0;0
1;8;0.00;0.00;0;0;0
1;8;0.00;0.00;0;0;0
1;13;0.00;0.00;0;0;0
1;7;0.00;0.00;0;0;0
1;9;0.00;0.00;0;0;0
1;11;0.00;0.00;0;0;0
1;6;0.00;0.00;0;0;0
1;7;0.00;0.00;0;0;0
1;8;0.00;0.00;0;0;0
1;16;0.00;0.00;0;0;0
1;5;0.00;0.00;0;0;0
1;7;0.00;0.00;0;0;0
1;8;0.00;0.00;0;0;0
1;9;0.00;0.00;0;0;0
1;8;0.00;0.00;0;0;0
1;8;0.00;0.00;0;0;0
1;17;0.00;0.00;0;0;0
1;9;0.00;0.00;0;0;0
1;8;0.00;0.00;0;0;0
1;8;0.00;0.00;0;0;0
1;7;0.00;0.00;0;0;0
1;10;0.00;0.00;0;0;0
1;9;0.00;0.00;0;0;0
1;10;0.00;0.00;0;0;0
1;9;0.00;0.00;0;0;0
1;8;0.00;0.00;0;0;0
1;7;0.00;0.00;0;0;0
1;15;0.00;0.00;0;0;0
1;6;0.00;0.00;0;0;0
1;8;0.00;0.00;0;0;0
1;11;0.00;0.00;0;0;0
1;6;0.00;0.00;0;0;0
1;7;0.00;0.00;0;0;0
1;10;0.00;0.00;0;0;0
1;13;0.00;0.00;0;0;0
1;6;0.00;0.00;0;0;0
1;9;0.00;0.00;0;0;0
1;11;0.00;0.00;0;0;0
1;17;0.00;0.00;0;0;0
1;8;0.00;0.00;0;0;0
1;8;0.01;-0.02;0;0;-1
1;10;0.00;0.00;0;0;0
1;16;0.00;0.00;0;0;0
1;7;0.00;0.00;0;0;0
1;8;0.00;0.00;0;0;0
1;9;0.00;0.00;0;0;0
1;7;0.01;-0.02;0;0;-1
1;8;0.00;0.00;0;0;0
1;8;0.00;0.00;0;0;0
1;8;0.00;0.00;0;0;0
1;12;0.00;0.00;0;0;0
1;5;0.00;0.00;0;0;0
1;8;0.00;0.00;0;0;0
1;10;0.01;-0.02;0;0;-1
1;10;0.00;0.00;0;0;0
1;9;0.00;0.00;0;0;0
1;8;0.00;0.00;0;0;0
1;8;0.00;0.00;0;0;0
1;8;0.00;0.00;0;0;0
1;8;0.00;0.00;0;0;0
1;11;0.01;-0.02;0;0;-1
1;6;0.00;0.00;0;0;0
1;10;0.00;0.00;0;0;0
1;6;0.00;0.00;0;0;0
1;9;0.00;0.00;0;0;0
1;10;0.00;0.00;0;0;0
1;11;0.01;-0.02;0;0;-1
1;7;0.00;0.00;0;0;0
1;12;0.00;0.00;0;0;0
1;8;0.00;0.00;0;0;0
1;9;0.00;0.00;0;0;0
1;11;0.00;0.00;0;0;0
1;6;0.01;-0.02;0;0;-1
1;8;0.00;0.00;0;0;0
1;7;0.00;0.00;0;0;0
1;9;0.00;0.00;0;0;0
1;8;0.00;0.00;0;0;0
1;8;0.00;0.00;0;0;0
1;8;0.00;0.00;0;0;0
1;8;0.00;0.00;0;0;0
1;9;0.01;-0.02;0;0;-1
1;8;0.00;0.00;0;0;0
1;8;-0.01;-0.02;0;1;0
1;8;0.00;0.00;0;0;0
1;8;0.00;0.00;0;0;0
1;9;0.00;0.00;0;0;0
1;8;0.00;0.00;0;0;0
1;8;0.00;0.00;0;0;0
1;8;0.01;-0.02;0;0;-1
1;8;-0.01;-0.02;0;1;0
1;9;0.00;0.00;0;0;0
1;8;0.00;0.00;0;0;0
1;8;0.00;0.00;0;0;0
1;8;0.00;0.00;0;0;0
1;8;0.00;0.00;0;0;0
1;8;0.01;-0.02;0;0;-1
1;20;-0.01;-0.02;0;1;0
1;5;0.00;0.00;0;0;0
1;10;0.00;0.00;0;0;0
1;14;0.00;0.00;0;0;0
1;5;0.00;0.00;0;0;0
1;8;0.01;-0.02;0;0;-1
1;8;-0.01;-0.02;0;1;0
1;8;0.00;0.00;0;0;0
1;8;0.00;0.00;0;0;0
1;9;0.00;0.00;0;0;0
1;8;0.00;0.00;0;0;0
1;8;0.00;0.00;0;0;0
1;8;0.00;0.00;0;0;0
1;8;0.00;-0.04;0;1;-1
1;9;0.00;0.00;0;0;0
1;10;0.00;0.00;0;0;0
1;6;0.00;0.00;0;0;0
1;8;0.00;0.00;0;0;0
1;11;0.00;0.00;0;0;0
1;6;0.00;0.00;0;0;0
1;8;-0.01;-0.02;0;1;0
1;8;0.01;-0.02;0;0;-1
1;8;0.00;0.00;0;0;0
1;8;0.00;0.00;0;0;0
1;9;0.00;0.00;0;0;0
1;8;0.00;0.00;0;0;0
1;9;-0.01;-0.02;0;1;0
1;7;0.00;0.00;0;0;0
1;8;0.00;0.00;0;0;0
1;8;0.01;-0.02;0;0;-1
1;10;0.00;0.00;0;0;0
1;7;0.00;0.00;0;0;0
1;8;0.00;0.00;0;0;0
1;8;-0.01;-0.02;0;1;0
1;8;0.00;0.00;0;0;0
1;14;0.01;-0.02;0;0;-1
1;7;0.00;0.00;0;0;0
1;19;0.00;0.00;0;0;0
1;7;0.00;0.00;0;0;0
1;7;-0.01;-0.02;0;1;0
1;8;0.00;0.00;0;0;0
1;8;0.00;0.00;0;0;0
1;8;0.01;-0.02;0;0;-1
1;8;0.00;0.00;0;0;0
1;9;0.02;0.00;1;0;0
1;8;-0.01;-0.02;0;1;0
1;22;0.00;0.00;0;0;0
1;10;0.00;0.00;0;0;0
1;9;0.01;-0.02;0;0;-1
1;8;0.00;0.00;0;0;0
1;8;-0.01;-0.02;0;1;0
1;8;0.00;0.00;0;0;0
1;10;0.00;0.00;0;0;0
1;8;0.00;0.00;0;0;0
1;7;0.00;0.00;0;0;0
1;10;0.00;0.00;0;0;0
1;7;0.01;-0.02;0;0;-1
1;9;-0.01;-0.02;0;1;0
1;11;0.00;0.00;0;0;0
1;10;0.00;0.00;0;0;0
1;6;0.00;0.00;0;0;0
1;8;0.00;0.00;0;0;0
1;9;0.00;0.00;0;0;0
1;9;0.00;-0.04;0;1;-1
1;10;0.00;0.00;0;0;0
1;5;0.00;0.00;0;0;0
1;14;0.00;0.00;0;0;0
1;9;0.00;0.00;0;0;0
1;6;0.00;0.00;0;0;0
1;8;0.00;0.00;0;0;0
1;12;0.00;-0.04;0;1;-1
1;16;0.00;0.00;0;0;0
1;6;0.00;0.00;0;0;0
1;10;0.00;0.00;0;0;0
1;6;0.00;0.00;0;0;0
1;7;-0.01;-0.02;0;1;0
1;9;0.00;0.00;0;0;0
1;8;0.01;-0.02;0;0;-1
1;8;0.00;0.00;0;0;0
1;8;0.00;0.00;0;0;0
1;8;0.00;0.00;0;0;0
1;9;-0.01;-0.02;0;1;0
1;8;0.00;0.00;0;0;0
1;8;0.00;0.00;0;0;0
1;8;0.01;-0.02;0;0;-1
1;8;0.00;0.00;0;0;0
1;8;0.00;0.00;0;0;0
1;9;0.00;0.00;0;0;0
1;8;-0.01;-0.02;0;1;0
1;8;0.00;0.00;0;0;0
1;8;0.00;0.00;0;0;0
1;8;0.01;-0.02;0;0;-1
1;9;0.00;0.00;0;0;0
1;8;0.00;0.00;0;0;0
1;8;0.00;0.00;0;0;0
1;8;-0.01;-0.02;0;1;0
1;9;0.00;0.00;0;0;0
1;8;0.00;0.00;0;0;0
1;8;0.00;0.00;0;0;0
1;8;0.01;-0.02;0;0;-1
1;8;0.00;0.00;0;0;0
1;8;0.00;0.00;0;0;0
1;14;-0.01;-0.02;0;1;0
1;7;0.00;0.00;0;0;0
1;8;0.00;0.00;0;0;0
1;8;0.00;0.00;0;0;0
1;8;0.00;0.00;0;0;0
1;9;0.01;-0.02;0;0;-1
1;8;-0.01;-0.02;0;1;0
1;8;0.00;0.00;0;0;0
1;21;0.00;0.00;0;0;0
1;8;0.00;0.00;0;0;0
1;18;0.01;-0.02;0;0;-1
1;9;-0.01;-0.02;0;1;0
1;5;0.00;0.00;0;0;0
1;11;0.00;0.00;0;0;0
1;11;0.00;0.00;0;0;0
1;7;0.00;0.00;0;0;0
1;20;0.00;-0.04;0;1;-1
1;21;0.00;0.00;0;0;0
1;12;0.01;-0.02;0;0;-1
1;9;0.00;0.00;0;0;0
1;9;-0.01;-0.02;0;1;0
1;7;0.00;0.00;0;0;0
1;8;0.00;0.00;0;0;0
1;13;0.00;0.00;0;0;0
1;8;0.00;0.00;0;0;0
1;8;0.01;-0.02;0;0;-1
1;10;-0.01;-0.02;0;1;0
1;7;0.00;0.00;0;0;0
1;7;-0.01;-0.02;0;1;0
1;9;0.00;0.00;0;0;0
1;8;-0.01;-0.02;0;1;0
1;12;0.01;-0.02;0;0;-1
1;8;-0.01;-0.02;0;1;0
1;11;0.00;0.00;0;0;0
1;6;-0.01;-0.02;0;1;0
1;11;0.00;0.00;0;0;0
1;5;0.00;0.00;0;0;0
1;13;-0.01;-0.02;0;1;0
1;10;0.00;-0.04;0;1;-1
1;9;0.00;0.00;0;0;0
1;6;0.00;0.00;0;0;0
1;16;-0.01;-0.02;0;1;0
1;7;-0.01;-0.02;0;1;0
1;9;0.00;0.00;0;0;0
1;8;0.01;-0.02;0;0;-1
1;8;0.00;0.00;0;0;0
1;8;-0.01;-0.02;0;1;0
1;8;0.00;0.00;0;0;0
1;13;0.01;-0.02;0;0;-1
1;8;0.00;0.00;0;0;0
1;8;0.00;0.00;0;0;0
1;15;-0.01;-0.02;0;1;0
1;6;0.01;-0.02;0;0;-1
1;8;0.00;0.00;0;0;0
1;8;0.00;0.00;0;0;0
1;8;0.00;0.00;0;0;0
1;15;0.00;0.00;0;0;0
1;6;0.00;0.00;0;0;0
1;12;0.00;-0.04;0;1;-1
1;8;0.00;0.00;0;0;0
1;8;0.00;0.00;0;0;0
1;14;0.00;0.00;0;0;0
1;11;0.00;0.00;0;0;0
1;14;0.00;0.00;0;0;0
1;7;0.00;-0.04;0;1;-1
1;11;0.00;0.00;0;0;0
1;10;0.00;0.00;0;0;0
1;7;0.00;0.00;0;0;0
1;8;0.00;0.00;0;0;0
1;19;0.00;-0.04;0;1;-1
1;6;0.00;0.00;0;0;0
1;9;0.00;0.00;0;0;0
1;9;0.00;0.00;0;0;0
1;10;0.00;-0.04;0;1;-1
1;9;0.00;0.00;0;0;0
1;25;0.01;-0.02;0;0;-1
1;7;-0.01;-0.02;0;1;0
1;12;0.00;0.00;0;0;0
1;5;0.00;0.00;0;0;0
1;8;0.00;-0.04;0;1;-1
1;8;0.00;0.00;0;0;0
1;11;0.00;-0.04;0;1;-1
1;6;0.00;0.00;0;0;0
1;12;0.01;-0.02;0;0;-1
1;9;-0.01;-0.02;0;1;0
1;7;0.01;-0.02;0;0;-1
1;15;0.00;-0.04;0;1;-1
1;6;0.00;0.00;0;0;0
1;25;0.00;-0.04;0;1;-1
1;7;0.00;0.00;0;0;0
1;15;0.01;-0.02;0;0;-1
1;11;-0.01;-0.02;0;1;0
1;7;0.00;0.00;0;0;0
1;8;0.00;0.00;0;0;0
1;9;0.01;-0.02;0;0;-1
1;8;0.00;0.00;0;0;0
1;8;0.00;0.00;0;0;0
1;8;0.00;0.00;0;0;0
1;8;-0.01;-0.02;0;1;0
1;9;0.00;0.00;0;0;0
1;7;0.00;0.00;0;0;0
1;9;0.01;-0.02;0;0;-1
1;11;0.00;0.00;0;0;0
1;5;0.00;0.00;0;0;0
1;9;0.00;0.00;0;0;0
1;8;0.00;0.00;0;0;0
1;11;0.00;0.00;0;0;0
1;5;0.00;0.00;0;0;0
1;8;-0.01;-0.02;0;1;0
1;9;0.00;0.00;0;0;0
1;8;0.01;-0.02;0;0;-1
1;9;0.00;0.00;0;0;0
1;7;0.00;0.00;0;0;0
1;9;0.00;0.00;0;0;0
1;14;0.00;0.00;0;0;0
1;7;0.00;0.00;0;0;0
1;7;0.00;-0.04;0;1;-1
1;8;0.00;0.00;0;0;0
1;8;0.00;0.00;0;0;0
1;15;0.00;0.00;0;0;0
1;5;0.00;0.00;0;0;0
1;9;0.00;0.00;0;0;0
1;7;0.01;-0.02;0;0;-1
1;8;0.00;0.00;0;0;0
1;9;-0.01;-0.02;0;1;0
1;8;0.00;0.00;0;0;0
1;9;0.00;0.00;0;0;0
1;8;0.00;0.00;0;0;0
1;7;0.01;-0.02;0;0;-1
1;14;0.00;0.00;0;0;0
1;10;-0.01;-0.02;0;1;0
1;9;0.00;0.00;0;0;0
1;21;0.00;0.00;0;0;0
1;8;0.01;-0.02;0;0;-1
1;11;-0.01;-0.02;0;1;0
1;5;0.00;0.00;0;0;0
1;9;0.00;0.00;0;0;0
1;8;0.00;0.00;0;0;0
1;19;0.01;-0.02;0;0;-1
1;7;-0.01;-0.02;0;1;0
1;6;0.00;0.00;0;0;0
1;17;0.00;0.00;0;0;0
1;12;0.00;0.00;0;0;0
1;16;0.00;-0.04;0;1;-1
1;11;0.00;0.00;0;0;0
1;10;0.00;0.00;0;0;0
1;8;0.00;0.00;0;0;0
1;13;0.01;-0.02;0;0;-1
1;8;0.00;0.00;0;0;0
1;8;0.00;0.00;0;0;0
1;8;-0.01;-0.02;0;1;0
1;8;0.00;0.00;0;0;0
1;9;0.00;0.00;0;0;0
1;7;0.00;0.00;0;0;0
1;9;0.01;-0.02;0;0;-1
1;8;0.00;0.00;0;0;0
1;8;-0.01;-0.02;0;1;0
1;8;0.00;0.00;0;0;0
1;8;0.00;0.00;0;0;0
1;22;0.01;-0.02;0;0;-1
1;7;0.00;0.00;0;0;0
1;12;-0.01;-0.02;0;1;0
1;13;0.00;0.00;0;0;0
1;8;0.01;-0.02;0;0;-1
1;8;0.00;0.00;0;0;0
1;8;-0.01;-0.02;0;1;0
1;8;0.00;0.00;0;0;0
1;10;0.00;0.00;0;0;0
1;7;0.00;0.00;0;0;0
1;8;0.00;0.00;0;0;0
1;8;0.01;-0.02;0;0;-1
1;8;0.00;0.00;0;0;0
1;9;-0.01;-0.02;0;1;0
1;8;0.00;0.00;0;0;0
1;8;0.00;0.00;0;0;0
1;8;0.00;0.00;0;0;0
1;8;0.00;0.00;0;0;0
1;9;0.01;-0.02;0;0;-1
1;8;0.00;0.00;0;0;0
1;8;-0.01;-0.02;0;1;0
1;8;0.00;0.00;0;0;0
1;17;0.00;0.00;0;0;0
1;8;0.00;0.00;0;0;0
1;8;0.01;-0.02;0;0;-1
1;8;0.00;0.00;0;0;0
1;8;-0.01;-0.02;0;1;0
1;8;0.00;0.00;0;0;0
1;9;0.00;0.00;0;0;0
1;8;0.00;0.00;0;0;0
1;8;0.01;-0.02;0;0;-1
1;8;-0.01;-0.02;0;1;0
1;8;0.00;0.00;0;0;0
1;9;0.00;0.00;0;0;0
1;8;-0.01;-0.02;0;1;0
1;8;0.00;0.00;0;0;0
1;8;-0.01;-0.02;0;1;0
1;8;0.00;0.00;0;0;0
1;9;-0.01;-0.02;0;1;0
1;8;0.01;-0.02;0;0;-1
1;8;0.00;0.00;0;0;0
1;8;-0.01;-0.02;0;1;0
1;8;0.00;0.00;0;0;0
1;9;0.00;0.00;0;0;0
1;8;-0.01;-0.02;0;1;0
1;11;0.00;0.00;0;0;0
1;12;0.01;-0.02;0;0;-1
1;5;-0.01;-0.02;0;1;0
1;9;0.00;0.00;0;0;0
1;9;0.00;0.00;0;0;0
1;7;0.01;-0.02;0;0;-1
1;8;0.00;0.00;0;0;0
1;9;0.00;0.00;0;0;0
1;8;0.00;0.00;0;0;0
1;9;-0.01;-0.02;0;1;0
1;7;0.01;-0.02;0;0;-1
1;9;0.00;0.00;0;0;0
1;7;0.00;0.00;0;0;0
1;10;0.00;0.00;0;0;0
1;7;0.00;0.00;0;0;0
1;11;0.01;-0.02;0;0;-1
1;5;0.00;0.00;0;0;0
1;9;-0.01;-0.02;0;1;0
1;8;0.00;0.00;0;0;0
1;10;0.00;0.00;0;0;0
1;8;0.00;0.00;0;0;0
1;6;0.00;0.00;0;0;0
1;8;0.00;-0.04;0;1;-1
1;12;0.00;0.00;0;0;0
1;5;0.00;0.00;0;0;0
1;8;0.00;0.00;0;0;0
1;8;0.00;0.00;0;0;0
1;8;-0.01;-0.02;0;1;0
1;8;0.00;0.00;0;0;0
1;9;0.01;-0.02;0;0;-1
1;8;0.00;0.00;0;0;0
1;8;0.00;0.00;0;0;0
1;8;0.00;0.00;0;0;0
1;8;-0.01;-0.02;0;1;0
1;9;0.00;0.00;0;0;0
1;8;0.01;-0.02;0;0;-1
1;15;0.00;0.00;0;0;0
1;10;0.00;0.00;0;0;0
1;8;0.00;0.00;0;0;0
1;8;0.00;-0.04;0;1;-1
1;13;0.00;0.00;0;0;0
1;7;0.00;0.00;0;0;0
1;8;0.00;0.00;0;0;0
1;9;0.00;0.00;0;0;0
1;8;-0.01;-0.02;0;1;0
1;8;0.00;0.00;0;0;0
1;8;0.01;-0.02;0;0;-1
1;8;0.00;0.00;0;0;0
1;9;0.00;0.00;0;0;0
1;8;0.00;0.00;0;0;0
1;8;0.00;0.00;0;0;0
1;8;-0.01;-0.02;0;1;0
1;8;0.00;0.00;0;0;0
1;9;0.01;-0.02;0;0;-1
1;8;0.00;0.00;0;0;0
1;8;0.00;0.00;0;0;0
1;8;0.00;0.00;0;0;0
1;8;0.00;0.00;0;0;0
1;8;-0.01;-0.02;0;1;0
1;9;0.00;0.00;0;0;0
1;9;0.01;-0.02;0;0;-1
1;7;0.00;0.00;0;0;0
1;8;0.00;0.00;0;0;0
1;8;0.00;0.00;0;0;0
1;9;0.00;0.00;0;0;0
1;8;-0.01;-0.02;0;1;0
1;8;0.01;-0.02;0;0;-1
1;8;0.00;0.00;0;0;0
1;8;0.00;0.00;0;0;0
1;8;0.00;0.00;0;0;0
1;8;0.00;0.00;0;0;0
1;9;-0.01;-0.02;0;1;0
1;8;0.00;0.00;0;0;0
1;8;0.01;-0.02;0;0;-1
1;23;-0.01;-0.02;0;1;0
1;13;0.00;0.00;0;0;0
1;33;0.01;-0.02;0;0;-1
1;6;-0.01;-0.02;0;1;0
1;7;0.00;0.00;0;0;0
1;18;0.00;0.00;0;0;0
1;28;0.01;-0.02;0;0;-1
1;13;-0.01;-0.02;0;1;0
1;8;0.00;0.00;0;0;0
1;11;0.01;-0.02;0;0;-1
1;14;0.00;0.00;0;0;0
1;8;-0.01;-0.02;0;1;0
1;7;0.00;0.00;0;0;0
1;8;0.00;0.00;0;0;0
1;8;0.00;0.00;0;0;0
1;8;0.01;-0.02;0;0;-1
1;10;0.00;0.00;0;0;0
1;7;-0.01;-0.02;0;1;0
1;11;0.00;0.00;0;0;0
1;8;0.00;0.00;0;0;0
1;5;0.00;0.00;0;0;0
1;8;0.00;0.00;0;0;0
1;9;0.01;-0.02;0;0;-1
1;9;-0.01;-0.02;0;1;0
1;8;0.00;0.00;0;0;0
1;7;0.00;0.00;0;0;0
1;8;0.00;0.00;0;0;0
1;9;0.00;0.00;0;0;0
1;9;0.00;0.00;0;0;0
1;7;0.01;-0.02;0;0;-1
1;8;-0.01;-0.02;0;1;0
1;8;0.00;0.00;0;0;0
1;9;0.00;0.00;0;0;0
1;8;0.00;0.00;0;0;0
1;8;0.00;0.00;0;0;0
1;8;0.00;0.00;0;0;0
1;9;0.00;-0.04;0;1;-1
1;8;0.00;0.00;0;0;0
1;8;0.00;0.00;0;0;0
1;8;0.00;0.00;0;0;0
1;8;0.00;0.00;0;0;0
1;7;0.00;0.00;0;0;0
1;10;0.01;-0.02;0;0;-1
1;8;-0.01;-0.02;0;1;0
1;8;0.00;0.00;0;0;0
1;8;0.00;0.00;0;0;0
1;8;0.00;0.00;0;0;0
1;7;0.00;0.00;0;0;0
1;13;0.00;-0.04;0;1;-1
1;6;0.00;0.00;0;0;0
1;7;0.00;0.00;0;0;0
1;8;0.00;0.00;0;0;0
1;8;0.00;0.00;0;0;0
1;9;0.00;0.00;0;0;0
1;8;0.00;0.00;0;0;0
1;8;0.00;-0.04;0;1;-1
1;7;0.00;0.00;0;0;0
1;9;0.00;0.00;0;0;0
1;11;0.00;0.00;0;0;0
1;6;0.00;0.00;0;0;0
1;8;0.00;0.00;0;0;0
1;7;-0.01;-0.02;0;1;0
1;9;0.01;-0.02;0;0;-1
1;9;-0.01;-0.02;0;1;0
1;11;0.00;0.00;0;0;0
1;7;-0.01;-0.02;0;1;0
1;6;0.00;0.00;0;0;0
1;8;0.00;0.00;0;0;0
1;10;-0.01;-0.02;0;1;0
1;7;0.00;0.00;0;0;0
1;8;0.00;-0.04;0;1;-1
1;8;0.00;0.00;0;0;0
1;9;-0.01;-0.02;0;1;0
1;7;0.00;0.00;0;0;0
1;9;-0.01;-0.02;0;1;0
1;8;0.00;0.00;0;0;0
1;13;0.00;-0.04;0;1;-1
1;7;0.00;0.00;0;0;0
1;9;0.00;0.00;0;0;0
1;14;-0.01;-0.02;0;1;0
1;7;0.01;-0.02;0;0;-1
1;8;0.00;0.00;0;0;0
1;10;0.00;0.00;0;0;0
1;14;0.00;0.00;0;0;0
1;8;0.00;0.00;0;0;0
1;8;-0.01;-0.02;0;1;0
1;8;0.00;0.00;0;0;0
1;9;0.00;0.00;0;0;0
1;7;0.00;0.00;0;0;0
1;9;0.00;0.00;0;0;0
1;12;0.00;0.00;0;0;0
1;8;-0.01;-0.02;0;1;0
1;8;0.00;0.00;0;0;0
1;7;0.00;0.00;0;0;0
1;9;0.00;0.00;0;0;0
1;7;0.00;0.00;0;0;0
1;9;0.00;0.00;0;0;0
1;8;0.00;0.00;0;0;0
1;8;0.00;0.00;0;0;0
1;8;0.00;0.00;0;0;0
1;8;-0.01;-0.02;0;1;0
1;8;0.00;0.00;0;0;0
1;9;0.00;0.00;0;0;0
1;8;0.00;0.00;0;0;0
1;8;0.00;0.00;0;0;0
1;8;0.00;0.00;0;0;0
1;8;0.00;0.00;0;0;0
1;7;0.00;0.00;0;0;0
1;10;-0.01;-0.02;0;1;0
1;7;0.00;0.00;0;0;0
1;9;0.00;0.00;0;0;0
1;7;0.00;0.00;0;0;0
1;8;0.00;0.00;0;0;0
1;9;0.00;0.00;0;0;0
1;8;-0.01;-0.02;0;1;0
1;8;0.00;0.00;0;0;0
1;8;0.00;0.00;0;0;0
1;9;-0.01;-0.02;0;1;0
1;8;0.01;-0.02;0;0;-1
1;9;0.00;0.00;0;0;0
1;8;-0.01;-0.02;0;1;0
1;9;0.00;0.00;0;0;0
1;20;-0.01;-0.02;0;1;0
1;9;-0.01;-0.02;0;1;0
1;7;-0.02;0.00;-1;0;0
1;12;-0.01;-0.02;0;1;0
1;7;0.00;0.00;0;0;0
1;13;-0.01;-0.02;0;1;0
1;21;-0.04;-0.02;-1;1;0
1;8;0.00;0.00;0;0;0
1;9;-0.01;-0.02;0;1;0
1;8;0.01;-0.02;0;0;-1
1;8;-0.01;-0.02;0;1;0
1;8;0.00;0.00;0;0;0
1;8;-0.04;-0.02;-1;1;0
1;9;0.00;0.00;0;0;0
1;7;-0.01;-0.02;0;1;0
1;9;0.00;0.00;0;0;0
1;7;0.00;0.00;0;0;0
1;9;-0.01;-0.02;0;1;0
1;8;0.00;0.00;0;0;0
1;9;-0.04;-0.02;-1;1;0
1;7;0.00;0.00;0;0;0
1;9;0.00;0.00;0;0;0
1;7;-0.01;-0.02;0;1;0
1;13;0.00;0.00;0;0;0
1;5;0.00;0.00;0;0;0
1;8;0.00;0.00;0;0;0
1;8;-0.02;0.00;-1;0;0
1;8;0.00;0.00;0;0;0
1;9;-0.01;-0.02;0;1;0
1;8;0.00;0.00;0;0;0
1;14;0.00;0.00;0;0;0
1;9;0.00;0.00;0;0;0
1;14;0.00;0.00;0;0;0
1;8;0.00;0.00;0;0;0
1;8;0.00;0.00;0;0;0
1;8;0.00;0.00;0;0;0
1;20;-0.01;-0.02;0;1;0
1;8;0.00;0.00;0;0;0
1;10;0.00;0.00;0;0;0
1;7;0.00;0.00;0;0;0
1;8;0.00;0.00;0;0;0
1;8;-0.01;-0.02;0;1;0
1;8;0.00;0.00;0;0;0
1;9;0.00;0.00;0;0;0
1;8;0.00;0.00;0;0;0
1;8;-0.01;-0.02;0;1;0
1;8;-0.01;-0.02;-1;0;-1
1;10;-0.01;-0.02;0;1;0
1;7;0.00;0.00;0;0;0
1;8;-0.01;-0.02;0;1;0
1;7;0.00;0.00;0;0;0
1;11;-0.01;-0.02;0;1;0
1;7;0.00;0.00;0;0;0
1;7;-0.04;-0.02;-1;1;0
1;8;0.01;-0.02;0;0;-1
1;8;-0.01;-0.02;0;1;0
1;8;0.00;0.00;0;0;0
1;9;-0.01;-0.02;0;1;0
1;8;0.00;0.00;0;0;0
1;8;-0.04;-0.02;-1;1;0
1;8;0.01;-0.02;0;0;-1
1;8;-0.01;-0.02;0;1;0
1;10;0.00;0.00;0;0;0
1;11;-0.01;-0.02;0;1;0
1;5;-0.01;-0.02;0;1;0
1;8;0.00;0.00;0;0;0
1;7;0.00;-0.04;0;1;-1
1;9;0.00;0.00;0;0;0
1;9;-0.01;-0.02;0;1;0
1;8;0.00;0.00;0;0;0
1;7;-0.01;-0.02;0;1;0
1;9;0.00;0.00;0;0;0
1;8;0.00;0.00;0;0;0
1;10;-0.01;-0.02;0;1;0
1;7;0.00;0.00;0;0;0
1;11;0.00;0.00;0;0;0
1;20;0.00;-0.04;0;1;-1
1;6;0.00;0.00;0;0;0
1;16;0.00;0.00;0;0;0
1;9;0.01;-0.02;0;0;-1
1;8;0.00;0.00;0;0;0
1;8;0.00;0.00;0;0;0
1;7;0.00;0.00;0;0;0
1;8;0.00;0.00;0;0;0
1;8;0.00;0.00;0;0;0
1;8;0.00;0.00;0;0;0
1;9;-0.01;-0.02;0;1;0
1;8;0.00;0.00;0;0;0
1;8;0.00;0.00;0;0;0
1;13;0.00;0.00;0;0;0
1;8;0.00;0.00;0;0;0
1;8;0.00;0.00;0;0;0
1;9;-0.01;-0.02;0;1;0
1;8;0.00;0.00;0;0;0
1;7;0.00;0.00;0;0;0
1;9;0.00;0.00;0;0;0
1;9;0.00;0.00;0;0;0
1;8;-0.01;-0.02;0;1;0
1;7;0.00;0.00;0;0;0
1;8;0.00;0.00;0;0;0
1;9;0.00;0.00;0;0;0
1;10;0.00;0.00;0;0;0
1;7;0.00;0.00;0;0;0
1;7;-0.01;-0.02;0;1;0
1;10;0.00;0.00;0;0;0
1;7;0.01;-0.02;0;0;-1
1;8;0.00;0.00;0;0;0
1;8;0.00;0.00;0;0;0
1;8;0.00;0.00;0;0;0
1;8;-0.01;-0.02;0;1;0
1;9;0.00;0.00;0;0;0
1;9;0.00;0.00;0;0;0
1;7;0.00;0.00;0;0;0
1;8;0.01;-0.02;0;0;-1
1;8;0.00;0.00;0;0;0
1;8;0.00;0.00;0;0;0
1;9;0.00;0.00;0;0;0
1;8;-0.01;-0.02;0;1;0
1;9;0.00;0.00;0;0;0
1;9;0.00;0.00;0;0;0
1;7;0.01;-0.02;0;0;-1
1;18;-0.01;-0.02;0;1;0
1;18;-0.01;-0.02;0;1;0
1;8;0.00;0.00;0;0;0
1;9;-0.01;-0.02;0;1;0
1;8;0.00;0.00;0;0;0
1;8;-0.01;-0.02;0;1;0
1;10;-0.01;-0.02;0;1;0
1;7;0.01;-0.02;0;0;-1
1;9;-0.04;-0.02;-1;1;0
1;8;0.00;0.00;0;0;0
1;9;-0.01;-0.02;0;1;0
1;7;0.00;0.00;0;0;0
1;8;-0.01;-0.02;0;1;0
1;7;0.01;-0.02;0;0;-1
1;10;-0.01;-0.02;0;1;0
1;7;0.00;0.00;0;0;0
1;8;0.00;0.00;0;0;0
1;8;0.00;0.00;0;0;0
1;9;-0.02;-0.04;-1;1;-1
1;9;0.00;0.00;0;0;0
1;8;0.00;0.00;0;0;0
1;7;0.00;0.00;0;0;0
1;8;0.00;0.00;0;0;0
1;8;-0.01;-0.02;0;1;0
1;9;0.00;0.00;0;0;0
1;8;0.00;0.00;0;0;0
1;15;0.00;0.00;0;0;0
1;9;0.00;0.00;0;0;0
1;9;0.00;0.00;0;0;0
1;8;0.00;0.00;0;0;0
1;8;-0.01;-0.02;0;1;0
1;9;0.00;0.00;0;0;0
1;8;0.00;0.00;0;0;0
1;18;0.00;0.00;0;0;0
1;8;0.00;0.00;0;0;0
1;7;0.00;0.00;0;0;0
1;8;0.00;0.00;0;0;0
1;8;0.00;0.00;0;0;0
1;19;-0.01;-0.02;0;1;0
1;6;0.00;0.00;0;0;0
1;10;0.00;0.00;0;0;0
1;7;0.00;0.00;0;0;0
1;8;0.00;0.00;0;0;0
1;8;0.00;0.00;0;0;0
1;8;-0.01;-0.02;0;1;0
1;12;0.00;0.00;0;0;0
1;7;0.00;0.00;0;0;0
1;13;0.00;0.00;0;0;0
1;20;0.00;0.00;0;0;0
1;14;-0.01;-0.02;0;1;0
1;8;0.00;0.00;0;0;0
1;7;0.00;0.00;0;0;0
1;13;0.00;0.00;0;0;0
1;8;0.00;0.00;0;0;0
1;8;-0.01;-0.02;0;1;0
1;8;0.00;0.00;0;0;0
1;14;0.00;0.00;0;0;0
1;7;0.00;0.00;0;0;0
1;7;0.00;0.00;0;0;0
1;9;0.00;0.00;0;0;0
1;10;-0.01;-0.02;0;1;0
1;7;0.00;0.00;0;0;0
1;8;0.00;0.00;0;0;0
1;8;0.00;0.00;0;0;0
1;9;0.00;0.00;0;0;0
1;8;0.00;0.00;0;0;0
1;7;0.00;0.00;0;0;0
1;8;0.00;0.00;0;0;0
1;8;-0.04;-0.02;-1;1;0
1;9;0.00;0.00;0;0;0
1;8;0.00;0.00;0;0;0
1;8;0.00;0.00;0;0;0
1;18;-0.01;-0.02;0;1;0
1;8;-0.01;-0.02;0;1;0
1;7;-0.02;0.00;-1;0;0
1;8;0.00;0.00;0;0;0
1;9;-0.01;-0.02;0;1;0
1;7;0.00;0.00;0;0;0
1;8;-0.01;-0.02;0;1;0
1;10;0.00;0.00;0;0;0
1;8;-0.01;-0.02;0;1;0
1;7;-0.02;0.00;-1;0;0
1;8;-0.01;-0.02;0;1;0
1;13;-0.01;-0.02;0;1;0
1;6;0.00;0.00;0;0;0
1;12;-0.01;-0.02;0;1;0
1;7;0.00;0.00;0;0;0
1;12;-0.02;0.00;-1;0;0
1;9;-0.01;-0.02;0;1;0
1;7;0.00;0.00;0;0;0
1;9;0.00;0.00;0;0;0
1;8;0.00;0.00;0;0;0
1;11;-0.01;-0.02;0;1;0
1;6;0.00;0.00;0;0;0
1;16;0.00;0.00;0;0;0
1;8;0.00;0.00;0;0;0
1;8;0.00;0.00;0;0;0
1;15;0.00;0.00;0;0;0
1;14;0.00;0.00;0;0;0
1;7;0.00;0.00;0;0;0
1;11;0.00;0.00;0;0;0
1;8;-0.01;-0.02;0;1;0
1;10;0.00;0.00;0;0;0
1;8;0.00;0.00;0;0;0
1;8;0.00;0.00;0;0;0
1;10;0.00;0.00;0;0;0
1;8;0.00;0.00;0;0;0
1;16;-0.01;-0.02;0;1;0
1;8;0.00;0.00;0;0;0
1;8;0.00;0.00;0;0;0
1;10;0.00;0.00;0;0;0
1;6;0.00;0.00;0;0;0
1;8;0.00;0.00;0;0;0
1;9;0.00;0.00;0;0;0
1;10;-0.01;-0.02;0;1;0
1;7;0.00;0.00;0;0;0
1;8;0.00;0.00;0;0;0
1;7;0.00;0.00;0;0;0
1;8;0.00;0.00;0;0;0
1;8;0.00;0.00;0;0;0
1;10;0.00;0.00;0;0;0
1;8;-0.01;-0.02;0;1;0
1;7;0.00;0.00;0;0;0
1;8;0.00;0.00;0;0;0
1;11;0.00;0.00;0;0;0
1;6;0.00;0.00;0;0;0
1;8;-0.02;0.00;-1;0;0
1;8;0.00;0.00;0;0;0
1;14;-0.01;-0.02;0;1;0
1;6;0.00;0.00;0;0;0
1;9;0.00;0.00;0;0;0
1;8;0.00;0.00;0;0;0
1;8;-0.02;0.00;-1;0;0
1;8;0.00;0.00;0;0;0
1;8;0.00;0.00;0;0;0
1;7;-0.01;-0.02;0;1;0
1;9;0.01;-0.02;0;0;-1
1;8;-0.01;-0.02;0;1;0
1;8;0.00;0.00;0;0;0
1;8;-0.02;0.00;-1;0;0
1;8;-0.01;-0.02;0;1;0
1;9;0.00;0.00;0;0;0
1;8;0.00;0.00;0;0;0
1;11;-0.01;-0.02;0;1;0
1;6;0.00;0.00;0;0;0
1;7;-0.01;-0.02;0;1;0
1;9;-0.01;-0.02;-1;0;-1
1;14;-0.01;-0.02;0;1;0
1;7;-0.01;-0.02;0;1;0
1;8;0.00;0.00;0;0;0
1;10;0.00;0.00;0;0;0
1;8;-0.01;-0.02;0;1;0
1;7;-0.02;0.00;-1;0;0
1;7;0.00;0.00;0;0;0
1;18;0.01;-0.02;0;0;-1
1;9;-0.01;-0.02;0;1;0
1;7;0.00;0.00;0;0;0
1;12;0.00;0.00;0;0;0
1;8;0.00;0.00;0;0;0
1;14;0.00;0.00;0;0;0
1;12;0.00;0.00;0;0;0
1;12;0.00;0.00;0;0;0
1;7;0.00;0.00;0;0;0
1;8;-0.01;-0.02;0;1;0
1;8;0.00;0.00;0;0;0
1;8;0.00;0.00;0;0;0
1;8;0.00;0.00;0;0;0
1;8;0.00;0.00;0;0;0
1;8;0.00;0.00;0;0;0
1;9;0.00;0.00;0;0;0
1;9;0.00;0.00;0;0;0
1;7;-0.01;-0.02;0;1;0
1;8;0.00;0.00;0;0;0
1;9;0.00;0.00;0;0;0
1;8;0.00;0.00;0;0;0
1;8;0.00;0.00;0;0;0
1;14;0.00;0.00;0;0;0
1;8;-0.01;-0.02;0;1;0
1;8;0.00;0.00;0;0;0
1;8;0.00;0.00;0;0;0
1;7;0.00;0.00;0;0;0
1;9;0.00;0.00;0;0;0
1;8;0.00;0.00;0;0;0
1;8;-0.01;-0.02;0;1;0
1;11;0.00;0.00;0;0;0
1;6;0.00;0.00;0;0;0
1;7;0.00;0.00;0;0;0
1;9;0.00;0.00;0;0;0
1;8;0.00;0.00;0;0;0
1;8;0.00;0.00;0;0;0
1;8;0.01;-0.02;0;0;-1
1;8;-0.01;-0.02;0;1;0
1;10;0.00;0.00;0;0;0
1;7;0.00;0.00;0;0;0
1;8;0.00;0.00;0;0;0
1;8;0.00;0.00;0;0;0
1;9;0.01;-0.02;0;0;-1
1;12;0.00;0.00;0;0;0
1;9;-0.01;-0.02;0;1;0
1;8;0.00;0.00;0;0;0
1;7;0.00;0.00;0;0;0
1;8;-0.01;-0.02;0;1;0
1;8;0.01;-0.02;0;0;-1
1;8;-0.01;-0.02;0;1;0
1;9;0.00;0.00;0;0;0
1;12;-0.01;-0.02;0;1;0
1;8;-0.02;0.00;-1;0;0
1;8;-0.01;-0.02;0;1;0
1;15;-0.01;-0.02;0;1;0
1;6;0.00;0.00;0;0;0
1;13;-0.01;-0.02;0;1;0
1;24;-0.02;-0.04;-1;1;-1
1;6;0.00;0.00;0;0;0
1;9;0.00;0.00;0;0;0
1;9;0.00;0.00;0;0;0
1;8;0.00;0.00;0;0;0
1;9;0.00;0.00;0;0;0
1;10;-0.01;-0.02;0;1;0
1;10;0.00;0.00;0;0;0
1;5;0.00;0.00;0;0;0
1;7;0.00;0.00;0;0;0
1;9;0.00;0.00;0;0;0
1;8;0.00;0.00;0;0;0
1;8;0.00;0.00;0;0;0
1;8;0.00;0.00;0;0;0
1;20;0.00;0.00;0;0;0
1;5;0.00;0.00;0;0;0
1;9;-0.01;-0.02;0;1;0
1;7;0.00;0.00;0;0;0
1;8;0.00;0.00;0;0;0
1;8;0.00;0.00;0;0;0
1;14;-0.01;-0.02;0;1;0
1;7;0.00;0.00;0;0;0
1;8;0.00;0.00;0;0;0
1;8;0.00;0.00;0;0;0
1;9;0.00;0.00;0;0;0
1;8;0.00;0.00;0;0;0
1;16;-0.01;-0.02;0;1;0
1;13;0.00;0.00;0;0;0
1;10;0.00;0.00;0;0;0
1;6;0.00;0.00;0;0;0
1;8;0.00;0.00;0;0;0
1;8;-0.02;0.00;-1;0;0
1;8;-0.01;-0.02;0;1;0
1;10;0.00;0.00;0;0;0
1;7;0.00;0.00;0;0;0
1;8;0.00;0.00;0;0;0
1;8;0.00;0.00;0;0;0
1;9;0.00;0.00;0;0;0
1;12;-0.02;0.00;-1;0;0
1;9;-0.01;-0.02;0;1;0
1;7;0.00;0.00;0;0;0
1;8;0.00;0.00;0;0;0
1;11;0.00;0.00;0;0;0
1;10;0.00;0.00;0;0;0
1;9;-0.02;0.00;-1;0;0
1;7;-0.01;-0.02;0;1;0
1;8;0.00;0.00;0;0;0
1;8;0.00;0.00;0;0;0
1;12;0.00;0.00;0;0;0
1;5;0.00;0.00;0;0;0
1;9;0.00;0.00;0;0;0
1;17;-0.04;-0.02;-1;1;0
1;8;0.00;0.00;0;0;0
1;9;0.00;0.00;0;0;0
1;9;0.00;0.00;0;0;0
1;10;0.00;0.00;0;0;0
1;12;-0.01;-0.02;0;1;0
1;8;0.00;0.00;0;0;0
1;4;-0.02;0.00;-1;0;0
1;9;0.00;0.00;0;0;0
1;7;0.00;0.00;0;0;0
1;11;0.00;0.00;0;0;0
1;7;0.00;0.00;0;0;0
1;8;-0.01;-0.02;0;1;0
1;7;0.00;0.00;0;0;0
1;8;0.00;0.00;0;0;0
1;12;-0.02;0.00;-1;0;0
1;8;0.00;0.00;0;0;0
1;11;0.00;0.00;0;0;0
1;6;-0.01;-0.02;0;1;0
1;9;0.00;0.00;0;0;0
1;7;0.00;0.00;0;0;0
1;20;-0.02;0.00;-1;0;0
1;6;0.00;0.00;0;0;0
1;7;-0.01;-0.02;0;1;0
1;9;0.00;0.00;0;0;0
1;9;0.00;0.00;0;0;0
1;9;0.00;0.00;0;0;0
1;7;0.00;0.00;0;0;0
1;15;-0.02;-0.04;-1;1;-1
1;10;0.00;0.00;0;0;0
1;7;0.00;0.00;0;0;0
1;12;0.00;0.00;0;0;0
1;4;0.00;0.00;0;0;0
1;8;0.00;0.00;0;0;0
1;8;-0.01;-0.02;0;1;0
1;9;0.00;0.00;0;0;0
1;13;-0.02;0.00;-1;0;0
1;12;0.00;0.00;0;0;0
1;7;0.00;0.00;0;0;0
1;9;-0.01;-0.02;0;1;0
1;9;0.00;0.00;0;0;0
1;10;0.00;0.00;0;0;0
1;6;-0.02;0.00;-1;0;0
1;14;0.00;0.00;0;0;0
1;7;0.00;0.00;0;0;0
1;8;-0.01;-0.02;0;1;0
1;7;0.00;0.00;0;0;0
1;18;0.00;0.00;0;0;0
1;7;0.00;0.00;0;0;0
1;8;0.00;0.00;0;0;0
1;10;-0.04;-0.02;-1;1;0
1;8;0.00;0.00;0;0;0
1;6;0.00;0.00;0;0;0
1;11;0.00;0.00;0;0;0
1;8;0.00;0.00;0;0;0
1;8;-0.01;-0.02;0;1;0
1;6;0.00;0.00;0;0;0
1;17;-0.02;0.00;-1;0;0
1;4;0.00;0.00;0;0;0
1;8;0.00;0.00;0;0;0
1;8;0.00;0.00;0;0;0
1;13;-0.01;-0.02;0;1;0
1;8;0.00;0.00;0;0;0
1;8;0.00;0.00;0;0;0
1;8;-0.02;0.00;-1;0;0
1;10;0.00;0.00;0;0;0
1;18;-0.01;-0.02;0;1;0
1;9;0.00;0.00;0;0;0
1;8;0.00;0.00;0;0;0
1;11;-0.02;0.00;-1;0;0
1;5;0.00;0.00;0;0;0
1;12;0.00;0.00;0;0;0
1;5;-0.01;-0.02;0;1;0
1;11;0.00;0.00;0;0;0
1;8;0.00;0.00;0;0;0
1;6;0.00;0.00;0;0;0
1;10;0.00;0.00;0;0;0
1;12;-0.04;-0.02;-1;1;0
1;7;0.00;0.00;0;0;0
1;7;0.00;0.00;0;0;0
1;12;0.00;0.00;0;0;0
1;13;0.00;0.00;0;0;0
1;8;0.00;0.00;0;0;0
1;9;-0.01;-0.02;0;1;0
1;8;-0.02;0.00;-1;0;0
1;8;0.00;0.00;0;0;0
1;9;0.00;0.00;0;0;0
1;7;0.00;0.00;0;0;0
1;8;0.00;0.00;0;0;0
1;8;0.00;0.00;0;0;0
1;8;-0.01;-0.02;0;1;0
1;9;-0.02;0.00;-1;0;0
1;8;0.00;0.00;0;0;0
1;8;0.00;0.00;0;0;0
1;8;0.00;0.00;0;0;0
1;15;0.00;0.00;0;0;0
1;6;-0.01;-0.02;0;1;0
1;8;-0.02;0.00;-1;0;0
1;12;0.00;0.00;0;0;0
1;8;0.00;0.00;0;0;0
1;9;0.00;0.00;0;0;0
1;13;-0.01;-0.02;0;1;0
1;7;0.00;0.00;0;0;0
1;8;0.00;0.00;0;0;0
1;8;-0.02;0.00;-1;0;0
1;9;0.00;0.00;0;0;0
1;8;0.00;0.00;0;0;0
1;8;-0.01;-0.02;0;1;0
1;8;0.00;0.00;0;0;0
1;8;0.00;0.00;0;0;0
1;17;-0.02;0.00;-1;0;0
1;8;0.00;0.00;0;0;0
1;9;0.00;0.00;0;0;0
1;8;-0.01;-0.02;0;1;0
1;9;0.00;0.00;0;0;0
1;7;0.00;0.00;0;0;0
1;8;0.00;0.00;0;0;0
1;8;-0.02;0.00;-1;0;0
1;8;0.00;0.00;0;0;0
1;9;0.00;0.00;0;0;0
1;9;-0.01;-0.02;0;1;0
1;7;0.00;0.00;0;0;0
1;9;0.00;0.00;0;0;0
1;7;0.00;0.00;0;0;0
1;10;-0.02;0.00;-1;0;0
1;9;-0.01;-0.02;0;1;0
1;8;0.00;0.00;0;0;0
1;7;0.00;0.00;0;0;0
1;8;0.00;0.00;0;0;0
1;7;0.00;0.00;0;0;0
1;10;0.00;0.00;0;0;0
1;7;-0.04;-0.02;-1;1;0
1;12;0.00;0.00;0;0;0
1;5;0.00;0.00;0;0;0
1;8;0.00;0.00;0;0;0
1;8;0.00;0.00;0;0;0
1;10;0.00;0.00;0;0;0
1;9;0.00;0.00;0;0;0
1;11;-0.01;-0.02;0;1;0
1;7;0.00;0.00;0;0;0
1;13;0.00;0.00;0;0;0
1;7;0.00;0.00;0;0;0
1;8;0.00;0.00;0;0;0
1;8;-0.01;-0.02;0;1;0
1;9;0.00;0.00;0;0;0
1;8;0.00;0.00;0;0;0
1;8;0.00;0.00;0;0;0
1;8;0.00;0.00;0;0;0
1;8;0.00;0.00;0;0;0
1;8;0.00;0.00;0;0;0
1;9;-0.01;-0.02;0;1;0
1;8;0.00;0.00;0;0;0
1;8;0.00;0.00;0;0;0
1;8;0.00;0.00;0;0;0
1;8;0.00;0.00;0;0;0
1;9;0.00;0.00;0;0;0
1;8;0.00;0.00;0;0;0
1;10;-0.01;-0.02;0;1;0
1;6;0.00;0.00;0;0;0
1;8;0.00;0.00;0;0;0
1;9;0.00;0.00;0;0;0
1;8;0.00;0.00;0;0;0
1;8;0.00;0.00;0;0;0
1;8;-0.04;-0.02;-1;1;0
1;8;0.00;0.00;0;0;0
1;9;0.00;0.00;0;0;0
1;8;0.00;0.00;0;0;0
1;15;0.00;0.00;0;0;0
1;12;0.00;0.00;0;0;0
1;7;-0.02;0.00;-1;0;0
1;7;-0.01;-0.02;0;1;0
1;9;0.00;0.00;0;0;0
1;11;0.00;0.00;0;0;0
1;9;0.00;0.00;0;0;0
1;8;0.00;0.00;0;0;0
1;12;-0.04;-0.02;-1;1;0
1;5;0.00;0.00;0;0;0
1;9;0.00;0.00;0;0;0
1;6;0.00;0.00;0;0;0
1;11;0.00;0.00;0;0;0
1;7;0.00;0.00;0;0;0
1;8;-0.01;-0.02;0;1;0
1;7;-0.02;0.00;-1;0;0
1;12;0.00;0.00;0;0;0
1;10;0.00;0.00;0;0;0
1;10;0.00;0.00;0;0;0
1;8;0.00;0.00;0;0;0
1;6;-0.04;-0.02;-1;1;0
1;11;0.00;0.00;0;0;0
1;8;0.00;0.00;0;0;0
1;8;0.00;0.00;0;0;0
1;6;0.00;0.00;0;0;0
1;9;0.00;0.00;0;0;0
1;7;0.00;0.00;0;0;0
1;9;-0.01;-0.02;0;1;0
1;9;0.00;0.00;0;0;0
1;8;0.00;0.00;0;0;0
1;7;0.00;0.00;0;0;0
1;9;0.00;0.00;0;0;0
1;7;0.00;0.00;0;0;0
1;8;-0.01;-0.02;0;1;0
1;8;0.00;0.00;0;0;0
1;8;0.00;0.00;0;0;0
1;8;0.00;0.00;0;0;0
1;8;0.00;0.00;0;0;0
1;9;0.00;0.00;0;0;0
1;8;0.00;0.00;0;0;0
1;8;-0.01;-0.02;0;1;0
1;8;0.00;0.00;0;0;0
1;8;0.00;0.00;0;0;0
1;9;0.00;0.00;0;0;0
1;8;0.00;0.00;0;0;0
1;8;0.00;0.00;0;0;0
1;8;0.00;0.00;0;0;0
1;8;0.00;0.00;0;0;0
1;9;-0.01;-0.02;0;1;0
1;8;0.00;0.00;0;0;0
1;8;0.00;0.00;0;0;0
1;8;0.00;0.00;0;0;0
1;8;0.00;0.00;0;0;0
1;8;0.00;0.00;0;0;0
1;9;0.00;0.00;0;0;0
1;8;-0.01;-0.02;0;1;0
1;8;0.00;0.00;0;0;0
1;8;0.00;0.00;0;0;0
1;8;-0.02;0.00;-1;0;0
1;9;0.00;0.00;0;0;0
1;12;0.00;0.00;0;0;0
1;10;-0.01;-0.02;0;1;0
1;10;0.00;0.00;0;0;0
1;14;0.00;0.00;0;0;0
1;7;-0.02;0.00;-1;0;0
1;10;0.00;0.00;0;0;0
1;10;0.00;0.00;0;0;0
1;9;-0.01;-0.02;0;1;0
1;8;0.00;0.00;0;0;0
1;8;-0.02;0.00;-1;0;0
1;9;0.00;0.00;0;0;0
1;8;0.00;0.00;0;0;0
1;12;0.00;0.00;0;0;0
1;43;-0.04;-0.02;-1;1;0
1;9;0.00;0.00;0;0;0
1;6;0.00;0.00;0;0;0
1;7;-0.01;-0.02;0;1;0
1;11;-0.02;0.00;-1;0;0
1;6;0.00;0.00;0;0;0
1;8;0.00;0.00;0;0;0
1;8;0.00;0.00;0;0;0
1;8;0.00;0.00;0;0;0
1;12;0.00;0.00;0;0;0
1;14;-0.04;-0.02;-1;1;0
1;7;0.00;0.00;0;0;0
1;8;0.00;0.00;0;0;0
1;8;0.00;0.00;0;0;0
1;9;0.00;0.00;0;0;0
1;8;0.00;0.00;0;0;0
1;8;0.00;0.00;0;0;0
1;8;-0.04;-0.02;-1;1;0
1;8;0.00;0.00;0;0;0
1;8;0.00;0.00;0;0;0
1;9;0.00;0.00;0;0;0
1;8;0.00;0.00;0;0;0
1;8;0.00;0.00;0;0;0
1;8;-0.02;0.00;-1;0;0
1;8;-0.01;-0.02;0;1;0
1;10;0.00;0.00;0;0;0
1;8;0.00;0.00;0;0;0
1;7;0.00;0.00;0;0;0
1;9;0.00;0.00;0;0;0
1;15;-0.02;0.00;-1;0;0
1;6;-0.01;-0.02;0;1;0
1;7;0.00;0.00;0;0;0
1;12;0.00;0.00;0;0;0
1;9;0.00;0.00;0;0;0
1;9;-0.02;0.00;-1;0;0
1;8;0.00;0.00;0;0;0
1;7;0.00;0.00;0;0;0
1;8;-0.01;-0.02;0;1;0
1;8;0.00;0.00;0;0;0
1;8;0.00;0.00;0;0;0
1;11;0.00;0.00;0;0;0
1;6;-0.02;0.00;-1;0;0
1;9;0.00;0.00;0;0;0
1;7;0.00;0.00;0;0;0
1;8;0.00;0.00;0;0;0
1;9;-0.01;-0.02;0;1;0
1;8;0.00;0.00;0;0;0
1;16;-0.02;0.00;-1;0;0
1;8;0.00;0.00;0;0;0
1;11;0.00;0.00;0;0;0
1;6;0.00;0.00;0;0;0
1;17;-0.02;0.00;-1;0;0
1;8;0.00;0.00;0;0;0
1;8;0.00;0.00;0;0;0
1;12;0.00;0.00;0;0;0
1;9;0.00;0.00;0;0;0
1;8;-0.02;0.00;-1;0;0
1;8;0.00;0.00;0;0;0
1;8;0.00;0.00;0;0;0
1;10;0.00;0.00;0;0;0
1;6;0.00;0.00;0;0;0
1;8;0.00;0.00;0;0;0
1;8;-0.02;0.00;-1;0;0
1;9;0.00;0.00;0;0;0
1;8;0.00;0.00;0;0;0
1;8;0.00;0.00;0;0;0
1;8;0.00;0.00;0;0;0
1;8;0.00;0.00;0;0;0
1;8;0.00;0.00;0;0;0
1;9;-0.02;0.00;-1;0;0
1;13;0.00;0.00;0;0;0
1;12;0.00;0.00;0;0;0
1;7;0.00;0.00;0;0;0
1;14;-0.02;0.00;-1;0;0
1;8;0.00;0.00;0;0;0
1;7;0.00;0.00;0;0;0
1;9;0.00;0.00;0;0;0
1;8;0.00;0.00;0;0;0
1;10;-0.02;0.00;-1;0;0
1;6;0.00;0.00;0;0;0
1;8;0.00;0.00;0;0;0
1;8;0.00;0.00;0;0;0
1;11;0.00;0.00;0;0;0
1;6;0.00;0.00;0;0;0
1;9;0.00;0.00;0;0;0
1;11;-0.02;0.00;-1;0;0
1;10;0.00;0.00;0;0;0
1;7;0.00;0.00;0;0;0
1;9;0.00;0.00;0;0;0
1;13;-0.01;-0.02;0;1;0
1;6;0.00;0.00;0;0;0
1;15;-0.02;0.00;-1;0;0
1;6;0.00;0.00;0;0;0
1;8;0.00;0.00;0;0;0
1;8;0.00;0.00;0;0;0
1;16;0.00;0.00;0;0;0
1;9;0.00;0.00;0;0;0
1;9;-0.02;0.00;-1;0;0
1;9;0.00;0.00;0;0;0
1;11;0.00;0.00;0;0;0
1;9;0.00;0.00;0;0;0
1;12;0.00;0.00;0;0;0
1;7;-0.04;-0.02;-1;1;0
1;9;0.00;0.00;0;0;0
1;7;0.00;0.00;0;0;0
1;10;0.00;0.00;0;0;0
1;10;0.00;0.00;0;0;0
1;7;0.00;0.00;0;0;0
1;6;-0.02;0.00;-1;0;0
1;9;-0.01;-0.02;0;1;0
1;9;0.00;0.00;0;0;0
1;12;0.00;0.00;0;0;0
1;8;0.00;0.00;0;0;0
1;24;-0.02;0.00;-1;0;0
1;14;-0.01;-0.02;0;1;0
1;6;0.00;0.00;0;0;0
1;11;0.00;0.00;0;0;0
1;5;-0.02;0.00;-1;0;0
1;9;0.00;0.00;0;0;0
1;13;0.00;0.00;0;0;0
1;8;0.00;0.00;0;0;0
1;7;0.00;0.00;0;0;0
1;12;-0.02;0.00;-1;0;0
1;5;0.00;0.00;0;0;0
1;8;0.00;0.00;0;0;0
1;8;0.00;0.00;0;0;0
1;8;0.00;0.00;0;0;0
1;13;-0.02;0.00;-1;0;0
1;8;0.00;0.00;0;0;0
1;8;0.00;0.00;0;0;0
1;12;0.00;0.00;0;0;0
1;9;0.00;0.00;0;0;0
1;8;0.00;0.00;0;0;0
1;12;-0.02;0.00;-1;0;0
1;4;0.00;0.00;0;0;0
1;10;-0.01;-0.02;0;1;0
1;6;0.00;0.00;0;0;0
1;10;0.00;0.00;0;0;0
1;7;0.00;0.00;0;0;0
1;10;0.00;0.00;0;0;0
1;6;-0.02;0.00;-1;0;0
1;9;0.00;0.00;0;0;0
1;8;0.00;0.00;0;0;0
1;8;-0.01;-0.02;0;1;0
1;8;0.00;0.00;0;0;0
1;8;0.00;0.00;0;0;0
1;8;-0.02;0.00;-1;0;0
1;8;0.00;0.00;0;0;0
1;10;0.00;0.00;0;0;0
1;10;0.00;0.00;0;0;0
1;5;-0.01;-0.02;0;1;0
1;8;-0.02;0.00;-1;0;0
1;8;0.00;0.00;0;0;0
1;9;0.00;0.00;0;0;0
1;8;0.00;0.00;0;0;0
1;16;0.00;0.00;0;0;0
1;8;-0.02;0.00;-1;0;0
1;10;-0.01;-0.02;0;1;0
1;9;0.00;0.00;0;0;0
1;8;0.00;0.00;0;0;0
1;7;0.00;0.00;0;0;0
1;11;0.00;0.00;0;0;0
1;5;-0.02;0.00;-1;0;0
1;9;0.00;0.00;0;0;0
1;7;-0.01;-0.02;0;1;0
1;14;0.00;0.00;0;0;0
1;7;0.00;0.00;0;0;0
1;8;0.00;0.00;0;0;0
1;11;-0.02;0.00;-1;0;0
1;17;0.00;0.00;0;0;0
1;8;-0.01;-0.02;0;1;0
1;16;0.00;0.00;0;0;0
1;5;0.00;0.00;0;0;0
1;9;-0.02;0.00;-1;0;0
1;7;0.00;0.00;0;0;0
1;13;0.00;0.00;0;0;0
1;8;0.00;0.00;0;0;0
1;8;-0.01;-0.02;0;1;0
1;10;-0.02;0.00;-1;0;0
1;6;0.00;0.00;0;0;0
1;10;0.00;0.00;0;0;0
1;7;0.00;0.00;0;0;0
1;16;0.00;0.00;0;0;0
1;8;0.00;0.00;0;0;0
1;9;-0.02;0.00;-1;0;0
1;13;0.00;0.00;0;0;0
1;7;0.00;0.00;0;0;0
1;8;0.00;0.00;0;0;0
1;18;-0.02;0.00;-1;0;0
1;13;0.00;0.00;0;0;0
1;7;0.00;0.00;0;0;0
1;7;0.00;0.00;0;0;0
1;9;0.00;0.00;0;0;0
1;10;0.00;0.00;0;0;0
1;6;0.00;0.00;0;0;0
1;8;0.00;0.00;0;0;0
1;8;-0.02;0.00;-1;0;0
1;20;-0.01;-0.02;0;1;0
1;5;0.00;0.00;0;0;0
1;8;0.00;0.00;0;0;0
1;8;0.00;0.00;0;0;0
1;12;0.00;0.00;0;0;0
1;15;-0.04;-0.02;-1;1;0
1;6;0.00;0.00;0;0;0
1;9;0.00;0.00;0;0;0
1;7;0.00;0.00;0;0;0
1;10;0.00;0.00;0;0;0
1;13;-0.02;0.00;-1;0;0
1;7;-0.01;-0.02;0;1;0
1;7;0.00;0.00;0;0;0
1;8;0.00;0.00;0;0;0
1;10;0.00;0.00;0;0;0
1;7;0.00;0.00;0;0;0
1;15;-0.02;0.00;-1;0;0
1;5;0.00;0.00;0;0;0
1;8;-0.01;-0.02;0;1;0
1;9;0.00;0.00;0;0;0
1;11;0.00;0.00;0;0;0
1;9;0.00;0.00;0;0;0
1;8;0.00;0.00;0;0;0
1;9;-0.02;0.00;-1;0;0
1;8;0.00;0.00;0;0;0
1;8;-0.01;-0.02;0;1;0
1;8;0.00;0.00;0;0;0
1;8;0.00;0.00;0;0;0
1;8;0.00;0.00;0;0;0
1;9;0.00;0.00;0;0;0
1;8;-0.02;0.00;-1;0;0
1;8;0.00;0.00;0;0;0
1;8;-0.01;-0.02;0;1;0
1;8;0.00;0.00;0;0;0
1;9;0.00;0.00;0;0;0
1;8;0.00;0.00;0;0;0
1;8;0.00;0.00;0;0;0
1;8;-0.04;-0.02;-1;1;0
1;9;0.00;0.00;0;0;0
1;8;0.00;0.00;0;0;0
1;8;0.00;0.00;0;0;0
1;8;0.00;0.00;0;0;0
1;8;0.00;0.00;0;0;0
1;8;-0.01;-0.02;0;1;0
1;9;-0.02;0.00;-1;0;0
1;15;0.00;0.00;0;0;0
1;5;0.00;0.00;0;0;0
1;8;0.00;0.00;0;0;0
1;14;-0.01;-0.02;0;1;0
1;7;-0.02;0.00;-1;0;0
1;8;0.00;0.00;0;0;0
1;8;0.00;0.00;0;0;0
1;9;0.00;0.00;0;0;0
1;7;0.00;0.00;0;0;0
1;11;0.00;0.00;0;0;0
1;7;-0.01;-0.02;0;1;0
1;8;-0.02;0.00;-1;0;0
1;7;0.00;0.00;0;0;0
1;8;0.00;0.00;0;0;0
1;16;0.00;0.00;0;0;0
1;6;0.00;0.00;0;0;0
1;7;-0.01;-0.02;0;1;0
1;8;0.00;0.00;0;0;0
1;15;-0.02;0.00;-1;0;0
1;6;0.00;0.00;0;0;0
1;8;0.00;0.00;0;0;0
1;14;0.00;0.00;0;0;0
1;12;0.00;0.00;0;0;0
1;7;0.00;0.00;0;0;0
1;11;-0.02;0.00;-1;0;0
1;6;0.00;0.00;0;0;0
1;11;0.00;0.00;0;0;0
1;9;0.00;0.00;0;0;0
1;9;0.00;0.00;0;0;0
1;10;0.00;0.00;0;0;0
1;8;-0.02;0.00;-1;0;0
1;8;0.00;0.00;0;0;0
1;6;0.00;0.00;0;0;0
1;8;0.00;0.00;0;0;0
1;8;0.00;0.00;0;0;0
1;8;0.00;0.00;0;0;0
1;8;0.00;0.00;0;0;0
1;9;0.00;0.00;0;0;0
1;9;-0.02;0.00;-1;0;0
1;7;0.00;0.00;0;0;0
1;8;0.00;0.00;0;0;0
1;8;0.00;0.00;0;0;0
1;8;0.00;0.00;0;0;0
1;9;0.00;0.00;0;0;0
1;8;0.00;0.00;0;0;0
1;19;-0.02;0.00;-1;0;0
1;5;0.00;0.00;0;0;0
1;10;0.00;0.00;0;0;0
1;11;0.00;0.00;0;0;0
1;8;0.00;0.00;0;0;0
1;8;0.00;0.00;0;0;0
1;8;0.00;0.00;0;0;0
1;16;-0.02;0.00;-1;0;0
1;5;0.00;0.00;0;0;0
1;8;0.00;0.00;0;0;0
1;11;0.00;0.00;0;0;0
1;8;0.00;0.00;0;0;0
1;9;0.00;0.00;0;0;0
1;10;-0.02;0.00;-1;0;0
1;7;0.00;0.00;0;0;0
1;8;0.00;0.00;0;0;0
1;9;0.00;0.00;0;0;0
1;13;0.00;0.00;0;0;0
1;7;0.00;0.00;0;0;0
1;8;0.00;0.00;0;0;0
1;8;-0.02;0.00;-1;0;0
1;9;0.00;0.00;0;0;0
1;8;0.00;0.00;0;0;0
1;8;0.01;-0.02;0;0;-1
1;8;0.00;0.00;0;0;0
1;8;0.00;0.00;0;0;0
1;10;0.00;0.00;0;0;0
1;7;-0.02;0.00;-1;0;0
1;15;0.00;0.00;0;0;0
1;5;0.00;0.00;0;0;0
1;12;0.00;0.00;0;0;0
1;5;0.00;0.00;0;0;0
1;11;0.00;0.00;0;0;0
1;5;0.00;0.00;0;0;0
1;8;0.00;0.00;0;0;0
1;8;-0.02;0.00;-1;0;0
1;11;0.00;0.00;0;0;0
1;6;0.00;0.00;0;0;0
1;8;0.00;0.00;0;0;0
1;8;0.00;0.00;0;0;0
1;9;0.00;0.00;0;0;0
1;8;0.00;0.00;0;0;0
1;8;0.00;0.00;0;0;0
1;8;-0.02;0.00;-1;0;0
1;8;0.00;0.00;0;0;0
1;8;0.00;0.00;0;0;0
1;15;0.00;0.00;0;0;0
1;8;0.00;0.00;0;0;0
1;6;0.00;0.00;0;0;0
1;8;-0.02;0.00;-1;0;0
1;8;0.00;0.00;0;0;0
1;10;0.00;0.00;0;0;0
1;7;0.00;0.00;0;0;0
1;19;0.00;0.00;0;0;0
1;5;0.00;0.00;0;0;0
1;9;-0.02;0.00;-1;0;0
1;8;0.00;0.00;0;0;0
1;9;0.00;0.00;0;0;0
1;7;0.00;0.00;0;0;0
1;8;0.00;0.00;0;0;0
1;9;0.00;0.00;0;0;0
1;9;0.00;0.00;0;0;0
1;7;0.00;0.00;0;0;0
1;8;0.00;0.00;0;0;0
1;11;-0.02;0.00;-1;0;0
1;7;0.00;0.00;0;0;0
1;7;0.00;0.00;0;0;0
1;8;0.00;0.00;0;0;0
1;8;0.00;0.00;0;0;0
1;9;0.00;0.00;0;0;0
1;7;0.00;0.00;0;0;0
1;9;0.00;0.00;0;0;0
1;8;-0.02;0.00;-1;0;0
1;8;0.00;0.00;0;0;0
1;9;0.00;0.00;0;0;0
1;17;0.00;0.00;0;0;0
1;15;-0.02;0.00;-1;0;0
1;9;0.00;0.00;0;0;0
1;10;0.00;0.00;0;0;0
1;6;0.00;0.00;0;0;0
1;8;0.00;0.00;0;0;0
1;14;0.00;0.00;0;0;0
1;6;-0.02;0.00;-1;0;0
1;13;0.00;0.00;0;0;0
1;10;0.00;0.00;0;0;0
1;6;0.00;0.00;0;0;0
1;9;0.00;0.00;0;0;0
1;11;0.00;0.00;0;0;0
1;9;-0.02;0.00;-1;0;0
1;10;0.00;0.00;0;0;0
1;9;0.00;0.00;0;0;0
1;8;0.00;0.00;0;0;0
1;9;0.00;0.00;0;0;0
1;10;0.00;0.00;0;0;0
1;8;0.00;0.00;0;0;0
1;8;-0.01;-0.02;0;1;0
1;11;-0.02;0.00;-1;0;0
1;9;0.00;0.00;0;0;0
1;11;0.00;0.00;0;0;0
1;5;0.00;0.00;0;0;0
1;14;-0.02;0.00;-1;0;0
1;6;0.00;0.00;0;0;0
1;9;0.00;0.00;0;0;0
1;15;0.00;0.00;0;0;0
1;9;0.00;0.00;0;0;0
1;8;-0.02;0.00;-1;0;0
1;17;0.00;0.00;0;0;0
1;8;0.00;0.00;0;0;0
1;8;0.00;0.00;0;0;0
1;14;-0.02;0.00;-1;0;0
1;17;0.00;0.00;0;0;0
1;6;0.00;0.00;0;0;0
1;8;0.00;0.00;0;0;0
1;8;0.00;0.00;0;0;0
1;12;0.00;0.00;0;0;0
1;9;-0.02;0.00;-1;0;0
1;8;0.00;0.00;0;0;0
1;9;0.00;0.00;0;0;0
1;7;0.00;0.00;0;0;0
1;16;0.00;0.00;0;0;0
1;10;0.00;0.00;0;0;0
1;7;-0.02;0.00;-1;0;0
1;8;0.00;0.00;0;0;0
1;9;0.00;0.00;0;0;0
1;8;0.00;0.00;0;0;0
1;8;0.00;0.00;0;0;0
1;10;0.00;0.00;0;0;0
1;6;0.00;0.00;0;0;0
1;11;0.00;0.00;0;0;0
1;6;0.00;0.00;0;0;0
1;8;0.00;0.00;0;0;0
1;8;0.00;0.00;0;0;0
1;8;0.00;0.00;0;0;0
1;8;0.00;0.00;0;0;0
1;9;0.00;0.00;0;0;0
1;12;0.00;0.00;0;0;0
1;8;0.00;0.00;0;0;0
1;8;0.00;0.00;0;0;0
1;9;0.00;0.00;0;0;0
1;19;0.00;0.00;0;0;0
1;5;0.00;0.00;0;0;0
1;9;0.00;0.00;0;0;0
1;10;0.00;0.00;0;0;0
1;8;0.00;0.00;0;0;0
1;6;0.00;0.00;0;0;0
1;9;0.00;0.00;0;0;0
1;7;0.00;0.00;0;0;0
1;14;0.00;0.00;0;0;0
1;7;0.00;0.00;0;0;0
1;15;0.00;0.00;0;0;0
1;5;0.00;0.00;0;0;0
1;10;0.00;0.00;0;0;0
1;7;0.00;0.00;0;0;0
1;8;0.00;0.00;0;0;0
1;8;0.00;0.00;0;0;0
1;8;0.00;0.00;0;0;0
1;8;0.00;0.00;0;0;0
1;9;0.00;0.00;0;0;0
1;8;0.00;0.00;0;0;0
1;10;0.00;0.00;0;0;0
1;11;0.00;0.00;0;0;0
1;7;0.00;0.00;0;0;0
1;14;-0.02;0.00;-1;0;0
1;7;0.00;0.00;0;0;0
1;11;0.00;0.00;0;0;0
1;5;0.00;0.00;0;0;0
1;8;0.00;0.00;0;0;0
1;9;0.00;0.00;0;0;0
1;8;0.00;0.00;0;0;0
1;8;0.00;0.00;0;0;0
1;8;-0.02;0.00;-1;0;0
1;8;0.00;0.00;0;0;0
1;9;0.00;0.00;0;0;0
1;8;0.00;0.00;0;0;0
1;8;0.00;0.00;0;0;0
1;8;0.00;0.00;0;0;0
1;8;0.00;0.00;0;0;0
1;9;-0.02;0.00;-1;0;0
1;8;0.00;0.00;0;0;0
1;8;0.00;0.00;0;0;0
1;8;0.00;0.00;0;0;0
1;8;0.00;0.00;0;0;0
1;9;0.00;0.00;0;0;0
1;8;0.00;0.00;0;0;0
1;8;-0.02;0.00;-1;0;0
1;8;0.00;0.00;0;0;0
1;8;0.00;0.00;0;0;0
1;9;0.00;0.00;0;0;0
1;8;0.00;0.00;0;0;0
1;8;0.00;0.00;0;0;0
1;8;0.00;0.00;0;0;0
1;8;-0.02;0.00;-1;0;0
1;8;0.00;0.00;0;0;0
1;9;0.00;0.00;0;0;0
1;10;0.00;0.00;0;0;0
1;6;0.00;0.00;0;0;0
1;20;-0.02;0.00;-1;0;0
1;5;0.00;0.00;0;0;0
1;8;0.00;0.00;0;0;0
1;8;0.00;0.00;0;0;0
1;8;-0.02;0.00;-1;0;0
1;10;0.00;0.00;0;0;0
1;7;0.00;0.00;0;0;0
1;10;0.00;0.00;0;0;0
1;6;0.00;0.00;0;0;0
1;8;0.00;0.00;0;0;0
1;8;-0.02;0.00;-1;0;0
1;11;0.00;0.00;0;0;0
1;22;0.00;0.00;0;0;0
1;12;0.00;0.00;0;0;0
1;9;-0.02;0.00;-1;0;0
1;11;0.00;0.00;0;0;0
1;7;0.00;0.00;0;0;0
1;11;0.00;0.00;0;0;0
1;7;0.00;0.00;0;0;0
1;14;-0.02;0.00;-1;0;0
1;7;-0.01;0.02;0;0;1
1;8;0.00;0.00;0;0;0
1;14;0.00;0.00;0;0;0
1;7;0.00;0.00;0;0;0
1;8;-0.02;0.00;-1;0;0
1;9;0.00;0.00;0;0;0
1;7;0.00;0.00;0;0;0
1;8;0.00;0.00;0;0;0
1;9;-0.01;0.02;0;0;1
1;8;0.00;0.00;0;0;0
1;8;0.00;0.00;0;0;0
1;8;-0.02;0.00;-1;0;0
1;12;0.00;0.00;0;0;0
1;10;-0.01;0.02;0;0;1
1;8;0.00;0.00;0;0;0
1;7;0.00;0.00;0;0;0
1;9;0.00;0.00;0;0;0
1;7;-0.02;0.00;-1;0;0
1;9;0.00;0.00;0;0;0
1;8;0.00;0.00;0;0;0
1;12;-0.01;0.02;0;0;1
1;11;0.00;0.00;0;0;0
1;6;-0.02;0.00;-1;0;0
1;14;0.00;0.00;0;0;0
1;6;0.00;0.00;0;0;0
1;8;0.00;0.00;0;0;0
1;7;0.00;0.00;0;0;0
1;33;-0.04;0.02;-1;0;1
1;7;0.00;0.00;0;0;0
1;6;0.00;0.00;0;0;0
1;10;-0.04;-0.02;-1;1;0
1;7;-0.01;0.02;0;0;1
1;13;0.00;0.00;0;0;0
1;7;0.00;0.00;0;0;0
1;8;0.00;0.00;0;0;0
1;9;0.00;0.00;0;0;0
1;8;-0.02;0.00;-1;0;0
1;8;-0.01;0.02;0;0;1
1;8;0.00;0.00;0;0;0
1;8;0.00;0.00;0;0;0
1;9;0.00;0.00;0;0;0
1;8;0.00;0.00;0;0;0
1;7;-0.02;0.00;-1;0;0
1;8;0.00;0.00;0;0;0
1;9;0.00;0.00;0;0;0
1;9;-0.01;0.02;0;0;1
1;7;0.00;0.00;0;0;0
1;8;0.00;0.00;0;0;0
1;9;-0.02;0.00;-1;0;0
1;7;0.00;0.00;0;0;0
1;10;0.00;0.00;0;0;0
1;7;0.00;0.00;0;0;0
1;9;-0.01;0.02;0;0;1
1;8;0.00;0.00;0;0;0
1;8;-0.02;0.00;-1;0;0
1;8;0.00;0.00;0;0;0
1;9;0.00;0.00;0;0;0
1;8;0.00;0.00;0;0;0
1;23;-0.01;0.02;0;0;1
1;13;-0.02;0.00;-1;0;0
1;7;0.00;0.00;0;0;0
1;6;0.00;0.00;0;0;0
1;9;-0.01;0.02;0;0;1
1;7;0.00;0.00;0;0;0
1;9;-0.02;0.00;-1;0;0
1;8;0.00;0.00;0;0;0
1;7;0.00;0.00;0;0;0
1;8;0.00;0.00;0;0;0
1;8;-0.01;0.02;0;0;1
1;10;0.00;0.00;0;0;0
1;7;-0.02;0.00;-1;0;0
1;8;0.00;0.00;0;0;0
1;8;0.00;0.00;0;0;0
1;9;0.00;0.00;0;0;0
1;7;0.00;0.00;0;0;0
1;9;-0.04;0.02;-1;0;1
1;9;0.00;0.00;0;0;0
1;7;0.00;0.00;0;0;0
1;8;0.00;0.00;0;0;0
1;8;0.00;0.00;0;0;0
1;11;0.00;0.00;0;0;0
1;6;-0.02;0.00;-1;0;0
1;8;-0.01;0.02;0;0;1
1;8;0.00;0.00;0;0;0
1;8;0.00;0.00;0;0;0
1;9;0.00;0.00;0;0;0
1;7;0.00;0.00;0;0;0
1;8;-0.02;0.00;-1;0;0
1;8;-0.01;0.02;0;0;1
1;8;0.00;0.00;0;0;0
1;9;0.00;0.00;0;0;0
1;9;0.00;0.00;0;0;0
1;7;0.00;0.00;0;0;0
1;9;-0.02;0.00;-1;0;0
1;7;-0.01;0.02;0;0;1
1;10;0.00;0.00;0;0;0
1;8;0.00;0.00;0;0;0
1;7;0.00;0.00;0;0;0
1;8;0.00;0.00;0;0;0
1;9;0.00;0.00;0;0;0
1;13;-0.04;0.02;-1;0;1
1;12;0.00;0.00;0;0;0
1;8;0.00;0.00;0;0;0
1;26;0.00;0.00;0;0;0
1;7;0.00;0.00;0;0;0
1;9;-0.01;0.02;0;0;1
1;10;-0.02;0.00;-1;0;0
1;5;0.00;0.00;0;0;0
1;9;0.00;0.00;0;0;0
1;8;0.00;0.00;0;0;0
1;9;-0.01;0.02;0;0;1
1;7;0.00;0.00;0;0;0
1;9;0.00;0.00;0;0;0
1;13;-0.02;0.00;-1;0;0
1;7;0.00;0.00;0;0;0
1;8;0.00;0.00;0;0;0
1;12;0.00;0.00;0;0;0
1;11;-0.01;0.02;0;0;1
1;6;0.00;0.00;0;0;0
1;17;-0.02;0.00;-1;0;0
1;7;0.00;0.00;0;0;0
1;8;0.00;0.00;0;0;0
1;15;0.00;0.00;0;0;0
1;6;-0.04;0.02;-1;0;1
1;14;0.00;0.00;0;0;0
1;10;0.00;0.00;0;0;0
1;8;0.00;0.00;0;0;0
1;9;0.00;0.00;0;0;0
1;8;-0.02;0.00;-1;0;0
1;8;-0.01;0.02;0;0;1
1;8;0.00;0.00;0;0;0
1;12;0.00;0.00;0;0;0
1;8;0.00;0.00;0;0;0
1;5;0.00;0.00;0;0;0
1;8;0.00;0.00;0;0;0
1;9;-0.04;0.02;-1;0;1
1;11;0.00;0.00;0;0;0
1;6;0.00;0.00;0;0;0
1;11;0.00;0.00;0;0;0
1;11;0.00;0.00;0;0;0
1;11;-0.04;0.02;-1;0;1
1;10;0.00;0.00;0;0;0
1;8;0.00;0.00;0;0;0
1;5;0.00;0.00;0;0;0
1;12;0.00;0.00;0;0;0
1;19;-0.04;0.02;-1;0;1
1;9;0.00;0.00;0;0;0
1;10;0.00;0.00;0;0;0
1;12;0.00;0.00;0;0;0
1;7;0.00;0.00;0;0;0
1;13;-0.02;0.00;-1;0;0
1;11;-0.01;0.02;0;0;1
1;5;0.00;0.00;0;0;0
1;9;0.00;0.00;0;0;0
1;13;0.00;0.00;0;0;0
1;7;-0.02;0.00;-1;0;0
1;8;0.00;0.00;0;0;0
1;14;0.00;0.00;0;0;0
1;13;-0.01;0.02;0;0;1
1;6;0.00;0.00;0;0;0
1;11;-0.02;0.00;-1;0;0
1;6;0.00;0.00;0;0;0
1;12;0.00;0.00;0;0;0
1;23;-0.01;0.02;0;0;1
1;6;0.00;0.00;0;0;0
1;11;-0.02;0.00;-1;0;0
1;7;0.00;0.00;0;0;0
1;6;-0.01;0.02;0;0;1
1;11;0.00;0.00;0;0;0
1;5;0.00;0.00;0;0;0
1;9;0.00;0.00;0;0;0
1;8;0.00;0.00;0;0;0
1;7;-0.02;0.00;-1;0;0
1;8;0.00;0.00;0;0;0
1;9;-0.01;0.02;0;0;1
1;8;0.00;0.00;0;0;0
1;8;0.00;0.00;0;0;0
1;8;0.00;0.00;0;0;0
1;8;-0.02;0.00;-1;0;0
1;8;0.00;0.00;0;0;0
1;10;0.00;0.00;0;0;0
1;17;-0.01;0.02;0;0;1
1;10;0.00;0.00;0;0;0
1;5;0.00;0.00;0;0;0
1;8;0.00;0.00;0;0;0
1;8;0.00;0.00;0;0;0
1;9;-0.02;0.00;-1;0;0
1;7;0.00;0.00;0;0;0
1;8;-0.01;0.02;0;0;1
1;8;0.00;0.00;0;0;0
1;9;0.00;0.00;0;0;0
1;8;0.00;0.00;0;0;0
1;8;0.00;0.00;0;0;0
1;8;-0.02;0.00;-1;0;0
1;8;0.00;0.00;0;0;0
1;9;-0.01;0.02;0;0;1
1;8;0.00;0.00;0;0;0
1;8;0.00;0.00;0;0;0
1;8;0.00;0.00;0;0;0
1;8;0.00;0.00;0;0;0
1;10;-0.02;0.00;-1;0;0
1;7;0.00;0.00;0;0;0
1;8;-0.01;0.02;0;0;1
1;8;0.00;0.00;0;0;0
1;8;0.00;0.00;0;0;0
1;9;0.00;0.00;0;0;0
1;8;0.00;0.00;0;0;0
1;8;-0.02;0.00;-1;0;0
1;8;0.00;0.00;0;0;0
1;8;0.00;0.00;0;0;0
1;9;-0.01;0.02;0;0;1
1;9;0.00;0.00;0;0;0
1;8;0.00;0.00;0;0;0
1;8;0.00;0.00;0;0;0
1;8;-0.02;0.00;-1;0;0
1;8;0.00;0.00;0;0;0
1;9;-0.01;0.02;0;0;1
1;8;0.00;0.00;0;0;0
1;11;0.00;0.00;0;0;0
1;5;0.00;0.00;0;0;0
1;8;-0.01;0.02;0;0;1
1;9;0.00;0.00;0;0;0
1;8;-0.02;0.00;-1;0;0
1;7;0.00;0.00;0;0;0
1;8;-0.01;0.02;0;0;1
1;13;0.00;0.00;0;0;0
1;12;-0.01;0.02;0;0;1
1;17;-0.04;0.02;-1;0;1
1;8;0.00;0.00;0;0;0
1;16;-0.01;0.02;0;0;1
1;8;-0.01;0.02;0;0;1
1;9;0.00;0.00;0;0;0
1;8;-0.01;0.02;0;0;1
1;21;-0.02;0.04;-1;-1;1
1;8;-0.01;0.02;0;0;1
1;9;0.00;0.00;0;0;0
1;8;-0.01;0.02;0;0;1
1;8;0.00;0.00;0;0;0
1;8;-0.01;0.02;0;0;1
1;8;-0.02;0.00;-1;0;0
1;9;0.00;0.04;0;-1;1
1;7;0.00;0.00;0;0;0
1;18;-0.01;0.02;0;0;1
1;7;-0.01;0.02;0;0;1
1;7;0.00;0.00;0;0;0
1;8;0.00;0.00;0;0;0
1;8;0.00;0.04;0;-1;1
1;9;0.00;0.00;0;0;0
1;8;0.00;0.00;0;0;0
1;8;-0.01;0.02;0;0;1
1;8;0.00;0.00;0;0;0
1;8;0.00;0.00;0;0;0
1;9;0.00;0.00;0;0;0
1;8;0.00;0.00;0;0;0
1;8;0.01;0.02;0;-1;0
1;15;-0.01;0.02;0;0;1
1;6;0.00;0.00;0;0;0
1;8;0.00;0.00;0;0;0
1;8;0.00;0.00;0;0;0
1;8;0.00;0.00;0;0;0
1;8;0.01;0.02;0;-1;0
1;8;0.00;0.00;0;0;0
1;9;0.00;0.00;0;0;0
1;9;0.00;0.00;0;0;0
1;11;0.00;0.00;0;0;0
1;8;0.00;0.00;0;0;0
1;8;-0.01;0.02;0;0;1
1;9;0.01;0.02;0;-1;0
1;8;0.00;0.00;0;0;0
1;8;-0.01;0.02;0;0;1
1;8;0.00;0.00;0;0;0
1;8;-0.01;0.02;0;0;1
1;9;0.00;0.00;0;0;0
1;8;-0.01;0.02;0;0;1
1;9;0.00;0.00;0;0;0
1;12;-0.01;0.02;0;0;1
1;10;0.00;0.04;0;-1;1
1;7;0.00;0.00;0;0;0
1;8;0.00;0.00;0;0;0
1;7;-0.01;0.02;0;0;1
1;9;-0.01;0.02;0;0;1
1;25;0.00;0.04;0;-1;1
1;7;-0.01;0.02;0;0;1
1;10;0.00;0.00;0;0;0
1;12;-0.01;0.02;0;0;1
1;7;-0.01;0.02;0;0;1
1;8;0.01;0.02;0;-1;0
1;9;-0.01;0.02;0;0;1
1;7;0.00;0.00;0;0;0
1;8;-0.01;0.02;0;0;1
1;9;0.00;0.00;0;0;0
1;8;-0.01;0.02;0;0;1
1;8;0.01;0.02;0;-1;0
1;8;-0.01;0.02;0;0;1
1;8;0.00;0.00;0;0;0
1;8;-0.01;0.02;0;0;1
1;10;0.00;0.00;0;0;0
1;7;-0.01;0.02;0;0;1
1;8;0.00;0.00;0;0;0
1;7;-0.01;0.02;0;0;1
1;18;0.00;0.04;0;-1;1
1;7;0.00;0.00;0;0;0
1;8;0.00;0.00;0;0;0
1;10;-0.01;0.02;0;0;1
1;8;0.00;0.00;0;0;0
1;10;0.00;0.00;0;0;0
1;6;0.00;0.00;0;0;0
1;7;0.01;0.02;0;-1;0
1;8;0.00;0.00;0;0;0
1;12;-0.01;0.02;0;0;1
1;6;0.00;0.00;0;0;0
1;7;0.00;0.00;0;0;0
1;8;0.00;0.00;0;0;0
1;8;0.00;0.00;0;0;0
1;9;0.00;0.00;0;0;0
1;9;0.00;0.00;0;0;0
1;7;0.00;0.00;0;0;0
1;9;-0.01;0.02;0;0;1
1;11;0.00;0.00;0;0;0
1;5;0.00;0.00;0;0;0
1;9;0.00;0.00;0;0;0
1;7;0.00;0.00;0;0;0
1;13;0.00;0.00;0;0;0
1;19;-0.01;0.02;0;0;1
1;7;0.00;0.00;0;0;0
1;7;0.00;0.00;0;0;0
1;9;0.00;0.00;0;0;0
1;7;0.00;0.00;0;0;0
1;7;-0.01;0.02;0;0;1
1;9;0.00;0.00;0;0;0
1;8;0.00;0.00;0;0;0
1;8;0.00;0.04;0;-1;1
1;8;-0.02;0.00;-1;0;0
1;8;0.00;0.00;0;0;0
1;9;-0.01;0.02;0;0;1
1;8;0.00;0.00;0;0;0
1;8;-0.01;0.02;0;0;1
1;13;-0.01;0.02;0;0;1
1;12;-0.02;0.00;-1;0;0
1;5;0.00;0.04;0;-1;1
1;8;0.00;0.00;0;0;0
1;8;-0.01;0.02;0;0;1
1;7;0.00;0.00;0;0;0
1;8;-0.01;0.02;0;0;1
1;10;0.00;0.00;0;0;0
1;7;0.00;0.04;0;-1;1
1;12;-0.01;0.02;0;0;1
1;8;0.00;0.00;0;0;0
1;9;-0.01;0.02;0;0;1
1;9;0.00;0.00;0;0;0
1;7;0.00;0.04;0;-1;1
1;8;0.00;0.00;0;0;0
1;8;-0.01;0.02;0;0;1
1;8;0.00;0.00;0;0;0
1;17;0.00;0.04;0;-1;1
1;7;-0.01;0.02;0;0;1
1;6;0.00;0.00;0;0;0
1;9;-0.01;0.02;0;0;1
1;7;0.00;0.00;0;0;0
1;8;0.00;0.00;0;0;0
1;8;0.00;0.00;0;0;0
1;8;0.01;0.02;0;-1;0
1;8;0.00;0.00;0;0;0
1;8;-0.01;0.02;0;0;1
1;14;0.00;0.00;0;0;0
1;12;0.00;0.00;0;0;0
1;8;0.01;0.02;0;-1;0
1;10;0.00;0.00;0;0;0
1;7;0.00;0.00;0;0;0
1;15;-0.01;0.02;0;0;1
1;5;0.00;0.00;0;0;0
1;8;0.00;0.00;0;0;0
1;7;0.00;0.00;0;0;0
1;9;0.00;0.00;0;0;0
1;8;0.00;0.00;0;0;0
1;10;0.00;0.00;0;0;0
1;8;-0.01;0.02;0;0;1
1;6;0.00;0.00;0;0;0
1;16;0.00;0.00;0;0;0
1;6;0.00;0.00;0;0;0
1;7;0.00;0.00;0;0;0
1;8;0.00;0.00;0;0;0
1;13;-0.01;0.02;0;0;1
1;5;0.00;0.00;0;0;0
1;8;0.00;0.00;0;0;0
1;7;0.00;0.00;0;0;0
1;12;0.00;0.00;0;0;0
1;11;0.00;0.00;0;0;0
1;7;0.00;0.00;0;0;0
1;7;-0.01;0.02;0;0;1
1;8;0.00;0.00;0;0;0
1;15;-0.02;0.04;-1;-1;1
1;7;0.00;0.00;0;0;0
1;8;0.00;0.00;0;0;0
1;7;-0.01;0.02;0;0;1
1;8;0.00;0.00;0;0;0
1;8;-0.01;0.02;0;0;1
1;10;0.00;0.00;0;0;0
1;8;0.01;0.02;0;-1;0
1;8;-0.04;0.02;-1;0;1
1;7;0.00;0.00;0;0;0
1;7;-0.01;0.02;0;0;1
1;8;0.00;0.00;0;0;0
1;12;0.00;0.04;0;-1;1
1;6;0.00;0.00;0;0;0
1;8;-0.01;0.02;0;0;1
1;8;0.00;0.00;0;0;0
1;14;-0.04;0.02;-1;0;1
1;7;0.01;0.02;0;-1;0
1;11;-0.01;0.02;0;0;1
1;11;0.00;0.00;0;0;0
1;6;0.00;0.00;0;0;0
1;13;-0.01;0.02;0;0;1
1;7;-0.01;0.02;-1;-1;0
1;13;-0.01;0.02;0;0;1
1;9;0.00;0.00;0;0;0
1;8;-0.01;0.02;0;0;1
1;9;0.00;0.00;0;0;0
1;7;-0.01;0.02;0;0;1
1;7;0.00;0.00;0;0;0
1;12;0.00;0.04;0;-1;1
1;6;0.00;0.00;0;0;0
1;7;0.00;0.00;0;0;0
1;8;-0.01;0.02;0;0;1
1;10;0.00;0.00;0;0;0
1;6;-0.01;0.02;0;0;1
1;14;0.00;0.00;0;0;0
1;8;-0.01;0.02;0;0;1
1;8;0.01;0.02;0;-1;0
1;7;-0.01;0.02;0;0;1
1;8;0.00;0.00;0;0;0
1;10;0.00;0.00;0;0;0
1;7;-0.04;0.02;-1;0;1
1;10;0.00;0.00;0;0;0
1;7;0.00;0.04;0;-1;1
1;8;0.00;0.00;0;0;0
1;8;-0.01;0.02;0;0;1
1;11;0.00;0.00;0;0;0
1;6;-0.02;0.00;-1;0;0
1;7;-0.01;0.02;0;0;1
1;8;0.00;0.00;0;0;0
1;8;0.00;0.00;0;0;0
1;10;0.00;0.00;0;0;0
1;9;-0.01;0.02;0;0;1
1;7;0.00;0.00;0;0;0
1;7;0.01;0.02;0;-1;0
1;8;0.00;0.00;0;0;0
1;12;0.00;0.00;0;0;0
1;6;0.00;0.00;0;0;0
1;7;-0.01;0.02;0;0;1
1;8;0.00;0.00;0;0;0
1;8;0.00;0.00;0;0;0
1;9;0.00;0.00;0;0;0
1;8;0.00;0.00;0;0;0
1;8;0.00;0.00;0;0;0
1;8;0.00;0.00;0;0;0
1;8;0.00;0.00;0;0;0
1;9;0.00;0.00;0;0;0
1;9;0.00;0.00;0;0;0
1;8;0.00;0.00;0;0;0
1;13;-0.01;0.02;0;0;1
1;8;0.00;0.00;0;0;0
1;13;-0.04;0.02;-1;0;1
1;7;0.00;0.00;0;0;0
1;9;0.00;0.04;0;-1;1
1;10;0.00;0.00;0;0;0
1;16;-0.01;0.02;0;0;1
1;9;-0.01;0.02;0;0;1
1;5;0.00;0.00;0;0;0
1;7;-0.01;0.02;0;0;1
1;13;-0.01;0.02;0;0;1
1;5;0.00;0.00;0;0;0
1;11;0.00;0.04;0;-1;1
1;8;-0.04;0.02;-1;0;1
1;9;0.00;0.00;0;0;0
1;11;-0.01;0.02;0;0;1
1;13;0.00;0.04;0;-1;1
1;9;-0.01;0.02;0;0;1
1;8;0.00;0.00;0;0;0
1;7;-0.01;0.02;0;0;1
1;16;-0.01;0.02;0;0;1
1;6;0.00;0.00;0;0;0
1;8;-0.01;0.02;0;0;1
1;7;0.00;0.00;0;0;0
1;15;0.00;0.04;0;-1;1
1;6;0.00;0.00;0;0;0
1;8;0.00;0.00;0;0;0
1;10;0.00;0.00;0;0;0
1;7;0.00;0.00;0;0;0
1;8;0.00;0.00;0;0;0
1;10;-0.01;0.02;0;0;1
1;7;0.01;0.02;0;-1;0
1;10;0.00;0.00;0;0;0
1;6;0.00;0.00;0;0;0
1;9;0.00;0.00;0;0;0
1;7;0.00;0.00;0;0;0
1;8;0.00;0.00;0;0;0
1;9;0.00;0.00;0;0;0
1;13;0.00;0.00;0;0;0
1;7;0.00;0.00;0;0;0
1;8;0.00;0.00;0;0;0
1;8;0.00;0.00;0;0;0
1;10;0.00;0.00;0;0;0
1;11;-0.01;0.02;0;0;1
1;9;0.00;0.00;0;0;0
1;9;0.00;0.00;0;0;0
1;7;0.00;0.00;0;0;0
1;7;0.00;0.00;0;0;0
1;10;0.00;0.00;0;0;0
1;9;0.00;0.04;0;-1;1
1;8;0.00;0.00;0;0;0
1;7;0.00;0.00;0;0;0
1;11;-0.01;0.02;0;0;1
1;9;0.00;0.00;0;0;0
1;8;-0.01;0.02;0;0;1
1;13;0.01;0.02;0;-1;0
1;10;-0.01;0.02;0;0;1
1;6;0.00;0.00;0;0;0
1;11;-0.01;0.02;0;0;1
1;7;-0.01;0.02;0;0;1
1;9;0.00;0.00;0;0;0
1;6;-0.01;0.02;0;0;1
1;8;0.00;0.00;0;0;0
1;10;0.00;0.04;0;-1;1
1;9;-0.01;0.02;0;0;1
1;6;0.00;0.00;0;0;0
1;9;-0.01;0.02;0;0;1
1;8;0.00;0.00;0;0;0
1;13;-0.01;0.02;0;0;1
1;6;0.00;0.04;0;-1;1
1;11;-0.02;0.00;-1;0;0
1;6;-0.01;0.02;0;0;1
1;8;0.00;0.00;0;0;0
1;7;0.00;0.00;0;0;0
1;9;-0.01;0.02;0;0;1
1;8;0.00;0.00;0;0;0
1;9;0.01;0.02;0;-1;0
1;7;0.00;0.00;0;0;0
1;9;-0.01;0.02;0;0;1
1;9;0.00;0.00;0;0;0
1;9;0.00;0.00;0;0;0
1;7;0.00;0.00;0;0;0
1;8;0.01;0.02;0;-1;0
1;7;0.00;0.00;0;0;0
1;15;0.00;0.00;0;0;0
1;7;0.00;0.00;0;0;0
1;14;-0.01;0.02;0;0;1
1;7;0.00;0.00;0;0;0
1;7;0.00;0.00;0;0;0
1;12;0.01;0.02;0;-1;0
1;8;0.00;0.00;0;0;0
1;12;0.00;0.00;0;0;0
1;9;0.00;0.00;0;0;0
1;22;-0.01;0.02;0;0;1
1;6;0.00;0.00;0;0;0
1;13;0.01;0.02;0;-1;0
1;8;0.00;0.00;0;0;0
1;8;0.00;0.00;0;0;0
1;8;0.00;0.00;0;0;0
1;10;-0.01;0.02;0;0;1
1;6;0.00;0.00;0;0;0
1;9;0.00;0.00;0;0;0
1;7;0.01;0.02;0;-1;0
1;10;0.00;0.00;0;0;0
1;7;0.00;0.00;0;0;0
1;10;-0.01;0.02;0;0;1
1;7;0.00;0.00;0;0;0
1;8;0.00;0.00;0;0;0
1;7;0.00;0.00;0;0;0
1;9;0.01;0.02;0;-1;0
1;13;0.00;0.00;0;0;0
1;8;-0.01;0.02;0;0;1
1;9;0.00;0.00;0;0;0
1;7;0.00;0.00;0;0;0
1;14;0.01;0.02;0;-1;0
1;21;-0.01;0.02;0;0;1
1;11;0.00;0.00;0;0;0
1;6;-0.01;0.02;0;0;1
1;9;0.00;0.00;0;0;0
1;8;0.01;0.02;0;-1;0
1;12;-0.01;0.02;0;0;1
1;8;0.00;0.00;0;0;0
1;8;-0.01;0.02;0;0;1
1;9;0.00;0.00;0;0;0
1;8;-0.01;0.02;0;0;1
1;8;0.00;0.00;0;0;0
1;24;-0.01;0.06;0;-1;2
1;9;0.00;0.00;0;0;0
1;8;-0.01;0.02;0;0;1
1;8;0.00;0.00;0;0;0
1;8;0.00;0.04;0;-1;1
1;8;0.00;0.00;0;0;0
1;9;-0.01;0.02;0;0;1
1;8;0.00;0.00;0;0;0
1;8;-0.01;0.02;0;0;1
1;8;0.01;0.02;0;-1;0
1;8;-0.01;0.02;0;0;1
1;9;0.00;0.00;0;0;0
1;8;0.00;0.00;0;0;0
1;8;0.00;0.00;0;0;0
1;11;-0.01;0.02;0;0;1
1;6;0.01;0.02;0;-1;0
1;8;0.00;0.00;0;0;0
1;8;0.00;0.00;0;0;0
1;8;0.00;0.00;0;0;0
1;8;0.00;0.00;0;0;0
1;8;0.00;0.00;0;0;0
1;9;0.00;0.04;0;-1;1
1;11;0.00;0.00;0;0;0
1;6;0.00;0.00;0;0;0
1;10;0.00;0.00;0;0;0
1;6;0.00;0.00;0;0;0
1;7;0.00;0.00;0;0;0
1;9;0.00;0.00;0;0;0
1;8;0.00;0.00;0;0;0
1;8;0.01;0.02;0;-1;0
1;10;0.00;0.00;0;0;0
1;7;0.00;0.00;0;0;0
1;8;-0.01;0.02;0;0;1
1;8;0.00;0.00;0;0;0
1;8;0.00;0.00;0;0;0
1;8;0.00;0.00;0;0;0
1;9;0.01;0.02;0;-1;0
1;8;0.00;0.00;0;0;0
1;8;0.00;0.00;0;0;0
1;9;0.00;0.00;0;0;0
1;12;-0.01;0.02;0;0;1
1;7;0.01;0.02;0;-1;0
1;11;0.00;0.00;0;0;0
1;6;0.00;0.00;0;0;0
1;8;0.00;0.00;0;0;0
1;8;0.00;0.00;0;0;0
1;20;-0.01;0.02;0;0;1
1;11;0.01;0.02;0;-1;0
1;6;0.00;0.00;0;0;0
1;7;0.00;0.00;0;0;0
1;8;0.00;0.00;0;0;0
1;9;-0.01;0.02;0;0;1
1;8;0.00;0.00;0;0;0
1;9;0.00;0.00;0;0;0
1;7;0.01;0.02;0;-1;0
1;8;0.00;0.00;0;0;0
1;9;0.00;0.00;0;0;0
1;9;0.00;0.00;0;0;0
1;7;0.00;0.00;0;0;0
1;9;-0.01;0.02;0;0;1
1;7;0.00;0.00;0;0;0
1;13;0.00;0.04;0;-1;1
1;5;0.00;0.00;0;0;0
1;15;-0.01;0.02;0;0;1
1;5;0.00;0.00;0;0;0
1;7;0.00;0.00;0;0;0
1;16;-0.01;0.02;0;0;1
1;6;0.00;0.00;0;0;0
1;7;-0.01;0.02;0;0;1
1;8;0.01;0.02;0;-1;0
1;10;-0.01;0.02;0;0;1
1;7;0.00;0.00;0;0;0
1;8;-0.01;0.02;0;0;1
1;8;0.00;0.00;0;0;0
1;13;0.00;0.04;0;-1;1
1;17;-0.01;0.02;0;0;1
1;13;-0.01;0.02;0;0;1
1;8;0.01;0.02;0;-1;0
1;7;-0.01;0.02;0;0;1
1;9;0.00;0.00;0;0;0
1;7;-0.01;0.02;0;0;1
1;8;0.00;0.00;0;0;0
1;8;-0.01;0.02;0;0;1
1;8;0.00;0.00;0;0;0
1;10;0.00;0.04;0;-1;1
1;7;0.00;0.00;0;0;0
1;8;-0.01;0.02;0;0;1
1;8;0.00;0.00;0;0;0
1;8;0.00;0.00;0;0;0
1;9;0.00;0.00;0;0;0
1;9;-0.01;0.02;0;0;1
1;11;0.01;0.02;0;-1;0
1;8;0.00;0.00;0;0;0
1;8;0.00;0.00;0;0;0
1;9;0.00;0.00;0;0;0
1;8;0.00;0.00;0;0;0
1;8;0.01;0.02;0;-1;0
1;8;-0.01;0.02;0;0;1
1;11;0.00;0.00;0;0;0
1;7;0.00;0.00;0;0;0
1;14;0.00;0.00;0;0;0
1;6;0.00;0.00;0;0;0
1;7;0.00;0.00;0;0;0
1;8;0.00;0.00;0;0;0
1;10;0.00;0.00;0;0;0
1;7;0.00;0.04;0;-1;1
1;10;0.00;0.00;0;0;0
1;6;0.00;0.00;0;0;0
1;9;0.00;0.00;0;0;0
1;8;0.00;0.00;0;0;0
1;8;0.00;0.00;0;0;0
1;8;0.00;0.00;0;0;0
1;11;0.00;0.04;0;-1;1
1;6;0.00;0.00;0;0;0
1;10;0.00;0.00;0;0;0
1;6;0.00;0.00;0;0;0
1;13;0.00;0.00;0;0;0
1;7;0.00;0.00;0;0;0
1;8;0.00;0.04;0;-1;1
1;10;0.00;0.00;0;0;0
1;7;0.00;0.00;0;0;0
1;12;0.00;0.00;0;0;0
1;14;0.00;0.00;0;0;0
1;8;0.01;0.02;0;-1;0
1;15;-0.01;0.02;0;0;1
1;17;0.00;0.00;0;0;0
1;9;0.00;0.00;0;0;0
1;7;0.00;0.00;0;0;0
1;8;0.00;0.04;0;-1;1
1;8;0.00;0.00;0;0;0
1;8;0.00;0.00;0;0;0
1;8;0.00;0.00;0;0;0
1;9;0.00;0.00;0;0;0
1;8;0.00;0.00;0;0;0
1;8;0.00;0.00;0;0;0
1;15;0.00;0.04;0;-1;1
1;17;0.00;0.00;0;0;0
1;7;0.00;0.00;0;0;0
1;7;0.00;0.00;0;0;0
1;8;0.00;0.00;0;0;0
1;8;0.01;0.02;0;-1;0
1;9;-0.01;0.02;0;0;1
1;7;0.00;0.00;0;0;0
1;8;0.00;0.00;0;0;0
1;8;0.00;0.00;0;0;0
1;13;0.01;0.02;0;-1;0
1;17;-0.01;0.02;0;0;1
1;7;0.00;0.00;0;0;0
1;13;0.00;0.00;0;0;0
1;8;0.01;0.02;0;-1;0
1;8;0.00;0.00;0;0;0
1;8;-0.01;0.02;0;0;1
1;8;0.00;0.00;0;0;0
1;8;0.00;0.00;0;0;0
1;9;0.00;0.00;0;0;0
1;8;0.01;0.02;0;-1;0
1;8;-0.01;0.02;0;0;1
1;8;0.00;0.00;0;0;0
1;8;0.00;0.00;0;0;0
1;8;-0.01;0.02;0;0;1
1;9;0.00;0.00;0;0;0
1;8;-0.01;0.02;0;0;1
1;8;0.00;0.00;0;0;0
1;8;0.00;0.04;0;-1;1
1;9;0.00;0.00;0;0;0
1;8;0.00;0.00;0;0;0
1;8;-0.01;0.02;0;0;1
1;8;0.00;0.00;0;0;0
1;8;0.00;0.00;0;0;0
1;8;-0.01;0.02;0;0;1
1;9;0.01;0.02;0;-1;0
1;8;0.00;0.00;0;0;0
1;9;0.00;0.00;0;0;0
1;7;-0.01;0.02;0;0;1
1;8;0.01;0.02;0;-1;0
1;9;0.00;0.00;0;0;0
1;8;0.00;0.00;0;0;0
1;8;0.00;0.00;0;0;0
1;8;0.00;0.00;0;0;0
1;8;0.00;0.00;0;0;0
1;10;0.00;0.04;0;-1;1
1;7;0.00;0.00;0;0;0
1;8;0.00;0.00;0;0;0
1;8;0.00;0.00;0;0;0
1;8;0.00;0.00;0;0;0
1;8;0.00;0.00;0;0;0
1;10;0.00;0.00;0;0;0
1;7;0.00;0.00;0;0;0
1;11;0.00;0.04;0;-1;1
1;14;0.00;0.00;0;0;0
1;8;0.00;0.00;0;0;0
1;8;0.00;0.00;0;0;0
1;8;0.00;0.00;0;0;0
1;9;0.00;0.04;0;-1;1
1;7;0.00;0.00;0;0;0
1;9;0.00;0.00;0;0;0
1;8;0.00;0.00;0;0;0
1;10;0.00;0.00;0;0;0
1;7;0.00;0.00;0;0;0
1;7;0.01;0.02;0;-1;0
1;14;-0.01;0.02;0;0;1
1;8;0.00;0.00;0;0;0
1;7;0.00;0.00;0;0;0
1;8;0.00;0.00;0;0;0
1;8;0.01;0.02;0;-1;0
1;10;-0.01;0.02;0;0;1
1;7;0.00;0.00;0;0;0
1;8;0.00;0.00;0;0;0
1;8;0.00;0.00;0;0;0
1;14;0.00;0.00;0;0;0
1;7;0.00;0.00;0;0;0
1;12;0.00;0.04;0;-1;1
1;8;0.00;0.00;0;0;0
1;8;0.00;0.00;0;0;0
1;9;0.00;0.00;0;0;0
1;8;0.00;0.00;0;0;0
1;8;-0.01;0.02;0;0;1
1;8;0.00;0.00;0;0;0
1;9;0.01;0.02;0;-1;0
1;11;0.00;0.00;0;0;0
1;5;0.00;0.00;0;0;0
1;8;0.00;0.00;0;0;0
1;9;0.00;0.00;0;0;0
1;7;0.00;0.00;0;0;0
1;9;0.00;0.04;0;-1;1
1;16;0.00;0.00;0;0;0
1;10;0.00;0.00;0;0;0
1;8;0.00;0.00;0;0;0
1;6;0.00;0.00;0;0;0
1;10;0.01;0.02;0;-1;0
1;7;-0.01;0.02;0;0;1
1;10;0.00;0.00;0;0;0
1;6;0.00;0.00;0;0;0
1;8;0.00;0.00;0;0;0
1;9;0.00;0.00;0;0;0
1;8;0.00;0.00;0;0;0
1;14;0.00;0.04;0;-1;1
1;6;0.00;0.00;0;0;0
1;8;0.00;0.00;0;0;0
1;9;0.00;0.00;0;0;0
1;8;0.00;0.00;0;0;0
1;8;0.00;0.00;0;0;0
1;9;0.00;0.04;0;-1;1
1;11;0.00;0.00;0;0;0
1;9;0.00;0.00;0;0;0
1;8;0.00;0.00;0;0;0
1;8;0.00;0.00;0;0;0
1;9;0.00;0.00;0;0;0
1;7;0.00;0.04;0;-1;1
1;11;0.00;0.00;0;0;0
1;6;0.00;0.00;0;0;0
1;8;0.00;0.00;0;0;0
1;8;0.00;0.00;0;0;0
1;10;0.00;0.00;0;0;0
1;8;0.00;0.04;0;-1;1
1;7;0.00;0.00;0;0;0
1;8;0.00;0.00;0;0;0
1;13;0.00;0.00;0;0;0
1;8;0.00;0.00;0;0;0
1;8;0.00;0.00;0;0;0
1;9;0.00;0.04;0;-1;1
1;7;0.00;0.00;0;0;0
1;14;0.00;0.00;0;0;0
1;7;0.00;0.00;0;0;0
1;9;0.00;0.00;0;0;0
1;11;-0.01;0.02;0;0;1
1;9;0.01;0.02;0;-1;0
1;7;0.00;0.00;0;0;0
1;9;0.00;0.00;0;0;0
1;13;0.00;0.00;0;0;0
1;7;0.00;0.00;0;0;0
1;8;-0.01;0.02;0;0;1
1;12;0.01;0.02;0;-1;0
1;15;0.00;0.00;0;0;0
1;6;0.00;0.00;0;0;0
1;8;0.00;0.00;0;0;0
1;14;-0.01;0.02;0;0;1
1;7;0.01;0.02;0;-1;0
1;9;0.00;0.00;0;0;0
1;12;0.00;0.00;0;0;0
1;8;0.00;0.00;0;0;0
1;8;-0.01;0.02;0;0;1
1;8;0.00;0.00;0;0;0
1;8;0.00;0.00;0;0;0
1;14;0.00;0.04;0;-1;1
1;6;0.00;0.00;0;0;0
1;9;0.00;0.00;0;0;0
1;12;-0.01;0.02;0;0;1
1;4;0.00;0.00;0;0;0
1;8;-0.01;0.02;0;0;1
1;8;0.00;0.00;0;0;0
1;9;0.00;0.04;0;-1;1
1;8;0.00;0.00;0;0;0
1;8;-0.01;0.02;0;0;1
1;8;0.00;0.00;0;0;0
1;10;-0.01;0.02;0;0;1
1;7;-0.01;0.02;0;0;1
1;12;0.01;0.02;0;-1;0
1;8;-0.01;0.02;0;0;1
1;9;0.00;0.00;0;0;0
1;7;0.00;0.00;0;0;0
1;10;-0.01;0.02;0;0;1
1;7;0.01;0.02;0;-1;0
1;8;0.00;0.00;0;0;0
1;8;0.00;0.00;0;0;0
1;8;-0.01;0.02;0;0;1
1;9;0.00;0.00;0;0;0
1;9;0.01;0.02;0;-1;0
1;7;0.00;0.00;0;0;0
1;27;0.00;0.00;0;0;0
1;6;0.00;0.00;0;0;0
1;8;0.00;0.00;0;0;0
1;9;0.00;0.00;0;0;0
1;7;-0.01;0.02;0;0;1
1;8;0.01;0.02;0;-1;0
1;12;0.00;0.00;0;0;0
1;8;0.00;0.00;0;0;0
1;5;0.00;0.00;0;0;0
1;10;0.00;0.00;0;0;0
1;11;0.00;0.00;0;0;0
1;15;-0.01;0.02;0;0;1
1;13;0.01;0.02;0;-1;0
1;8;0.00;0.00;0;0;0
1;9;0.00;0.00;0;0;0
1;8;0.00;0.00;0;0;0
1;8;0.00;0.00;0;0;0
1;8;0.00;0.00;0;0;0
1;12;0.00;0.04;0;-1;1
1;9;0.00;0.00;0;0;0
1;8;0.00;0.00;0;0;0
1;8;0.00;0.00;0;0;0
1;10;0.00;0.00;0;0;0
1;7;-0.01;0.02;0;0;1
1;18;0.01;0.02;0;-1;0
1;7;0.00;0.00;0;0;0
1;7;0.00;0.00;0;0;0
1;8;0.00;0.00;0;0;0
1;9;0.00;0.00;0;0;0
1;13;0.00;0.04;0;-1;1
1;8;0.00;0.00;0;0;0
1;7;0.00;0.00;0;0;0
1;8;0.00;0.00;0;0;0
1;9;0.01;0.02;0;-1;0
1;8;0.00;0.00;0;0;0
1;14;0.00;0.00;0;0;0
1;11;0.00;0.04;0;-1;1
1;8;0.00;0.00;0;0;0
1;8;0.01;0.02;0;-1;0
1;8;0.00;0.00;0;0;0
1;8;0.01;0.02;0;-1;0
1;8;0.00;0.00;0;0;0
1;13;0.01;0.02;0;-1;0
1;8;0.00;0.04;0;-1;1
1;8;0.00;0.00;0;0;0
1;8;0.01;0.02;0;-1;0
1;8;0.00;0.00;0;0;0
1;10;0.01;0.02;0;-1;0
1;7;-0.01;0.02;0;0;1
1;8;0.00;0.00;0;0;0
1;8;0.01;0.02;0;-1;0
1;8;0.00;0.00;0;0;0
1;9;0.00;0.00;0;0;0
1;8;-0.01;0.02;0;0;1
1;8;0.01;0.02;0;-1;0
1;8;0.00;0.00;0;0;0
1;8;0.00;0.00;0;0;0
1;9;0.00;0.00;0;0;0
1;8;0.00;0.00;0;0;0
1;8;-0.01;0.02;0;0;1
1;8;0.00;0.00;0;0;0
1;8;0.00;0.00;0;0;0
1;13;0.01;0.02;0;-1;0
1;8;0.00;0.00;0;0;0
1;8;0.00;0.00;0;0;0
1;8;0.00;0.00;0;0;0
1;8;0.00;0.00;0;0;0
1;9;0.00;0.00;0;0;0
1;8;0.00;0.00;0;0;0
1;8;0.00;0.00;0;0;0
1;8;0.00;0.00;0;0;0
1;8;0.00;0.00;0;0;0
1;8;0.00;0.04;0;-1;1
1;13;0.00;0.00;0;0;0
1;8;0.00;0.00;0;0;0
1;8;0.00;0.00;0;0;0
1;8;0.00;0.00;0;0;0
1;13;0.00;0.00;0;0;0
1;9;0.00;0.04;0;-1;1
1;7;0.00;0.00;0;0;0
1;8;0.00;0.00;0;0;0
1;8;0.00;0.00;0;0;0
1;16;0.01;0.02;0;-1;0
1;5;0.00;0.00;0;0;0
1;15;-0.01;0.02;0;0;1
1;8;0.01;0.02;0;-1;0
1;6;0.00;0.00;0;0;0
1;9;0.01;0.02;0;-1;0
1;7;0.00;0.00;0;0;0
1;11;0.01;0.02;0;-1;0
1;5;0.00;0.00;0;0;0
1;9;0.01;0.02;0;-1;0
1;9;0.00;0.00;0;0;0
1;7;0.01;0.02;0;-1;0
1;8;-0.01;0.02;0;0;1
1;8;0.01;0.02;0;-1;0
1;8;0.00;0.00;0;0;0
1;9;0.01;0.02;0;-1;0
1;8;0.00;0.00;0;0;0
1;8;0.01;0.02;0;-1;0
1;9;-0.01;0.02;0;0;1
1;7;0.01;0.02;0;-1;0
1;12;0.01;0.02;0;-1;0
1;5;0.00;0.00;0;0;0
1;9;0.00;0.00;0;0;0
1;7;0.01;0.02;0;-1;0
1;8;0.00;0.00;0;0;0
1;9;-0.01;0.02;0;0;1
1;10;0.01;0.02;0;-1;0
1;6;0.00;0.00;0;0;0
1;17;0.00;0.00;0;0;0
1;23;0.00;0.04;0;-1;1
1;8;0.00;0.00;0;0;0
1;5;0.00;0.00;0;0;0
1;8;0.00;0.00;0;0;0
1;9;0.00;0.00;0;0;0
1;8;0.00;0.00;0;0;0
1;8;-0.01;0.02;0;0;1
1;13;0.00;0.00;0;0;0
1;15;0.00;0.00;0;0;0
1;5;0.01;0.02;0;-1;0
1;9;0.00;0.00;0;0;0
1;14;0.00;0.00;0;0;0
1;6;0.00;0.00;0;0;0
1;8;0.00;0.00;0;0;0
1;8;0.00;0.00;0;0;0
1;13;0.01;0.02;0;-1;0
1;7;-0.01;0.02;0;0;1
1;8;0.00;0.00;0;0;0
1;9;0.00;0.00;0;0;0
1;8;0.00;0.00;0;0;0
1;8;0.00;0.00;0;0;0
1;8;0.01;0.02;0;-1;0
1;14;-0.01;0.02;0;0;1
1;10;0.00;0.00;0;0;0
1;10;0.00;0.00;0;0;0
1;10;0.00;0.00;0;0;0
1;5;0.00;0.00;0;0;0
1;9;0.00;0.04;0;-1;1
1;17;0.00;0.00;0;0;0
1;7;0.00;0.00;0;0;0
1;10;0.00;0.00;0;0;0
1;11;0.00;0.00;0;0;0
1;4;0.00;0.04;0;-1;1
1;16;0.00;0.00;0;0;0
1;8;0.01;0.02;0;-1;0
1;18;0.01;0.02;0;-1;0
1;7;0.00;0.00;0;0;0
1;8;0.01;0.02;0;-1;0
1;8;0.00;0.00;0;0;0
1;12;0.01;0.02;0;-1;0
1;5;-0.01;0.02;0;0;1
1;8;0.01;0.02;0;-1;0
1;8;0.00;0.00;0;0;0
1;10;0.01;0.02;0;-1;0
1;11;0.01;0.02;0;-1;0
1;8;0.00;0.00;0;0;0
1;8;0.00;0.04;0;-1;1
1;8;0.00;0.00;0;0;0
1;8;0.01;0.02;0;-1;0
1;8;0.00;0.00;0;0;0
1;9;0.01;0.02;0;-1;0
1;8;-0.01;0.02;0;0;1
1;8;0.00;0.00;0;0;0
1;8;0.01;0.02;0;-1;0
1;8;0.00;0.00;0;0;0
1;9;-0.01;0.02;0;0;1
1;8;0.00;0.00;0;0;0
1;23;0.01;0.02;0;-1;0
1;9;-0.01;0.02;0;0;1
1;5;0.00;0.00;0;0;0
1;8;0.00;0.00;0;0;0
1;8;0.00;0.00;0;0;0
1;8;0.00;0.00;0;0;0
1;8;0.00;0.00;0;0;0
1;9;0.00;0.00;0;0;0
1;8;0.00;0.00;0;0;0
1;8;0.01;0.02;0;-1;0
1;8;0.00;0.00;0;0;0
1;8;0.00;0.00;0;0;0
1;22;-0.01;0.02;0;0;1
1;7;0.00;0.00;0;0;0
1;8;0.00;0.00;0;0;0
1;8;0.01;0.02;0;-1;0
1;9;0.00;0.00;0;0;0
1;8;0.00;0.00;0;0;0
1;8;0.00;0.00;0;0;0
1;8;0.00;0.00;0;0;0
1;8;-0.01;0.02;0;0;1
1;9;0.01;0.02;0;-1;0
1;12;0.00;0.00;0;0;0
1;8;0.00;0.00;0;0;0
1;8;0.00;0.00;0;0;0
1;8;0.00;0.00;0;0;0
1;9;0.00;0.04;0;-1;1
1;8;0.00;0.00;0;0;0
1;8;0.00;0.00;0;0;0
1;8;0.00;0.00;0;0;0
1;8;0.00;0.00;0;0;0
1;9;0.00;0.00;0;0;0
1;8;0.00;0.04;0;-1;1
1;8;0.00;0.00;0;0;0
1;8;0.00;0.00;0;0;0
1;8;0.00;0.00;0;0;0
1;9;0.00;0.00;0;0;0
1;8;0.00;0.00;0;0;0
1;8;0.01;0.02;0;-1;0
1;9;-0.01;0.02;0;0;1
1;10;0.00;0.00;0;0;0
1;10;0.00;0.00;0;0;0
1;15;0.01;0.02;0;-1;0
1;6;0.00;0.00;0;0;0
1;13;0.00;0.00;0;0;0
1;9;-0.01;0.02;0;0;1
1;6;0.00;0.00;0;0;0
1;8;0.00;0.00;0;0;0
1;8;0.00;0.00;0;0;0
1;8;0.01;0.02;0;-1;0
1;9;0.00;0.00;0;0;0
1;8;0.00;0.00;0;0;0
1;10;-0.01;0.02;0;0;1
1;6;0.00;0.00;0;0;0
1;11;0.00;0.00;0;0;0
1;7;0.00;0.00;0;0;0
1;7;0.01;0.02;0;-1;0
1;12;0.00;0.00;0;0;0
1;8;-0.01;0.02;0;0;1
1;8;0.00;0.00;0;0;0
1;27;0.01;0.02;0;-1;0
1;6;-0.01;0.02;0;0;1
1;8;0.00;0.00;0;0;0
1;9;0.00;0.00;0;0;0
1;9;0.00;0.00;0;0;0
1;7;0.00;0.00;0;0;0
1;8;0.01;0.02;0;-1;0
1;8;0.00;0.00;0;0;0
1;9;-0.01;0.02;0;0;1
1;8;0.01;0.02;0;-1;0
1;8;0.00;0.00;0;0;0
1;8;0.00;0.00;0;0;0
1;8;0.00;0.00;0;0;0
1;8;0.01;0.02;0;-1;0
1;9;0.00;0.00;0;0;0
1;8;0.00;0.00;0;0;0
1;9;-0.01;0.02;0;0;1
1;7;0.01;0.02;0;-1;0
1;8;0.00;0.00;0;0;0
1;9;0.00;0.00;0;0;0
1;8;-0.01;0.02;0;0;1
1;9;0.00;0.00;0;0;0
1;7;0.00;0.00;0;0;0
1;10;0.01;0.02;0;-1;0
1;12;-0.01;0.02;0;0;1
1;7;0.00;0.00;0;0;0
1;8;0.00;0.00;0;0;0
1;8;0.00;0.00;0;0;0
1;8;0.00;0.00;0;0;0
1;9;0.00;0.00;0;0;0
1;8;0.00;0.04;0;-1;1
1;8;0.00;0.00;0;0;0
1;8;0.00;0.00;0;0;0
1;8;0.00;0.00;0;0;0
1;9;0.00;0.00;0;0;0
1;8;0.00;0.00;0;0;0
1;9;0.01;0.02;0;-1;0
1;7;-0.01;0.02;0;0;1
1;9;0.00;0.00;0;0;0
1;19;0.00;0.00;0;0;0
1;6;0.00;0.00;0;0;0
1;10;0.01;0.02;0;-1;0
1;7;-0.01;0.02;0;0;1
1;7;0.00;0.00;0;0;0
1;8;0.01;0.02;0;-1;0
1;18;0.01;0.02;0;-1;0
1;9;0.00;0.00;0;0;0
1;9;0.00;0.04;0;-1;1
1;8;0.00;0.00;0;0;0
1;5;0.00;0.00;0;0;0
1;8;0.01;0.02;0;-1;0
1;9;0.00;0.00;0;0;0
1;12;0.01;0.02;0;-1;0
1;8;0.00;0.04;0;-1;1
1;11;0.00;0.00;0;0;0
1;6;0.01;0.02;0;-1;0
1;7;0.00;0.00;0;0;0
1;9;-0.01;0.02;0;0;1
1;13;0.01;0.02;0;-1;0
1;7;0.00;0.00;0;0;0
1;34;0.00;0.04;0;-1;1
1;7;0.00;0.00;0;0;0
1;9;-0.01;0.02;0;0;1
1;7;0.00;0.00;0;0;0
1;10;0.00;0.00;0;0;0
1;7;0.00;0.00;0;0;0
1;16;0.00;0.04;0;-1;1
1;9;0.00;0.00;0;0;0
1;7;0.00;0.00;0;0;0
1;12;0.00;0.00;0;0;0
1;5;0.00;0.00;0;0;0
1;8;0.00;0.00;0;0;0
1;10;0.00;0.00;0;0;0
1;12;0.00;0.04;0;-1;1
1;7;0.00;0.00;0;0;0
1;8;0.00;0.00;0;0;0
1;8;0.00;0.00;0;0;0
1;8;0.00;0.00;0;0;0
1;8;0.00;0.00;0;0;0
1;9;0.00;0.00;0;0;0
1;13;0.01;0.02;0;-1;0
1;7;-0.01;0.02;0;0;1
1;8;0.00;0.00;0;0;0
1;10;0.00;0.00;0;0;0
1;8;0.00;0.00;0;0;0
1;7;0.00;0.00;0;0;0
1;8;0.00;0.00;0;0;0
1;8;0.00;0.04;0;-1;1
1;23;0.00;0.00;0;0;0
1;7;0.00;0.00;0;0;0
1;7;-0.01;0.02;0;0;1
1;8;0.00;0.00;0;0;0
1;9;0.00;0.00;0;0;0
1;8;0.01;0.02;0;-1;0
1;8;0.00;0.00;0;0;0
1;8;0.00;0.00;0;0;0
1;10;-0.01;0.02;0;0;1
1;8;0.00;0.00;0;0;0
1;7;0.00;0.00;0;0;0
1;8;0.00;0.00;0;0;0
1;10;0.01;0.02;0;-1;0
1;6;0.00;0.00;0;0;0
1;8;0.00;0.00;0;0;0
1;9;0.00;0.00;0;0;0
1;11;0.01;0.02;0;-1;0
1;5;0.00;0.00;0;0;0
1;10;0.00;0.00;0;0;0
1;6;0.01;0.02;0;-1;0
1;9;0.00;0.00;0;0;0
1;8;0.00;0.00;0;0;0
1;8;0.01;0.02;0;-1;0
1;9;0.02;0.00;1;0;0
1;10;0.01;0.02;0;-1;0
1;6;0.00;0.00;0;0;0
1;8;0.01;0.02;0;-1;0
1;8;0.00;0.00;0;0;0
1;8;0.01;0.02;0;-1;0
1;8;0.00;0.00;0;0;0
1;9;0.02;0.00;1;0;0
1;8;0.01;0.02;0;-1;0
1;8;0.00;0.00;0;0;0
1;8;0.01;0.02;0;-1;0
1;12;0.01;0.02;0;-1;0
1;11;0.00;0.00;0;0;0
1;6;0.02;0.00;1;0;0
1;8;0.00;0.04;0;-1;1
1;8;0.00;0.00;0;0;0
1;8;0.00;0.00;0;0;0
1;9;0.01;0.02;0;-1;0
1;8;0.00;0.00;0;0;0
1;8;0.00;0.00;0;0;0
1;8;0.02;0.00;1;0;0
1;8;0.00;0.00;0;0;0
1;9;0.01;0.02;0;-1;0
1;8;0.00;0.00;0;0;0
1;20;0.00;0.00;0;0;0
1;8;0.02;0.00;1;0;0
1;9;0.00;0.00;0;0;0
1;8;0.00;0.00;0;0;0
1;8;0.00;0.00;0;0;0
1;8;0.00;0.00;0;0;0
1;8;0.00;0.00;0;0;0
1;9;0.00;0.00;0;0;0
1;9;0.01;0.02;0;-1;0
1;8;0.00;0.00;0;0;0
1;7;0.00;0.00;0;0;0
1;8;0.00;0.00;0;0;0
1;9;0.00;0.00;0;0;0
1;9;0.02;0.00;1;0;0
1;7;0.01;0.02;0;-1;0
1;16;0.00;0.00;0;0;0
1;8;0.00;0.00;0;0;0
1;10;0.00;0.00;0;0;0
1;13;0.04;0.02;1;-1;0
1;6;0.00;0.00;0;0;0
1;11;0.00;0.00;0;0;0
1;6;0.01;0.02;0;-1;0
1;8;0.00;0.00;0;0;0
1;8;0.00;0.00;0;0;0
1;8;0.01;0.02;0;-1;0
1;8;0.00;0.00;0;0;0
1;13;0.04;0.02;1;-1;0
1;8;0.01;0.02;0;-1;0
1;8;0.00;0.00;0;0;0
1;12;0.01;0.02;0;-1;0
1;8;0.01;0.02;0;-1;0
1;9;0.00;0.00;0;0;0
1;22;0.05;0.04;1;-2;0
1;6;0.01;0.02;0;-1;0
1;9;0.00;0.00;0;0;0
1;8;0.01;0.02;0;-1;0
1;8;0.00;0.00;0;0;0
1;8;0.01;0.02;0;-1;0
1;8;0.02;0.00;1;0;0
1;8;0.00;0.00;0;0;0
1;9;0.01;0.02;0;-1;0
1;8;0.00;0.00;0;0;0
1;8;0.00;0.00;0;0;0
1;8;0.01;0.02;0;-1;0
1;8;0.02;0.00;1;0;0
1;9;0.00;0.00;0;0;0
1;8;0.00;0.00;0;0;0
1;14;0.00;0.00;0;0;0
1;9;0.00;0.00;0;0;0
1;5;0.00;0.00;0;0;0
1;9;0.02;0.00;1;0;0
1;8;0.00;0.00;0;0;0
1;8;0.01;0.02;0;-1;0
1;8;0.00;0.00;0;0;0
1;8;0.00;0.00;0;0;0
1;9;0.00;0.00;0;0;0
1;8;0.00;0.00;0;0;0
1;8;0.00;0.00;0;0;0
1;7;0.00;0.00;0;0;0
1;8;0.00;0.00;0;0;0
1;13;0.04;0.02;1;-1;0
1;5;0.00;0.00;0;0;0
1;8;0.00;0.00;0;0;0
1;8;0.00;0.00;0;0;0
1;10;0.00;0.00;0;0;0
1;7;0.00;0.00;0;0;0
1;8;0.01;0.02;0;-1;0
1;8;0.00;0.00;0;0;0
1;8;0.00;0.00;0;0;0
1;8;0.00;0.00;0;0;0
1;9;0.02;0.00;1;0;0
1;11;0.00;0.00;0;0;0
1;8;0.01;0.02;0;-1;0
1;5;0.00;0.00;0;0;0
1;9;0.00;0.00;0;0;0
1;11;0.00;0.00;0;0;0
1;12;0.00;0.00;0;0;0
1;5;0.02;0.00;1;0;0
1;8;0.00;0.00;0;0;0
1;11;0.01;0.02;0;-1;0
1;6;0.00;0.00;0;0;0
1;8;0.00;0.00;0;0;0
1;8;0.00;0.00;0;0;0
1;16;0.01;0.02;0;-1;0
1;8;0.00;0.00;0;0;0
1;9;0.04;0.02;1;-1;0
1;18;0.01;0.02;0;-1;0
1;6;0.00;0.00;0;0;0
1;8;0.01;0.02;0;-1;0
1;9;0.00;0.00;0;0;0
1;8;0.01;0.02;0;-1;0
1;8;0.01;0.02;0;-1;0
1;8;0.00;0.00;0;0;0
1;8;0.01;0.02;0;-1;0
1;11;0.04;0.02;1;-1;0
1;7;0.00;0.00;0;0;0
1;7;0.00;0.00;0;0;0
1;10;0.01;0.02;0;-1;0
1;14;0.01;0.02;0;-1;0
1;10;0.00;0.00;0;0;0
1;7;0.02;0.00;1;0;0
1;12;0.01;0.02;0;-1;0
1;8;0.00;0.00;0;0;0
1;9;0.00;0.00;0;0;0
1;8;0.00;0.00;0;0;0
1;8;0.02;0.00;1;0;0
1;7;0.00;0.00;0;0;0
1;9;0.00;0.00;0;0;0
1;9;0.00;0.00;0;0;0
1;8;0.00;0.00;0;0;0
1;11;0.00;0.00;0;0;0
1;10;0.02;0.00;1;0;0
1;9;0.01;0.02;0;-1;0
1;7;0.00;0.00;0;0;0
1;8;0.00;0.00;0;0;0
1;9;0.00;0.00;0;0;0
1;9;0.00;0.00;0;0;0
1;6;0.00;0.00;0;0;0
1;9;0.00;0.00;0;0;0
1;8;0.00;0.00;0;0;0
1;8;0.01;0.02;0;-1;0
1;7;0.02;0.00;1;0;0
1;9;0.00;0.00;0;0;0
1;15;0.00;0.00;0;0;0
1;7;0.00;0.00;0;0;0
1;7;0.01;0.02;0;-1;0
1;7;0.00;0.00;0;0;0
1;8;0.00;0.00;0;0;0
1;10;0.00;0.00;0;0;0
1;8;0.00;0.00;0;0;0
1;8;0.02;0.00;1;0;0
1;8;0.00;0.00;0;0;0
1;8;0.01;0.02;0;-1;0
1;9;0.00;0.00;0;0;0
1;8;0.00;0.00;0;0;0
1;7;0.00;0.00;0;0;0
1;9;0.00;0.00;0;0;0
1;8;0.02;0.00;1;0;0
1;9;0.01;0.02;0;-1;0
1;8;0.00;0.00;0;0;0
1;8;0.00;0.00;0;0;0
1;8;0.00;0.00;0;0;0
1;8;0.00;0.00;0;0;0
1;7;0.00;0.00;0;0;0
1;10;0.00;0.00;0;0;0
1;8;0.04;0.02;1;-1;0
1;8;0.00;0.00;0;0;0
1;8;0.00;0.00;0;0;0
1;7;0.00;0.00;0;0;0
1;10;0.00;0.00;0;0;0
1;9;0.00;0.00;0;0;0
1;16;0.04;0.02;1;-1;0
1;8;0.00;0.00;0;0;0
1;8;0.00;0.00;0;0;0
1;8;0.00;0.00;0;0;0
1;7;0.00;0.00;0;0;0
1;9;0.00;0.00;0;0;0
1;7;0.00;0.00;0;0;0
1;10;0.04;0.02;1;-1;0
1;24;-0.01;0.02;0;0;1
1;11;0.00;0.00;0;0;0
1;11;0.00;0.00;0;0;0
1;7;0.01;0.02;0;-1;0
1;7;0.00;0.00;0;0;0
1;8;0.02;0.00;1;0;0
1;10;0.00;0.00;0;0;0
1;8;0.00;0.00;0;0;0
1;8;0.00;0.00;0;0;0
1;7;0.01;0.02;0;-1;0
1;11;0.00;0.00;0;0;0
1;6;0.00;0.00;0;0;0
1;9;0.02;0.00;1;0;0
1;7;0.00;0.00;0;0;0
1;14;0.00;0.00;0;0;0
1;7;0.01;0.02;0;-1;0
1;8;0.00;0.00;0;0;0
1;11;0.02;0.00;1;0;0
1;6;0.00;0.00;0;0;0
1;8;0.00;0.00;0;0;0
1;8;0.00;0.00;0;0;0
1;8;0.00;0.00;0;0;0
1;9;0.01;0.02;0;-1;0
1;8;0.02;0.00;1;0;0
1;8;0.00;0.00;0;0;0
1;8;0.00;0.00;0;0;0
1;8;0.00;0.00;0;0;0
1;9;0.00;0.00;0;0;0
1;11;0.01;0.02;0;-1;0
1;5;0.02;0.00;1;0;0
1;8;0.00;0.00;0;0;0
1;8;0.00;0.00;0;0;0
1;8;0.00;0.00;0;0;0
1;12;0.00;0.00;0;0;0
1;5;0.00;0.00;0;0;0
1;8;0.01;0.02;0;-1;0
1;8;0.00;0.00;0;0;0
1;8;0.02;0.00;1;0;0
1;13;0.00;0.00;0;0;0
1;8;0.00;0.00;0;0;0
1;8;0.00;0.00;0;0;0
1;9;0.01;0.02;0;-1;0
1;15;0.02;0.00;1;0;0
1;9;0.00;0.00;0;0;0
1;8;0.00;0.00;0;0;0
1;15;0.00;0.00;0;0;0
1;7;0.00;0.00;0;0;0
1;7;0.01;0.02;0;-1;0
1;16;0.02;0.00;1;0;0
1;8;0.00;0.00;0;0;0
1;7;0.00;0.00;0;0;0
1;20;0.01;0.02;0;-1;0
1;6;0.02;0.00;1;0;0
1;8;0.00;0.00;0;0;0
1;7;0.01;0.02;0;-1;0
1;9;0.00;0.00;0;0;0
1;8;0.01;0.02;0;-1;0
1;9;0.00;0.00;0;0;0
1;7;0.00;0.00;0;0;0
1;8;0.01;0.02;0;-1;0
1;9;0.00;0.00;0;0;0
1;8;0.04;0.02;1;-1;0
1;13;0.01;0.02;0;-1;0
1;8;0.00;0.00;0;0;0
1;8;0.01;0.02;0;-1;0
1;9;0.02;0.00;1;0;0
1;8;0.00;0.00;0;0;0
1;8;0.00;0.00;0;0;0
1;8;0.01;0.02;0;-1;0
1;8;0.02;0.00;1;0;0
1;10;0.00;0.00;0;0;0
1;7;0.00;0.00;0;0;0
1;8;0.02;0.00;1;0;0
1;7;0.00;0.00;0;0;0
1;17;0.00;0.00;0;0;0
1;7;0.01;0.02;0;-1;0
1;6;0.02;0.00;1;0;0
1;8;0.00;0.00;0;0;0
1;9;0.00;0.00;0;0;0
1;7;0.00;0.00;0;0;0
1;9;0.00;0.00;0;0;0
1;8;0.00;0.00;0;0;0
1;10;0.00;0.00;0;0;0
1;6;0.00;0.00;0;0;0
1;8;0.00;0.00;0;0;0
1;9;0.02;0.00;1;0;0
1;11;0.01;0.02;0;-1;0
1;5;0.00;0.00;0;0;0
1;10;0.00;0.00;0;0;0
1;9;0.00;0.00;0;0;0
1;12;0.00;0.00;0;0;0
1;6;0.00;0.00;0;0;0
1;8;0.04;0.02;1;-1;0
1;16;0.00;0.00;0;0;0
1;8;0.00;0.00;0;0;0
1;12;0.00;0.00;0;0;0
1;10;0.00;0.00;0;0;0
1;7;0.02;0.00;1;0;0
1;7;0.00;0.00;0;0;0
1;10;0.01;0.02;0;-1;0
1;10;0.00;0.00;0;0;0
1;6;0.00;0.00;0;0;0
1;7;0.00;0.00;0;0;0
1;8;0.02;0.00;1;0;0
1;23;0.00;0.00;0;0;0
1;7;0.00;0.00;0;0;0
1;7;0.00;0.00;0;0;0
1;13;0.01;0.02;0;-1;0
1;5;0.02;0.00;1;0;0
1;8;0.00;0.00;0;0;0
1;7;0.00;0.00;0;0;0
1;12;0.00;0.00;0;0;0
1;9;0.00;0.00;0;0;0
1;8;0.00;0.00;0;0;0
1;8;0.04;0.02;1;-1;0
1;16;0.00;0.00;0;0;0
1;8;0.00;0.00;0;0;0
1;14;0.00;0.00;0;0;0
1;10;0.04;0.02;1;-1;0
1;7;0.00;0.00;0;0;0
1;7;0.00;0.00;0;0;0
1;9;0.00;0.00;0;0;0
1;7;0.00;0.00;0;0;0
1;11;0.00;0.00;0;0;0
1;6;0.04;0.02;1;-1;0
1;10;0.00;0.00;0;0;0
1;8;0.00;0.00;0;0;0
1;8;0.00;0.00;0;0;0
1;7;0.00;0.00;0;0;0
1;8;0.00;0.00;0;0;0
1;11;0.02;0.00;1;0;0
1;9;0.01;0.02;0;-1;0
1;8;0.00;0.00;0;0;0
1;9;0.00;0.00;0;0;0
1;7;0.00;0.00;0;0;0
1;8;0.02;0.00;1;0;0
1;18;0.00;0.00;0;0;0
1;8;0.00;0.00;0;0;0
1;7;0.01;0.02;0;-1;0
1;8;0.00;0.00;0;0;0
1;10;0.02;0.00;1;0;0
1;8;0.00;0.00;0;0;0
1;7;0.00;0.00;0;0;0
1;8;0.00;0.00;0;0;0
1;10;0.01;0.02;0;-1;0
1;7;0.00;0.00;0;0;0
1;9;0.00;0.00;0;0;0
1;8;0.02;0.00;1;0;0
1;17;0.00;0.00;0;0;0
1;7;0.00;0.00;0;0;0
1;10;0.01;0.02;0;-1;0
1;9;0.00;0.00;0;0;0
1;6;0.00;0.00;0;0;0
1;8;0.02;0.00;1;0;0
1;11;0.00;0.00;0;0;0
1;7;0.00;0.00;0;0;0
1;9;0.00;0.00;0;0;0
1;6;0.00;0.00;0;0;0
1;14;0.00;0.00;0;0;0
1;17;0.04;0.02;1;-1;0
1;9;0.00;0.00;0;0;0
1;8;0.00;0.00;0;0;0
1;12;0.00;0.00;0;0;0
1;6;0.02;0.00;1;0;0
1;8;0.00;0.00;0;0;0
1;18;0.01;0.02;0;-1;0
1;8;0.00;0.00;0;0;0
1;11;0.00;0.00;0;0;0
1;9;0.02;0.00;1;0;0
1;7;0.01;0.02;0;-1;0
1;9;0.00;0.00;0;0;0
1;7;0.00;0.00;0;0;0
1;15;0.01;0.02;0;-1;0
1;6;0.00;0.00;0;0;0
1;8;0.00;0.00;0;0;0
1;8;0.00;0.00;0;0;0
1;12;0.04;0.02;1;-1;0
1;9;0.00;0.00;0;0;0
1;7;0.01;0.02;0;-1;0
1;16;0.00;0.00;0;0;0
1;8;0.00;0.00;0;0;0
1;9;0.04;0.02;1;-1;0
1;8;0.00;0.00;0;0;0
1;8;0.00;0.00;0;0;0
1;8;0.00;0.00;0;0;0
1;8;0.00;0.00;0;0;0
1;12;0.02;0.00;1;0;0
1;6;0.01;0.02;0;-1;0
1;7;0.00;0.00;0;0;0
1;8;0.00;0.00;0;0;0
1;17;0.02;0.00;1;0;0
1;5;0.00;0.00;0;0;0
1;8;0.00;0.00;0;0;0
1;12;0.01;0.02;0;-1;0
1;8;0.02;0.00;1;0;0
1;9;0.00;0.00;0;0;0
1;9;0.00;0.00;0;0;0
1;7;0.00;0.00;0;0;0
1;7;0.00;0.00;0;0;0
1;8;0.01;0.02;0;-1;0
1;9;0.00;0.00;0;0;0
1;11;0.02;0.00;1;0;0
1;10;0.00;0.00;0;0;0
1;10;0.00;0.00;0;0;0
1;6;0.00;0.00;0;0;0
1;12;0.01;0.02;0;-1;0
1;6;0.00;0.00;0;0;0
1;13;0.02;0.00;1;0;0
1;8;0.00;0.00;0;0;0
1;14;0.00;0.00;0;0;0
1;5;0.00;0.00;0;0;0
1;8;0.04;0.02;1;-1;0
1;7;0.00;0.00;0;0;0
1;9;0.00;0.00;0;0;0
1;8;0.00;0.00;0;0;0
1;8;0.00;0.00;0;0;0
1;8;0.00;0.00;0;0;0
1;9;0.04;0.02;1;-1;0
1;8;0.00;0.00;0;0;0
1;8;0.00;0.00;0;0;0
1;17;0.00;0.00;0;0;0
1;7;0.00;0.00;0;0;0
1;8;0.01;0.02;0;-1;0
1;19;0.02;0.00;1;0;0
1;7;0.00;0.00;0;0;0
1;8;0.00;0.00;0;0;0
1;11;0.00;0.00;0;0;0
1;5;0.00;0.00;0;0;0
1;7;0.01;0.02;0;-1;0
1;9;0.02;0.00;1;0;0
1;15;0.00;0.00;0;0;0
1;6;0.00;0.00;0;0;0
1;7;0.00;0.00;0;0;0
1;9;0.00;0.00;0;0;0
1;10;0.02;0.00;1;0;0
1;7;0.01;0.02;0;-1;0
1;7;0.00;0.00;0;0;0
1;8;0.00;0.00;0;0;0
1;9;0.00;0.00;0;0;0
1;8;0.00;0.00;0;0;0
1;8;0.01;0.02;0;-1;0
1;9;0.02;0.00;1;0;0
1;7;0.00;0.00;0;0;0
1;9;0.00;0.00;0;0;0
1;9;0.00;0.00;0;0;0
1;7;0.00;0.00;0;0;0
1;8;0.01;0.02;0;-1;0
1;15;0.02;0.00;1;0;0
1;9;0.00;0.00;0;0;0
1;6;0.02;0.00;1;0;0
1;13;0.00;0.00;0;0;0
1;7;0.02;0.00;1;0;0
1;9;0.00;0.00;0;0;0
1;18;0.04;0.02;1;-1;0
1;6;0.02;0.00;1;0;0
1;7;0.00;0.00;0;0;0
1;8;0.02;0.00;1;0;0
1;9;0.00;0.00;0;0;0
1;8;0.02;0.00;1;0;0
1;8;0.02;0.00;1;0;0
1;8;0.01;0.02;0;-1;0
1;12;0.00;0.00;0;0;0
1;6;0.00;0.00;0;0;0
1;8;0.02;0.00;1;0;0
1;7;0.01;0.02;0;-1;0
1;10;0.00;0.00;0;0;0
1;7;0.00;0.00;0;0;0
1;8;0.01;0.02;0;-1;0
1;9;0.02;0.00;1;0;0
1;12;0.00;0.00;0;0;0
1;8;0.01;0.02;0;-1;0
1;14;0.00;0.00;0;0;0
1;12;0.00;0.00;0;0;0
1;7;0.00;0.00;0;0;0
1;7;0.01;0.02;0;-1;0
1;8;0.00;0.00;0;0;0
1;10;0.02;0.00;1;0;0
1;7;0.00;0.00;0;0;0
1;8;0.00;0.00;0;0;0
1;9;0.00;0.00;0;0;0
1;7;0.00;0.00;0;0;0
1;8;0.00;0.00;0;0;0
1;9;0.00;0.00;0;0;0
1;10;0.04;0.02;1;-1;0
1;7;0.00;0.00;0;0;0
1;7;0.00;0.00;0;0;0
1;8;0.00;0.00;0;0;0
1;9;0.00;0.00;0;0;0
1;8;0.00;0.00;0;0;0
1;8;0.00;0.00;0;0;0
1;8;0.04;0.02;1;-1;0
1;8;0.00;0.00;0;0;0
1;9;0.00;0.00;0;0;0
1;8;0.00;0.00;0;0;0
1;8;0.02;0.00;1;0;0
1;8;0.00;0.00;0;0;0
1;8;0.01;0.02;0;-1;0
1;10;0.02;0.00;1;0;0
1;7;0.00;0.00;0;0;0
1;8;0.00;0.00;0;0;0
1;8;0.02;0.00;1;0;0
1;8;0.00;0.00;0;0;0
1;8;0.02;0.00;1;0;0
1;9;0.00;0.00;0;0;0
1;9;0.02;0.00;1;0;0
1;8;0.01;0.02;0;-1;0
1;7;0.02;0.00;1;0;0
1;8;0.00;0.00;0;0;0
1;23;0.04;0.02;1;-1;0
1;7;0.02;0.00;1;0;0
1;7;0.00;0.00;0;0;0
1;13;0.02;0.00;1;0;0
1;6;0.00;0.00;0;0;0
1;8;0.04;0.02;1;-1;0
1;7;0.00;0.00;0;0;0
1;15;0.02;0.00;1;0;0
1;7;0.00;0.00;0;0;0
1;7;0.02;0.00;1;0;0
1;16;0.01;0.02;0;-1;0
1;7;0.00;0.00;0;0;0
1;10;0.02;0.00;1;0;0
1;10;0.00;0.00;0;0;0
1;6;0.00;0.00;0;0;0
1;7;0.01;0.02;0;-1;0
1;8;0.00;0.00;0;0;0
1;11;0.00;0.00;0;0;0
1;8;0.00;0.00;0;0;0
1;6;0.00;0.00;0;0;0
1;8;0.00;0.00;0;0;0
1;9;0.01;0.02;0;-1;0
1;8;0.00;0.00;0;0;0
1;9;0.02;0.00;1;0;0
1;8;0.00;0.00;0;0;0
1;7;0.00;0.00;0;0;0
1;8;0.00;0.00;0;0;0
1;8;0.00;0.00;0;0;0
1;9;0.01;0.02;0;-1;0
1;8;0.00;0.00;0;0;0
1;12;0.02;0.00;1;0;0
1;10;0.00;0.00;0;0;0
1;6;0.00;0.00;0;0;0
1;9;0.00;0.00;0;0;0
1;10;0.00;0.00;0;0;0
1;10;0.01;0.02;0;-1;0
1;11;0.02;0.00;1;0;0
1;12;0.00;0.00;0;0;0
1;6;0.00;0.00;0;0;0
1;8;0.02;0.00;1;0;0
1;8;0.00;0.00;0;0;0
1;9;0.04;0.02;1;-1;0
1;8;0.00;0.00;0;0;0
1;8;0.00;0.00;0;0;0
1;8;0.02;0.00;1;0;0
1;10;0.00;0.00;0;0;0
1;7;0.02;0.00;1;0;0
1;13;0.02;0.00;1;0;0
1;10;0.01;0.02;0;-1;0
1;6;0.02;0.00;1;0;0
1;7;0.00;0.00;0;0;0
1;8;0.02;0.00;1;0;0
1;11;0.00;0.00;0;0;0
1;7;0.02;0.00;1;0;0
1;13;0.01;0.02;0;-1;0
1;15;0.02;0.00;1;0;0
1;8;0.02;0.00;1;0;0
1;8;0.00;0.00;0;0;0
1;16;0.06;0.02;2;-1;0
1;4;0.00;0.00;0;0;0
1;8;0.00;0.00;0;0;0
1;9;0.02;0.00;1;0;0
1;20;0.01;0.02;0;-1;0
1;8;0.02;0.00;1;0;0
1;10;0.00;0.00;0;0;0
1;11;0.00;0.00;0;0;0
1;5;0.00;0.00;0;0;0
1;7;0.04;0.02;1;-1;0
1;8;0.00;0.00;0;0;0
1;16;0.00;0.00;0;0;0
1;7;0.00;0.00;0;0;0
1;7;0.00;0.00;0;0;0
1;7;0.01;0.02;0;-1;0
1;11;0.00;0.00;0;0;0
1;7;0.00;0.00;0;0;0
1;7;0.00;0.00;0;0;0
1;18;0.02;0.00;1;0;0
1;9;0.00;0.00;0;0;0
1;9;0.00;0.00;0;0;0
1;6;0.01;0.02;0;-1;0
1;10;0.00;0.00;0;0;0
1;8;0.00;0.00;0;0;0
1;7;0.02;0.00;1;0;0
1;9;0.00;0.00;0;0;0
1;9;0.00;0.00;0;0;0
1;6;0.00;0.00;0;0;0
1;9;0.00;0.00;0;0;0
1;6;0.04;0.02;1;-1;0
1;12;0.00;0.00;0;0;0
1;5;0.00;0.00;0;0;0
1;9;0.02;0.00;1;0;0
1;8;0.00;0.00;0;0;0
1;8;0.02;0.00;1;0;0
1;7;0.00;0.00;0;0;0
1;10;0.02;0.00;1;0;0
1;12;0.02;0.00;1;0;0
1;13;0.04;0.02;1;-1;0
1;7;0.00;0.00;0;0;0
1;9;0.02;0.00;1;0;0
1;14;0.02;0.00;1;0;0
1;6;0.00;0.00;0;0;0
1;7;0.00;0.00;0;0;0
1;13;0.04;0.02;1;-1;0
1;8;0.02;0.00;1;0;0
1;8;0.00;0.00;0;0;0
1;11;0.02;0.00;1;0;0
1;10;0.04;0.02;1;-1;0
1;8;0.00;0.00;0;0;0
1;8;0.02;0.00;1;0;0
1;21;0.01;0.02;0;-1;0
1;7;0.02;0.00;1;0;0
1;9;0.00;0.00;0;0;0
1;9;0.00;0.00;0;0;0
1;11;0.02;0.00;1;0;0
1;5;0.00;0.00;0;0;0
1;7;0.01;0.02;0;-1;0
1;9;0.00;0.00;0;0;0
1;12;0.00;0.00;0;0;0
1;8;0.00;0.00;0;0;0
1;9;0.00;0.00;0;0;0
1;8;0.00;0.00;0;0;0
1;8;0.02;0.00;1;0;0
1;9;0.01;0.02;0;-1;0
1;7;0.00;0.00;0;0;0
1;12;0.00;0.00;0;0;0
1;4;0.00;0.00;0;0;0
1;10;0.00;0.00;0;0;0
1;7;0.00;0.00;0;0;0
1;10;0.00;0.00;0;0;0
1;7;0.01;0.02;0;-1;0
1;14;0.02;0.00;1;0;0
1;6;0.00;0.00;0;0;0
1;8;0.00;0.00;0;0;0
1;8;0.00;0.00;0;0;0
1;8;0.00;0.00;0;0;0
1;8;0.00;0.00;0;0;0
1;9;0.02;0.00;1;0;0
1;8;0.01;0.02;0;-1;0
1;8;0.00;0.00;0;0;0
1;8;0.00;0.00;0;0;0
1;16;0.00;0.00;0;0;0
1;6;0.02;0.00;1;0;0
1;7;0.00;0.00;0;0;0
1;23;0.01;0.02;0;-1;0
1;7;0.00;0.00;0;0;0
1;12;0.02;0.00;1;0;0
1;8;0.00;0.00;0;0;0
1;7;0.02;0.00;1;0;0
1;8;0.00;0.00;0;0;0
1;13;0.01;0.02;0;-1;0
1;13;0.02;0.00;1;0;0
1;7;0.02;0.00;1;0;0
1;9;0.00;0.00;0;0;0
1;9;0.02;0.00;1;0;0
1;7;0.00;0.00;0;0;0
1;8;0.02;0.00;1;0;0
1;8;0.00;0.00;0;0;0
1;8;0.02;0.00;1;0;0
1;9;0.04;0.02;1;-1;0
1;8;0.00;0.00;0;0;0
1;8;0.02;0.00;1;0;0
1;8;0.00;0.00;0;0;0
1;8;0.02;0.00;1;0;0
1;8;0.00;0.00;0;0;0
1;25;0.06;0.02;2;-1;0
1;8;0.00;0.00;0;0;0
1;8;0.04;0.02;1;-1;0
1;12;0.00;0.00;0;0;0
1;6;0.00;0.00;0;0;0
1;7;0.02;0.00;1;0;0
1;8;0.00;0.00;0;0;0
1;9;0.00;0.00;0;0;0
1;8;0.01;0.02;0;-1;0
1;8;0.00;0.00;0;0;0
1;8;0.00;0.00;0;0;0
1;15;0.02;0.00;1;0;0
1;6;0.00;0.00;0;0;0
1;10;0.00;0.00;0;0;0
1;12;0.01;0.02;0;-1;0
1;6;0.00;0.00;0;0;0
1;8;0.00;0.00;0;0;0
1;9;0.00;0.00;0;0;0
1;10;0.02;0.00;1;0;0
1;7;0.00;0.00;0;0;0
1;8;0.00;0.00;0;0;0
1;7;0.00;0.00;0;0;0
1;16;0.00;0.00;0;0;0
1;6;0.00;0.00;0;0;0
1;8;0.00;0.00;0;0;0
1;10;0.00;0.00;0;0;0
1;5;0.02;0.00;1;0;0
1;9;0.00;0.00;0;0;0
1;8;0.00;0.00;0;0;0
1;8;0.00;0.00;0;0;0
1;13;0.00;0.00;0;0;0
1;7;0.00;0.00;0;0;0
1;9;0.00;0.00;0;0;0
1;8;0.02;0.00;1;0;0
1;8;0.01;0.02;0;-1;0
1;8;0.00;0.00;0;0;0
1;8;0.00;0.00;0;0;0
1;9;0.02;0.00;1;0;0
1;10;0.00;0.00;0;0;0
1;11;0.02;0.00;1;0;0
1;7;0.00;0.00;0;0;0
1;14;0.04;0.02;1;-1;0
1;7;0.00;0.00;0;0;0
1;8;0.00;0.00;0;0;0
1;10;0.02;0.00;1;0;0
1;9;0.02;0.00;1;0;0
1;6;0.00;0.00;0;0;0
1;8;0.00;0.00;0;0;0
1;8;0.02;0.00;1;0;0
1;11;0.04;0.02;1;-1;0
1;5;0.00;0.00;0;0;0
1;15;0.02;0.00;1;0;0
1;9;0.00;0.00;0;0;0
1;6;0.04;-0.02;1;0;-1
1;9;0.00;0.00;0;0;0
1;7;0.00;0.00;0;0;0
1;10;0.02;0.00;1;0;0
1;6;0.00;0.00;0;0;0
1;8;0.00;0.00;0;0;0
1;8;0.00;0.00;0;0;0
1;12;0.02;0.00;1;0;0
1;9;0.00;0.00;0;0;0
1;8;0.00;0.00;0;0;0
1;8;0.01;-0.02;0;0;-1
1;12;0.00;0.00;0;0;0
1;8;0.00;0.00;0;0;0
1;9;0.00;0.00;0;0;0
1;15;0.00;0.00;0;0;0
1;6;0.00;0.00;0;0;0
1;7;0.00;0.00;0;0;0
1;8;0.00;0.00;0;0;0
1;12;0.02;0.00;1;0;0
1;6;0.00;0.00;0;0;0
1;7;0.01;-0.02;0;0;-1
1;11;0.00;0.00;0;0;0
1;19;0.00;0.00;0;0;0
1;7;0.02;0.00;1;0;0
1;10;0.00;0.00;0;0;0
1;8;0.00;0.00;0;0;0
1;6;0.02;0.00;1;0;0
1;9;0.01;-0.02;0;0;-1
1;8;0.00;0.00;0;0;0
1;9;0.02;0.00;1;0;0
1;8;0.00;0.00;0;0;0
1;10;0.02;0.00;1;0;0
1;6;0.00;0.00;0;0;0
1;8;0.00;0.00;0;0;0
1;11;0.02;0.00;1;0;0
1;5;0.00;0.00;0;0;0
1;8;0.02;0.00;1;0;0
1;9;0.01;-0.02;0;0;-1
1;9;0.02;0.00;1;0;0
1;10;0.00;0.00;0;0;0
1;5;0.02;0.00;1;0;0
1;9;0.00;0.00;0;0;0
1;8;0.02;0.00;1;0;0
1;9;0.00;0.00;0;0;0
1;7;0.04;-0.02;1;0;-1
1;13;0.00;0.00;0;0;0
1;7;0.02;0.00;1;0;0
1;10;0.00;0.00;0;0;0
1;7;0.02;0.00;1;0;0
1;13;0.04;-0.02;1;0;-1
1;8;0.00;0.00;0;0;0
1;7;0.00;0.00;0;0;0
1;11;0.02;0.00;1;0;0
1;8;0.00;0.00;0;0;0
1;11;0.04;0.02;1;-1;0
1;7;0.04;-0.02;1;0;-1
1;11;0.00;0.00;0;0;0
1;6;0.02;0.00;1;0;0
1;10;0.00;0.00;0;0;0
1;7;0.00;0.00;0;0;0
1;18;0.02;0.00;1;0;0
1;7;0.00;0.00;0;0;0
1;8;0.00;0.00;0;0;0
1;7;0.00;0.00;0;0;0
1;8;0.04;0.02;1;-1;0
1;8;0.00;0.00;0;0;0
1;10;0.00;0.00;0;0;0
1;7;0.00;0.00;0;0;0
1;8;0.00;0.00;0;0;0
1;12;0.00;0.00;0;0;0
1;7;0.00;0.00;0;0;0
1;7;0.00;0.00;0;0;0
1;10;0.00;0.00;0;0;0
1;10;0.02;0.00;1;0;0
1;9;0.00;0.00;0;0;0
1;7;0.00;0.00;0;0;0
1;9;0.00;0.00;0;0;0
1;7;0.00;0.00;0;0;0
1;8;0.00;0.00;0;0;0
1;13;0.00;0.00;0;0;0
1;9;0.00;0.00;0;0;0
1;7;0.02;0.00;1;0;0
1;10;0.00;0.00;0;0;0
1;7;0.00;0.00;0;0;0
1;9;0.00;0.00;0;0;0
1;6;0.00;0.00;0;0;0
1;9;0.02;0.00;1;0;0
1;8;0.00;0.00;0;0;0
1;8;0.00;0.00;0;0;0
1;8;0.00;0.00;0;0;0
1;8;0.00;0.00;0;0;0
1;10;0.00;0.00;0;0;0
1;7;0.02;0.00;1;0;0
1;8;0.00;0.00;0;0;0
1;8;0.00;0.00;0;0;0
1;9;0.00;0.00;0;0;0
1;8;0.00;0.00;0;0;0
1;9;0.00;0.00;0;0;0
1;10;0.02;0.00;1;0;0
1;6;0.00;0.00;0;0;0
1;7;0.00;0.00;0;0;0
1;10;0.00;0.00;0;0;0
1;16;0.02;0.00;1;0;0
1;7;0.01;-0.02;0;0;-1
1;8;0.00;0.00;0;0;0
1;14;0.02;0.00;1;0;0
1;8;0.02;0.00;1;0;0
1;11;0.00;0.00;0;0;0
1;15;0.02;0.00;1;0;0
1;6;0.02;0.00;1;0;0
1;8;0.00;0.00;0;0;0
1;8;0.02;0.00;1;0;0
1;13;0.02;0.00;1;0;0
1;7;0.01;-0.02;0;0;-1
1;9;0.02;0.00;1;0;0
1;8;0.02;0.00;1;0;0
1;11;0.00;0.00;0;0;0
1;5;0.02;0.00;1;0;0
1;8;0.01;-0.02;0;0;-1
1;9;0.02;0.00;1;0;0
1;13;0.00;0.00;0;0;0
1;10;0.02;0.00;1;0;0
1;5;0.01;-0.02;0;0;-1
1;8;0.00;0.00;0;0;0
1;14;0.00;0.00;0;0;0
1;7;0.00;0.00;0;0;0
1;8;0.00;0.00;0;0;0
1;15;0.02;0.00;1;0;0
1;6;0.00;0.00;0;0;0
1;9;0.00;0.00;0;0;0
1;8;0.00;0.00;0;0;0
1;13;0.00;0.00;0;0;0
1;10;0.00;0.00;0;0;0
1;5;0.00;0.00;0;0;0
1;8;0.00;0.00;0;0;0
1;8;0.00;0.00;0;0;0
1;8;0.00;0.00;0;0;0
1;8;0.00;0.00;0;0;0
1;14;0.02;0.00;1;0;0
1;7;0.00;0.00;0;0;0
1;10;0.00;0.00;0;0;0
1;6;0.00;0.00;0;0;0
1;20;0.02;0.00;1;0;0
1;9;0.00;0.00;0;0;0
1;8;0.00;0.00;0;0;0
1;11;0.00;0.00;0;0;0
1;6;0.00;0.00;0;0;0
1;8;0.00;0.00;0;0;0
1;13;0.02;0.00;1;0;0
1;7;0.00;0.00;0;0;0
1;9;0.00;0.00;0;0;0
1;8;0.00;0.00;0;0;0
1;10;0.01;-0.02;0;0;-1
1;7;0.00;0.00;0;0;0
1;11;0.02;0.00;1;0;0
1;12;0.00;0.00;0;0;0
1;7;0.00;0.00;0;0;0
1;7;0.00;0.00;0;0;0
1;7;0.00;0.00;0;0;0
1;11;0.00;0.00;0;0;0
1;7;0.01;-0.02;0;0;-1
1;7;0.00;0.00;0;0;0
1;10;0.02;0.00;1;0;0
1;6;0.00;0.00;0;0;0
1;8;0.00;0.00;0;0;0
1;9;0.00;0.00;0;0;0
1;12;0.00;0.00;0;0;0
1;8;0.01;-0.02;0;0;-1
1;8;0.02;0.00;1;0;0
1;8;0.00;0.00;0;0;0
1;8;0.00;0.00;0;0;0
1;10;0.02;0.00;1;0;0
1;8;0.00;0.00;0;0;0
1;7;0.00;0.00;0;0;0
1;8;0.02;0.00;1;0;0
1;8;0.01;-0.02;0;0;-1
1;10;0.02;0.00;1;0;0
1;7;0.00;0.00;0;0;0
1;8;0.02;0.00;1;0;0
1;8;0.00;0.00;0;0;0
1;9;0.02;0.00;1;0;0
1;9;0.02;0.00;1;0;0
1;9;0.01;-0.02;0;0;-1
1;7;0.02;0.00;1;0;0
1;14;0.02;0.00;1;0;0
1;6;0.00;0.00;0;0;0
1;8;0.04;-0.02;1;0;-1
1;15;0.00;0.00;0;0;0
1;5;0.02;0.00;1;0;0
1;8;0.00;0.00;0;0;0
1;8;0.01;-0.02;0;0;-1
1;12;0.02;0.00;1;0;0
1;5;0.00;0.00;0;0;0
1;8;0.00;0.00;0;0;0
1;8;0.00;0.00;0;0;0
1;15;0.00;0.00;0;0;0
1;11;0.00;0.00;0;0;0
1;11;0.00;0.00;0;0;0
1;5;0.00;0.00;0;0;0
1;7;0.00;0.00;0;0;0
1;9;0.02;0.00;1;0;0
1;11;0.00;0.00;0;0;0
1;8;0.00;0.00;0;0;0
1;5;0.00;0.00;0;0;0
1;9;0.00;0.00;0;0;0
1;8;0.00;0.00;0;0;0
1;8;0.00;0.00;0;0;0
1;8;0.00;0.00;0;0;0
1;9;0.00;0.00;0;0;0
1;7;0.02;0.00;1;0;0
1;8;0.00;0.00;0;0;0
1;9;0.00;0.00;0;0;0
1;9;0.00;0.00;0;0;0
1;7;0.00;0.00;0;0;0
1;10;0.02;0.00;1;0;0
1;6;0.00;0.00;0;0;0
1;10;0.00;0.00;0;0;0
1;7;0.00;0.00;0;0;0
1;8;0.00;0.00;0;0;0
1;8;0.00;0.00;0;0;0
1;9;0.00;0.00;0;0;0
1;8;0.02;0.00;1;0;0
1;8;0.00;0.00;0;0;0
1;11;0.01;0.02;0;-1;0
1;5;0.00;0.00;0;0;0
1;8;0.00;0.00;0;0;0
1;9;0.00;0.00;0;0;0
1;15;0.02;0.00;1;0;0
1;5;0.00;0.00;0;0;0
1;8;0.01;0.02;0;-1;0
1;15;0.02;0.00;1;0;0
1;6;0.02;0.00;1;0;0
1;9;0.00;0.00;0;0;0
1;7;0.00;0.00;0;0;0
1;12;0.02;0.00;1;0;0
1;12;0.02;0.00;1;0;0
1;5;0.00;0.00;0;0;0
1;9;0.02;0.00;1;0;0
1;7;0.00;0.00;0;0;0
1;9;0.02;0.00;1;0;0
1;8;0.00;0.00;0;0;0
1;18;0.04;0.02;1;-1;0
1;8;0.00;0.00;0;0;0
1;6;0.00;0.00;0;0;0
1;13;0.00;0.00;0;0;0
1;8;0.04;0.02;1;-1;0
1;11;0.00;0.00;0;0;0
1;9;0.00;0.00;0;0;0
1;8;0.01;-0.02;0;0;-1
1;9;0.00;0.00;0;0;0
1;8;0.01;0.02;0;-1;0
1;8;0.00;0.00;0;0;0
1;8;0.00;0.00;0;0;0
1;8;0.00;0.00;0;0;0
1;9;0.00;0.00;0;0;0
1;8;0.00;0.00;0;0;0
1;9;0.02;0.00;1;0;0
1;11;0.00;0.00;0;0;0
1;8;0.00;0.00;0;0;0
1;14;0.00;0.00;0;0;0
1;7;0.00;0.00;0;0;0
1;8;0.00;0.00;0;0;0
1;8;0.02;0.00;1;0;0
1;10;0.00;0.00;0;0;0
1;7;0.00;0.00;0;0;0
1;8;0.00;0.00;0;0;0
1;8;0.00;0.00;0;0;0
1;11;0.00;0.00;0;0;0
1;5;0.02;0.00;1;0;0
1;12;0.00;0.00;0;0;0
1;6;0.00;0.00;0;0;0
1;7;0.00;0.00;0;0;0
1;8;0.00;0.00;0;0;0
1;9;0.00;0.00;0;0;0
1;8;0.02;0.00;1;0;0
1;8;0.00;0.00;0;0;0
1;8;0.00;0.00;0;0;0
1;11;0.02;0.00;1;0;0
1;5;0.00;0.00;0;0;0
1;10;0.00;0.00;0;0;0
1;7;0.02;0.00;1;0;0
1;11;0.00;0.00;0;0;0
1;6;0.04;-0.02;1;0;-1
1;12;0.00;0.00;0;0;0
1;8;0.02;0.00;1;0;0
1;8;0.00;0.00;0;0;0
1;13;0.02;0.00;1;0;0
1;9;0.02;0.00;1;0;0
1;7;0.01;-0.02;0;0;-1
1;8;0.02;0.00;1;0;0
1;14;0.04;0.02;1;-1;0
1;6;0.00;0.00;0;0;0
1;8;0.00;0.00;0;0;0
1;20;0.06;-0.02;2;0;-1
1;5;0.00;0.00;0;0;0
1;8;0.00;0.00;0;0;0
1;8;0.04;0.02;1;-1;0
1;9;0.02;0.00;1;0;0
1;8;0.00;0.00;0;0;0
1;10;0.02;0.00;1;0;0
1;6;0.00;0.00;0;0;0
1;8;0.01;0.02;0;-1;0
1;8;0.02;0.00;1;0;0
1;13;0.00;0.00;0;0;0
1;4;0.00;0.00;0;0;0
1;12;0.00;0.00;0;0;0
1;14;0.04;0.02;1;-1;0
1;7;0.00;0.00;0;0;0
1;13;0.00;0.00;0;0;0
1;7;0.00;0.00;0;0;0
1;8;0.00;0.00;0;0;0
1;9;0.00;0.00;0;0;0
1;9;0.00;0.00;0;0;0
1;7;0.00;0.00;0;0;0
1;8;0.00;0.00;0;0;0
1;8;0.00;0.00;0;0;0
1;17;0.02;0.00;1;0;0
1;11;0.00;0.00;0;0;0
1;5;0.00;0.00;0;0;0
1;16;0.00;0.00;0;0;0
1;9;0.00;0.00;0;0;0
1;9;0.02;0.00;1;0;0
1;8;0.00;0.00;0;0;0
1;7;0.00;0.00;0;0;0
1;8;0.00;0.00;0;0;0
1;9;0.00;0.00;0;0;0
1;9;0.00;0.00;0;0;0
1;7;0.02;0.00;1;0;0
1;9;0.00;0.00;0;0;0
1;13;0.00;0.00;0;0;0
1;7;0.02;0.00;1;0;0
1;8;0.01;-0.02;0;0;-1
1;8;0.00;0.00;0;0;0
1;8;0.02;0.00;1;0;0
1;8;0.00;0.00;0;0;0
1;9;0.02;0.00;1;0;0
1;9;0.00;0.00;0;0;0
1;9;0.02;0.00;1;0;0
1;6;0.00;0.00;0;0;0
1;8;0.01;-0.02;0;0;-1
1;9;0.02;0.00;1;0;0
1;8;0.00;0.00;0;0;0
1;8;0.02;0.00;1;0;0
1;8;0.02;0.00;1;0;0
1;9;0.00;0.00;0;0;0
1;8;0.04;-0.02;1;0;-1
1;11;0.02;0.00;1;0;0
1;6;0.00;0.00;0;0;0
1;9;0.02;0.00;1;0;0
1;6;0.00;0.00;0;0;0
1;9;0.02;0.00;1;0;0
1;9;0.00;0.00;0;0;0
1;7;0.04;-0.02;1;0;-1
1;8;0.00;0.00;0;0;0
1;12;0.02;0.00;1;0;0
1;14;0.02;0.00;1;0;0
1;7;0.00;0.00;0;0;0
1;15;0.02;0.00;1;0;0
1;5;0.01;-0.02;0;0;-1
1;8;0.00;0.00;0;0;0
1;9;0.02;0.00;1;0;0
1;24;0.00;0.00;0;0;0
1;8;0.00;0.00;0;0;0
1;9;0.02;0.00;1;0;0
1;8;0.00;0.00;0;0;0
1;14;0.00;0.00;0;0;0
1;7;0.00;0.00;0;0;0
1;8;0.00;0.00;0;0;0
1;9;0.00;0.00;0;0;0
1;8;0.00;0.00;0;0;0
1;13;0.00;0.00;0;0;0
1;6;0.00;0.00;0;0;0
1;9;0.02;0.00;1;0;0
1;10;0.00;0.00;0;0;0
1;6;0.00;0.00;0;0;0
1;8;0.00;0.00;0;0;0
1;8;0.00;0.00;0;0;0
1;10;0.00;0.00;0;0;0
1;9;0.00;0.00;0;0;0
1;6;0.02;0.00;1;0;0
1;10;0.00;0.00;0;0;0
1;8;0.00;0.00;0;0;0
1;10;0.00;0.00;0;0;0
1;5;0.00;0.00;0;0;0
1;10;0.00;0.00;0;0;0
1;9;0.02;0.00;1;0;0
1;9;0.00;0.00;0;0;0
1;9;0.02;0.00;1;0;0
1;8;0.00;0.00;0;0;0
1;8;0.02;0.00;1;0;0
1;9;0.00;0.00;0;0;0
1;10;0.04;-0.02;1;0;-1
1;5;0.00;0.00;0;0;0
1;9;0.00;0.00;0;0;0
1;13;0.02;0.00;1;0;0
1;9;0.02;0.00;1;0;0
1;6;0.00;0.00;0;0;0
1;21;0.06;-0.02;2;0;-1
1;9;0.00;0.00;0;0;0
1;7;0.02;0.00;1;0;0
1;14;0.02;0.00;1;0;0
1;15;0.04;-0.02;1;0;-1
1;12;0.02;0.00;1;0;0
1;8;0.00;0.00;0;0;0
1;10;0.02;0.00;1;0;0
1;7;0.00;0.00;0;0;0
1;11;0.01;-0.02;0;0;-1
1;5;0.02;0.00;1;0;0
1;10;0.00;0.00;0;0;0
1;7;0.00;0.00;0;0;0
1;15;0.00;0.00;0;0;0
1;5;0.02;0.00;1;0;0
1;8;0.02;0.00;0;-1;-1
1;15;0.00;0.00;0;0;0
1;6;0.00;0.00;0;0;0
1;11;0.00;0.00;0;0;0
1;5;0.00;0.00;0;0;0
1;10;0.00;0.00;0;0;0
1;6;0.00;0.00;0;0;0
1;9;0.02;0.00;1;0;0
1;8;0.00;0.00;0;0;0
1;9;0.00;0.00;0;0;0
1;7;0.00;0.00;0;0;0
1;8;0.00;0.00;0;0;0
1;9;0.00;0.00;0;0;0
1;18;0.00;0.00;0;0;0
1;8;0.00;0.00;0;0;0
1;9;0.02;0.00;1;0;0
1;11;0.00;0.00;0;0;0
1;7;0.00;0.00;0;0;0
1;8;0.00;0.00;0;0;0
1;8;0.00;0.00;0;0;0
1;9;0.00;0.00;0;0;0
1;10;0.02;0.00;1;0;0
1;9;0.00;0.00;0;0;0
1;5;0.00;0.00;0;0;0
1;8;0.00;0.00;0;0;0
1;18;0.04;-0.02;1;0;-1
1;7;0.00;0.00;0;0;0
1;16;0.02;0.00;1;0;0
1;11;0.02;0.00;1;0;0
1;6;0.00;0.00;0;0;0
1;11;0.04;-0.02;1;0;-1
1;5;0.00;0.00;0;0;0
1;12;0.02;0.00;1;0;0
1;8;0.00;0.00;0;0;0
1;10;0.02;0.00;1;0;0
1;7;0.00;0.00;0;0;0
1;8;0.04;-0.02;1;0;-1
1;8;0.00;0.00;0;0;0
1;8;0.00;0.00;0;0;0
1;9;0.02;0.00;1;0;0
1;8;0.00;0.00;0;0;0
1;8;0.02;0.00;1;0;0
1;11;0.01;-0.02;0;0;-1
1;5;0.02;0.00;1;0;0
1;9;0.00;0.00;0;0;0
1;8;0.02;0.00;1;0;0
1;12;0.00;0.00;0;0;0
1;8;0.02;0.00;1;0;0
1;8;0.01;-0.02;0;0;-1
1;11;0.02;0.00;1;0;0
1;18;0.00;0.00;0;0;0
1;15;0.02;0.00;1;0;0
1;6;0.00;0.00;0;0;0
1;8;0.04;-0.02;1;0;-1
1;8;0.00;0.00;0;0;0
1;10;0.00;0.00;0;0;0
1;6;0.02;0.00;1;0;0
1;8;0.00;0.00;0;0;0
1;9;0.00;0.00;0;0;0
1;9;0.00;0.00;0;0;0
1;10;0.01;-0.02;0;0;-1
1;6;0.00;0.00;0;0;0
1;7;0.00;0.00;0;0;0
1;9;0.00;0.00;0;0;0
1;18;0.02;0.00;1;0;0
1;9;0.01;-0.02;0;0;-1
1;5;0.00;0.00;0;0;0
1;12;0.00;0.00;0;0;0
1;5;0.00;0.00;0;0;0
1;8;0.00;0.00;0;0;0
1;8;0.00;0.00;0;0;0
1;12;0.00;0.00;0;0;0
1;10;0.02;0.00;1;0;0
1;7;0.01;-0.02;0;0;-1
1;13;0.00;0.00;0;0;0
1;16;0.02;0.00;1;0;0
1;8;0.00;0.00;0;0;0
1;11;0.02;0.00;1;0;0
1;6;0.00;0.00;0;0;0
1;7;0.04;-0.02;1;0;-1
1;8;0.00;0.00;0;0;0
1;11;0.02;0.00;1;0;0
1;6;0.00;0.00;0;0;0
1;8;0.00;0.00;0;0;0
1;11;0.02;0.00;1;0;0
1;6;0.02;0.00;1;0;0
1;8;0.01;-0.02;0;0;-1
1;11;0.02;0.00;1;0;0
1;5;0.00;0.00;0;0;0
1;15;0.02;0.00;1;0;0
1;5;0.00;0.00;0;0;0
1;10;0.02;0.00;1;0;0
1;9;0.01;-0.02;0;0;-1
1;9;0.02;0.00;1;0;0
1;5;0.00;0.00;0;0;0
1;8;0.02;0.00;1;0;0
1;22;0.02;0.00;1;0;0
1;10;0.04;-0.02;1;0;-1
1;5;0.00;0.00;0;0;0
1;15;0.02;0.00;1;0;0
1;6;0.00;0.00;0;0;0
1;8;0.00;0.00;0;0;0
1;10;0.02;0.00;1;0;0
1;7;0.01;-0.02;0;0;-1
1;8;0.00;0.00;0;0;0
1;8;0.02;0.00;1;0;0
1;8;0.00;0.00;0;0;0
1;25;0.00;0.00;0;0;0
1;8;0.01;-0.02;0;0;-1
1;8;0.02;0.00;1;0;0
1;8;0.00;0.00;0;0;0
1;8;0.00;0.00;0;0;0
1;8;0.00;0.00;0;0;0
1;10;0.00;0.00;0;0;0
1;7;0.00;0.00;0;0;0
1;8;0.00;0.00;0;0;0
1;8;0.01;-0.02;0;0;-1
1;14;0.00;0.00;0;0;0
1;7;0.00;0.00;0;0;0
1;11;0.02;0.00;1;0;0
1;6;0.00;0.00;0;0;0
1;13;0.00;0.00;0;0;0
1;9;0.00;0.00;0;0;0
1;6;0.01;-0.02;0;0;-1
1;9;0.02;0.00;1;0;0
1;8;0.00;0.00;0;0;0
1;9;0.00;0.00;0;0;0
1;7;0.00;0.00;0;0;0
1;9;0.00;0.00;0;0;0
1;7;0.00;0.00;0;0;0
1;8;0.04;-0.02;1;0;-1
1;8;0.00;0.00;0;0;0
1;15;0.00;0.00;0;0;0
1;6;0.02;0.00;1;0;0
1;8;0.00;0.00;0;0;0
1;8;0.00;0.00;0;0;0
1;19;0.06;-0.02;2;0;-1
1;6;0.00;0.00;0;0;0
1;8;0.00;0.00;0;0;0
1;8;0.02;0.00;1;0;0
1;8;0.02;0.00;1;0;0
1;9;0.00;0.00;0;0;0
1;8;0.02;0.00;1;0;0
1;13;0.02;0.00;1;0;0
1;8;0.01;-0.02;0;0;-1
1;8;0.02;0.00;1;0;0
1;9;0.02;0.00;1;0;0
1;8;0.00;0.00;0;0;0
1;7;0.02;0.00;1;0;0
1;9;0.00;0.00;0;0;0
1;7;0.02;0.00;1;0;0
1;9;0.01;-0.02;0;0;-1
1;10;0.02;0.00;1;0;0
1;9;0.02;0.00;1;0;0
1;5;0.00;0.00;0;0;0
1;8;0.00;0.00;0;0;0
1;10;0.02;0.00;1;0;0
1;8;0.01;-0.02;0;0;-1
1;7;0.00;0.00;0;0;0
1;9;0.00;0.00;0;0;0
1;8;0.02;0.00;1;0;0
1;10;0.00;0.00;0;0;0
1;6;0.00;0.00;0;0;0
1;14;0.01;-0.02;0;0;-1
1;6;0.00;0.00;0;0;0
1;8;0.00;0.00;0;0;0
1;9;0.00;0.00;0;0;0
1;13;0.00;0.00;0;0;0
1;7;0.00;0.00;0;0;0
1;8;0.00;0.00;0;0;0
1;17;0.02;0.00;1;0;0
1;8;0.00;0.00;0;0;0
1;8;0.01;-0.02;0;0;-1
1;9;0.00;0.00;0;0;0
1;7;0.00;0.00;0;0;0
1;10;0.00;0.00;0;0;0
1;7;0.00;0.00;0;0;0
1;15;0.02;0.00;1;0;0
1;5;0.00;0.00;0;0;0
1;9;0.00;0.00;0;0;0
1;11;0.01;-0.02;0;0;-1
1;11;0.00;0.00;0;0;0
1;9;0.02;0.00;1;0;0
1;5;0.00;0.00;0;0;0
1;13;0.00;0.00;0;0;0
1;8;0.00;0.00;0;0;0
1;11;0.01;-0.02;0;0;-1
1;8;0.00;0.00;0;0;0
1;5;0.00;0.00;0;0;0
1;9;0.02;0.00;1;0;0
1;8;0.00;0.00;0;0;0
1;9;0.00;0.00;0;0;0
1;8;0.00;0.00;0;0;0
1;7;0.00;0.00;0;0;0
1;10;0.00;0.00;0;0;0
1;7;0.01;-0.02;0;0;-1
1;8;0.02;0.00;1;0;0
1;8;0.00;0.00;0;0;0
1;9;0.00;0.00;0;0;0
1;7;0.00;0.00;0;0;0
1;10;0.00;0.00;0;0;0
1;9;0.02;0.00;1;0;0
1;13;0.01;-0.02;0;0;-1
1;5;0.00;0.00;0;0;0
1;12;0.00;0.00;0;0;0
1;6;0.00;0.00;0;0;0
1;7;0.00;0.00;0;0;0
1;8;0.02;0.00;1;0;0
1;12;0.00;0.00;0;0;0
1;8;0.01;-0.02;0;0;-1
1;9;0.00;0.00;0;0;0
1;8;0.00;0.00;0;0;0
1;8;0.00;0.00;0;0;0
1;8;0.02;0.00;1;0;0
1;9;0.00;0.00;0;0;0
1;8;0.00;0.00;0;0;0
1;8;0.01;-0.02;0;0;-1
1;8;0.00;0.00;0;0;0
1;8;0.00;0.00;0;0;0
1;8;0.02;0.00;1;0;0
1;12;0.00;0.00;0;0;0
1;5;0.00;0.00;0;0;0
1;8;0.00;0.00;0;0;0
1;8;0.01;-0.02;0;0;-1
1;9;0.02;0.00;1;0;0
1;29;0.00;0.00;0;0;0
1;14;0.00;0.00;0;0;0
1;8;0.04;-0.02;1;0;-1
1;6;0.00;0.00;0;0;0
1;12;0.00;0.00;0;0;0
1;8;0.00;0.00;0;0;0
1;7;0.00;0.00;0;0;0
1;10;0.00;0.00;0;0;0
1;8;0.01;-0.02;0;0;-1
1;7;0.02;0.00;1;0;0
1;8;0.00;0.00;0;0;0
1;9;0.00;0.00;0;0;0
1;9;0.00;0.00;0;0;0
1;8;0.00;0.00;0;0;0
1;8;0.00;0.00;0;0;0
1;8;0.01;-0.02;0;0;-1
1;8;0.02;0.00;1;0;0
1;9;0.00;0.00;0;0;0
1;8;0.00;0.00;0;0;0
1;7;0.00;0.00;0;0;0
1;10;0.00;0.00;0;0;0
1;8;0.00;0.00;0;0;0
1;8;0.04;-0.02;1;0;-1
1;8;0.00;0.00;0;0;0
1;12;0.00;0.00;0;0;0
1;8;0.00;0.00;0;0;0
1;8;0.00;0.00;0;0;0
1;9;0.00;0.00;0;0;0
1;8;0.04;-0.02;1;0;-1
1;10;0.00;0.00;0;0;0
1;6;0.00;0.00;0;0;0
1;11;0.00;0.00;0;0;0
1;10;0.00;0.00;0;0;0
1;8;0.00;0.00;0;0;0
1;8;0.04;-0.02;1;0;-1
1;8;0.00;0.00;0;0;0
1;8;0.00;0.00;0;0;0
1;9;0.00;0.00;0;0;0
1;8;0.00;0.00;0;0;0
1;17;0.01;-0.02;0;0;-1
1;7;0.02;0.00;1;0;0
1;9;0.00;0.00;0;0;0
1;17;0.00;0.00;0;0;0
1;7;0.00;0.00;0;0;0
1;8;0.01;-0.02;0;0;-1
1;9;0.00;0.00;0;0;0
1;7;0.02;0.00;1;0;0
1;9;0.00;0.00;0;0;0
1;7;0.00;0.00;0;0;0
1;9;0.00;0.00;0;0;0
1;8;0.00;0.00;0;0;0
1;9;0.01;-0.02;0;0;-1
1;11;0.02;0.00;1;0;0
1;6;0.00;0.00;0;0;0
1;8;0.00;0.00;0;0;0
1;11;0.00;0.00;0;0;0
1;9;0.01;-0.02;0;0;-1
1;11;0.00;0.00;0;0;0
1;5;0.00;0.00;0;0;0
1;11;0.02;0.00;1;0;0
1;5;0.00;0.00;0;0;0
1;9;0.00;0.00;0;0;0
1;9;0.00;0.00;0;0;0
1;10;0.01;-0.02;0;0;-1
1;5;0.00;0.00;0;0;0
1;9;0.02;0.00;1;0;0
1;8;0.00;0.00;0;0;0
1;12;0.00;0.00;0;0;0
1;8;0.00;0.00;0;0;0
1;13;0.01;-0.02;0;0;-1
1;11;0.00;0.00;0;0;0
1;5;0.02;0.00;1;0;0
1;12;0.00;0.00;0;0;0
1;8;0.00;0.00;0;0;0
1;8;0.01;-0.02;0;0;-1
1;9;0.00;0.00;0;0;0
1;9;0.00;0.00;0;0;0
1;7;0.00;0.00;0;0;0
1;8;0.02;0.00;1;0;0
1;8;0.00;0.00;0;0;0
1;11;0.00;0.00;0;0;0
1;6;0.01;-0.02;0;0;-1
1;8;0.00;0.00;0;0;0
1;7;0.00;0.00;0;0;0
1;9;0.02;0.00;1;0;0
1;9;0.00;0.00;0;0;0
1;8;0.00;0.00;0;0;0
1;7;0.01;-0.02;0;0;-1
1;9;0.02;0.00;1;0;0
1;9;0.00;0.00;0;0;0
1;9;0.00;0.00;0;0;0
1;11;0.02;0.00;1;0;0
1;8;0.00;0.00;0;0;0
1;12;0.02;0.00;1;0;0
1;12;0.04;-0.02;1;0;-1
1;6;0.00;0.00;0;0;0
1;10;0.02;0.00;1;0;0
1;7;0.00;0.00;0;0;0
1;12;0.02;0.00;1;0;0
1;7;0.01;-0.02;0;0;-1
1;8;0.02;0.00;1;0;0
1;8;0.00;0.00;0;0;0
1;8;0.00;0.00;0;0;0
1;8;0.00;0.00;0;0;0
1;10;0.04;-0.02;1;0;-1
1;7;0.00;0.00;0;0;0
1;8;0.00;0.00;0;0;0
1;8;0.00;0.00;0;0;0
1;7;0.00;0.00;0;0;0
1;12;0.04;-0.02;1;0;-1
1;6;0.00;0.00;0;0;0
1;9;0.00;0.00;0;0;0
1;8;0.00;0.00;0;0;0
1;7;0.00;0.00;0;0;0
1;7;0.00;0.00;0;0;0
1;19;0.01;-0.02;0;0;-1
1;7;0.00;0.00;0;0;0
1;7;0.00;0.00;0;0;0
1;15;0.00;0.00;0;0;0
1;7;0.00;0.00;0;0;0
1;8;0.02;0.00;1;0;0
1;7;0.01;-0.02;0;0;-1
1;9;0.00;0.00;0;0;0
1;8;0.00;0.00;0;0;0
1;8;0.00;0.00;0;0;0
1;8;0.00;0.00;0;0;0
1;10;0.02;0.00;1;0;0
1;7;0.00;0.00;0;0;0
1;8;0.00;0.00;0;0;0
1;16;0.01;-0.02;0;0;-1
1;6;0.00;0.00;0;0;0
1;11;0.02;0.00;1;0;0
1;12;0.00;0.00;0;0;0
1;9;0.01;-0.02;0;0;-1
1;9;0.02;0.00;1;0;0
1;7;0.00;0.00;0;0;0
1;10;0.02;0.00;1;0;0
1;6;0.00;0.00;0;0;0
1;13;0.02;0.00;1;0;0
1;10;0.01;-0.02;0;0;-1
1;9;0.02;0.00;1;0;0
1;5;0.00;0.00;0;0;0
1;12;0.02;0.00;1;0;0
1;12;0.02;0.00;1;0;0
1;5;0.01;-0.02;0;0;-1
1;8;0.00;0.00;0;0;0
1;7;0.02;0.00;1;0;0
1;9;0.00;0.00;0;0;0
1;9;0.02;0.00;1;0;0
1;7;0.00;0.00;0;0;0
1;9;0.04;-0.02;1;0;-1
1;7;0.00;0.00;0;0;0
1;28;0.05;0.00;2;0;0
1;6;0.01;-0.02;0;0;-1
1;15;0.02;0.00;1;0;0
1;6;0.00;0.00;0;0;0
1;8;0.00;0.00;0;0;0
1;8;0.00;0.00;0;0;0
1;7;0.04;-0.02;1;0;-1
1;9;0.00;0.00;0;0;0
1;9;0.00;0.00;0;0;0
1;7;0.00;0.00;0;0;0
1;8;0.00;0.00;0;0;0
1;10;0.00;0.00;0;0;0
1;7;0.01;-0.02;0;0;-1
1;13;0.00;0.00;0;0;0
1;8;0.02;0.00;1;0;0
1;7;0.00;0.00;0;0;0
1;9;0.00;0.00;0;0;0
1;8;0.00;0.00;0;0;0
1;9;0.00;0.00;0;0;0
1;7;0.01;-0.02;0;0;-1
1;9;0.00;0.00;0;0;0
1;7;0.00;0.00;0;0;0
1;8;0.00;0.00;0;0;0
1;9;0.02;0.00;1;0;0
1;8;0.00;0.00;0;0;0
1;15;0.01;-0.02;0;0;-1
1;6;0.00;0.00;0;0;0
1;8;0.00;0.00;0;0;0
1;8;0.00;0.00;0;0;0
1;15;0.02;0.00;1;0;0
1;6;0.00;0.00;0;0;0
1;8;0.00;0.00;0;0;0
1;8;0.01;-0.02;0;0;-1
1;9;0.00;0.00;0;0;0
1;8;0.00;0.00;0;0;0
1;8;0.02;0.00;1;0;0
1;8;0.00;0.00;0;0;0
1;8;0.00;0.00;0;0;0
1;10;0.01;-0.02;0;0;-1
1;10;0.00;0.00;0;0;0
1;10;0.00;0.00;0;0;0
1;7;0.02;0.00;1;0;0
1;9;0.00;0.00;0;0;0
1;8;0.00;0.00;0;0;0
1;8;0.00;0.00;0;0;0
1;10;0.01;-0.02;0;0;-1
1;9;0.00;0.00;0;0;0
1;5;0.02;0.00;1;0;0
1;9;0.00;0.00;0;0;0
1;7;0.00;0.00;0;0;0
1;17;0.04;-0.02;1;0;-1
1;25;0.02;0.00;1;0;0
1;8;0.02;0.00;1;0;0
1;11;0.02;0.00;1;0;0
1;5;0.00;0.00;0;0;0
1;10;0.02;0.00;1;0;0
1;7;0.01;-0.02;0;0;-1
1;11;0.02;0.00;1;0;0
1;8;0.00;0.00;0;0;0
1;9;0.02;0.00;1;0;0
1;9;0.02;0.00;1;0;0
1;9;0.01;-0.02;0;0;-1
1;7;0.02;0.00;1;0;0
1;9;0.00;0.00;0;0;0
1;7;0.02;0.00;1;0;0
1;9;0.00;0.00;0;0;0
1;8;0.02;0.00;1;0;0
1;8;0.01;-0.02;0;0;-1
1;7;0.00;0.00;0;0;0
1;11;0.02;0.00;1;0;0
1;7;0.00;0.00;0;0;0
1;10;0.00;0.00;0;0;0
1;13;0.01;-0.02;0;0;-1
1;9;0.00;0.00;0;0;0
1;10;0.00;0.00;0;0;0
1;10;0.00;0.00;0;0;0
1;8;0.02;0.00;1;0;0
1;5;0.00;0.00;0;0;0
1;8;0.01;-0.02;0;0;-1
1;11;0.00;0.00;0;0;0
1;6;0.00;0.00;0;0;0
1;8;0.00;0.00;0;0;0
1;8;0.00;0.00;0;0;0
1;11;0.00;0.00;0;0;0
1;6;0.00;0.00;0;0;0
1;8;0.00;0.00;0;0;0
1;11;0.04;-0.02;1;0;-1
1;5;0.00;0.00;0;0;0
1;15;0.00;0.00;0;0;0
1;7;0.00;0.00;0;0;0
1;7;0.00;0.00;0;0;0
1;8;0.00;0.00;0;0;0
1;11;0.02;0.00;1;0;0
1;10;0.01;-0.02;0;0;-1
1;7;0.00;0.00;0;0;0
1;8;0.00;0.00;0;0;0
1;14;0.02;0.00;1;0;0
1;10;0.00;0.00;0;0;0
1;8;0.01;-0.02;0;0;-1
1;10;0.00;0.00;0;0;0
1;10;0.00;0.00;0;0;0
1;7;0.00;0.00;0;0;0
1;7;0.02;0.00;1;0;0
1;8;0.00;0.00;0;0;0
1;8;0.00;0.00;0;0;0
1;8;0.01;-0.02;0;0;-1
1;8;0.00;0.00;0;0;0
1;11;0.00;0.00;0;0;0
1;6;0.00;0.00;0;0;0
1;9;0.02;0.00;1;0;0
1;25;0.01;-0.02;0;0;-1
1;11;0.00;0.00;0;0;0
1;14;0.02;0.00;1;0;0
1;7;0.00;0.00;0;0;0
1;9;0.00;0.00;0;0;0
1;7;0.01;-0.02;0;0;-1
1;9;0.00;0.00;0;0;0
1;8;0.00;0.00;0;0;0
1;8;0.02;0.00;1;0;0
1;7;0.00;0.00;0;0;0
1;8;0.00;0.00;0;0;0
1;8;0.00;0.00;0;0;0
1;10;0.01;-0.02;0;0;-1
1;8;0.02;0.00;1;0;0
1;8;0.00;0.00;0;0;0
1;7;0.00;0.00;0;0;0
1;8;0.00;0.00;0;0;0
1;15;0.01;-0.02;0;0;-1
1;6;0.00;0.00;0;0;0
1;8;0.02;0.00;1;0;0
1;8;0.00;0.00;0;0;0
1;7;0.00;0.00;0;0;0
1;9;0.00;0.00;0;0;0
1;8;0.00;0.00;0;0;0
1;8;0.01;-0.02;0;0;-1
1;8;0.02;0.00;1;0;0
1;22;0.00;0.00;0;0;0
1;11;0.00;0.00;0;0;0
1;5;0.00;0.00;0;0;0
1;10;0.04;-0.02;1;0;-1
1;6;0.00;0.00;0;0;0
1;9;0.00;0.00;0;0;0
1;8;0.00;0.00;0;0;0
1;7;0.00;0.00;0;0;0
1;8;0.00;0.00;0;0;0
1;9;0.02;0.00;1;0;0
1;9;0.01;-0.02;0;0;-1
1;7;0.00;0.00;0;0;0
1;8;0.00;0.00;0;0;0
1;8;0.00;0.00;0;0;0
1;9;0.00;0.00;0;0;0
1;11;0.02;0.00;1;0;0
1;6;0.00;0.00;0;0;0
1;8;0.01;-0.02;0;0;-1
1;7;0.00;0.00;0;0;0
1;9;0.00;0.00;0;0;0
1;7;0.00;0.00;0;0;0
1;9;0.02;0.00;1;0;0
1;8;0.00;0.00;0;0;0
1;8;0.01;-0.02;0;0;-1
1;8;0.02;0.00;1;0;0
1;8;0.00;0.00;0;0;0
1;9;0.02;0.00;1;0;0
1;8;0.00;0.00;0;0;0
1;8;0.02;0.00;1;0;0
1;8;0.00;0.00;0;0;0
1;8;0.04;-0.02;1;0;-1
1;10;0.00;0.00;0;0;0
1;8;0.02;0.00;1;0;0
1;7;0.00;0.00;0;0;0
1;9;0.02;0.00;1;0;0
1;7;0.00;0.00;0;0;0
1;9;0.04;-0.02;1;0;-1
1;8;0.00;0.00;0;0;0
1;9;0.02;0.00;1;0;0
1;7;0.02;0.00;1;0;0
1;8;0.00;0.00;0;0;0
1;9;0.02;0.00;1;0;0
1;8;0.01;-0.02;0;0;-1
1;9;0.02;0.00;1;0;0
1;10;0.00;0.00;0;0;0
1;7;0.02;0.00;1;0;0
1;8;0.00;0.00;0;0;0
1;7;0.01;-0.02;0;0;-1
1;8;0.00;0.00;0;0;0
1;11;0.02;0.00;1;0;0
1;6;0.00;0.00;0;0;0
1;12;0.00;0.00;0;0;0
1;7;0.01;-0.02;0;0;-1
1;6;0.00;0.00;0;0;0
1;7;0.00;0.00;0;0;0
1;9;0.00;0.00;0;0;0
1;8;0.02;0.00;1;0;0
1;9;0.00;0.00;0;0;0
1;7;0.00;0.00;0;0;0
1;9;0.01;-0.02;0;0;-1
1;8;0.00;0.00;0;0;0
1;8;0.00;0.00;0;0;0
1;9;0.00;0.00;0;0;0
1;9;0.00;0.00;0;0;0
1;7;0.00;0.00;0;0;0
1;8;0.00;0.00;0;0;0
1;8;0.02;0.00;1;0;0
1;13;0.00;0.00;0;0;0
1;8;0.00;0.00;0;0;0
1;9;0.01;-0.02;0;0;-1
1;38;0.02;0.00;1;0;0
1;10;0.00;0.00;0;0;0
1;8;0.01;-0.02;0;0;-1
1;11;0.00;0.00;0;0;0
1;13;0.00;0.00;0;0;0
1;5;0.02;0.00;1;0;0
1;8;0.00;0.00;0;0;0
1;25;0.01;-0.02;0;0;-1
1;8;0.00;0.00;0;0;0
1;8;0.00;0.00;0;0;0
1;9;0.02;0.00;1;0;0
1;8;0.00;0.00;0;0;0
1;15;0.00;0.00;0;0;0
1;8;0.01;-0.02;0;0;-1
1;8;0.02;0.00;1;0;0
1;9;0.00;0.00;0;0;0
1;8;0.00;0.00;0;0;0
1;8;0.02;0.00;1;0;0
1;8;0.00;0.00;0;0;0
1;8;0.02;0.00;1;0;0
1;8;0.00;0.00;0;0;0
1;9;0.02;0.00;1;0;0
1;9;0.01;-0.02;0;0;-1
1;9;0.00;0.00;0;0;0
1;7;0.02;0.00;1;0;0
1;8;0.00;0.00;0;0;0
1;8;0.02;0.00;1;0;0
1;8;0.01;-0.02;0;0;-1
1;8;0.02;0.00;1;0;0
1;8;0.00;0.00;0;0;0
1;8;0.02;0.00;1;0;0
1;9;0.00;0.00;0;0;0
1;8;0.02;0.00;1;0;0
1;8;0.00;0.00;0;0;0
1;8;0.01;-0.02;0;0;-1
1;8;0.02;0.00;1;0;0
1;9;0.00;0.00;0;0;0
1;8;0.02;0.00;1;0;0
1;11;0.00;0.00;0;0;0
1;7;0.02;0.00;1;0;0
1;7;0.00;0.00;0;0;0
1;8;0.01;-0.02;0;0;-1
1;10;0.02;0.00;1;0;0
1;7;0.00;0.00;0;0;0
1;8;0.00;0.00;0;0;0
1;7;0.00;0.00;0;0;0
1;11;0.02;0.00;1;0;0
1;8;0.00;0.00;0;0;0
1;8;0.01;-0.02;0;0;-1
1;7;0.00;0.00;0;0;0
1;17;0.00;0.00;0;0;0
1;10;0.00;0.00;0;0;0
1;10;0.02;0.00;1;0;0
1;8;0.00;0.00;0;0;0
1;9;0.00;0.00;0;0;0
1;8;0.00;0.00;0;0;0
1;10;0.00;0.00;0;0;0
1;9;0.00;0.00;0;0;0
1;5;0.00;0.00;0;0;0
1;10;0.00;0.00;0;0;0
1;6;0.02;0.00;1;0;0
1;8;0.00;0.00;0;0;0
1;13;0.00;0.00;0;0;0
1;14;0.00;0.00;0;0;0
1;12;0.00;0.00;0;0;0
1;7;0.00;0.00;0;0;0
1;9;0.00;0.00;0;0;0
1;6;0.02;0.00;1;0;0
1;8;0.00;0.00;0;0;0
1;8;0.01;-0.02;0;0;-1
1;10;0.02;0.00;1;0;0
1;7;0.00;0.00;0;0;0
1;9;0.02;0.00;1;0;0
1;7;0.00;0.00;0;0;0
1;9;0.00;0.00;0;0;0
1;9;0.02;0.00;1;0;0
1;12;0.02;0.00;1;0;0
1;9;0.00;0.00;0;0;0
1;7;0.02;0.00;1;0;0
1;7;0.01;-0.02;0;0;-1
1;10;0.02;0.00;1;0;0
1;10;0.00;0.00;0;0;0
1;6;0.02;0.00;1;0;0
1;7;0.00;0.00;0;0;0
1;12;0.02;0.00;1;0;0
1;6;0.01;-0.02;0;0;-1
1;7;0.02;0.00;1;0;0
1;8;0.00;0.00;0;0;0
1;13;0.02;0.00;1;0;0
1;9;0.02;0.00;1;0;0
1;7;0.00;0.00;0;0;0
1;9;0.04;-0.02;1;0;-1
1;8;0.00;0.00;0;0;0
1;17;0.02;0.00;1;0;0
1;16;0.00;0.00;0;0;0
1;8;0.02;0.00;1;0;0
1;8;0.00;0.00;0;0;0
1;8;0.01;-0.02;0;0;-1
1;10;0.00;0.00;0;0;0
1;8;0.02;0.00;1;0;0
1;9;0.00;0.00;0;0;0
1;6;0.00;0.00;0;0;0
1;8;0.00;0.00;0;0;0
1;10;0.00;0.00;0;0;0
1;7;0.00;0.00;0;0;0
1;10;0.00;0.00;0;0;0
1;12;0.02;0.00;1;0;0
1;7;0.00;0.00;0;0;0
1;7;0.00;0.00;0;0;0
1;8;0.00;0.00;0;0;0
1;9;0.00;0.00;0;0;0
1;10;0.00;0.00;0;0;0
1;6;0.00;0.00;0;0;0
1;9;0.00;0.00;0;0;0
1;11;0.00;0.00;0;0;0
1;9;0.02;0.00;1;0;0
1;7;0.00;0.00;0;0;0
1;10;0.00;0.00;0;0;0
1;7;0.00;0.00;0;0;0
1;8;0.00;0.00;0;0;0
1;8;0.00;0.00;0;0;0
1;10;0.02;0.00;1;0;0
1;7;0.00;0.00;0;0;0
1;8;0.00;0.00;0;0;0
1;15;0.00;0.00;0;0;0
1;7;0.00;0.00;0;0;0
1;7;0.01;-0.02;0;0;-1
1;7;0.02;0.00;1;0;0
1;9;0.00;0.00;0;0;0
1;8;0.00;0.00;0;0;0
1;8;0.00;0.00;0;0;0
1;8;0.00;0.00;0;0;0
1;9;0.00;0.00;0;0;0
1;8;0.00;0.00;0;0;0
1;8;0.04;-0.02;1;0;-1
1;8;0.00;0.00;0;0;0
1;8;0.00;0.00;0;0;0
1;8;0.02;0.00;1;0;0
1;9;0.00;0.00;0;0;0
1;8;0.00;0.00;0;0;0
1;8;0.02;0.00;1;0;0
1;8;0.00;0.00;0;0;0
1;8;0.02;0.00;1;0;0
1;9;0.01;-0.02;0;0;-1
1;8;0.02;0.00;1;0;0
1;8;0.00;0.00;0;0;0
1;8;0.02;0.00;1;0;0
1;8;0.00;0.00;0;0;0
1;8;0.02;0.00;1;0;0
1;9;0.02;0.00;1;0;0
1;10;0.00;0.00;0;0;0
1;7;0.04;-0.02;1;0;-1
1;8;0.00;0.00;0;0;0
1;8;0.02;0.00;1;0;0
1;8;0.00;0.00;0;0;0
1;8;0.04;-0.02;1;0;-1
1;7;0.00;0.00;0;0;0
1;8;0.02;0.00;1;0;0
1;11;0.00;0.00;0;0;0
1;7;0.00;0.00;0;0;0
1;7;0.04;-0.02;1;0;-1
1;9;0.00;0.00;0;0;0
1;9;0.00;0.00;0;0;0
1;7;0.00;0.00;0;0;0
1;11;0.01;-0.02;0;0;-1
1;6;0.02;0.00;1;0;0
1;7;0.00;0.00;0;0;0
1;8;0.00;0.00;0;0;0
1;8;0.00;0.00;0;0;0
1;9;0.00;0.00;0;0;0
1;8;0.00;0.00;0;0;0
1;8;0.00;0.00;0;0;0
1;8;0.00;0.00;0;0;0
1;12;0.00;0.00;0;0;0
1;9;0.00;0.00;0;0;0
1;8;0.02;0.00;1;0;0
1;9;0.00;0.00;0;0;0
1;13;0.00;0.00;0;0;0
1;8;0.00;0.00;0;0;0
1;8;0.00;0.00;0;0;0
1;11;0.00;0.00;0;0;0
1;8;0.00;0.00;0;0;0
1;10;0.00;0.00;0;0;0
1;8;0.02;0.00;1;0;0
1;8;0.00;0.00;0;0;0
1;7;0.00;0.00;0;0;0
1;8;0.00;0.00;0;0;0
1;8;0.00;0.00;0;0;0
1;9;0.00;0.00;0;0;0
1;21;0.02;0.00;1;0;0
1;8;0.01;-0.02;0;0;-1
1;7;0.00;0.00;0;0;0
1;9;0.00;0.00;0;0;0
1;9;0.00;0.00;0;0;0
1;7;0.00;0.00;0;0;0
1;8;0.02;0.00;1;0;0
1;8;0.00;0.00;0;0;0
1;8;0.01;-0.02;0;0;-1
1;9;0.00;0.00;0;0;0
1;8;0.00;0.00;0;0;0
1;8;0.00;0.00;0;0;0
1;8;0.00;0.00;0;0;0
1;8;0.02;0.00;1;0;0
1;9;0.01;-0.02;0;0;-1
1;8;0.00;0.00;0;0;0
1;8;0.00;0.00;0;0;0
1;8;0.00;0.00;0;0;0
1;8;0.00;0.00;0;0;0
1;9;0.00;0.00;0;0;0
1;8;0.02;0.00;1;0;0
1;8;0.01;-0.02;0;0;-1
1;8;0.00;0.00;0;0;0
1;8;0.00;0.00;0;0;0
1;9;0.00;0.00;0;0;0
1;8;0.00;0.00;0;0;0
1;8;0.00;0.00;0;0;0
1;8;0.02;0.00;1;0;0
1;8;0.01;-0.02;0;0;-1
1;9;0.00;0.00;0;0;0
1;12;0.00;0.00;0;0;0
1;5;0.00;0.00;0;0;0
1;7;0.00;0.00;0;0;0
1;8;0.02;0.00;1;0;0
1;9;0.00;0.00;0;0;0
1;14;0.01;-0.02;0;0;-1
1;7;0.00;0.00;0;0;0
1;19;0.00;0.00;0;0;0
1;9;0.02;0.00;1;0;0
1;8;0.01;-0.02;0;0;-1
1;9;0.00;0.00;0;0;0
1;8;0.00;0.00;0;0;0
1;7;0.00;0.00;0;0;0
1;10;0.00;0.00;0;0;0
1;7;0.00;0.00;0;0;0
1;8;0.04;-0.02;1;0;-1
1;9;0.00;0.00;0;0;0
1;7;0.00;0.00;0;0;0
1;10;0.00;0.00;0;0;0
1;7;0.00;0.00;0;0;0
1;10;0.01;-0.02;0;0;-1
1;7;0.02;0.00;1;0;0
1;10;0.00;0.00;0;0;0
1;7;0.00;0.00;0;0;0
1;10;0.00;0.00;0;0;0
1;6;0.00;0.00;0;0;0
1;10;0.01;-0.02;0;0;-1
1;6;0.00;0.00;0;0;0
1;8;0.02;0.00;1;0;0
1;6;0.00;0.00;0;0;0
1;8;0.00;0.00;0;0;0
1;8;0.00;0.00;0;0;0
1;8;0.00;0.00;0;0;0
1;9;0.01;-0.02;0;0;-1
1;8;0.02;0.00;1;0;0
1;8;0.00;0.00;0;0;0
1;8;0.00;0.00;0;0;0
1;8;0.00;0.00;0;0;0
1;8;0.00;0.00;0;0;0
1;13;0.01;-0.02;0;0;-1
1;5;0.00;0.00;0;0;0
1;8;0.02;0.00;1;0;0
1;7;0.00;0.00;0;0;0
1;9;0.00;0.00;0;0;0
1;8;0.00;0.00;0;0;0
1;8;0.01;-0.02;0;0;-1
1;9;0.00;0.00;0;0;0
1;10;0.00;0.00;0;0;0
1;6;0.02;0.00;1;0;0
1;7;0.00;0.00;0;0;0
1;9;0.01;-0.02;0;0;-1
1;8;0.00;0.00;0;0;0
1;8;0.00;0.00;0;0;0
1;9;0.00;0.00;0;0;0
1;8;0.00;0.00;0;0;0
1;18;0.04;-0.02;1;0;-1
1;7;0.00;0.00;0;0;0
1;15;0.00;0.00;0;0;0
1;9;0.00;0.00;0;0;0
1;8;0.00;0.00;0;0;0
1;8;0.02;0.00;1;0;0
1;9;0.01;-0.02;0;0;-1
1;7;0.00;0.00;0;0;0
1;12;0.00;0.00;0;0;0
1;9;0.00;0.00;0;0;0
1;8;0.00;0.00;0;0;0
1;8;0.04;-0.02;1;0;-1
1;9;0.00;0.00;0;0;0
1;8;0.00;0.00;0;0;0
1;8;0.00;0.00;0;0;0
1;8;0.00;0.00;0;0;0
1;9;0.00;0.00;0;0;0
1;8;0.01;-0.02;0;0;-1
1;11;0.02;0.00;1;0;0
1;6;0.00;0.00;0;0;0
1;12;0.00;0.00;0;0;0
1;8;0.00;0.00;0;0;0
1;12;0.01;-0.02;0;0;-1
1;9;0.00;0.00;0;0;0
1;7;0.02;0.00;1;0;0
1;15;0.00;0.00;0;0;0
1;8;0.00;0.00;0;0;0
1;7;0.01;-0.02;0;0;-1
1;7;0.00;0.00;0;0;0
1;13;0.00;0.00;0;0;0
1;7;0.02;0.00;1;0;0
1;8;0.00;0.00;0;0;0
1;14;0.01;-0.02;0;0;-1
1;7;0.00;0.00;0;0;0
1;10;0.00;0.00;0;0;0
1;10;0.00;0.00;0;0;0
1;6;0.00;0.00;0;0;0
1;7;0.02;0.00;1;0;0
1;9;0.01;-0.02;0;0;-1
1;19;0.00;0.00;0;0;0
1;10;0.00;0.00;0;0;0
1;7;0.00;0.00;0;0;0
1;9;0.00;0.00;0;0;0
1;7;0.04;-0.02;1;0;-1
1;9;0.00;0.00;0;0;0
1;8;0.00;0.00;0;0;0
1;13;0.00;0.00;0;0;0
1;16;0.01;-0.02;0;0;-1
1;10;0.00;0.00;0;0;0
1;7;0.00;0.00;0;0;0
1;7;0.02;0.00;1;0;0
1;8;0.00;0.00;0;0;0
1;8;0.00;0.00;0;0;0
1;8;0.01;-0.02;0;0;-1
1;9;0.00;0.00;0;0;0
1;8;0.00;0.00;0;0;0
1;8;0.00;0.00;0;0;0
1;8;0.02;0.00;1;0;0
1;8;0.00;0.00;0;0;0
1;9;0.00;0.00;0;0;0
1;8;0.01;-0.02;0;0;-1
1;8;0.00;0.00;0;0;0
1;8;0.00;0.00;0;0;0
1;9;0.00;0.00;0;0;0
1;7;0.02;0.00;1;0;0
1;12;0.00;0.00;0;0;0
1;6;0.01;-0.02;0;0;-1
1;8;0.00;0.00;0;0;0
1;7;0.00;0.00;0;0;0
1;8;0.00;0.00;0;0;0
1;9;0.00;0.00;0;0;0
1;8;0.02;0.00;1;0;0
1;8;0.01;-0.02;0;0;-1
1;8;0.00;0.00;0;0;0
1;8;0.00;0.00;0;0;0
1;9;0.00;0.00;0;0;0
1;8;0.00;0.00;0;0;0
1;9;0.00;0.00;0;0;0
1;8;0.04;-0.02;1;0;-1
1;10;0.00;0.00;0;0;0
1;7;0.00;0.00;0;0;0
1;8;0.00;0.00;0;0;0
1;7;0.00;0.00;0;0;0
1;9;0.00;0.00;0;0;0
1;8;0.01;-0.02;0;0;-1
1;17;0.02;0.00;1;0;0
1;7;0.00;0.00;0;0;0
1;9;0.00;0.00;0;0;0
1;11;0.00;0.00;0;0;0
1;12;0.01;-0.02;0;0;-1
1;5;0.02;0.00;1;0;0
1;8;0.00;0.00;0;0;0
1;11;0.00;0.00;0;0;0
1;6;0.00;0.00;0;0;0
1;12;0.00;0.00;0;0;0
1;5;0.00;0.00;0;0;0
1;7;0.01;-0.02;0;0;-1
1;8;0.02;0.00;1;0;0
1;8;0.00;0.00;0;0;0
1;12;0.00;0.00;0;0;0
1;6;0.00;0.00;0;0;0
1;7;0.00;0.00;0;0;0
1;9;0.04;-0.02;1;0;-1
1;10;0.00;0.00;0;0;0
1;6;0.00;0.00;0;0;0
1;8;0.00;0.00;0;0;0
1;9;0.00;0.00;0;0;0
1;7;0.00;0.00;0;0;0
1;10;0.01;-0.02;0;0;-1
1;9;0.00;0.00;0;0;0
1;8;0.02;0.00;1;0;0
1;7;0.00;0.00;0;0;0
1;8;0.00;0.00;0;0;0
1;8;0.00;0.00;0;0;0
1;7;0.00;0.00;0;0;0
1;12;0.01;-0.02;0;0;-1
1;6;0.00;0.00;0;0;0
1;9;0.02;0.00;1;0;0
1;6;0.00;0.00;0;0;0
1;9;0.00;0.00;0;0;0
1;8;0.00;0.00;0;0;0
1;11;0.01;-0.02;0;0;-1
1;5;0.00;0.00;0;0;0
1;8;0.02;0.00;1;0;0
1;8;0.00;0.00;0;0;0
1;11;0.00;0.00;0;0;0
1;6;0.00;0.00;0;0;0
1;8;0.01;-0.02;0;0;-1
1;8;0.00;0.00;0;0;0
1;12;0.02;0.00;1;0;0
1;9;0.00;0.00;0;0;0
1;8;0.00;0.00;0;0;0
1;22;0.01;-0.02;0;0;-1
1;8;0.00;0.00;0;0;0
1;11;0.02;0.00;1;0;0
1;14;0.00;0.00;0;0;0
1;9;0.00;0.00;0;0;0
1;5;0.01;-0.02;0;0;-1
1;9;0.00;0.00;0;0;0
1;9;0.02;0.00;1;0;0
1;8;0.00;0.00;0;0;0
1;8;0.00;0.00;0;0;0
1;8;0.00;0.00;0;0;0
1;7;0.00;0.00;0;0;0
1;12;0.01;-0.02;0;0;-1
1;6;0.02;0.00;1;0;0
1;8;0.00;0.00;0;0;0
1;7;0.00;0.00;0;0;0
1;9;0.00;0.00;0;0;0
1;8;0.00;0.00;0;0;0
1;8;0.00;0.00;0;0;0
1;8;0.01;-0.02;0;0;-1
1;11;0.02;0.00;1;0;0
1;5;0.00;0.00;0;0;0
1;10;0.00;0.00;0;0;0
1;11;0.00;0.00;0;0;0
1;5;0.00;0.00;0;0;0
1;7;0.00;0.00;0;0;0
1;8;0.01;-0.02;0;0;-1
1;9;0.00;0.00;0;0;0
1;10;0.02;0.00;1;0;0
1;6;0.00;0.00;0;0;0
1;9;0.00;0.00;0;0;0
1;7;0.00;0.00;0;0;0
1;9;0.00;0.00;0;0;0
1;12;0.01;-0.02;0;0;-1
1;5;0.02;0.00;1;0;0
1;18;0.00;0.00;0;0;0
1;7;0.00;0.00;0;0;0
1;7;0.00;0.00;0;0;0
1;8;0.00;0.00;0;0;0
1;8;0.04;-0.02;1;0;-1
1;8;0.00;0.00;0;0;0
1;8;0.00;0.00;0;0;0
1;9;0.00;0.00;0;0;0
1;8;0.00;0.00;0;0;0
1;13;0.00;0.00;0;0;0
1;8;0.04;-0.02;1;0;-1
1;10;0.00;0.00;0;0;0
1;7;0.00;0.00;0;0;0
1;7;0.00;0.00;0;0;0
1;9;0.00;0.00;0;0;0
1;7;0.00;0.00;0;0;0
1;8;0.02;0.00;1;0;0
1;9;0.01;-0.02;0;0;-1
1;8;0.00;0.00;0;0;0
1;8;0.00;0.00;0;0;0
1;8;0.00;0.00;0;0;0
1;8;0.00;0.00;0;0;0
1;9;0.00;0.00;0;0;0
1;8;0.00;0.00;0;0;0
1;8;0.04;-0.02;1;0;-1
1;8;0.00;0.00;0;0;0
1;9;0.00;0.00;0;0;0
1;8;0.00;0.00;0;0;0
1;8;0.00;0.00;0;0;0
1;8;0.00;0.00;0;0;0
1;8;0.00;0.00;0;0;0
1;8;0.04;-0.02;1;0;-1
1;9;0.00;0.00;0;0;0
1;8;0.00;0.00;0;0;0
1;8;0.00;0.00;0;0;0
1;8;0.00;0.00;0;0;0
1;8;0.00;0.00;0;0;0
1;13;0.00;0.00;0;0;0
1;13;0.01;-0.02;0;0;-1
1;8;0.00;0.00;0;0;0
1;8;0.00;0.00;0;0;0
1;7;0.00;0.00;0;0;0
1;12;0.00;0.00;0;0;0
1;5;0.00;0.00;0;0;0
1;10;0.00;0.00;0;0;0
1;6;0.01;-0.02;0;0;-1
1;9;0.00;0.00;0;0;0
1;8;0.00;0.00;0;0;0
1;11;0.00;0.00;0;0;0
1;11;0.00;0.00;0;0;0
1;12;0.00;0.00;0;0;0
1;10;0.00;0.00;0;0;0
1;5;0.01;-0.02;0;0;-1
1;10;0.00;0.00;0;0;0
1;6;0.00;0.00;0;0;0
1;10;0.00;0.00;0;0;0
1;7;0.00;0.00;0;0;0
1;11;0.00;0.00;0;0;0
1;5;0.00;0.00;0;0;0
1;8;0.01;-0.02;0;0;-1
1;8;0.00;0.00;0;0;0
1;10;0.00;0.00;0;0;0
1;11;0.00;0.00;0;0;0
1;8;0.00;0.00;0;0;0
1;9;0.00;0.00;0;0;0
1;8;0.00;0.00;0;0;0
1;9;0.00;0.00;0;0;0
1;7;0.01;-0.02;0;0;-1
1;9;0.00;0.00;0;0;0
1;10;0.00;0.00;0;0;0
1;5;0.00;0.00;0;0;0
1;9;0.00;0.00;0;0;0
1;9;0.00;0.00;0;0;0
1;9;0.00;0.00;0;0;0
1;7;0.00;0.00;0;0;0
1;8;0.01;-0.02;0;0;-1
1;12;0.00;0.00;0;0;0
1;4;0.00;0.00;0;0;0
1;8;0.00;0.00;0;0;0
1;8;0.00;0.00;0;0;0
1;8;-0.01;-0.02;0;1;0
1;8;0.00;0.00;0;0;0
1;10;0.00;0.00;0;0;0
1;10;0.00;0.00;0;0;0
1;5;0.00;0.00;0;0;0
1;9;0.01;-0.02;0;0;-1
1;7;0.00;0.00;0;0;0
1;10;-0.01;-0.02;0;1;0
1;8;0.02;0.00;1;0;0
1;10;0.00;0.00;0;0;0
1;5;0.00;0.00;0;0;0
1;9;0.00;0.00;0;0;0
1;8;0.01;-0.02;0;0;-1
1;15;0.00;0.00;0;0;0
1;6;-0.01;-0.02;0;1;0
1;7;0.01;-0.02;0;0;-1
1;8;0.00;0.00;0;0;0
1;15;0.01;-0.02;0;0;-1
1;6;0.00;0.00;0;0;0
1;8;0.01;-0.02;0;0;-1
1;13;0.00;0.00;0;0;0
1;8;0.01;-0.02;0;0;-1
1;8;-0.01;-0.02;0;1;0
1;26;0.02;-0.04;0;0;-2
1;11;0.00;0.00;0;0;0
1;8;0.01;-0.02;0;0;-1
1;8;-0.01;-0.02;0;1;0
1;8;0.01;-0.02;0;0;-1
1;8;0.00;0.00;0;0;0
1;35;0.01;-0.06;0;1;-2
1;8;0.00;0.00;0;0;0
1;7;0.00;0.00;0;0;0
1;15;0.00;0.00;0;0;0
1;10;0.00;0.00;0;0;0
1;8;0.01;-0.02;0;0;-1
1;7;-0.01;-0.02;0;1;0
1;18;0.00;0.00;0;0;0
1;7;0.00;0.00;0;0;0
1;8;0.00;0.00;0;0;0
1;8;0.00;0.00;0;0;0
1;9;0.00;0.00;0;0;0
1;13;-0.01;-0.02;0;1;0
1;7;0.00;0.00;0;0;0
1;8;0.00;0.00;0;0;0
1;21;0.01;-0.02;0;0;-1
1;12;0.00;0.00;0;0;0
1;8;-0.01;-0.02;0;1;0
1;15;0.00;0.00;0;0;0
1;6;0.01;-0.02;0;0;-1
1;11;0.00;0.00;0;0;0
1;10;0.00;0.00;0;0;0
1;7;0.00;0.00;0;0;0
1;9;0.00;0.00;0;0;0
1;8;-0.01;-0.02;0;1;0
1;8;0.01;-0.02;0;0;-1
1;9;0.00;0.00;0;0;0
1;10;0.00;0.00;0;0;0
1;10;0.00;0.00;0;0;0
1;11;0.00;0.00;0;0;0
1;5;-0.01;-0.02;0;1;0
1;8;0.01;-0.02;0;0;-1
1;8;0.00;0.00;0;0;0
1;9;0.00;0.00;0;0;0
1;8;0.00;0.00;0;0;0
1;8;0.00;0.00;0;0;0
1;8;0.00;0.00;0;0;0
1;8;-0.01;-0.02;0;1;0
1;9;0.00;0.00;0;0;0
1;8;0.01;-0.02;0;0;-1
1;8;0.00;0.00;0;0;0
1;8;0.00;0.00;0;0;0
1;8;0.00;0.00;0;0;0
1;9;0.00;0.00;0;0;0
1;8;-0.01;-0.02;0;1;0
1;8;0.01;-0.02;0;0;-1
1;8;0.00;0.00;0;0;0
1;8;0.00;0.00;0;0;0
1;9;0.00;0.00;0;0;0
1;8;0.00;0.00;0;0;0
1;8;-0.01;-0.02;0;1;0
1;8;0.01;-0.02;0;0;-1
1;8;0.00;0.00;0;0;0
1;8;0.00;0.00;0;0;0
1;9;0.00;0.00;0;0;0
1;8;0.00;0.00;0;0;0
1;8;0.00;0.00;0;0;0
1;8;-0.01;-0.02;0;1;0
1;8;0.00;0.00;0;0;0
1;9;0.01;-0.02;0;0;-1
1;8;0.00;0.00;0;0;0
1;8;0.00;0.00;0;0;0
1;8;0.00;0.00;0;0;0
1;8;0.00;0.00;0;0;0
1;9;-0.01;-0.02;0;1;0
1;8;0.00;0.00;0;0;0
1;8;0.01;-0.02;0;0;-1
1;10;0.00;0.00;0;0;0
1;6;0.00;0.00;0;0;0
1;12;0.00;0.00;0;0;0
1;5;0.00;0.00;0;0;0
1;8;0.00;0.00;0;0;0
1;8;-0.01;-0.02;0;1;0
1;11;0.01;-0.02;0;0;-1
1;6;0.00;0.00;0;0;0
1;9;0.00;0.00;0;0;0
1;7;0.00;0.00;0;0;0
1;9;0.00;0.00;0;0;0
1;7;0.01;-0.02;0;0;-1
1;8;0.00;0.00;0;0;0
1;9;-0.01;-0.02;0;1;0
1;16;0.00;0.00;0;0;0
1;9;0.00;0.00;0;0;0
1;7;0.01;-0.02;0;0;-1
1;9;0.00;0.00;0;0;0
1;8;-0.01;-0.02;0;1;0
1;12;0.00;0.00;0;0;0
1;8;0.00;0.00;0;0;0
1;10;0.00;0.00;0;0;0
1;7;0.01;-0.02;0;0;-1
1;8;0.00;0.00;0;0;0
1;8;0.00;0.00;0;0;0
1;8;0.00;0.00;0;0;0
1;8;-0.01;-0.02;0;1;0
1;9;0.00;0.00;0;0;0
1;8;0.01;-0.02;0;0;-1
1;10;0.00;0.00;0;0;0
1;38;0.00;-0.04;0;1;-1
1;9;0.00;0.00;0;0;0
1;8;0.00;0.00;0;0;0
1;9;0.00;0.00;0;0;0
1;8;0.00;0.00;0;0;0
1;8;0.00;0.00;0;0;0
1;8;0.00;0.00;0;0;0
1;8;0.00;-0.04;0;1;-1
1;9;0.00;0.00;0;0;0
1;8;0.00;0.00;0;0;0
1;8;0.00;0.00;0;0;0
1;12;0.00;0.00;0;0;0
1;9;0.00;0.00;0;0;0
1;9;0.01;-0.02;0;0;-1
1;7;-0.01;-0.02;0;1;0
1;8;0.00;0.00;0;0;0
1;8;0.00;0.00;0;0;0
1;8;0.00;0.00;0;0;0
1;9;0.01;-0.02;0;0;-1
1;8;0.00;0.00;0;0;0
1;8;-0.01;-0.02;0;1;0
1;8;0.01;-0.02;0;0;-1
1;8;-0.01;-0.02;0;1;0
1;8;0.00;0.00;0;0;0
1;9;0.01;-0.02;0;0;-1
1;8;-0.01;-0.02;0;1;0
1;8;0.01;-0.02;0;0;-1
1;8;0.00;0.00;0;0;0
1;8;0.00;-0.04;0;1;-1
1;9;0.00;0.00;0;0;0
1;8;0.00;-0.04;0;1;-1
1;8;0.00;0.00;0;0;0
1;8;0.00;-0.04;0;1;-1
1;8;0.00;0.00;0;0;0
1;9;0.00;-0.04;0;1;-1
1;8;0.00;0.00;0;0;0
1;8;0.01;-0.02;0;0;-1
1;8;-0.01;-0.02;0;1;0
1;8;0.00;0.00;0;0;0
1;9;-0.01;-0.02;0;1;0
1;8;0.01;-0.02;0;0;-1
1;8;0.00;0.00;0;0;0
1;8;-0.01;-0.02;0;1;0
1;8;0.02;0.00;1;0;0
1;9;0.01;-0.02;0;0;-1
1;8;-0.01;-0.02;0;1;0
1;8;0.00;0.00;0;0;0
1;8;0.00;0.00;0;0;0
1;8;0.00;0.00;0;0;0
1;8;0.00;0.00;0;0;0
1;9;0.00;0.00;0;0;0
1;8;0.01;-0.02;0;0;-1
1;8;0.00;0.00;0;0;0
1;8;0.00;0.00;0;0;0
1;8;0.00;0.00;0;0;0
1;21;-0.01;-0.02;0;1;0
1;8;0.00;0.00;0;0;0
1;8;0.00;0.00;0;0;0
1;16;0.00;0.00;0;0;0
1;10;0.00;0.00;0;0;0
1;24;0.00;-0.04;0;1;-1
1;10;0.00;0.00;0;0;0
1;6;0.00;0.00;0;0;0
1;8;0.00;0.00;0;0;0
1;8;0.00;0.00;0;0;0
1;8;0.01;-0.02;0;0;-1
1;9;0.00;0.00;0;0;0
1;8;-0.01;-0.02;0;1;0
1;8;0.00;0.00;0;0;0
1;8;0.00;0.00;0;0;0
1;8;0.00;0.00;0;0;0
1;10;0.01;-0.02;0;0;-1
1;7;0.00;0.00;0;0;0
1;10;-0.01;-0.02;0;1;0
1;7;0.00;0.00;0;0;0
1;7;0.00;0.00;0;0;0
1;9;0.00;0.00;0;0;0
1;8;0.01;-0.02;0;0;-1
1;8;0.00;0.00;0;0;0
1;9;0.00;0.00;0;0;0
1;7;-0.01;-0.02;0;1;0
1;8;0.00;0.00;0;0;0
1;9;0.00;0.00;0;0;0
1;9;0.01;-0.02;0;0;-1
1;7;0.00;0.00;0;0;0
1;8;0.00;0.00;0;0;0
1;8;-0.01;-0.02;0;1;0
1;9;0.00;0.00;0;0;0
1;8;0.00;0.00;0;0;0
1;8;0.00;0.00;0;0;0
1;8;0.00;0.00;0;0;0
1;8;0.01;-0.02;0;0;-1
1;9;0.00;0.00;0;0;0
1;8;-0.01;-0.02;0;1;0
1;8;0.00;0.00;0;0;0
1;8;0.00;0.00;0;0;0
1;8;0.00;0.00;0;0;0
1;9;0.01;-0.02;0;0;-1
1;8;0.00;0.00;0;0;0
1;8;0.00;0.00;0;0;0
1;13;-0.01;-0.02;0;1;0
1;12;0.00;0.00;0;0;0
1;8;0.00;0.00;0;0;0
1;9;0.01;-0.02;0;0;-1
1;7;0.00;0.00;0;0;0
1;9;0.00;0.00;0;0;0
1;7;-0.01;-0.02;0;1;0
1;13;0.00;0.00;0;0;0
1;8;0.00;0.00;0;0;0
1;8;0.01;-0.02;0;0;-1
1;14;0.00;0.00;0;0;0
1;7;-0.01;-0.02;0;1;0
1;15;0.00;0.00;0;0;0
1;6;0.00;0.00;0;0;0
1;7;0.01;-0.02;0;0;-1
1;8;0.00;0.00;0;0;0
1;9;0.00;0.00;0;0;0
1;25;-0.01;-0.02;0;1;0
1;11;0.00;0.00;0;0;0
1;5;0.01;-0.02;0;0;-1
1;8;0.00;0.00;0;0;0
1;8;-0.01;-0.02;0;1;0
1;8;0.00;0.00;0;0;0
1;15;0.00;0.00;0;0;0
1;6;0.01;-0.02;0;0;-1
1;9;0.00;0.00;0;0;0
1;7;0.00;0.00;0;0;0
1;10;-0.01;-0.02;0;1;0
1;6;0.00;0.00;0;0;0
1;9;0.00;0.00;0;0;0
1;11;0.01;-0.02;0;0;-1
1;12;0.00;0.00;0;0;0
1;5;-0.01;-0.02;0;1;0
1;14;0.00;0.00;0;0;0
1;11;0.00;0.00;0;0;0
1;8;0.01;-0.02;0;0;-1
1;8;0.00;0.00;0;0;0
1;8;-0.01;-0.02;0;1;0
1;9;0.00;0.00;0;0;0
1;8;0.00;0.00;0;0;0
1;8;0.00;0.00;0;0;0
1;8;0.00;0.00;0;0;0
1;8;0.01;-0.02;0;0;-1
1;9;-0.01;-0.02;0;1;0
1;8;0.00;0.00;0;0;0
1;8;0.00;0.00;0;0;0
1;9;0.00;0.00;0;0;0
1;7;0.00;0.00;0;0;0
1;13;0.00;-0.04;0;1;-1
1;8;0.00;0.00;0;0;0
1;13;0.00;0.00;0;0;0
1;8;0.00;0.00;0;0;0
1;8;0.00;0.00;0;0;0
1;10;0.01;-0.02;0;0;-1
1;7;0.00;0.00;0;0;0
1;7;-0.01;-0.02;0;1;0
1;8;0.00;0.00;0;0;0
1;11;0.00;0.00;0;0;0
1;6;0.00;0.00;0;0;0
1;11;0.00;0.00;0;0;0
1;5;0.01;-0.02;0;0;-1
1;9;-0.01;-0.02;0;1;0
1;9;0.00;0.00;0;0;0
1;7;0.00;0.00;0;0;0
1;8;0.00;0.00;0;0;0
1;8;0.00;0.00;0;0;0
1;8;0.00;0.00;0;0;0
1;8;0.00;0.00;0;0;0
1;9;0.00;-0.04;0;1;-1
1;8;0.00;0.00;0;0;0
1;8;0.00;0.00;0;0;0
1;8;0.00;0.00;0;0;0
1;8;0.00;0.00;0;0;0
1;9;0.00;0.00;0;0;0
1;10;0.00;0.00;0;0;0
1;9;0.00;-0.04;0;1;-1
1;6;0.00;0.00;0;0;0
1;7;0.00;0.00;0;0;0
1;9;0.00;0.00;0;0;0
1;8;0.00;0.00;0;0;0
1;8;0.00;0.00;0;0;0
1;8;-0.01;-0.02;0;1;0
1;8;0.01;-0.02;0;0;-1
1;9;0.00;0.00;0;0;0
1;11;0.00;0.00;0;0;0
1;5;0.00;0.00;0;0;0
1;11;0.00;0.00;0;0;0
1;5;-0.01;-0.02;0;1;0
1;8;0.00;0.00;0;0;0
1;9;0.01;-0.02;0;0;-1
1;11;0.00;0.00;0;0;0
1;5;0.00;0.00;0;0;0
1;8;0.00;0.00;0;0;0
1;8;-0.01;-0.02;0;1;0
1;12;0.00;0.00;0;0;0
1;5;0.00;0.00;0;0;0
1;8;0.00;0.00;0;0;0
1;8;0.01;-0.02;0;0;-1
1;15;-0.01;-0.02;0;1;0
1;8;0.00;0.00;0;0;0
1;6;0.00;0.00;0;0;0
1;8;0.00;0.00;0;0;0
1;8;0.00;0.00;0;0;0
1;8;0.00;0.00;0;0;0
1;9;0.01;-0.02;0;0;-1
1;13;-0.01;-0.02;0;1;0
1;7;0.00;0.00;0;0;0
1;8;0.00;0.00;0;0;0
1;14;0.00;0.00;0;0;0
1;7;0.00;0.00;0;0;0
1;8;0.00;-0.04;0;1;-1
1;11;0.00;0.00;0;0;0
1;9;0.00;0.00;0;0;0
1;9;0.00;0.00;0;0;0
1;12;0.00;0.00;0;0;0
1;8;-0.01;-0.02;0;1;0
1;9;0.01;-0.02;0;0;-1
1;8;0.00;0.00;0;0;0
1;8;0.00;0.00;0;0;0
1;20;0.00;0.00;0;0;0
1;22;0.00;-0.04;0;1;-1
1;25;0.00;0.00;0;0;0
1;6;-0.01;-0.02;0;1;0
1;12;0.00;0.00;0;0;0
1;5;0.00;0.00;0;0;0
1;8;0.00;0.00;0;0;0
1;8;0.01;-0.02;0;0;-1
1;8;0.00;0.00;0;0;0
1;9;-0.01;-0.02;0;1;0
1;8;0.00;0.00;0;0;0
1;8;0.00;0.00;0;0;0
1;8;0.00;0.00;0;0;0
1;19;0.01;-0.02;0;0;-1
1;6;-0.01;-0.02;0;1;0
1;8;0.00;0.00;0;0;0
1;12;0.00;0.00;0;0;0
1;8;0.00;0.00;0;0;0
1;9;0.00;0.00;0;0;0
1;8;0.00;0.00;0;0;0
1;8;0.00;-0.04;0;1;-1
1;8;0.00;0.00;0;0;0
1;8;0.00;0.00;0;0;0
1;9;0.00;0.00;0;0;0
1;8;0.00;0.00;0;0;0
1;8;0.00;0.00;0;0;0
1;8;-0.01;-0.02;0;1;0
1;8;0.01;-0.02;0;0;-1
1;9;0.00;0.00;0;0;0
1;8;0.00;0.00;0;0;0
1;8;0.00;0.00;0;0;0
1;13;0.00;0.00;0;0;0
1;7;-0.01;-0.02;0;1;0
1;9;0.00;0.00;0;0;0
1;8;0.00;0.00;0;0;0
1;8;0.01;-0.02;0;0;-1
1;8;0.00;0.00;0;0;0
1;8;0.00;0.00;0;0;0
1;17;-0.01;-0.02;0;1;0
1;8;0.00;0.00;0;0;0
1;8;0.00;0.00;0;0;0
1;11;0.01;-0.02;0;0;-1
1;8;0.00;0.00;0;0;0
1;6;0.00;0.00;0;0;0
1;8;0.00;-0.04;0;1;-1
1;10;0.00;0.00;0;0;0
1;8;0.00;0.00;0;0;0
1;6;0.00;0.00;0;0;0
1;9;0.00;0.00;0;0;0
1;9;0.01;-0.02;0;0;-1
1;15;-0.01;-0.02;0;1;0
1;11;0.00;0.00;0;0;0
1;10;0.00;0.00;0;0;0
1;8;0.01;-0.02;0;0;-1
1;12;0.00;0.00;0;0;0
1;8;-0.01;-0.02;0;1;0
1;9;0.00;0.00;0;0;0
1;9;0.00;0.00;0;0;0
1;8;0.00;0.00;0;0;0
1;7;0.00;0.00;0;0;0
1;9;0.00;0.00;0;0;0
1;11;0.00;-0.04;0;1;-1
1;8;0.00;0.00;0;0;0
1;9;0.00;0.00;0;0;0
1;8;0.00;0.00;0;0;0
1;8;0.00;0.00;0;0;0
1;9;0.00;0.00;0;0;0
1;8;0.00;0.00;0;0;0
1;8;0.00;-0.04;0;1;-1
1;8;0.00;0.00;0;0;0
1;8;0.00;0.00;0;0;0
1;9;0.00;0.00;0;0;0
1;11;0.00;0.00;0;0;0
1;5;0.00;0.00;0;0;0
1;8;0.01;-0.02;0;0;-1
1;8;-0.01;-0.02;0;1;0
1;10;0.00;0.00;0;0;0
1;7;0.00;0.00;0;0;0
1;8;0.00;0.00;0;0;0
1;8;0.00;0.00;0;0;0
1;8;0.01;-0.02;0;0;-1
1;8;0.00;0.00;0;0;0
1;9;-0.01;-0.02;0;1;0
1;8;0.00;0.00;0;0;0
1;8;0.00;0.00;0;0;0
1;7;0.00;0.00;0;0;0
1;9;0.00;0.00;0;0;0
1;9;0.01;-0.02;0;0;-1
1;8;0.00;0.00;0;0;0
1;8;-0.01;-0.02;0;1;0
1;8;0.00;0.00;0;0;0
1;7;0.00;0.00;0;0;0
1;10;0.00;0.00;0;0;0
1;8;0.01;-0.02;0;0;-1
1;8;0.00;0.00;0;0;0
1;7;0.00;0.00;0;0;0
1;9;-0.01;-0.02;0;1;0
1;9;0.00;0.00;0;0;0
1;8;0.00;0.00;0;0;0
1;8;0.01;-0.02;0;0;-1
1;8;0.00;0.00;0;0;0
1;8;0.00;0.00;0;0;0
1;9;0.00;0.00;0;0;0
1;8;-0.01;-0.02;0;1;0
1;9;0.00;0.00;0;0;0
1;8;0.00;0.00;0;0;0
1;7;0.01;-0.02;0;0;-1
1;8;0.00;0.00;0;0;0
1;12;0.00;0.00;0;0;0
1;12;-0.01;-0.02;0;1;0
1;9;0.00;0.00;0;0;0
1;10;0.00;0.00;0;0;0
1;8;0.00;0.00;0;0;0
1;8;0.01;-0.02;0;0;-1
1;15;-0.01;-0.02;0;1;0
1;9;0.00;0.00;0;0;0
1;67;0.00;-0.04;0;1;-1
1;10;0.01;-0.02;0;0;-1
1;22;0.00;0.00;0;0;0
1;7;-0.01;-0.02;0;1;0
1;8;0.00;0.00;0;0;0
1;8;0.00;0.00;0;0;0
1;8;0.01;-0.02;0;0;-1
1;10;0.00;0.00;0;0;0
1;7;0.00;0.00;0;0;0
1;8;0.00;0.00;0;0;0
1;8;-0.01;-0.02;0;1;0
1;8;0.00;0.00;0;0;0
1;9;0.01;-0.02;0;0;-1
1;16;0.00;0.00;0;0;0
1;8;0.00;0.00;0;0;0
1;8;0.00;0.00;0;0;0
1;15;-0.01;-0.02;0;1;0
1;8;0.01;-0.02;0;0;-1
1;6;-0.01;-0.02;0;1;0
1;11;0.00;0.00;0;0;0
1;5;0.00;0.00;0;0;0
1;9;0.00;0.00;0;0;0
1;8;0.00;0.00;0;0;0
1;8;0.00;0.00;0;0;0
1;7;0.00;0.00;0;0;0
1;9;0.00;-0.04;0;1;-1
1;11;0.00;0.00;0;0;0
1;7;0.00;0.00;0;0;0
1;7;0.00;0.00;0;0;0
1;8;0.00;0.00;0;0;0
1;8;0.01;-0.02;0;0;-1
1;8;0.00;0.00;0;0;0
1;8;0.00;0.00;0;0;0
1;9;0.00;0.00;0;0;0
1;7;-0.01;-0.02;0;1;0
1;8;0.00;0.00;0;0;0
1;9;0.01;-0.02;0;0;-1
1;8;0.00;0.00;0;0;0
1;8;-0.01;-0.02;0;1;0
1;8;0.00;0.00;0;0;0
1;8;0.00;0.00;0;0;0
1;12;-0.01;-0.02;0;1;0
1;6;0.00;0.00;0;0;0
1;8;0.00;-0.04;0;1;-1
1;7;0.00;0.00;0;0;0
1;10;0.00;0.00;0;0;0
1;8;-0.01;-0.02;0;1;0
1;7;0.00;0.00;0;0;0
1;8;-0.01;-0.02;0;1;0
1;11;0.00;0.00;0;0;0
1;11;0.00;-0.04;0;1;-1
1;10;0.00;0.00;0;0;0
1;16;-0.01;-0.02;0;1;0
1;8;-0.01;-0.02;0;1;0
1;5;0.00;0.00;0;0;0
1;8;0.01;-0.02;0;0;-1
1;9;-0.01;-0.02;0;1;0
1;8;0.00;0.00;0;0;0
1;8;-0.01;-0.02;0;1;0
1;8;0.01;-0.02;0;0;-1
1;9;-0.01;-0.02;0;1;0
1;8;0.00;0.00;0;0;0
1;8;0.00;0.00;0;0;0
1;8;-0.01;-0.02;0;1;0
1;8;0.01;-0.02;0;0;-1
1;9;0.00;0.00;0;0;0
1;8;0.00;0.00;0;0;0
1;10;0.00;0.00;0;0;0
1;6;-0.01;-0.02;0;1;0
1;11;0.01;-0.02;0;0;-1
1;5;0.00;0.00;0;0;0
1;9;0.00;0.00;0;0;0
1;7;0.00;0.00;0;0;0
1;9;0.00;0.00;0;0;0
1;7;0.01;-0.02;0;0;-1
1;8;0.00;0.00;0;0;0
1;8;0.00;0.00;0;0;0
1;9;-0.01;-0.02;0;1;0
1;8;0.00;0.00;0;0;0
1;8;0.00;0.00;0;0;0
1;8;0.00;0.00;0;0;0
1;8;0.00;0.00;0;0;0
1;10;0.01;-0.02;0;0;-1
1;7;0.00;0.00;0;0;0
1;9;-0.01;-0.02;0;1;0
1;7;0.00;0.00;0;0;0
1;9;0.00;0.00;0;0;0
1;8;0.00;0.00;0;0;0
1;9;0.00;0.00;0;0;0
1;7;0.01;-0.02;0;0;-1
1;9;0.00;0.00;0;0;0
1;8;0.00;0.00;0;0;0
1;12;-0.01;-0.02;0;1;0
1;9;0.00;0.00;0;0;0
1;8;0.00;0.00;0;0;0
1;11;0.01;-0.02;0;0;-1
1;5;0.00;0.00;0;0;0
1;9;0.00;0.00;0;0;0
1;8;0.00;0.00;0;0;0
1;11;0.00;0.00;0;0;0
1;5;0.00;0.00;0;0;0
1;8;0.01;-0.02;0;0;-1
1;9;-0.01;-0.02;0;1;0
1;13;0.00;0.00;0;0;0
1;11;0.00;0.00;0;0;0
1;8;0.00;0.00;0;0;0
1;12;0.01;-0.02;0;0;-1
1;5;0.00;0.00;0;0;0
1;8;0.00;0.00;0;0;0
1;7;-0.01;-0.02;0;1;0
1;11;0.00;0.00;0;0;0
1;6;0.00;0.00;0;0;0
1;9;0.00;0.00;0;0;0
1;7;0.01;-0.02;0;0;-1
1;9;-0.01;-0.02;0;1;0
1;8;0.00;0.00;0;0;0
1;7;0.00;0.00;0;0;0
1;10;0.00;0.00;0;0;0
1;8;0.00;0.00;0;0;0
1;8;0.00;0.00;0;0;0
1;11;0.00;-0.04;0;1;-1
1;5;0.00;0.00;0;0;0
1;9;0.00;0.00;0;0;0
1;8;0.00;0.00;0;0;0
1;13;0.00;0.00;0;0;0
1;7;0.00;-0.04;0;1;-1
1;30;0.00;0.00;0;0;0
1;11;0.00;0.00;0;0;0
1;18;0.00;-0.04;0;1;-1
1;18;0.00;0.00;0;0;0
1;42;0.00;-0.04;0;1;-1
1;17;0.00;0.00;0;0;0
1;21;0.00;-0.04;0;1;-1
1;7;0.00;0.00;0;0;0
1;8;0.00;0.00;0;0;0
1;12;0.00;0.00;0;0;0
1;10;0.00;0.00;0;0;0
1;7;-0.01;-0.02;0;1;0
1;8;0.01;-0.02;0;0;-1
1;8;0.00;0.00;0;0;0
1;9;0.00;0.00;0;0;0
1;8;0.00;0.00;0;0;0
1;14;0.00;0.00;0;0;0
1;9;0.00;-0.04;0;1;-1
1;8;0.00;0.00;0;0;0
1;9;0.00;0.00;0;0;0
1;8;0.00;0.00;0;0;0
1;8;0.00;0.00;0;0;0
1;8;0.00;0.00;0;0;0
1;12;0.00;-0.04;0;1;-1
1;6;0.00;0.00;0;0;0
1;10;0.00;0.00;0;0;0
1;14;0.00;0.00;0;0;0
1;10;0.00;0.00;0;0;0
1;9;0.01;-0.02;0;0;-1
1;7;-0.01;-0.02;0;1;0
1;12;0.00;0.00;0;0;0
1;8;0.00;0.00;0;0;0
1;7;0.00;0.00;0;0;0
1;9;0.00;0.00;0;0;0
1;7;0.01;-0.02;0;0;-1
1;8;-0.01;-0.02;0;1;0
1;8;0.00;0.00;0;0;0
1;10;0.00;0.00;0;0;0
1;9;0.00;0.00;0;0;0
1;14;0.00;0.00;0;0;0
1;10;0.00;-0.04;0;1;-1
1;8;0.00;0.00;0;0;0
1;8;0.00;0.00;0;0;0
1;8;0.00;0.00;0;0;0
1;8;0.00;0.00;0;0;0
1;8;0.01;-0.02;0;0;-1
1;8;0.00;0.00;0;0;0
1;8;-0.01;-0.02;0;1;0
1;9;0.00;0.00;0;0;0
1;8;0.00;0.00;0;0;0
1;15;0.01;-0.02;0;0;-1
1;7;0.00;0.00;0;0;0
1;7;0.00;0.00;0;0;0
1;8;-0.01;-0.02;0;1;0
1;7;0.00;0.00;0;0;0
1;8;0.00;0.00;0;0;0
1;9;0.00;0.00;0;0;0
1;9;0.01;-0.02;0;0;-1
1;26;-0.01;-0.02;0;1;0
1;19;0.00;0.00;0;0;0
1;13;0.00;-0.04;0;1;-1
1;15;0.00;0.00;0;0;0
1;12;-0.01;-0.02;0;1;0
1;6;0.00;0.00;0;0;0
1;9;-0.01;-0.02;0;1;0
1;10;0.00;-0.04;0;1;-1
1;10;0.00;0.00;0;0;0
1;10;-0.01;-0.02;0;1;0
1;8;-0.01;-0.02;0;1;0
1;8;0.00;0.00;0;0;0
1;14;-0.01;-0.02;0;1;0
1;10;-0.04;-0.02;-1;1;0
1;8;0.01;-0.02;0;0;-1
1;10;-0.01;-0.02;0;1;0
1;8;0.00;0.00;0;0;0
1;13;-0.01;-0.02;0;1;0
1;10;0.00;0.00;0;0;0
1;9;0.00;0.00;0;0;0
1;5;0.00;0.00;0;0;0
1;8;0.00;0.00;0;0;0
1;7;0.00;0.00;0;0;0
1;10;-0.01;-0.02;0;1;0
1;7;0.00;0.00;0;0;0
1;8;0.00;0.00;0;0;0
1;8;-0.02;0.00;-1;0;0
1;8;0.00;0.00;0;0;0
1;9;0.00;0.00;0;0;0
1;8;0.00;0.00;0;0;0
1;9;0.00;0.00;0;0;0
1;8;0.00;0.00;0;0;0
1;17;-0.01;-0.02;0;1;0
1;7;0.00;0.00;0;0;0
1;8;0.00;0.00;0;0;0
1;8;0.00;0.00;0;0;0
1;8;0.00;0.00;0;0;0
1;8;-0.01;-0.02;0;1;0
1;10;0.00;0.00;0;0;0
1;8;0.00;0.00;0;0;0
1;8;0.00;0.00;0;0;0
1;7;0.00;0.00;0;0;0
1;9;0.00;0.00;0;0;0
1;10;-0.01;-0.02;0;1;0
1;7;0.00;0.00;0;0;0
1;15;0.00;0.00;0;0;0
1;10;0.00;0.00;0;0;0
1;8;0.00;0.00;0;0;0
1;8;0.00;0.00;0;0;0
1;9;-0.01;-0.02;0;1;0
1;11;0.00;0.00;0;0;0
1;8;0.00;0.00;0;0;0
1;8;0.00;0.00;0;0;0
1;8;0.00;0.00;0;0;0
1;9;0.00;0.00;0;0;0
1;14;-0.01;-0.02;0;1;0
1;7;0.00;0.00;0;0;0
1;7;0.00;0.00;0;0;0
1;8;0.00;0.00;0;0;0
1;8;0.00;0.00;0;0;0
1;8;0.00;0.00;0;0;0
1;8;-0.02;0.00;-1;0;0
1;10;-0.01;-0.02;0;1;0
1;8;0.00;0.00;0;0;0
1;10;0.00;0.00;0;0;0
1;6;0.00;0.00;0;0;0
1;7;0.00;0.00;0;0;0
1;9;0.00;0.00;0;0;0
1;8;-0.02;0.00;-1;0;0
1;8;-0.01;-0.02;0;1;0
1;78;-0.02;-0.04;-1;1;-1
1;8;0.00;0.00;0;0;0
1;8;-0.01;-0.02;0;1;0
1;28;-0.04;-0.02;-1;1;0
1;20;-0.01;-0.02;0;1;0
1;9;-0.01;-0.02;0;1;0
1;6;-0.02;0.00;-1;0;0
1;8;0.00;0.00;0;0;0
1;8;-0.01;-0.02;0;1;0
1;8;0.00;0.00;0;0;0
1;23;-0.02;-0.04;0;2;0
1;40;-0.06;-0.06;-1;3;0
1;7;0.00;0.00;0;0;0
1;16;-0.04;-0.02;-1;1;0
1;35;-0.01;-0.02;0;1;0
1;10;0.00;0.00;0;0;0
1;9;0.00;0.00;0;0;0
1;8;0.00;0.00;0;0;0
1;9;0.00;0.00;0;0;0
1;8;0.00;0.00;0;0;0
1;7;0.00;0.00;0;0;0
1;7;-0.01;-0.02;0;1;0
1;9;0.00;0.00;0;0;0
1;9;0.00;0.00;0;0;0
1;8;0.00;0.00;0;0;0
1;8;0.00;0.00;0;0;0
1;7;0.00;0.00;0;0;0
1;16;-0.01;-0.02;0;1;0
1;6;0.00;0.00;0;0;0
1;8;0.00;0.00;0;0;0
1;7;0.00;0.00;0;0;0
1;9;0.00;0.00;0;0;0
1;8;0.00;0.00;0;0;0
1;8;0.00;0.00;0;0;0
1;8;0.00;0.00;0;0;0
1;8;0.00;0.00;0;0;0
1;8;-0.01;-0.02;0;1;0
1;10;0.00;0.00;0;0;0
1;8;0.00;0.00;0;0;0
1;8;0.00;0.00;0;0;0
1;13;0.00;0.00;0;0;0
1;8;0.00;0.00;0;0;0
1;8;0.00;0.00;0;0;0
1;8;-0.01;-0.02;0;1;0
1;7;0.00;0.00;0;0;0
1;8;0.00;0.00;0;0;0
1;8;0.00;0.00;0;0;0
1;10;0.00;0.00;0;0;0
1;7;0.00;0.00;0;0;0
1;8;0.00;0.00;0;0;0
1;8;0.00;0.00;0;0;0
1;8;-0.01;-0.02;0;1;0
1;9;0.01;-0.02;0;0;-1
1;10;0.00;0.00;0;0;0
1;13;0.00;0.00;0;0;0
1;9;0.00;0.00;0;0;0
1;7;0.00;0.00;0;0;0
1;7;0.00;0.00;0;0;0
1;13;-0.01;-0.02;0;1;0
1;7;0.01;-0.02;0;0;-1
1;8;0.00;0.00;0;0;0
1;8;0.00;0.00;0;0;0
1;16;-0.01;-0.02;0;1;0
1;11;0.00;0.00;0;0;0
1;6;0.00;0.00;0;0;0
1;12;0.00;-0.04;0;1;-1
1;8;0.00;0.00;0;0;0
1;8;-0.01;-0.02;0;1;0
1;8;0.00;0.00;0;0;0
1;9;-0.01;-0.02;0;1;0
1;8;-0.02;0.00;-1;0;0
1;8;-0.01;-0.02;0;1;0
1;8;0.01;-0.02;0;0;-1
1;10;-0.01;-0.02;0;1;0
1;22;-0.01;-0.02;0;1;0
1;12;-0.02;0.00;-1;0;0
1;6;0.00;0.00;0;0;0
1;8;-0.01;-0.02;0;1;0
1;9;0.00;0.00;0;0;0
1;17;0.00;0.00;0;0;0
1;44;-0.04;-0.02;-1;1;0
1;20;0.00;0.00;0;0;0
1;9;0.00;0.00;0;0;0
1;9;-0.01;-0.02;0;1;0
1;9;0.00;0.00;0;0;0
1;7;0.00;0.00;0;0;0
1;7;0.00;0.00;0;0;0
1;9;0.00;0.00;0;0;0
1;11;0.01;-0.02;0;0;-1
1;11;0.00;0.00;0;0;0
1;38;-0.01;-0.02;0;1;0
1;18;0.01;-0.02;0;0;-1
1;12;-0.01;-0.02;0;1;0
1;9;0.00;0.00;0;0;0
1;12;-0.01;-0.02;0;1;0
1;11;0.00;0.00;0;0;0
1;10;0.00;-0.04;0;1;-1
1;12;0.00;0.00;0;0;0
1;10;-0.01;-0.02;0;1;0
1;6;0.00;0.00;0;0;0
1;7;-0.01;-0.02;0;1;0
1;16;-0.01;-0.02;0;1;0
1;8;0.01;-0.02;0;0;-1
1;8;-0.01;-0.02;0;1;0
1;16;-0.01;-0.02;0;1;0
1;6;0.00;0.00;0;0;0
1;8;0.00;0.00;0;0;0
1;9;-0.01;-0.02;0;1;0
1;9;-0.01;-0.02;0;1;0
1;8;0.01;-0.02;0;0;-1
1;9;0.00;0.00;0;0;0
1;11;-0.01;-0.02;0;1;0
1;8;0.00;0.00;0;0;0
1;7;0.00;0.00;0;0;0
1;9;-0.01;-0.02;0;1;0
1;17;0.01;-0.02;0;0;-1
1;24;0.00;0.00;0;0;0
1;8;-0.01;-0.02;0;1;0
1;8;0.01;-0.02;0;0;-1
1;8;0.00;0.00;0;0;0
1;9;0.00;0.00;0;0;0
1;7;0.00;0.00;0;0;0
1;8;0.00;0.00;0;0;0
1;9;0.00;0.00;0;0;0
1;9;0.00;0.00;0;0;0
1;7;0.01;-0.02;0;0;-1
1;7;-0.01;-0.02;0;1;0
1;10;0.00;0.00;0;0;0
1;8;0.00;0.00;0;0;0
1;7;0.00;0.00;0;0;0
1;8;0.00;0.00;0;0;0
1;8;0.00;0.00;0;0;0
1;9;0.00;0.00;0;0;0
1;9;0.00;0.00;0;0;0
1;7;-0.01;-0.02;0;1;0
1;8;0.00;0.00;0;0;0
1;8;0.00;0.00;0;0;0
1;12;0.00;0.00;0;0;0
1;6;0.00;0.00;0;0;0
1;8;0.00;0.00;0;0;0
1;7;0.00;-0.04;0;1;-1
1;8;0.00;0.00;0;0;0
1;7;0.00;0.00;0;0;0
1;9;0.00;0.00;0;0;0
1;8;0.00;0.00;0;0;0
1;8;0.00;0.00;0;0;0
1;8;-0.01;-0.02;0;1;0
1;8;0.00;0.00;0;0;0
1;9;0.01;-0.02;0;0;-1
1;11;0.00;0.00;0;0;0
1;5;-0.01;-0.02;0;1;0
1;12;0.00;0.00;0;0;0
1;5;0.00;0.00;0;0;0
1;9;-0.01;-0.02;0;1;0
1;7;0.01;-0.02;0;0;-1
1;8;-0.01;-0.02;0;1;0
1;8;0.00;0.00;0;0;0
1;9;-0.01;-0.02;0;1;0
1;8;0.00;0.00;0;0;0
1;8;-0.01;-0.02;0;1;0
1;8;-0.01;-0.02;0;1;0
1;8;0.00;0.00;0;0;0
1;8;-0.01;-0.02;0;1;0
1;9;0.00;0.00;0;0;0
1;12;0.00;-0.04;0;1;-1
1;5;0.00;0.00;0;0;0
1;7;-0.01;-0.02;0;1;0
1;8;0.00;0.00;0;0;0
1;12;-0.01;-0.02;0;1;0
1;6;0.00;0.00;0;0;0
1;7;0.00;0.00;0;0;0
1;8;0.00;-0.04;0;1;-1
1;10;0.00;0.00;0;0;0
1;7;0.00;0.00;0;0;0
1;8;0.00;0.00;0;0;0
1;10;-0.01;-0.02;0;1;0
1;9;0.00;0.00;0;0;0
1;7;0.00;0.00;0;0;0
1;7;0.00;0.00;0;0;0
1;13;0.00;0.00;0;0;0
1;8;0.00;0.00;0;0;0
1;8;0.00;0.00;0;0;0
1;7;-0.01;-0.02;0;1;0
1;8;0.00;0.00;0;0;0
1;9;0.00;0.00;0;0;0
1;11;0.00;0.00;0;0;0
1;6;0.00;0.00;0;0;0
1;8;0.00;0.00;0;0;0
1;7;0.00;0.00;0;0;0
1;12;0.00;0.00;0;0;0
1;6;0.00;0.00;0;0;0
1;8;0.00;0.00;0;0;0
1;11;-0.01;-0.02;0;1;0
1;9;0.00;0.00;0;0;0
1;8;0.00;0.00;0;0;0
1;8;0.00;0.00;0;0;0
1;8;0.00;0.00;0;0;0
1;9;-0.01;-0.02;0;1;0
1;8;0.00;0.00;0;0;0
1;9;0.00;0.00;0;0;0
1;7;0.00;0.00;0;0;0
1;9;0.00;0.00;0;0;0
1;7;0.00;0.00;0;0;0
1;8;0.00;0.00;0;0;0
1;12;-0.01;-0.02;0;1;0
1;7;0.00;0.00;0;0;0
1;6;0.00;0.00;0;0;0
1;8;0.00;0.00;0;0;0
1;8;0.00;0.00;0;0;0
1;9;0.00;0.00;0;0;0
1;8;0.00;0.00;0;0;0
1;8;-0.01;-0.02;0;1;0
1;11;0.00;0.00;0;0;0
1;6;0.00;0.00;0;0;0
1;7;0.00;0.00;0;0;0
1;10;0.00;0.00;0;0;0
1;7;0.00;0.00;0;0;0
1;8;-0.01;-0.02;0;1;0
1;8;0.00;0.00;0;0;0
1;8;0.00;0.00;0;0;0
1;9;-0.02;0.00;-1;0;0
1;8;-0.01;-0.02;0;1;0
1;8;0.00;0.00;0;0;0
1;8;0.00;0.00;0;0;0
1;9;-0.01;-0.02;0;1;0
1;8;0.00;0.00;0;0;0
1;8;-0.01;-0.02;0;1;0
1;8;-0.02;0.00;-1;0;0
1;8;-0.01;-0.02;0;1;0
1;9;0.00;0.00;0;0;0
1;24;-0.02;-0.04;0;2;0
1;20;-0.02;-0.04;-1;1;-1
1;42;-0.02;-0.04;0;2;0
1;9;-0.02;0.00;-1;0;0
1;28;0.00;-0.04;0;1;-1
1;20;0.00;0.00;0;0;0
1;8;0.00;0.00;0;0;0
1;10;-0.01;-0.02;0;1;0
1;23;0.00;0.00;0;0;0
1;6;0.00;0.00;0;0;0
1;15;0.00;0.00;0;0;0
1;8;0.00;0.00;0;0;0
1;10;-0.01;-0.02;0;1;0
1;8;0.00;0.00;0;0;0
1;7;0.00;0.00;0;0;0
1;9;0.00;0.00;0;0;0
1;7;0.00;0.00;0;0;0
1;10;0.00;0.00;0;0;0
1;7;-0.01;-0.02;0;1;0
1;10;0.00;0.00;0;0;0
1;6;0.00;0.00;0;0;0
1;9;0.00;0.00;0;0;0
1;8;0.00;0.00;0;0;0
1;16;0.00;0.00;0;0;0
1;14;-0.01;-0.02;0;1;0
1;13;0.00;0.00;0;0;0
1;6;0.00;0.00;0;0;0
1;7;0.00;0.00;0;0;0
1;12;0.00;0.00;0;0;0
1;6;-0.01;-0.02;0;1;0
1;7;0.00;0.00;0;0;0
1;8;0.00;0.00;0;0;0
1;8;0.00;0.00;0;0;0
1;8;0.00;0.00;0;0;0
1;8;0.00;0.00;0;0;0
1;8;0.00;0.00;0;0;0
1;16;-0.01;-0.02;0;1;0
1;6;0.00;0.00;0;0;0
1;7;0.00;0.00;0;0;0
1;14;0.00;0.00;0;0;0
1;12;0.00;0.00;0;0;0
1;8;0.00;0.00;0;0;0
1;7;-0.01;-0.02;0;1;0
1;8;-0.02;0.00;-1;0;0
1;8;0.00;0.00;0;0;0
1;9;0.00;0.00;0;0;0
1;8;0.00;0.00;0;0;0
1;12;0.00;0.00;0;0;0
1;8;0.00;0.00;0;0;0
1;8;-0.04;-0.02;-1;1;0
1;12;0.00;0.00;0;0;0
1;6;0.00;0.00;0;0;0
1;9;-0.01;-0.02;0;1;0
1;7;0.00;0.00;0;0;0
1;7;-0.01;-0.02;0;1;0
1;9;-0.02;0.00;-1;0;0
1;8;0.00;0.00;0;0;0
1;8;-0.01;-0.02;0;1;0
1;8;0.00;0.00;0;0;0
1;9;-0.01;-0.02;0;1;0
1;8;0.00;0.00;0;0;0
1;8;-0.01;-0.02;0;1;0
1;8;-0.02;0.00;-1;0;0
1;8;0.00;0.00;0;0;0
1;8;-0.01;-0.02;0;1;0
1;9;0.00;0.00;0;0;0
1;14;-0.01;-0.02;0;1;0
1;7;-0.01;-0.02;0;1;0
1;7;0.00;0.00;0;0;0
1;8;-0.02;0.00;-1;0;0
1;9;-0.01;-0.02;0;1;0
1;8;0.00;0.00;0;0;0
1;10;-0.01;-0.02;0;1;0
1;12;0.00;0.00;0;0;0
1;7;0.00;0.00;0;0;0
1;8;0.00;0.00;0;0;0
1;9;-0.04;-0.02;-1;1;0
1;7;0.00;0.00;0;0;0
1;9;0.00;0.00;0;0;0
1;8;0.00;0.00;0;0;0
1;8;0.00;0.00;0;0;0
1;8;0.00;0.00;0;0;0
1;9;-0.02;0.00;-1;0;0
1;15;0.00;0.00;0;0;0
1;9;0.00;0.00;0;0;0
1;9;-0.01;-0.02;0;1;0
1;7;0.00;0.00;0;0;0
1;8;0.00;0.00;0;0;0
1;8;-0.02;0.00;-1;0;0
1;11;0.00;0.00;0;0;0
1;7;0.00;0.00;0;0;0
1;7;0.00;0.00;0;0;0
1;8;-0.01;-0.02;0;1;0
1;9;0.00;0.00;0;0;0
1;7;0.00;0.00;0;0;0
1;10;-0.02;0.00;-1;0;0
1;7;0.00;0.00;0;0;0
1;9;0.00;0.00;0;0;0
1;7;0.00;0.00;0;0;0
1;9;-0.01;-0.02;0;1;0
1;8;0.00;0.00;0;0;0
1;9;0.00;0.00;0;0;0
1;8;-0.02;0.00;-1;0;0
1;8;-0.01;-0.02;0;1;0
1;7;0.00;0.00;0;0;0
1;11;-0.01;-0.02;0;1;0
1;7;0.00;0.00;0;0;0
1;9;0.00;0.00;0;0;0
1;7;-0.01;-0.02;0;1;0
1;9;0.00;0.00;0;0;0
1;8;-0.01;-0.02;0;1;0
1;7;-0.02;0.00;-1;0;0
1;8;-0.01;-0.02;0;1;0
1;8;0.00;0.00;0;0;0
1;8;-0.01;-0.02;0;1;0
1;8;0.00;0.00;0;0;0
1;9;-0.01;-0.02;0;1;0
1;9;-0.02;0.00;-1;0;0
1;7;-0.01;-0.02;0;1;0
1;11;0.00;0.00;0;0;0
1;7;-0.01;-0.02;0;1;0
1;9;0.00;0.00;0;0;0
1;7;0.00;0.00;0;0;0
1;7;-0.02;0.00;-1;0;0
1;8;-0.01;-0.02;0;1;0
1;8;0.01;-0.02;0;0;-1
1;9;0.00;0.00;0;0;0
1;8;0.00;0.00;0;0;0
1;9;0.00;0.00;0;0;0
1;8;0.00;0.00;0;0;0
1;10;-0.01;-0.02;0;1;0
1;7;0.00;0.00;0;0;0
1;7;0.01;-0.02;0;0;-1
1;8;0.00;0.00;0;0;0
1;8;0.00;0.00;0;0;0
1;8;0.00;0.00;0;0;0
1;9;0.00;0.00;0;0;0
1;8;0.00;0.00;0;0;0
1;9;0.00;0.00;0;0;0
1;8;0.00;0.00;0;0;0
1;8;0.00;0.00;0;0;0
1;12;-0.01;-0.02;0;1;0
1;12;0.00;0.00;0;0;0
1;8;0.00;0.00;0;0;0
1;8;0.00;0.00;0;0;0
1;9;0.00;0.00;0;0;0
1;8;0.00;0.00;0;0;0
1;8;-0.01;-0.02;0;1;0
1;8;0.01;-0.02;0;0;-1
1;9;0.00;0.00;0;0;0
1;7;0.00;0.00;0;0;0
1;9;0.00;0.00;0;0;0
1;8;0.00;0.00;0;0;0
1;8;0.00;0.00;0;0;0
1;8;0.01;-0.02;0;0;-1
1;8;-0.01;-0.02;0;1;0
1;9;0.00;0.00;0;0;0
1;9;0.00;0.00;0;0;0
1;7;0.00;0.00;0;0;0
1;8;0.00;0.00;0;0;0
1;35;-0.01;-0.02;0;1;0
1;10;0.00;0.00;0;0;0
1;8;0.00;0.00;0;0;0
1;9;0.00;0.00;0;0;0
1;8;-0.01;-0.02;0;1;0
1;8;0.00;0.00;0;0;0
1;8;0.00;0.00;0;0;0
1;8;0.00;0.00;0;0;0
1;9;0.00;0.00;0;0;0
1;8;0.00;0.00;0;0;0
1;8;0.00;0.00;0;0;0
1;8;-0.01;-0.02;0;1;0
1;8;0.00;0.00;0;0;0
1;8;0.00;0.00;0;0;0
1;9;0.00;0.00;0;0;0
1;8;0.01;-0.02;0;0;-1
1;8;0.00;0.00;0;0;0
1;8;0.00;0.00;0;0;0
1;8;0.00;0.00;0;0;0
1;9;0.00;0.00;0;0;0
1;9;-0.01;-0.02;0;1;0
1;8;0.00;0.00;0;0;0
1;15;0.00;-0.04;0;1;-1
1;9;-0.02;0.00;-1;0;0
1;8;0.00;0.00;0;0;0
1;8;-0.01;-0.02;0;1;0
1;8;0.00;0.00;0;0;0
1;8;-0.01;-0.02;0;1;0
1;10;0.00;0.00;0;0;0
1;18;-0.05;-0.04;-1;2;0
1;30;-0.01;-0.06;0;2;-1
1;12;-0.01;-0.02;0;1;0
1;15;0.00;-0.04;0;1;-1
1;7;-0.02;0.00;-1;0;0
1;7;-0.01;-0.02;0;1;0
1;14;0.00;0.00;0;0;0
1;19;-0.01;-0.02;0;1;0
1;18;0.00;-0.04;0;1;-1
1;10;0.00;0.00;0;0;0
1;5;0.00;0.00;0;0;0
1;15;0.00;0.00;0;0;0
1;6;0.00;0.00;0;0;0
1;11;0.00;0.00;0;0;0
1;9;-0.01;-0.02;0;1;0
1;9;0.00;0.00;0;0;0
1;8;0.00;0.00;0;0;0
1;7;0.00;0.00;0;0;0
1;11;0.00;0.00;0;0;0
1;5;0.00;0.00;0;0;0
1;9;0.00;0.00;0;0;0
1;9;0.00;0.00;0;0;0
1;7;0.00;0.00;0;0;0
1;8;0.00;0.00;0;0;0
1;8;0.00;0.00;0;0;0
1;8;-0.01;-0.02;0;1;0
1;8;0.00;0.00;0;0;0
1;9;0.00;0.00;0;0;0
1;16;0.00;0.00;0;0;0
1;5;0.00;0.00;0;0;0
1;10;-0.01;-0.02;0;1;0
1;7;0.00;0.00;0;0;0
1;7;0.00;0.00;0;0;0
1;8;0.00;0.00;0;0;0
1;8;0.00;0.00;0;0;0
1;8;0.00;0.00;0;0;0
1;8;-0.01;-0.02;0;1;0
1;9;0.00;0.00;0;0;0
1;8;0.00;0.00;0;0;0
1;8;0.00;0.00;0;0;0
1;8;0.00;0.00;0;0;0
1;8;0.00;0.00;0;0;0
1;9;-0.01;-0.02;0;1;0
1;9;0.00;0.00;0;0;0
1;7;0.00;0.00;0;0;0
1;8;0.00;0.00;0;0;0
1;8;0.00;0.00;0;0;0
1;9;0.00;0.00;0;0;0
1;8;0.00;0.00;0;0;0
1;8;0.00;0.00;0;0;0
1;8;-0.01;-0.02;0;1;0
1;8;0.00;0.00;0;0;0
1;9;0.00;0.00;0;0;0
1;8;0.00;0.00;0;0;0
1;8;0.00;0.00;0;0;0
1;8;0.00;0.00;0;0;0
1;8;0.00;0.00;0;0;0
1;9;-0.01;-0.02;0;1;0
1;8;0.00;0.00;0;0;0
1;8;0.00;0.00;0;0;0
1;8;0.00;0.00;0;0;0
1;8;0.00;0.00;0;0;0
1;8;0.00;0.00;0;0;0
1;9;-0.01;-0.02;0;1;0
1;8;0.00;0.00;0;0;0
1;8;0.01;-0.02;0;0;-1
1;8;0.00;0.00;0;0;0
1;8;0.00;0.00;0;0;0
1;9;0.00;0.00;0;0;0
1;8;0.00;0.00;0;0;0
1;8;-0.01;-0.02;0;1;0
1;8;0.00;0.00;0;0;0
1;8;0.01;-0.02;0;0;-1
1;10;0.00;0.00;0;0;0
1;8;0.00;0.00;0;0;0
1;10;0.00;0.00;0;0;0
1;9;-0.01;-0.02;0;1;0
1;4;0.00;0.00;0;0;0
1;12;0.00;0.00;0;0;0
1;8;0.00;0.00;0;0;0
1;13;0.01;-0.02;0;0;-1
1;8;0.00;0.00;0;0;0
1;10;-0.01;-0.02;0;1;0
1;11;0.00;0.00;0;0;0
1;10;0.00;0.00;0;0;0
1;6;0.00;0.00;0;0;0
1;8;0.00;0.00;0;0;0
1;10;0.00;0.00;0;0;0
1;7;-0.01;-0.02;0;1;0
1;13;0.00;0.00;0;0;0
1;11;0.00;0.00;0;0;0
1;10;0.00;0.00;0;0;0
1;7;0.00;0.00;0;0;0
1;8;-0.01;-0.02;0;1;0
1;8;0.00;0.00;0;0;0
1;10;0.00;0.00;0;0;0
1;8;0.00;0.00;0;0;0
1;8;0.00;0.00;0;0;0
1;12;0.00;0.00;0;0;0
1;10;-0.01;-0.02;0;1;0
1;13;0.00;0.00;0;0;0
1;14;0.00;0.00;0;0;0
1;11;0.00;0.00;0;0;0
1;22;-0.01;-0.02;0;1;0
1;11;0.00;0.00;0;0;0
1;14;0.00;0.00;0;0;0
1;7;0.00;0.00;0;0;0
1;8;0.00;0.00;0;0;0
1;8;-0.01;-0.02;0;1;0
1;20;0.00;0.00;0;0;0
1;9;0.00;0.00;0;0;0
1;8;0.00;0.00;0;0;0
1;12;0.00;0.00;0;0;0
1;8;-0.01;-0.02;0;1;0
1;9;0.00;0.00;0;0;0
1;7;0.00;0.00;0;0;0
1;14;0.00;0.00;0;0;0
1;8;0.00;0.00;0;0;0
1;8;-0.01;-0.02;0;1;0
1;16;0.00;0.00;0;0;0
1;9;0.00;0.00;0;0;0
1;8;0.00;0.00;0;0;0
1;8;0.00;0.00;0;0;0
1;7;0.00;0.00;0;0;0
1;8;0.00;0.00;0;0;0
1;9;-0.01;-0.02;0;1;0
1;9;0.00;0.00;0;0;0
1;7;0.00;0.00;0;0;0
1;8;0.00;0.00;0;0;0
1;8;0.00;0.00;0;0;0
1;22;-0.04;-0.02;-1;1;0
1;7;0.00;0.00;0;0;0
1;22;0.00;0.00;0;0;0
1;7;0.00;0.00;0;0;0
1;8;0.00;0.00;0;0;0
1;9;-0.04;-0.02;-1;1;0
1;7;0.00;0.00;0;0;0
1;9;0.00;0.00;0;0;0
1;8;0.00;0.00;0;0;0
1;10;0.00;0.00;0;0;0
1;9;0.00;0.00;0;0;0
1;5;0.00;0.00;0;0;0
1;9;-0.01;-0.02;0;1;0
1;8;0.00;0.00;0;0;0
1;8;-0.02;0.00;-1;0;0
1;8;0.00;0.00;0;0;0
1;8;0.00;0.00;0;0;0
1;8;0.00;0.00;0;0;0
1;9;0.00;0.00;0;0;0
1;8;-0.01;-0.02;0;1;0
1;8;0.00;0.00;0;0;0
1;8;0.00;0.00;0;0;0
1;15;-0.02;0.00;-1;0;0
1;6;0.00;0.00;0;0;0
1;8;0.00;0.00;0;0;0
1;8;-0.01;-0.02;0;1;0
1;8;0.00;0.00;0;0;0
1;9;0.00;0.00;0;0;0
1;8;0.00;0.00;0;0;0
1;8;0.00;0.00;0;0;0
1;8;-0.02;0.00;-1;0;0
1;8;-0.01;-0.02;0;1;0
1;8;0.00;0.00;0;0;0
1;9;0.00;0.00;0;0;0
1;8;0.00;0.00;0;0;0
1;9;0.00;0.00;0;0;0
1;7;0.00;0.00;0;0;0
1;8;-0.01;-0.02;0;1;0
1;9;-0.02;0.00;-1;0;0
1;8;0.00;0.00;0;0;0
1;8;0.01;-0.02;0;0;-1
1;8;0.00;0.00;0;0;0
1;8;0.00;0.00;0;0;0
1;14;0.00;0.00;0;0;0
1;15;-0.04;-0.02;-1;1;0
1;9;0.00;0.00;0;0;0
1;9;0.00;0.00;0;0;0
1;12;0.00;0.00;0;0;0
1;8;0.00;0.00;0;0;0
1;7;-0.01;-0.02;0;1;0
1;8;-0.02;0.00;-1;0;0
1;8;0.00;0.00;0;0;0
1;9;0.00;0.00;0;0;0
1;8;0.00;0.00;0;0;0
1;8;0.00;0.00;0;0;0
1;10;0.00;0.00;0;0;0
1;6;-0.01;-0.02;0;1;0
1;10;-0.02;0.00;-1;0;0
1;7;0.00;0.00;0;0;0
1;18;0.00;0.00;0;0;0
1;8;0.00;0.00;0;0;0
1;7;-0.01;-0.02;0;1;0
1;12;0.00;0.00;0;0;0
1;8;-0.02;0.00;-1;0;0
1;8;0.00;0.00;0;0;0
1;8;0.00;0.00;0;0;0
1;9;0.00;0.00;0;0;0
1;8;0.00;0.00;0;0;0
1;8;-0.01;-0.02;0;1;0
1;8;-0.02;0.00;-1;0;0
1;8;0.00;0.00;0;0;0
1;12;0.00;0.00;0;0;0
1;7;0.00;0.00;0;0;0
1;6;0.00;0.00;0;0;0
1;8;0.00;0.00;0;0;0
1;8;-0.04;-0.02;-1;1;0
1;9;0.00;0.00;0;0;0
1;8;0.00;0.00;0;0;0
1;8;0.00;0.00;0;0;0
1;8;0.00;0.00;0;0;0
1;8;0.00;0.00;0;0;0
1;9;0.00;0.00;0;0;0
1;8;-0.04;-0.02;-1;1;0
1;8;0.00;0.00;0;0;0
1;8;0.00;0.00;0;0;0
1;8;0.00;0.00;0;0;0
1;9;0.00;0.00;0;0;0
1;8;0.00;0.00;0;0;0
1;8;0.00;0.00;0;0;0
1;8;-0.04;-0.02;-1;1;0
1;8;0.00;0.00;0;0;0
1;8;0.00;0.00;0;0;0
1;9;0.00;0.00;0;0;0
1;8;0.00;0.00;0;0;0
1;8;0.00;0.00;0;0;0
1;8;0.00;0.00;0;0;0
1;8;-0.04;-0.02;-1;1;0
1;9;0.00;0.00;0;0;0
1;12;0.00;0.00;0;0;0
1;6;0.00;0.00;0;0;0
1;7;0.00;0.00;0;0;0
1;7;0.00;0.00;0;0;0
1;10;-0.02;0.00;-1;0;0
1;8;0.00;0.00;0;0;0
1;7;-0.01;-0.02;0;1;0
1;10;0.00;0.00;0;0;0
1;9;0.00;0.00;0;0;0
1;7;0.00;0.00;0;0;0
1;7;0.00;0.00;0;0;0
1;8;-0.02;0.00;-1;0;0
1;11;0.00;0.00;0;0;0
1;7;-0.01;-0.02;0;1;0
1;10;0.00;0.00;0;0;0
1;5;0.00;0.00;0;0;0
1;8;0.00;0.00;0;0;0
1;8;0.00;0.00;0;0;0
1;8;-0.02;0.00;-1;0;0
1;8;0.00;0.00;0;0;0
1;9;0.00;0.00;0;0;0
1;8;-0.01;-0.02;0;1;0
1;9;0.00;0.00;0;0;0
1;8;0.00;0.00;0;0;0
1;7;-0.02;0.00;-1;0;0
1;9;0.00;0.00;0;0;0
1;10;0.00;0.00;0;0;0
1;8;-0.01;-0.02;0;1;0
1;6;0.00;0.00;0;0;0
1;8;0.00;0.00;0;0;0
1;9;0.00;0.00;0;0;0
1;8;-0.02;0.00;-1;0;0
1;8;0.00;0.00;0;0;0
1;8;0.00;0.00;0;0;0
1;10;-0.01;-0.02;0;1;0
1;7;0.00;0.00;0;0;0
1;8;0.00;0.00;0;0;0
1;8;-0.02;0.00;-1;0;0
1;9;0.00;0.00;0;0;0
1;7;0.00;0.00;0;0;0
1;8;0.00;0.00;0;0;0
1;22;-0.01;-0.02;0;1;0
1;7;-0.02;0.00;-1;0;0
1;24;0.00;0.00;0;0;0
1;6;0.00;0.00;0;0;0
1;7;0.00;0.00;0;0;0
1;8;-0.01;-0.02;0;1;0
1;8;-0.02;0.00;-1;0;0
1;9;0.00;0.00;0;0;0
1;8;0.00;0.00;0;0;0
1;11;0.00;0.00;0;0;0
1;6;0.00;0.00;0;0;0
1;7;0.00;0.00;0;0;0
1;9;-0.02;0.00;-1;0;0
1;8;-0.01;-0.02;0;1;0
1;8;0.00;0.00;0;0;0
1;8;0.00;0.00;0;0;0
1;8;0.00;0.00;0;0;0
1;12;0.00;0.00;0;0;0
1;8;-0.02;0.00;-1;0;0
1;5;0.00;0.00;0;0;0
1;8;-0.01;-0.02;0;1;0
1;8;0.00;0.00;0;0;0
1;8;0.00;0.00;0;0;0
1;19;-0.02;0.00;-1;0;0
1;6;0.00;0.00;0;0;0
1;8;0.00;0.00;0;0;0
1;8;-0.01;-0.02;0;1;0
1;9;0.00;0.00;0;0;0
1;8;0.00;0.00;0;0;0
1;8;-0.02;0.00;-1;0;0
1;8;0.00;0.00;0;0;0
1;8;0.00;0.00;0;0;0
1;9;0.00;0.00;0;0;0
1;8;0.00;0.00;0;0;0
1;8;-0.01;-0.02;0;1;0
1;8;0.00;0.00;0;0;0
1;8;-0.02;0.00;-1;0;0
1;9;0.00;0.00;0;0;0
1;8;0.00;0.00;0;0;0
1;8;0.00;0.00;0;0;0
1;8;0.00;0.00;0;0;0
1;11;-0.01;-0.02;0;1;0
1;7;-0.02;0.00;-1;0;0
1;7;0.00;0.00;0;0;0
1;8;0.00;0.00;0;0;0
1;12;0.00;0.00;0;0;0
1;8;0.00;0.00;0;0;0
1;9;0.00;0.00;0;0;0
1;12;-0.04;-0.02;-1;1;0
1;8;0.00;0.00;0;0;0
1;8;0.00;0.00;0;0;0
1;8;0.00;0.00;0;0;0
1;18;0.00;0.00;0;0;0
1;7;-0.02;0.00;-1;0;0
1;8;-0.01;-0.02;0;1;0
1;8;0.00;0.00;0;0;0
1;9;0.00;0.00;0;0;0
1;8;0.00;0.00;0;0;0
1;8;0.00;0.00;0;0;0
1;12;0.00;0.00;0;0;0
1;9;-0.02;0.00;-1;0;0
1;8;0.00;0.00;0;0;0
1;9;-0.01;-0.02;0;1;0
1;10;0.00;0.00;0;0;0
1;5;0.00;0.00;0;0;0
1;8;0.00;0.00;0;0;0
1;9;-0.02;0.00;-1;0;0
1;8;0.00;0.00;0;0;0
1;8;0.00;0.00;0;0;0
1;8;0.00;0.00;0;0;0
1;8;-0.01;-0.02;0;1;0
1;9;0.00;0.00;0;0;0
1;12;-0.02;0.00;-1;0;0
1;13;0.00;0.00;0;0;0
1;7;0.00;0.00;0;0;0
1;9;-0.01;-0.02;0;1;0
1;8;0.00;0.00;0;0;0
1;8;0.00;0.00;0;0;0
1;8;0.00;0.00;0;0;0
1;8;-0.02;0.00;-1;0;0
1;8;0.00;0.00;0;0;0
1;9;0.00;0.00;0;0;0
1;8;-0.01;-0.02;0;1;0
1;9;0.00;0.00;0;0;0
1;7;0.00;0.00;0;0;0
1;8;0.00;0.00;0;0;0
1;9;0.00;0.00;0;0;0
1;8;0.00;0.00;0;0;0
1;8;0.00;0.00;0;0;0
1;8;-0.01;-0.02;0;1;0
1;8;0.00;0.00;0;0;0
1;12;0.00;0.00;0;0;0
1;5;0.00;0.00;0;0;0
1;8;0.00;0.00;0;0;0
1;8;0.00;0.00;0;0;0
1;8;0.00;0.00;0;0;0
1;9;-0.01;-0.02;0;1;0
1;8;0.00;0.00;0;0;0
1;8;0.00;0.00;0;0;0
1;12;0.00;0.00;0;0;0
1;8;0.00;0.00;0;0;0
1;9;0.00;0.00;0;0;0
1;8;0.00;0.00;0;0;0
1;8;-0.01;-0.02;0;1;0
1;20;-0.02;0.00;-1;0;0
1;16;0.00;0.00;0;0;0
1;6;0.00;0.00;0;0;0
1;7;-0.01;-0.02;0;1;0
1;23;-0.02;0.00;-1;0;0
1;11;0.00;0.00;0;0;0
1;8;0.00;0.00;0;0;0
1;7;0.00;0.00;0;0;0
1;10;-0.04;-0.02;-1;1;0
1;7;0.00;0.00;0;0;0
1;8;0.00;0.00;0;0;0
1;26;-0.02;0.00;-1;0;0
1;11;0.00;0.00;0;0;0
1;12;-0.01;-0.02;0;1;0
1;11;0.00;0.00;0;0;0
1;5;0.00;0.00;0;0;0
1;9;0.00;0.00;0;0;0
1;8;0.00;0.00;0;0;0
1;8;-0.04;-0.02;-1;1;0
1;8;0.00;0.00;0;0;0
1;8;0.00;0.00;0;0;0
1;9;0.00;0.00;0;0;0
1;8;0.00;0.00;0;0;0
1;9;0.00;0.00;0;0;0
1;7;-0.04;-0.02;-1;1;0
1;9;0.00;0.00;0;0;0
1;8;0.00;0.00;0;0;0
1;14;0.00;0.00;0;0;0
1;7;0.00;0.00;0;0;0
1;7;-0.02;0.00;-1;0;0
1;8;-0.01;-0.02;0;1;0
1;9;0.00;0.00;0;0;0
1;8;0.00;0.00;0;0;0
1;8;0.00;0.00;0;0;0
1;8;0.00;0.00;0;0;0
1;8;0.00;0.00;0;0;0
1;9;-0.01;-0.02;0;1;0
1;8;0.00;0.00;0;0;0
1;8;0.00;0.00;0;0;0
1;8;0.00;0.00;0;0;0
1;9;0.00;0.00;0;0;0
1;7;0.00;0.00;0;0;0
1;9;-0.01;-0.02;0;1;0
1;8;0.00;0.00;0;0;0
1;9;0.00;0.00;0;0;0
1;8;0.00;0.00;0;0;0
1;8;0.00;0.00;0;0;0
1;22;-0.01;-0.02;0;1;0
1;6;0.00;0.00;0;0;0
1;8;0.00;0.00;0;0;0
1;9;0.00;0.00;0;0;0
1;8;0.00;0.00;0;0;0
1;8;0.00;0.00;0;0;0
1;8;-0.01;-0.02;0;1;0
1;8;0.00;0.00;0;0;0
1;8;0.00;0.00;0;0;0
1;9;0.00;0.00;0;0;0
1;8;0.00;0.00;0;0;0
1;8;0.00;0.00;0;0;0
1;9;0.00;0.00;0;0;0
1;9;0.00;0.00;0;0;0
1;7;-0.01;-0.02;0;1;0
1;8;0.00;0.00;0;0;0
1;8;0.00;0.00;0;0;0
1;8;0.00;0.00;0;0;0
1;8;0.00;0.00;0;0;0
1;9;0.00;0.00;0;0;0
1;8;0.00;0.00;0;0;0
1;8;-0.01;-0.02;0;1;0
1;8;0.00;0.00;0;0;0
1;8;0.00;0.00;0;0;0
1;9;0.00;0.00;0;0;0
1;8;0.00;0.00;0;0;0
1;12;-0.01;-0.02;0;1;0
1;8;0.00;0.00;0;0;0
1;9;-0.02;0.00;-1;0;0
1;8;0.00;0.00;0;0;0
1;8;0.00;0.00;0;0;0
1;8;0.00;0.00;0;0;0
1;9;-0.01;-0.02;0;1;0
1;10;0.00;0.00;0;0;0
1;7;0.00;0.00;0;0;0
1;17;-0.02;0.00;-1;0;0
1;6;0.00;0.00;0;0;0
1;8;0.00;0.00;0;0;0
1;16;-0.01;-0.02;0;1;0
1;6;0.00;0.00;0;0;0
1;9;0.00;0.00;0;0;0
1;6;-0.02;0.00;-1;0;0
1;8;0.00;0.00;0;0;0
1;9;0.00;0.00;0;0;0
1;8;0.00;0.00;0;0;0
1;8;0.00;0.00;0;0;0
1;8;-0.01;-0.02;0;1;0
1;8;0.00;0.00;0;0;0
1;8;-0.02;0.00;-1;0;0
1;9;0.00;0.00;0;0;0
1;8;0.00;0.00;0;0;0
1;11;0.00;0.00;0;0;0
1;9;-0.01;-0.02;0;1;0
1;9;0.00;0.00;0;0;0
1;8;0.00;0.00;0;0;0
1;12;-0.02;0.00;-1;0;0
1;8;0.00;0.00;0;0;0
1;8;-0.01;-0.02;0;1;0
1;9;0.00;0.00;0;0;0
1;8;0.00;0.00;0;0;0
1;8;0.00;0.00;0;0;0
1;8;-0.02;0.00;-1;0;0
1;34;-0.01;-0.02;0;1;0
1;48;-0.04;-0.02;-1;1;0
1;17;-0.02;0.00;-1;0;0
1;9;0.00;0.00;0;0;0
1;9;0.00;0.00;0;0;0
1;10;-0.01;-0.02;0;1;0
1;16;0.00;0.00;0;0;0
1;6;-0.02;0.00;-1;0;0
1;8;0.00;0.00;0;0;0
1;12;0.00;0.00;0;0;0
1;7;-0.01;-0.02;0;1;0
1;9;0.00;0.00;0;0;0
1;8;0.00;0.00;0;0;0
1;20;-0.02;0.00;-1;0;0
1;8;0.00;0.00;0;0;0
1;9;0.00;0.00;0;0;0
1;8;0.00;0.00;0;0;0
1;8;-0.02;0.00;-1;0;0
1;9;0.00;0.00;0;0;0
1;7;0.00;0.00;0;0;0
1;9;0.00;0.00;0;0;0
1;8;0.00;0.00;0;0;0
1;8;0.01;-0.02;0;0;-1
1;8;0.00;0.00;0;0;0
1;10;-0.02;0.00;-1;0;0
1;9;0.00;0.00;0;0;0
1;6;0.00;0.00;0;0;0
1;8;0.00;0.00;0;0;0
1;8;0.00;0.00;0;0;0
1;8;0.00;0.00;0;0;0
1;14;-0.02;0.00;-1;0;0
1;7;0.00;0.00;0;0;0
1;11;0.00;0.00;0;0;0
1;8;0.00;0.00;0;0;0
1;5;0.00;0.00;0;0;0
1;9;0.00;0.00;0;0;0
1;8;-0.02;0.00;-1;0;0
1;8;0.00;0.00;0;0;0
1;9;0.00;0.00;0;0;0
1;7;0.00;0.00;0;0;0
1;15;0.00;0.00;0;0;0
1;6;0.00;0.00;0;0;0
1;8;0.00;0.00;0;0;0
1;8;-0.02;0.00;-1;0;0
1;8;0.00;0.00;0;0;0
1;9;0.00;0.00;0;0;0
1;8;0.00;0.00;0;0;0
1;8;0.00;0.00;0;0;0
1;8;0.00;0.00;0;0;0
1;8;0.00;0.00;0;0;0
1;9;-0.02;0.00;-1;0;0
1;8;0.00;0.00;0;0;0
1;8;0.00;0.00;0;0;0
1;8;0.00;0.00;0;0;0
1;8;0.00;0.00;0;0;0
1;8;0.00;0.00;0;0;0
1;11;-0.02;0.00;-1;0;0
1;6;0.00;0.00;0;0;0
1;8;0.00;0.00;0;0;0
1;8;0.00;0.00;0;0;0
1;8;0.00;0.00;0;0;0
1;9;0.00;0.00;0;0;0
1;8;0.00;0.00;0;0;0
1;9;-0.02;0.00;-1;0;0
1;7;0.00;0.00;0;0;0
1;8;0.00;0.00;0;0;0
1;9;0.00;0.00;0;0;0
1;12;0.00;0.00;0;0;0
1;8;0.00;0.00;0;0;0
1;8;0.00;0.00;0;0;0
1;8;-0.02;0.00;-1;0;0
1;9;0.00;0.00;0;0;0
1;8;0.00;0.00;0;0;0
1;8;0.00;0.00;0;0;0
1;8;0.00;0.00;0;0;0
1;8;0.00;0.00;0;0;0
1;24;-0.02;0.00;-1;0;0
1;5;0.00;0.00;0;0;0
1;8;0.00;0.00;0;0;0
1;8;0.00;0.00;0;0;0
1;9;0.00;0.00;0;0;0
1;8;0.00;0.00;0;0;0
1;7;-0.02;0.00;-1;0;0
1;9;0.00;0.00;0;0;0
1;7;-0.01;-0.02;0;1;0
1;9;0.00;0.00;0;0;0
1;9;0.00;0.00;0;0;0
1;8;0.00;0.00;0;0;0
1;7;0.00;0.00;0;0;0
1;9;0.00;0.00;0;0;0
1;9;-0.04;-0.02;-1;1;0
1;8;0.00;0.00;0;0;0
1;8;0.00;0.00;0;0;0
1;8;0.00;0.00;0;0;0
1;8;0.00;0.00;0;0;0
1;9;0.00;0.00;0;0;0
1;8;-0.02;0.00;-1;0;0
1;7;0.00;0.00;0;0;0
1;8;0.00;0.00;0;0;0
1;9;0.00;0.00;0;0;0
1;8;0.00;0.00;0;0;0
1;9;0.00;0.00;0;0;0
1;10;-0.02;0.00;-1;0;0
1;6;0.00;0.00;0;0;0
1;8;0.00;0.00;0;0;0
1;8;0.00;0.00;0;0;0
1;9;0.00;0.00;0;0;0
1;8;0.00;0.00;0;0;0
1;8;0.00;0.00;0;0;0
1;8;0.00;0.00;0;0;0
1;11;-0.02;0.00;-1;0;0
1;6;0.00;0.00;0;0;0
1;8;0.00;0.00;0;0;0
1;8;0.00;0.00;0;0;0
1;8;0.00;0.00;0;0;0
1;9;0.00;0.00;0;0;0
1;8;0.00;0.00;0;0;0
1;8;-0.02;0.00;-1;0;0
1;8;0.00;0.00;0;0;0
1;20;0.00;0.00;0;0;0
1;17;0.00;0.00;0;0;0
1;22;-0.02;0.00;-1;0;0
1;6;0.00;0.00;0;0;0
1;9;0.00;0.00;0;0;0
1;8;0.00;0.00;0;0;0
1;8;0.00;0.00;0;0;0
1;8;0.00;0.00;0;0;0
1;7;0.00;0.00;0;0;0
1;9;-0.02;0.00;-1;0;0
1;9;0.00;0.00;0;0;0
1;8;0.00;0.00;0;0;0
1;14;-0.01;-0.02;0;1;0
1;7;0.00;0.00;0;0;0
1;8;0.00;0.00;0;0;0
1;11;0.00;0.00;0;0;0
1;11;-0.02;0.00;-1;0;0
1;10;0.00;0.00;0;0;0
1;9;-0.01;-0.02;0;1;0
1;15;0.00;0.00;0;0;0
1;8;0.00;0.00;0;0;0
1;9;0.00;0.00;0;0;0
1;10;-0.02;0.00;-1;0;0
1;10;-0.01;-0.02;0;1;0
1;8;0.00;0.00;0;0;0
1;16;0.00;0.00;0;0;0
1;7;0.00;0.00;0;0;0
1;11;0.00;0.00;0;0;0
1;13;-0.02;0.00;-1;0;0
1;7;0.00;0.00;0;0;0
1;9;0.00;0.00;0;0;0
1;11;0.00;0.00;0;0;0
1;5;0.00;0.00;0;0;0
1;8;0.00;0.00;0;0;0
1;8;-0.02;0.00;-1;0;0
1;12;0.00;0.00;0;0;0
1;6;0.00;0.00;0;0;0
1;7;0.00;0.00;0;0;0
1;8;0.00;0.00;0;0;0
1;7;0.00;0.00;0;0;0
1;8;0.00;0.00;0;0;0
1;12;0.00;0.00;0;0;0
1;6;0.00;0.00;0;0;0
1;8;0.00;0.00;0;0;0
1;8;-0.02;0.00;-1;0;0
1;8;0.00;0.00;0;0;0
1;9;0.00;0.00;0;0;0
1;7;0.00;0.00;0;0;0
1;9;0.00;0.00;0;0;0
1;9;0.00;0.00;0;0;0
1;7;0.00;0.00;0;0;0
1;9;0.00;0.00;0;0;0
1;7;-0.02;0.00;-1;0;0
1;8;0.00;0.00;0;0;0
1;8;0.00;0.00;0;0;0
1;8;0.00;0.00;0;0;0
1;9;0.00;0.00;0;0;0
1;8;-0.02;0.00;-1;0;0
1;8;0.00;0.00;0;0;0
1;7;0.00;0.00;0;0;0
1;8;-0.02;0.00;-1;0;0
1;9;0.00;0.00;0;0;0
1;9;0.00;0.00;0;0;0
1;8;-0.02;0.00;-1;0;0
1;8;0.00;0.00;0;0;0
1;8;-0.02;0.00;-1;0;0
1;8;0.00;0.00;0;0;0
1;9;-0.02;0.00;-1;0;0
1;8;0.00;0.00;0;0;0
1;8;-0.02;0.00;-1;0;0
1;8;0.00;0.00;0;0;0
1;8;-0.02;0.00;-1;0;0
1;9;0.00;0.00;0;0;0
1;8;-0.01;0.02;0;0;1
1;7;-0.02;0.00;-1;0;0
1;8;0.00;0.00;0;0;0
1;12;-0.02;0.00;-1;0;0
1;6;0.00;0.00;0;0;0
1;8;-0.02;0.00;-1;0;0
1;7;0.00;0.00;0;0;0
1;8;-0.04;0.02;-1;0;1
1;13;0.00;0.00;0;0;0
1;9;-0.02;0.00;-1;0;0
1;11;-0.02;0.00;-1;0;0
1;5;0.00;0.00;0;0;0
1;8;0.00;0.00;0;0;0
1;7;-0.04;0.02;-1;0;1
1;9;0.00;0.00;0;0;0
1;8;-0.02;0.00;-1;0;0
1;14;-0.02;0.00;-1;0;0
1;15;-0.02;0.00;-1;0;0
1;10;-0.01;0.02;0;0;1
1;17;-0.02;0.00;-1;0;0
1;6;0.00;0.00;0;0;0
1;17;-0.02;0.00;-1;0;0
1;9;0.00;0.00;0;0;0
1;10;0.00;0.00;0;0;0
1;15;-0.01;-0.02;0;1;0
1;7;0.00;0.00;0;0;0
1;9;-0.02;0.00;-1;0;0
1;8;0.00;0.00;0;0;0
1;14;0.00;0.00;0;0;0
1;10;0.00;0.00;0;0;0
1;11;0.00;0.00;0;0;0
1;8;0.00;0.00;0;0;0
1;5;0.00;0.00;0;0;0
1;8;0.00;0.00;0;0;0
1;12;-0.02;0.00;-1;0;0
1;9;0.00;0.00;0;0;0
1;8;0.00;0.00;0;0;0
1;8;0.00;0.00;0;0;0
1;11;0.00;0.00;0;0;0
1;6;0.00;0.00;0;0;0
1;7;0.00;0.00;0;0;0
1;28;-0.02;0.00;-1;0;0
1;10;0.00;0.00;0;0;0
1;11;-0.02;0.00;-1;0;0
1;5;0.00;0.00;0;0;0
1;8;0.00;0.00;0;0;0
1;7;0.00;0.00;0;0;0
1;12;0.00;0.00;0;0;0
1;7;0.00;0.00;0;0;0
1;10;-0.02;0.00;-1;0;0
1;8;0.00;0.00;0;0;0
1;9;0.00;0.00;0;0;0
1;10;0.00;0.00;0;0;0
1;7;0.00;0.00;0;0;0
1;15;0.00;0.00;0;0;0
1;13;-0.02;0.00;-1;0;0
1;9;0.00;0.00;0;0;0
1;7;0.00;0.00;0;0;0
1;8;0.00;0.00;0;0;0
1;8;0.00;0.00;0;0;0
1;8;-0.02;0.00;-1;0;0
1;9;0.00;0.00;0;0;0
1;8;-0.02;0.00;-1;0;0
1;8;0.00;0.00;0;0;0
1;9;-0.04;0.02;-1;0;1
1;8;0.00;0.00;0;0;0
1;9;-0.02;0.00;-1;0;0
1;7;0.00;0.00;0;0;0
1;8;-0.02;0.00;-1;0;0
1;8;-0.01;-0.02;0;1;0
1;8;-0.02;0.00;-1;0;0
1;9;-0.01;0.02;0;0;1
1;8;-0.02;0.00;-1;0;0
1;9;0.00;0.00;0;0;0
1;7;-0.02;0.00;-1;0;0
1;8;-0.04;-0.02;-1;1;0
1;8;0.00;0.00;0;0;0
1;9;-0.02;0.00;-1;0;0
1;8;-0.01;0.02;0;0;1
1;8;-0.04;-0.02;-1;1;0
1;8;0.00;0.00;0;0;0
1;8;-0.02;0.00;-1;0;0
1;11;0.00;0.00;0;0;0
1;7;0.00;0.00;0;0;0
1;8;-0.02;0.00;-1;0;0
1;8;0.00;0.00;0;0;0
1;9;0.00;0.00;0;0;0
1;8;-0.02;0.00;-1;0;0
1;7;0.00;0.00;0;0;0
1;8;0.00;0.00;0;0;0
1;29;-0.02;0.00;-1;0;0
1;5;0.00;0.00;0;0;0
1;8;0.00;0.00;0;0;0
1;7;0.00;0.00;0;0;0
1;8;0.00;0.00;0;0;0
1;9;0.00;0.00;0;0;0
1;8;0.00;0.00;0;0;0
1;8;0.00;0.00;0;0;0
1;8;0.00;0.00;0;0;0
1;9;-0.02;0.00;-1;0;0
1;7;0.00;0.00;0;0;0
1;9;0.00;0.00;0;0;0
1;9;0.00;0.00;0;0;0
1;8;0.00;0.00;0;0;0
1;8;0.00;0.00;0;0;0
1;10;0.00;0.00;0;0;0
1;7;0.00;0.00;0;0;0
1;8;-0.02;0.00;-1;0;0
1;7;0.00;0.00;0;0;0
1;8;0.00;0.00;0;0;0
1;8;0.00;0.00;0;0;0
1;9;0.00;0.00;0;0;0
1;8;0.00;0.00;0;0;0
1;8;-0.02;0.00;-1;0;0
1;9;0.00;0.00;0;0;0
1;7;0.00;0.00;0;0;0
1;9;0.00;0.00;0;0;0
1;9;0.00;0.00;0;0;0
1;7;0.00;0.00;0;0;0
1;8;0.00;0.00;0;0;0
1;8;-0.02;0.00;-1;0;0
1;8;0.00;0.00;0;0;0
1;9;0.00;0.00;0;0;0
1;8;0.00;0.00;0;0;0
1;8;0.00;0.00;0;0;0
1;8;0.00;0.00;0;0;0
1;8;0.00;0.00;0;0;0
1;9;-0.02;0.00;-1;0;0
1;8;0.00;0.00;0;0;0
1;14;0.00;0.00;0;0;0
1;7;0.00;0.00;0;0;0
1;8;0.00;0.00;0;0;0
1;12;-0.02;0.00;-1;0;0
1;13;0.00;0.00;0;0;0
1;10;0.00;0.00;0;0;0
1;10;0.00;0.00;0;0;0
1;5;0.00;0.00;0;0;0
1;8;-0.01;0.02;0;0;1
1;7;-0.02;0.00;-1;0;0
1;15;0.00;0.00;0;0;0
1;8;0.00;0.00;0;0;0
1;7;0.00;0.00;0;0;0
1;7;0.00;0.00;0;0;0
1;8;0.00;0.00;0;0;0
1;8;0.00;0.00;0;0;0
1;8;-0.04;0.02;-1;0;1
1;9;0.00;0.00;0;0;0
1;8;0.00;0.00;0;0;0
1;13;0.00;0.00;0;0;0
1;8;0.00;0.00;0;0;0
1;8;0.00;0.00;0;0;0
1;8;-0.01;0.02;0;0;1
1;11;-0.02;0.00;-1;0;0
1;6;0.00;0.00;0;0;0
1;8;0.00;0.00;0;0;0
1;8;0.00;0.00;0;0;0
1;9;0.00;0.00;0;0;0
1;8;0.00;0.00;0;0;0
1;8;-0.04;0.02;-1;0;1
1;11;0.00;0.00;0;0;0
1;5;0.00;0.00;0;0;0
1;9;0.00;0.00;0;0;0
1;7;0.00;0.00;0;0;0
1;9;0.00;0.00;0;0;0
1;8;-0.02;0.00;-1;0;0
1;22;-0.01;0.02;0;0;1
1;10;0.00;0.00;0;0;0
1;9;0.00;0.00;0;0;0
1;7;0.00;0.00;0;0;0
1;12;-0.02;0.00;-1;0;0
1;9;-0.01;0.02;0;0;1
1;5;0.00;0.00;0;0;0
1;8;0.00;0.00;0;0;0
1;7;0.00;0.00;0;0;0
1;9;0.00;0.00;0;0;0
1;8;-0.02;0.00;-1;0;0
1;8;0.00;0.00;0;0;0
1;8;-0.01;0.02;0;0;1
1;8;0.00;0.00;0;0;0
1;10;0.00;0.00;0;0;0
1;8;0.00;0.00;0;0;0
1;8;0.00;0.00;0;0;0
1;7;-0.02;0.00;-1;0;0
1;8;0.00;0.00;0;0;0
1;8;-0.01;0.02;0;0;1
1;12;0.00;0.00;0;0;0
1;6;0.00;0.00;0;0;0
1;7;0.00;0.00;0;0;0
1;8;0.00;0.00;0;0;0
1;8;-0.02;0.00;-1;0;0
1;9;0.00;0.00;0;0;0
1;8;-0.01;0.02;0;0;1
1;12;0.00;0.00;0;0;0
1;5;0.00;0.00;0;0;0
1;7;0.00;0.00;0;0;0
1;12;0.00;0.00;0;0;0
1;6;-0.02;0.00;-1;0;0
1;8;0.00;0.00;0;0;0
1;7;-0.01;0.02;0;0;1
1;8;0.00;0.00;0;0;0
1;9;0.00;0.00;0;0;0
1;8;-0.01;-0.02;0;1;0
1;8;-0.02;0.00;-1;0;0
1;9;0.00;0.00;0;0;0
1;10;0.00;0.00;0;0;0
1;10;-0.01;0.02;0;0;1
1;5;0.00;0.00;0;0;0
1;8;0.00;0.00;0;0;0
1;8;0.00;0.00;0;0;0
1;7;-0.02;0.00;-1;0;0
1;12;0.00;0.00;0;0;0
1;6;0.00;0.00;0;0;0
1;7;0.00;0.00;0;0;0
1;8;-0.01;0.02;0;0;1
1;8;0.00;0.00;0;0;0
1;8;0.00;0.00;0;0;0
1;9;-0.02;0.00;-1;0;0
1;8;0.00;0.00;0;0;0
1;10;0.00;0.00;0;0;0
1;9;-0.01;0.02;0;0;1
1;6;0.00;0.00;0;0;0
1;8;0.00;0.00;0;0;0
1;11;0.00;0.00;0;0;0
1;6;-0.02;0.00;-1;0;0
1;7;0.00;0.00;0;0;0
1;8;0.00;0.00;0;0;0
1;11;0.00;0.00;0;0;0
1;7;-0.01;0.02;0;0;1
1;8;0.00;0.00;0;0;0
1;7;0.00;0.00;0;0;0
1;11;0.00;0.00;0;0;0
1;7;-0.02;0.00;-1;0;0
1;11;0.00;0.00;0;0;0
1;5;0.00;0.00;0;0;0
1;14;-0.01;0.02;0;0;1
1;6;0.00;0.00;0;0;0
1;9;0.00;0.00;0;0;0
1;11;-0.02;0.00;-1;0;0
1;8;0.00;0.00;0;0;0
1;8;0.00;0.00;0;0;0
1;8;0.00;0.00;0;0;0
1;9;0.00;0.00;0;0;0
1;8;-0.01;0.02;0;0;1
1;9;-0.02;0.00;-1;0;0
1;11;0.00;0.00;0;0;0
1;5;0.00;0.00;0;0;0
1;9;0.00;0.00;0;0;0
1;8;0.00;0.00;0;0;0
1;7;0.00;0.00;0;0;0
1;8;0.00;0.00;0;0;0
1;10;-0.04;0.02;-1;0;1
1;8;0.00;0.00;0;0;0
1;8;0.00;0.00;0;0;0
1;7;0.00;0.00;0;0;0
1;12;0.00;0.00;0;0;0
1;8;0.00;0.00;0;0;0
1;9;0.00;0.00;0;0;0
1;13;-0.04;0.02;-1;0;1
1;7;0.00;0.00;0;0;0
1;9;0.00;0.00;0;0;0
1;8;0.00;0.00;0;0;0
1;8;0.00;0.00;0;0;0
1;8;0.00;0.00;0;0;0
1;8;-0.02;0.00;-1;0;0
1;8;-0.01;0.02;0;0;1
1;9;0.00;0.00;0;0;0
1;8;0.00;0.00;0;0;0
1;8;0.00;0.00;0;0;0
1;8;0.00;0.00;0;0;0
1;10;0.00;0.00;0;0;0
1;6;-0.02;0.00;-1;0;0
1;9;0.00;0.00;0;0;0
1;8;0.00;0.00;0;0;0
1;11;-0.01;0.02;0;0;1
1;6;0.00;0.00;0;0;0
1;7;0.00;0.00;0;0;0
1;10;0.00;0.00;0;0;0
1;8;-0.02;0.00;-1;0;0
1;7;0.00;0.00;0;0;0
1;8;0.00;0.00;0;0;0
1;8;0.00;0.00;0;0;0
1;8;-0.01;0.02;0;0;1
1;9;0.00;0.00;0;0;0
1;8;0.00;0.00;0;0;0
1;14;-0.02;0.00;-1;0;0
1;7;0.00;0.00;0;0;0
1;8;0.00;0.00;0;0;0
1;8;0.00;0.00;0;0;0
1;11;-0.01;0.02;0;0;1
1;7;0.00;0.00;0;0;0
1;7;0.00;0.00;0;0;0
1;10;-0.02;0.00;-1;0;0
1;7;0.00;0.00;0;0;0
1;7;0.00;0.00;0;0;0
1;9;0.00;0.00;0;0;0
1;9;-0.01;0.02;0;0;1
1;11;0.00;0.00;0;0;0
1;5;0.00;0.00;0;0;0
1;8;-0.02;0.00;-1;0;0
1;7;0.00;0.00;0;0;0
1;8;0.00;0.00;0;0;0
1;8;0.00;0.00;0;0;0
1;11;-0.01;0.02;0;0;1
1;7;0.00;0.00;0;0;0
1;8;0.00;0.00;0;0;0
1;7;-0.02;0.00;-1;0;0
1;8;0.00;0.00;0;0;0
1;9;0.00;0.00;0;0;0
1;8;0.00;0.00;0;0;0
1;16;-0.01;0.02;0;0;1
1;5;0.00;0.00;0;0;0
1;7;0.00;0.00;0;0;0
1;11;-0.02;0.00;-1;0;0
1;8;0.00;0.00;0;0;0
1;7;0.00;0.00;0;0;0
1;7;0.00;0.00;0;0;0
1;8;-0.01;0.02;0;0;1
1;10;0.00;0.00;0;0;0
1;7;0.00;0.00;0;0;0
1;9;-0.02;0.00;-1;0;0
1;7;0.00;0.00;0;0;0
1;9;0.00;0.00;0;0;0
1;9;0.00;0.00;0;0;0
1;8;-0.01;0.02;0;0;1
1;7;0.00;0.00;0;0;0
1;9;0.00;0.00;0;0;0
1;7;-0.02;0.00;-1;0;0
1;8;0.00;0.00;0;0;0
1;12;0.00;0.00;0;0;0
1;6;0.00;0.00;0;0;0
1;7;0.00;0.00;0;0;0
1;8;-0.01;0.02;0;0;1
1;12;-0.02;0.00;-1;0;0
1;6;0.00;0.00;0;0;0
1;7;0.00;0.00;0;0;0
1;9;0.00;0.00;0;0;0
1;10;0.00;0.00;0;0;0
1;6;0.00;0.00;0;0;0
1;12;0.00;0.00;0;0;0
1;5;0.00;0.00;0;0;0
1;7;-0.04;0.02;-1;0;1
1;8;0.00;0.00;0;0;0
1;8;0.00;0.00;0;0;0
1;9;0.00;0.00;0;0;0
1;8;0.00;0.00;0;0;0
1;8;0.00;0.00;0;0;0
1;10;-0.01;0.02;0;0;1
1;7;0.00;0.00;0;0;0
1;8;-0.02;0.00;-1;0;0
1;11;0.00;0.00;0;0;0
1;6;0.00;0.00;0;0;0
1;7;0.00;0.00;0;0;0
1;10;0.00;0.00;0;0;0
1;8;-0.01;0.02;0;0;1
1;8;-0.02;0.00;-1;0;0
1;7;0.00;0.00;0;0;0
1;8;0.00;0.00;0;0;0
1;8;0.00;0.00;0;0;0
1;10;0.00;0.00;0;0;0
1;7;-0.01;0.02;0;0;1
1;8;0.00;0.00;0;0;0
1;8;-0.02;0.00;-1;0;0
1;8;0.00;0.00;0;0;0
1;8;0.00;0.00;0;0;0
1;9;0.00;0.00;0;0;0
1;8;0.00;0.00;0;0;0
1;8;-0.01;0.02;0;0;1
1;8;-0.02;0.00;-1;0;0
1;8;0.00;0.00;0;0;0
1;9;0.00;0.00;0;0;0
1;8;0.00;0.00;0;0;0
1;8;0.00;0.00;0;0;0
1;8;0.00;0.00;0;0;0
1;11;-0.01;0.02;0;0;1
1;6;-0.02;0.00;-1;0;0
1;16;0.00;0.00;0;0;0
1;15;0.00;0.00;0;0;0
1;6;0.00;0.00;0;0;0
1;8;0.00;0.00;0;0;0
1;8;-0.04;0.02;-1;0;1
1;9;0.00;0.00;0;0;0
1;7;0.00;0.00;0;0;0
1;8;0.00;0.00;0;0;0
1;9;0.00;0.00;0;0;0
1;8;0.00;0.00;0;0;0
1;8;-0.01;0.02;0;0;1
1;8;-0.02;0.00;-1;0;0
1;9;0.00;0.00;0;0;0
1;11;0.00;0.00;0;0;0
1;9;0.00;0.00;0;0;0
1;5;0.00;0.00;0;0;0
1;7;0.00;0.00;0;0;0
1;8;-0.04;0.02;-1;0;1
1;9;0.00;0.00;0;0;0
1;8;0.00;0.00;0;0;0
1;8;0.00;0.00;0;0;0
1;8;0.00;0.00;0;0;0
1;12;0.00;0.00;0;0;0
1;5;0.00;0.00;0;0;0
1;8;-0.04;0.02;-1;0;1
1;8;0.00;0.00;0;0;0
1;15;0.00;0.00;0;0;0
1;6;0.00;0.00;0;0;0
1;8;0.00;0.00;0;0;0
1;8;0.00;0.00;0;0;0
1;9;-0.02;0.00;-1;0;0
1;7;-0.01;0.02;0;0;1
1;8;0.00;0.00;0;0;0
1;8;0.00;0.00;0;0;0
1;9;0.00;0.00;0;0;0
1;8;0.00;0.00;0;0;0
1;8;0.00;0.00;0;0;0
1;11;-0.02;0.00;-1;0;0
1;9;-0.01;0.02;0;0;1
1;6;0.00;0.00;0;0;0
1;7;0.00;0.00;0;0;0
1;11;0.00;0.00;0;0;0
1;6;0.00;0.00;0;0;0
1;7;-0.02;0.00;-1;0;0
1;9;-0.01;0.02;0;0;1
1;10;0.00;0.00;0;0;0
1;7;0.00;0.00;0;0;0
1;7;0.00;0.00;0;0;0
1;8;0.00;0.00;0;0;0
1;8;-0.02;0.00;-1;0;0
1;9;0.00;0.00;0;0;0
1;8;0.00;0.00;0;0;0
1;8;-0.01;0.02;0;0;1
1;8;0.00;0.00;0;0;0
1;8;0.00;0.00;0;0;0
1;9;-0.02;0.00;-1;0;0
1;8;0.00;0.00;0;0;0
1;8;0.00;0.00;0;0;0
1;8;-0.01;0.02;0;0;1
1;11;0.00;0.00;0;0;0
1;7;0.00;0.00;0;0;0
1;7;0.00;0.00;0;0;0
1;8;-0.02;0.00;-1;0;0
1;10;0.00;0.00;0;0;0
1;6;0.00;0.00;0;0;0
1;10;-0.01;0.02;0;0;1
1;7;0.00;0.00;0;0;0
1;11;-0.02;0.00;-1;0;0
1;6;0.00;0.00;0;0;0
1;7;0.00;0.00;0;0;0
1;9;0.00;0.00;0;0;0
1;8;-0.01;0.02;0;0;1
1;8;0.00;0.00;0;0;0
1;10;-0.02;0.00;-1;0;0
1;7;0.00;0.00;0;0;0
1;11;0.00;0.00;0;0;0
1;6;0.00;0.00;0;0;0
1;7;-0.01;0.02;0;0;1
1;8;0.00;0.00;0;0;0
1;9;0.00;0.00;0;0;0
1;7;-0.02;0.00;-1;0;0
1;9;0.00;0.00;0;0;0
1;12;0.00;0.00;0;0;0
1;5;-0.01;0.02;0;0;1
1;7;0.00;0.00;0;0;0
1;8;0.00;0.00;0;0;0
1;10;0.00;0.00;0;0;0
1;7;-0.02;0.00;-1;0;0
1;8;0.00;0.00;0;0;0
1;8;0.00;0.00;0;0;0
1;11;-0.01;0.02;0;0;1
1;7;0.00;0.00;0;0;0
1;7;0.00;0.00;0;0;0
1;8;-0.02;0.00;-1;0;0
1;10;0.00;0.00;0;0;0
1;9;0.00;0.00;0;0;0
1;7;-0.01;0.02;0;0;1
1;8;0.00;0.00;0;0;0
1;9;0.00;0.00;0;0;0
1;6;-0.02;0.00;-1;0;0
1;8;0.00;0.00;0;0;0
1;8;0.00;0.00;0;0;0
1;10;-0.01;0.02;0;0;1
1;7;0.00;0.00;0;0;0
1;8;0.00;0.00;0;0;0
1;11;-0.02;0.00;-1;0;0
1;6;0.00;0.00;0;0;0
1;8;-0.01;0.02;0;0;1
1;11;0.00;0.00;0;0;0
1;6;0.00;0.00;0;0;0
1;7;0.00;0.00;0;0;0
1;8;0.00;0.00;0;0;0
1;9;-0.02;0.00;-1;0;0
1;8;-0.01;0.02;0;0;1
1;8;0.00;0.00;0;0;0
1;8;0.00;0.00;0;0;0
1;8;0.00;0.00;0;0;0
1;9;0.00;0.00;0;0;0
1;8;-0.02;0.00;-1;0;0
1;12;-0.01;0.02;0;0;1
1;8;0.00;0.00;0;0;0
1;8;0.00;0.00;0;0;0
1;9;0.00;0.00;0;0;0
1;9;0.00;0.00;0;0;0
1;7;-0.02;0.00;-1;0;0
1;8;-0.01;0.02;0;0;1
1;8;0.00;0.00;0;0;0
1;11;0.00;0.00;0;0;0
1;7;0.00;0.00;0;0;0
1;7;0.00;0.00;0;0;0
1;8;-0.04;0.02;-1;0;1
1;14;0.00;0.00;0;0;0
1;8;-0.01;0.02;0;0;1
1;7;0.00;0.00;0;0;0
1;11;0.00;0.00;0;0;0
1;5;0.00;0.00;0;0;0
1;8;-0.04;0.02;-1;0;1
1;9;0.00;0.00;0;0;0
1;9;0.00;0.00;0;0;0
1;7;-0.01;0.02;0;0;1
1;8;0.00;0.00;0;0;0
1;8;0.00;0.00;0;0;0
1;10;-0.02;0.00;-1;0;0
1;7;0.00;0.00;0;0;0
1;8;-0.01;0.02;0;0;1
1;8;0.00;0.00;0;0;0
1;9;0.00;0.00;0;0;0
1;8;-0.02;0.00;-1;0;0
1;8;0.00;0.00;0;0;0
1;8;0.00;0.00;0;0;0
1;10;0.00;0.00;0;0;0
1;7;-0.01;0.02;0;0;1
1;7;0.00;0.00;0;0;0
1;9;-0.02;0.00;-1;0;0
1;8;0.00;0.00;0;0;0
1;8;0.00;0.00;0;0;0
1;8;0.00;0.00;0;0;0
1;8;0.00;0.00;0;0;0
1;9;0.00;0.00;0;0;0
1;8;-0.01;0.02;0;0;1
1;8;-0.02;0.00;-1;0;0
1;8;0.00;0.00;0;0;0
1;8;0.00;0.00;0;0;0
1;12;0.00;0.00;0;0;0
1;6;0.00;0.00;0;0;0
1;7;-0.01;0.02;0;0;1
1;8;0.00;0.00;0;0;0
1;9;-0.02;0.00;-1;0;0
1;9;0.00;0.00;0;0;0
1;7;0.00;0.00;0;0;0
1;8;0.00;0.00;0;0;0
1;10;-0.01;0.02;0;0;1
1;7;0.00;0.00;0;0;0
1;7;-0.02;0.00;-1;0;0
1;9;0.00;0.00;0;0;0
1;8;0.00;0.00;0;0;0
1;8;0.00;0.00;0;0;0
1;8;0.00;0.00;0;0;0
1;9;-0.01;0.02;0;0;1
1;9;-0.02;0.00;-1;0;0
1;7;0.00;0.00;0;0;0
1;8;0.00;0.00;0;0;0
1;8;0.00;0.00;0;0;0
1;8;0.00;0.00;0;0;0
1;9;-0.01;0.02;0;0;1
1;8;-0.02;0.00;-1;0;0
1;8;0.00;0.00;0;0;0
1;10;0.00;0.00;0;0;0
1;7;0.00;0.00;0;0;0
1;8;0.00;0.00;0;0;0
1;8;-0.01;0.02;0;0;1
1;9;0.00;0.00;0;0;0
1;7;-0.02;0.00;-1;0;0
1;8;-0.01;0.02;0;0;1
1;9;0.00;0.00;0;0;0
1;8;-0.01;0.02;0;0;1
1;8;0.00;0.00;0;0;0
1;8;-0.01;0.02;0;0;1
1;8;0.00;0.00;0;0;0
1;10;-0.01;0.02;0;0;1
1;7;-0.02;0.00;-1;0;0
1;8;-0.01;0.02;0;0;1
1;8;0.00;0.00;0;0;0
1;8;-0.01;0.02;0;0;1
1;8;0.00;0.00;0;0;0
1;9;-0.01;0.02;0;0;1
1;8;-0.04;0.02;-1;0;1
1;8;0.00;0.00;0;0;0
1;13;-0.01;0.02;0;0;1
1;8;0.00;0.00;0;0;0
1;11;-0.02;0.00;-1;0;0
1;6;0.00;0.00;0;0;0
1;8;-0.01;0.02;0;0;1
1;7;0.00;0.00;0;0;0
1;8;0.00;0.00;0;0;0
1;9;0.00;0.00;0;0;0
1;8;0.00;0.00;0;0;0
1;8;-0.01;0.02;0;0;1
1;8;0.00;0.00;0;0;0
1;8;0.00;0.00;0;0;0
1;9;0.00;0.00;0;0;0
1;8;0.00;0.00;0;0;0
1;8;0.00;0.00;0;0;0
1;8;0.00;0.00;0;0;0
1;8;0.00;0.00;0;0;0
1;9;0.00;0.00;0;0;0
1;8;-0.01;0.02;0;0;1
1;11;0.00;0.00;0;0;0
1;6;0.00;0.00;0;0;0
1;7;0.00;0.00;0;0;0
1;9;0.00;0.00;0;0;0
1;14;0.00;0.00;0;0;0
1;7;0.00;0.00;0;0;0
1;7;-0.01;0.02;0;0;1
1;8;0.00;0.00;0;0;0
1;9;0.00;0.00;0;0;0
1;8;0.00;0.00;0;0;0
1;8;0.01;0.02;0;-1;0
1;8;0.00;0.00;0;0;0
1;8;-0.01;0.02;0;0;1
1;9;0.00;0.00;0;0;0
1;8;0.00;0.00;0;0;0
1;8;0.00;0.00;0;0;0
1;8;0.00;0.00;0;0;0
1;8;0.00;0.00;0;0;0
1;9;0.01;0.02;0;-1;0
1;11;0.00;0.00;0;0;0
1;5;0.00;0.00;0;0;0
1;8;-0.01;0.02;0;0;1
1;8;0.00;0.00;0;0;0
1;12;0.00;0.00;0;0;0
1;5;0.01;0.02;0;-1;0
1;8;0.00;0.00;0;0;0
1;21;0.00;0.00;0;0;0
1;8;-0.01;0.02;0;0;1
1;10;0.00;0.00;0;0;0
1;6;0.00;0.00;0;0;0
1;9;0.00;0.00;0;0;0
1;7;0.01;0.02;0;-1;0
1;8;-0.01;0.02;0;0;1
1;9;0.00;0.00;0;0;0
1;8;0.00;0.00;0;0;0
1;9;0.00;0.00;0;0;0
1;8;0.00;0.00;0;0;0
1;7;0.00;0.00;0;0;0
1;9;0.00;0.00;0;0;0
1;8;0.00;0.04;0;-1;1
1;8;0.00;0.00;0;0;0
1;8;0.00;0.00;0;0;0
1;8;0.00;0.00;0;0;0
1;9;-0.02;0.00;-1;0;0
1;8;0.00;0.00;0;0;0
1;8;0.00;0.00;0;0;0
1;8;0.01;0.02;0;-1;0
1;11;-0.01;0.02;0;0;1
1;6;0.00;0.00;0;0;0
1;8;0.00;0.00;0;0;0
1;8;0.00;0.00;0;0;0
1;10;0.00;0.00;0;0;0
1;6;0.00;0.00;0;0;0
1;9;0.00;0.00;0;0;0
1;8;-0.01;0.02;0;0;1
1;13;0.01;0.02;0;-1;0
1;7;0.00;0.00;0;0;0
1;8;0.00;0.00;0;0;0
1;12;0.00;0.00;0;0;0
1;5;0.00;0.00;0;0;0
1;8;-0.01;0.02;0;0;1
1;9;0.01;0.02;0;-1;0
1;10;0.00;0.00;0;0;0
1;6;0.00;0.00;0;0;0
1;8;0.00;0.00;0;0;0
1;8;0.00;0.00;0;0;0
1;9;0.00;0.00;0;0;0
1;7;0.01;0.02;0;-1;0
1;8;0.00;0.00;0;0;0
1;9;-0.01;0.02;0;0;1
1;8;0.00;0.00;0;0;0
1;8;0.00;0.00;0;0;0
1;8;0.00;0.00;0;0;0
1;8;0.01;0.02;0;-1;0
1;9;0.00;0.00;0;0;0
1;8;0.00;0.00;0;0;0
1;8;-0.01;0.02;0;0;1
1;8;0.00;0.00;0;0;0
1;8;0.00;0.00;0;0;0
1;9;0.00;0.00;0;0;0
1;9;0.00;0.00;0;0;0
1;7;0.01;0.02;0;-1;0
1;8;-0.01;0.02;0;0;1
1;8;0.00;0.00;0;0;0
1;11;0.00;0.00;0;0;0
1;6;0.00;0.00;0;0;0
1;8;0.00;0.00;0;0;0
1;8;0.00;0.00;0;0;0
1;9;0.01;0.02;0;-1;0
1;8;0.00;0.00;0;0;0
1;8;-0.01;0.02;0;0;1
1;8;0.00;0.00;0;0;0
1;8;0.00;0.00;0;0;0
1;8;0.01;0.02;0;-1;0
1;8;0.00;0.00;0;0;0
1;9;0.00;0.00;0;0;0
1;8;0.00;0.00;0;0;0
1;8;-0.01;0.02;0;0;1
1;8;0.00;0.00;0;0;0
1;12;0.01;0.02;0;-1;0
1;5;0.00;0.00;0;0;0
1;9;0.00;0.00;0;0;0
1;7;0.00;0.00;0;0;0
1;11;-0.01;0.02;0;0;1
1;5;0.00;0.00;0;0;0
1;9;0.00;0.00;0;0;0
1;8;0.01;0.02;0;-1;0
1;11;0.00;0.00;0;0;0
1;5;0.00;0.00;0;0;0
1;7;0.00;0.00;0;0;0
1;9;0.00;0.00;0;0;0
1;8;-0.01;0.02;0;0;1
1;8;0.00;0.00;0;0;0
1;8;0.01;0.02;0;-1;0
1;8;0.00;0.00;0;0;0
1;10;0.00;0.00;0;0;0
1;7;0.00;0.00;0;0;0
1;8;0.00;0.00;0;0;0
1;8;-0.01;0.02;0;0;1
1;8;0.01;0.02;0;-1;0
1;8;0.00;0.00;0;0;0
1;13;-0.01;0.02;0;0;1
1;8;0.00;0.00;0;0;0
1;8;-0.01;0.02;0;0;1
1;8;0.00;0.00;0;0;0
1;9;0.00;0.00;0;0;0
1;11;0.00;0.04;0;-1;1
1;16;-0.01;0.02;0;0;1
1;5;0.00;0.00;0;0;0
1;10;-0.01;0.02;0;0;1
1;7;0.00;0.00;0;0;0
1;8;0.00;0.04;0;-1;1
1;8;0.00;0.00;0;0;0
1;8;-0.01;0.02;0;0;1
1;8;0.00;0.00;0;0;0
1;11;-0.01;0.02;0;0;1
1;6;-0.01;0.02;0;0;1
1;8;0.01;0.02;0;-1;0
1;8;0.00;0.00;0;0;0
1;8;-0.01;0.02;0;0;1
1;9;0.00;0.00;0;0;0
1;13;0.00;0.00;0;0;0
1;13;0.00;0.04;0;-1;1
1;6;0.00;0.00;0;0;0
1;9;0.00;0.00;0;0;0
1;8;0.00;0.00;0;0;0
1;9;0.01;0.02;0;-1;0
1;7;-0.01;0.02;0;0;1
1;8;0.00;0.00;0;0;0
1;9;0.00;0.00;0;0;0
1;8;0.00;0.00;0;0;0
1;8;0.00;0.00;0;0;0
1;9;0.01;0.02;0;-1;0
1;9;0.00;0.00;0;0;0
1;6;0.00;0.00;0;0;0
1;9;0.00;0.00;0;0;0
1;8;0.00;0.00;0;0;0
1;11;-0.01;0.02;0;0;1
1;6;0.00;0.00;0;0;0
1;7;0.00;0.00;0;0;0
1;9;0.00;0.00;0;0;0
1;11;0.01;0.02;0;-1;0
1;5;0.00;0.00;0;0;0
1;8;0.00;0.00;0;0;0
1;8;-0.01;0.02;0;0;1
1;10;0.00;0.00;0;0;0
1;7;0.00;0.00;0;0;0
1;11;0.00;0.00;0;0;0
1;5;0.01;0.02;0;-1;0
1;8;0.00;0.00;0;0;0
1;9;-0.01;0.02;0;0;1
1;8;0.00;0.00;0;0;0
1;8;0.00;0.00;0;0;0
1;8;0.00;0.00;0;0;0
1;8;0.01;0.02;0;-1;0
1;11;-0.01;0.02;0;0;1
1;6;0.00;0.00;0;0;0
1;8;0.00;0.00;0;0;0
1;8;0.00;0.00;0;0;0
1;16;0.01;0.02;0;-1;0
1;9;0.00;0.00;0;0;0
1;8;-0.01;0.02;0;0;1
1;9;0.00;0.00;0;0;0
1;7;0.00;0.00;0;0;0
1;8;0.00;0.00;0;0;0
1;9;0.01;0.02;0;-1;0
1;14;-0.01;0.02;0;0;1
1;9;0.00;0.00;0;0;0
1;8;0.00;0.00;0;0;0
1;22;0.01;0.02;0;-1;0
1;9;-0.01;0.02;0;0;1
1;12;0.00;0.00;0;0;0
1;10;0.00;0.00;0;0;0
1;9;0.00;0.00;0;0;0
1;9;0.00;0.00;0;0;0
1;12;0.00;0.04;0;-1;1
1;4;0.00;0.00;0;0;0
1;9;0.00;0.00;0;0;0
1;18;0.00;0.00;0;0;0
1;16;0.01;0.02;0;-1;0
1;10;-0.01;0.02;0;0;1
1;5;0.00;0.00;0;0;0
1;8;0.00;0.00;0;0;0
1;8;0.00;0.00;0;0;0
1;8;0.00;0.00;0;0;0
1;9;0.01;0.02;0;-1;0
1;8;-0.01;0.02;0;0;1
1;8;0.00;0.00;0;0;0
1;8;0.00;0.00;0;0;0
1;8;0.00;0.00;0;0;0
1;8;0.00;0.00;0;0;0
1;9;0.00;0.00;0;0;0
1;9;-0.01;0.02;0;0;1
1;10;0.01;0.02;0;-1;0
1;6;0.00;0.00;0;0;0
1;7;0.00;0.00;0;0;0
1;9;0.00;0.00;0;0;0
1;13;0.00;0.00;0;0;0
1;7;-0.01;0.02;0;0;1
1;8;0.01;0.02;0;-1;0
1;9;0.00;0.00;0;0;0
1;10;0.00;0.00;0;0;0
1;6;0.00;0.00;0;0;0
1;8;0.00;0.00;0;0;0
1;8;-0.01;0.02;0;0;1
1;8;0.00;0.00;0;0;0
1;9;0.01;0.02;0;-1;0
1;8;0.00;0.00;0;0;0
1;8;0.00;0.00;0;0;0
1;8;0.00;0.00;0;0;0
1;8;0.00;0.00;0;0;0
1;9;-0.01;0.02;0;0;1
1;8;0.00;0.00;0;0;0
1;9;0.01;0.02;0;-1;0
1;7;0.00;0.00;0;0;0
1;8;0.00;0.00;0;0;0
1;12;0.00;0.00;0;0;0
1;5;-0.01;0.02;0;0;1
1;9;0.00;0.00;0;0;0
1;7;0.00;0.00;0;0;0
1;11;0.01;0.02;0;-1;0
1;6;0.00;0.00;0;0;0
1;8;0.00;0.00;0;0;0
1;8;-0.01;0.02;0;0;1
1;9;0.00;0.00;0;0;0
1;7;0.00;0.00;0;0;0
1;8;0.00;0.00;0;0;0
1;9;0.01;0.02;0;-1;0
1;9;0.00;0.00;0;0;0
1;7;-0.01;0.02;0;0;1
1;8;0.00;0.00;0;0;0
1;8;0.00;0.00;0;0;0
1;10;0.00;0.00;0;0;0
1;7;0.01;0.02;0;-1;0
1;8;0.00;0.00;0;0;0
1;8;-0.01;0.02;0;0;1
1;8;0.00;0.00;0;0;0
1;9;0.00;0.00;0;0;0
1;10;0.00;0.00;0;0;0
1;6;0.01;0.02;0;-1;0
1;11;0.00;0.00;0;0;0
1;6;-0.01;0.02;0;0;1
1;11;0.00;0.00;0;0;0
1;6;0.00;0.00;0;0;0
1;7;0.00;0.00;0;0;0
1;8;0.00;0.00;0;0;0
1;13;0.01;0.02;0;-1;0
1;11;-0.01;0.02;0;0;1
1;9;0.00;0.00;0;0;0
1;8;0.00;0.00;0;0;0
1;8;0.00;0.00;0;0;0
1;11;0.00;0.00;0;0;0
1;9;0.00;0.04;0;-1;1
1;6;0.00;0.00;0;0;0
1;7;0.00;0.00;0;0;0
1;8;0.00;0.00;0;0;0
1;8;0.00;0.00;0;0;0
1;9;0.00;0.00;0;0;0
1;8;0.00;0.00;0;0;0
1;8;0.00;0.04;0;-1;1
1;8;0.00;0.00;0;0;0
1;8;0.00;0.00;0;0;0
1;9;0.00;0.00;0;0;0
1;8;0.00;0.00;0;0;0
1;8;0.00;0.00;0;0;0
1;8;0.00;0.04;0;-1;1
1;8;0.00;0.00;0;0;0
1;9;0.00;0.00;0;0;0
1;12;0.00;0.00;0;0;0
1;8;0.00;0.00;0;0;0
1;11;-0.01;0.02;0;0;1
1;8;0.01;0.02;0;-1;0
1;8;0.00;0.00;0;0;0
1;7;0.00;0.00;0;0;0
1;7;0.00;0.00;0;0;0
1;9;0.00;0.00;0;0;0
1;7;0.00;0.00;0;0;0
1;9;-0.01;0.02;0;0;1
1;8;0.00;0.00;0;0;0
1;12;0.01;0.02;0;-1;0
1;8;0.00;0.00;0;0;0
1;8;0.00;0.00;0;0;0
1;9;0.00;0.00;0;0;0
1;9;-0.01;0.02;0;0;1
1;9;0.00;0.00;0;0;0
1;6;0.00;0.00;0;0;0
1;8;0.01;0.02;0;-1;0
1;9;0.00;0.00;0;0;0
1;8;0.00;0.00;0;0;0
1;12;-0.01;0.02;0;0;1
1;8;0.00;0.00;0;0;0
1;8;0.00;0.00;0;0;0
1;9;0.01;0.02;0;-1;0
1;8;0.00;0.00;0;0;0
1;8;0.00;0.00;0;0;0
1;8;-0.01;0.02;0;0;1
1;14;0.00;0.00;0;0;0
1;7;0.00;0.00;0;0;0
1;8;0.01;0.02;0;-1;0
1;11;0.00;0.00;0;0;0
1;5;-0.01;0.02;0;0;1
1;8;0.00;0.00;0;0;0
1;9;0.00;0.00;0;0;0
1;9;0.00;0.00;0;0;0
1;7;0.00;0.00;0;0;0
1;8;0.00;0.00;0;0;0
1;8;0.01;0.02;0;-1;0
1;9;-0.01;0.02;0;0;1
1;15;0.00;0.00;0;0;0
1;5;0.00;0.00;0;0;0
1;8;0.00;0.00;0;0;0
1;10;0.00;0.00;0;0;0
1;8;0.00;0.00;0;0;0
1;7;0.00;0.04;0;-1;1
1;8;0.00;0.00;0;0;0
1;9;0.00;0.00;0;0;0
1;7;0.00;0.00;0;0;0
1;9;0.00;0.00;0;0;0
1;8;0.00;0.00;0;0;0
1;8;0.00;0.04;0;-1;1
1;8;0.00;0.00;0;0;0
1;8;0.00;0.00;0;0;0
1;9;0.01;0.02;0;-1;0
1;8;0.00;0.00;0;0;0
1;8;0.01;0.02;0;-1;0
1;8;0.00;0.00;0;0;0
1;13;0.00;0.04;0;-1;1
1;8;0.00;0.00;0;0;0
1;8;0.01;0.02;0;-1;0
1;8;0.00;0.00;0;0;0
1;10;0.01;0.02;0;-1;0
1;7;-0.01;0.02;0;0;1
1;8;0.00;0.00;0;0;0
1;8;0.01;0.02;0;-1;0
1;11;0.00;0.00;0;0;0
1;8;0.00;0.00;0;0;0
1;5;0.00;0.00;0;0;0
1;9;0.00;0.00;0;0;0
1;8;-0.01;0.02;0;0;1
1;8;0.00;0.00;0;0;0
1;8;0.00;0.00;0;0;0
1;8;0.01;0.02;0;-1;0
1;10;0.00;0.00;0;0;0
1;7;0.00;0.00;0;0;0
1;8;-0.01;0.02;0;0;1
1;8;0.00;0.00;0;0;0
1;8;0.00;0.00;0;0;0
1;8;0.00;0.00;0;0;0
1;9;0.00;0.00;0;0;0
1;8;0.00;0.00;0;0;0
1;8;0.00;0.04;0;-1;1
1;8;0.00;0.00;0;0;0
1;8;0.00;0.00;0;0;0
1;9;0.00;0.00;0;0;0
1;8;0.00;0.00;0;0;0
1;8;0.00;0.00;0;0;0
1;8;0.00;0.00;0;0;0
1;8;0.00;0.04;0;-1;1
1;9;0.00;0.00;0;0;0
1;11;0.00;0.00;0;0;0
1;5;0.00;0.00;0;0;0
1;8;0.00;0.00;0;0;0
1;8;0.00;0.00;0;0;0
1;12;0.00;0.00;0;0;0
1;5;0.00;0.00;0;0;0
1;8;0.00;0.04;0;-1;1
1;8;0.00;0.00;0;0;0
1;9;0.00;0.00;0;0;0
1;8;0.00;0.00;0;0;0
1;8;0.00;0.00;0;0;0
1;8;0.00;0.00;0;0;0
1;8;-0.01;0.02;0;0;1
1;8;0.00;0.00;0;0;0
1;8;0.01;0.02;0;-1;0
1;9;0.00;0.00;0;0;0
1;8;0.00;0.00;0;0;0
1;8;0.01;0.02;0;-1;0
1;8;0.00;0.00;0;0;0
1;8;-0.01;0.02;0;0;1
1;9;0.01;0.02;0;-1;0
1;8;0.00;0.00;0;0;0
1;8;0.01;0.02;0;-1;0
1;8;0.00;0.00;0;0;0
1;8;0.01;0.02;0;-1;0
1;9;0.00;0.00;0;0;0
1;9;0.00;0.04;0;-1;1
1;11;0.01;0.02;0;-1;0
1;8;0.00;0.00;0;0;0
1;11;0.01;0.02;0;-1;0
1;6;0.00;0.00;0;0;0
1;8;0.01;0.02;0;-1;0
1;8;0.00;0.00;0;0;0
1;8;0.00;0.04;0;-1;1
1;8;0.00;0.00;0;0;0
1;9;0.00;0.00;0;0;0
1;8;0.01;0.02;0;-1;0
1;8;0.00;0.00;0;0;0
1;8;0.00;0.00;0;0;0
1;8;0.00;0.00;0;0;0
1;9;0.00;0.04;0;-1;1
1;11;0.00;0.00;0;0;0
1;5;0.00;0.00;0;0;0
1;8;0.00;0.00;0;0;0
1;8;0.00;0.00;0;0;0
1;9;0.00;0.00;0;0;0
1;8;-0.01;0.02;0;0;1
1;8;0.00;0.00;0;0;0
1;10;0.01;0.02;0;-1;0
1;6;0.00;0.00;0;0;0
1;8;0.00;0.00;0;0;0
1;10;0.00;0.00;0;0;0
1;8;0.00;0.00;0;0;0
1;7;0.00;0.00;0;0;0
1;8;-0.01;0.02;0;0;1
1;8;0.00;0.00;0;0;0
1;11;0.00;0.00;0;0;0
1;6;0.00;0.00;0;0;0
1;8;0.01;0.02;0;-1;0
1;8;0.00;0.00;0;0;0
1;10;0.00;0.00;0;0;0
1;7;0.00;0.00;0;0;0
1;8;0.00;0.00;0;0;0
1;8;-0.01;0.02;0;0;1
1;11;0.00;0.00;0;0;0
1;6;0.01;0.02;0;-1;0
1;8;0.00;0.00;0;0;0
1;8;0.00;0.00;0;0;0
1;12;0.01;0.02;0;-1;0
1;8;0.00;0.00;0;0;0
1;8;-0.01;0.02;0;0;1
1;9;0.01;0.02;0;-1;0
1;8;0.00;0.00;0;0;0
1;10;0.01;0.02;0;-1;0
1;6;0.00;0.00;0;0;0
1;9;0.01;0.02;0;-1;0
1;8;0.01;0.02;0;-1;0
1;18;0.01;0.02;0;-1;0
1;6;0.00;0.00;0;0;0
1;18;0.00;0.04;0;-1;1
1;7;0.01;0.02;0;-1;0
1;8;0.00;0.00;0;0;0
1;8;0.01;0.02;0;-1;0
1;8;0.01;0.02;0;-1;0
1;9;-0.01;0.02;0;0;1
1;8;0.01;0.02;0;-1;0
1;8;0.00;0.00;0;0;0
1;10;0.00;0.00;0;0;0
1;9;0.01;0.02;0;-1;0
1;9;0.00;0.00;0;0;0
1;13;-0.01;0.02;0;0;1
1;9;0.01;0.02;0;-1;0
1;8;0.00;0.00;0;0;0
1;8;0.00;0.00;0;0;0
1;12;0.00;0.00;0;0;0
1;8;-0.01;0.02;0;0;1
1;8;0.00;0.00;0;0;0
1;10;0.00;0.00;0;0;0
1;10;0.00;0.00;0;0;0
1;8;0.00;0.00;0;0;0
1;14;0.01;0.02;0;-1;0
1;10;0.00;0.00;0;0;0
1;9;0.00;0.00;0;0;0
1;17;0.00;0.00;0;0;0
1;12;-0.01;0.02;0;0;1
1;8;0.00;0.00;0;0;0
1;9;0.01;0.02;0;-1;0
1;8;0.00;0.00;0;0;0
1;8;0.00;0.00;0;0;0
1;8;0.00;0.00;0;0;0
1;8;0.00;0.00;0;0;0
1;9;0.01;0.02;0;-1;0
1;8;-0.01;0.02;0;0;1
1;8;0.00;0.00;0;0;0
1;11;0.00;0.00;0;0;0
1;8;0.00;0.00;0;0;0
1;9;0.01;0.02;0;-1;0
1;5;0.00;0.00;0;0;0
1;8;0.00;0.00;0;0;0
1;8;0.00;0.00;0;0;0
1;8;-0.01;0.02;0;0;1
1;8;0.00;0.00;0;0;0
1;9;0.00;0.00;0;0;0
1;8;0.01;0.02;0;-1;0
1;8;0.00;0.00;0;0;0
1;8;0.00;0.00;0;0;0
1;8;0.00;0.00;0;0;0
1;10;-0.01;0.02;0;0;1
1;7;0.00;0.00;0;0;0
1;8;0.01;0.02;0;-1;0
1;8;0.00;0.00;0;0;0
1;8;0.00;0.00;0;0;0
1;9;0.00;0.00;0;0;0
1;7;0.00;0.00;0;0;0
1;9;0.00;0.00;0;0;0
1;8;0.01;0.02;0;-1;0
1;8;0.00;0.00;0;0;0
1;9;-0.01;0.02;0;0;1
1;8;0.00;0.00;0;0;0
1;8;0.00;0.00;0;0;0
1;8;0.00;0.00;0;0;0
1;8;0.00;0.00;0;0;0
1;9;0.01;0.02;0;-1;0
1;8;0.00;0.00;0;0;0
1;8;0.00;0.00;0;0;0
1;8;-0.01;0.02;0;0;1
1;8;0.00;0.00;0;0;0
1;13;0.00;0.00;0;0;0
1;11;0.01;0.02;0;-1;0
1;8;0.00;0.00;0;0;0
1;8;0.00;0.00;0;0;0
1;5;0.00;0.00;0;0;0
1;9;0.00;0.00;0;0;0
1;8;-0.01;0.02;0;0;1
1;14;0.01;0.02;0;-1;0
1;6;0.00;0.00;0;0;0
1;8;0.00;0.00;0;0;0
1;15;0.00;0.00;0;0;0
1;6;0.00;0.00;0;0;0
1;8;0.00;0.04;0;-1;1
1;8;0.00;0.00;0;0;0
1;8;0.00;0.00;0;0;0
1;9;0.00;0.00;0;0;0
1;9;0.00;0.00;0;0;0
1;10;0.00;0.00;0;0;0
1;5;0.01;0.02;0;-1;0
1;8;0.00;0.00;0;0;0
1;9;-0.01;0.02;0;0;1
1;7;0.01;0.02;0;-1;0
1;9;0.00;0.00;0;0;0
1;7;0.00;0.00;0;0;0
1;9;0.01;0.02;0;-1;0
1;9;0.00;0.00;0;0;0
1;8;0.01;0.02;0;-1;0
1;18;0.00;0.04;0;-1;1
1;9;0.01;0.02;0;-1;0
1;6;0.00;0.00;0;0;0
1;15;0.01;0.02;0;-1;0
1;13;0.00;0.04;0;-1;1
1;8;0.00;0.00;0;0;0
1;12;0.01;0.02;0;-1;0
1;5;0.00;0.00;0;0;0
1;8;0.00;0.00;0;0;0
1;8;-0.01;0.02;0;0;1
1;8;0.01;0.02;0;-1;0
1;8;0.00;0.00;0;0;0
1;9;0.00;0.00;0;0;0
1;7;0.00;0.00;0;0;0
1;14;-0.01;0.02;0;0;1
1;7;0.01;0.02;0;-1;0
1;12;0.00;0.00;0;0;0
1;5;0.00;0.00;0;0;0
1;8;0.00;0.00;0;0;0
1;8;0.00;0.00;0;0;0
1;7;0.00;0.00;0;0;0
1;9;0.00;0.00;0;0;0
1;8;0.00;0.00;0;0;0
1;8;-0.01;0.02;0;0;1
1;8;0.00;0.00;0;0;0
1;11;0.00;0.00;0;0;0
1;6;0.01;0.02;0;-1;0
1;8;0.00;0.00;0;0;0
1;8;0.00;0.00;0;0;0
1;13;0.00;0.00;0;0;0
1;7;0.00;0.00;0;0;0
1;9;0.00;0.00;0;0;0
1;8;-0.01;0.02;0;0;1
1;8;0.01;0.02;0;-1;0
1;11;0.00;0.00;0;0;0
1;8;0.00;0.00;0;0;0
1;6;0.00;0.00;0;0;0
1;8;0.00;0.00;0;0;0
1;8;-0.01;0.02;0;0;1
1;8;0.00;0.00;0;0;0
1;8;0.01;0.02;0;-1;0
1;8;0.00;0.00;0;0;0
1;12;0.00;0.00;0;0;0
1;5;0.00;0.00;0;0;0
1;8;-0.01;0.02;0;0;1
1;8;0.00;0.00;0;0;0
1;9;0.01;0.02;0;-1;0
1;8;0.00;0.00;0;0;0
1;8;0.00;0.00;0;0;0
1;8;0.00;0.00;0;0;0
1;9;0.00;0.00;0;0;0
1;7;0.00;0.00;0;0;0
1;9;-0.01;0.02;0;0;1
1;8;0.01;0.02;0;-1;0
1;8;0.00;0.00;0;0;0
1;10;0.00;0.00;0;0;0
1;9;0.00;0.00;0;0;0
1;6;0.00;0.00;0;0;0
1;8;0.00;0.00;0;0;0
1;8;0.01;0.02;0;-1;0
1;8;-0.01;0.02;0;0;1
1;8;0.00;0.00;0;0;0
1;9;0.00;0.00;0;0;0
1;8;0.00;0.00;0;0;0
1;7;0.00;0.00;0;0;0
1;11;0.00;0.00;0;0;0
1;6;-0.01;0.02;0;0;1
1;8;0.01;0.02;0;-1;0
1;9;0.00;0.00;0;0;0
1;10;0.00;0.00;0;0;0
1;8;0.00;0.00;0;0;0
1;6;0.00;0.00;0;0;0
1;8;-0.01;0.02;0;0;1
1;12;0.00;0.00;0;0;0
1;5;0.01;0.02;0;-1;0
1;8;0.00;0.00;0;0;0
1;8;0.00;0.00;0;0;0
1;8;0.00;0.00;0;0;0
1;9;-0.01;0.02;0;0;1
1;7;0.00;0.00;0;0;0
1;9;0.00;0.00;0;0;0
1;7;0.00;0.00;0;0;0
1;8;0.01;0.02;0;-1;0
1;10;0.00;0.00;0;0;0
1;8;0.00;0.00;0;0;0
1;7;0.00;0.00;0;0;0
1;8;0.00;0.00;0;0;0
1;13;0.01;0.02;0;-1;0
1;9;0.00;0.00;0;0;0
1;8;0.00;0.00;0;0;0
1;8;0.00;0.00;0;0;0
1;12;0.00;0.00;0;0;0
1;8;0.00;0.00;0;0;0
1;9;0.00;0.00;0;0;0
1;8;0.01;0.02;0;-1;0
1;8;0.00;0.00;0;0;0
1;8;0.00;0.00;0;0;0
1;7;0.00;0.00;0;0;0
1;16;0.00;0.00;0;0;0
1;6;0.00;0.00;0;0;0
1;8;0.00;0.00;0;0;0
1;14;0.01;0.02;0;-1;0
1;7;0.00;0.00;0;0;0
1;8;0.00;0.00;0;0;0
1;7;0.00;0.00;0;0;0
1;15;0.00;0.00;0;0;0
1;40;0.01;0.02;0;-1;0
1;7;0.00;0.00;0;0;0
1;9;0.00;0.00;0;0;0
1;8;0.00;0.00;0;0;0
1;8;0.00;0.00;0;0;0
1;7;0.01;0.02;0;-1;0
1;9;0.00;0.00;0;0;0
1;9;0.00;0.00;0;0;0
1;7;0.01;0.02;0;-1;0
1;8;0.00;0.00;0;0;0
1;9;0.01;0.02;0;-1;0
1;8;0.00;0.00;0;0;0
1;7;0.00;0.00;0;0;0
1;9;0.01;0.02;0;-1;0
1;8;0.00;0.00;0;0;0
1;9;0.01;0.02;0;-1;0
1;7;0.00;0.00;0;0;0
1;9;0.01;0.02;0;-1;0
1;8;0.00;0.00;0;0;0
1;9;0.01;0.02;0;-1;0
1;8;0.00;0.00;0;0;0
1;8;0.04;0.02;1;-1;0
1;8;0.00;0.00;0;0;0
1;9;0.00;0.00;0;0;0
1;7;0.01;0.02;0;-1;0
1;9;0.00;0.00;0;0;0
1;7;0.00;0.00;0;0;0
1;9;0.02;0.00;1;0;0
1;9;0.00;0.00;0;0;0
1;8;-0.01;0.02;0;0;1
1;8;0.01;0.02;0;-1;0
1;8;0.02;0.00;1;0;0
1;8;0.00;0.00;0;0;0
1;9;0.00;0.00;0;0;0
1;8;0.00;0.00;0;0;0
1;8;0.00;0.00;0;0;0
1;8;0.00;0.00;0;0;0
1;8;0.00;0.00;0;0;0
1;9;0.00;0.00;0;0;0
1;9;0.00;0.00;0;0;0
1;7;0.00;0.00;0;0;0
1;9;0.01;0.02;0;-1;0
1;7;0.00;0.00;0;0;0
1;12;0.00;0.00;0;0;0
1;5;0.00;0.00;0;0;0
1;9;0.00;0.00;0;0;0
1;7;0.00;0.00;0;0;0
1;8;0.00;0.00;0;0;0
1;8;0.00;0.00;0;0;0
1;9;0.01;0.02;0;-1;0
1;7;0.00;0.00;0;0;0
1;9;0.00;0.00;0;0;0
1;8;0.00;0.00;0;0;0
1;7;0.00;0.00;0;0;0
1;13;0.00;0.00;0;0;0
1;8;0.00;0.00;0;0;0
1;8;0.00;0.00;0;0;0
1;9;0.01;0.02;0;-1;0
1;14;0.00;0.00;0;0;0
1;10;0.00;0.00;0;0;0
1;5;0.00;0.00;0;0;0
1;11;0.00;0.00;0;0;0
1;5;0.00;0.00;0;0;0
1;8;0.00;0.00;0;0;0
1;8;0.01;0.02;0;-1;0
1;9;0.00;0.00;0;0;0
1;8;0.00;0.00;0;0;0
1;8;0.00;0.00;0;0;0
1;8;0.00;0.00;0;0;0
1;9;0.00;0.00;0;0;0
1;7;0.01;0.02;0;-1;0
1;12;0.00;0.00;0;0;0
1;8;0.00;0.00;0;0;0
1;8;0.00;0.00;0;0;0
1;19;0.02;0.00;1;0;0
1;8;0.00;0.00;0;0;0
1;7;0.00;0.00;0;0;0
1;9;0.01;0.02;0;-1;0
1;8;0.00;0.00;0;0;0
1;8;0.00;0.00;0;0;0
1;8;0.02;0.00;1;0;0
1;12;0.00;0.00;0;0;0
1;8;0.00;0.00;0;0;0
1;8;0.00;0.00;0;0;0
1;8;0.00;0.00;0;0;0
1;9;0.04;0.02;1;-1;0
1;8;0.00;0.00;0;0;0
1;8;0.00;0.00;0;0;0
1;11;0.00;0.00;0;0;0
1;7;0.01;0.02;0;-1;0
1;7;0.00;0.00;0;0;0
1;11;0.00;0.00;0;0;0
1;7;0.00;0.00;0;0;0
1;9;0.04;0.02;1;-1;0
1;6;0.00;0.00;0;0;0
1;9;0.00;0.00;0;0;0
1;22;0.01;0.02;0;-1;0
1;6;0.01;0.02;0;-1;0
1;8;0.00;0.00;0;0;0
1;10;0.04;0.02;1;-1;0
1;9;0.00;0.00;0;0;0
1;9;0.01;0.02;0;-1;0
1;10;0.00;0.00;0;0;0
1;8;0.00;0.00;0;0;0
1;7;0.01;0.02;0;-1;0
1;8;0.02;0.00;1;0;0
1;10;0.00;0.00;0;0;0
1;7;0.00;0.00;0;0;0
1;8;0.01;0.02;0;-1;0
1;7;0.02;0.00;1;0;0
1;8;0.00;0.00;0;0;0
1;9;0.00;0.00;0;0;0
1;8;0.00;0.00;0;0;0
1;8;0.00;0.00;0;0;0
1;8;0.02;0.00;1;0;0
1;8;0.00;0.00;0;0;0
1;9;0.00;0.00;0;0;0
1;9;0.01;0.02;0;-1;0
1;8;0.00;0.00;0;0;0
1;13;0.00;0.00;0;0;0
1;7;0.00;0.00;0;0;0
1;8;0.00;0.00;0;0;0
1;9;0.00;0.00;0;0;0
1;8;0.00;0.00;0;0;0
1;13;0.01;0.02;0;-1;0
1;7;0.00;0.00;0;0;0
1;9;0.00;0.00;0;0;0
1;9;0.00;0.00;0;0;0
1;8;0.00;0.00;0;0;0
1;7;0.01;0.02;0;-1;0
1;10;0.00;0.00;0;0;0
1;11;0.00;0.00;0;0;0
1;7;0.00;0.00;0;0;0
1;8;0.00;0.00;0;0;0
1;8;0.01;0.02;0;-1;0
1;8;0.00;0.00;0;0;0
1;11;0.00;0.00;0;0;0
1;7;0.02;0.00;1;0;0
1;11;0.00;0.00;0;0;0
1;5;0.00;0.00;0;0;0
1;8;0.00;0.00;0;0;0
1;9;0.01;0.02;0;-1;0
1;15;0.02;0.00;1;0;0
1;5;0.01;0.02;0;-1;0
1;8;0.00;0.00;0;0;0
1;7;0.00;0.00;0;0;0
1;8;0.01;0.02;0;-1;0
1;8;0.00;0.00;0;0;0
1;9;0.01;0.02;0;-1;0
1;10;0.01;0.02;0;-1;0
1;6;0.02;0.00;1;0;0
1;9;0.00;0.00;0;0;0
1;8;0.01;0.02;0;-1;0
1;7;0.01;0.02;0;-1;0
1;8;0.00;0.00;0;0;0
1;8;0.04;0.02;1;-1;0
1;8;0.00;0.00;0;0;0
1;9;0.01;0.02;0;-1;0
1;8;0.00;0.00;0;0;0
1;14;0.01;0.02;0;-1;0
1;7;0.00;0.00;0;0;0
1;9;0.02;0.00;1;0;0
1;10;0.01;0.02;0;-1;0
1;7;0.00;0.00;0;0;0
1;7;0.00;0.00;0;0;0
1;8;0.02;0.00;1;0;0
1;12;0.00;0.00;0;0;0
1;10;0.00;0.00;0;0;0
1;7;0.00;0.00;0;0;0
1;8;0.02;0.00;1;0;0
1;8;0.00;0.00;0;0;0
1;9;0.00;0.00;0;0;0
1;7;0.00;0.00;0;0;0
1;8;0.00;0.00;0;0;0
1;8;0.00;0.00;0;0;0
1;8;0.00;0.00;0;0;0
1;9;0.01;0.02;0;-1;0
1;8;0.00;0.00;0;0;0
1;8;0.00;0.00;0;0;0
1;8;0.00;0.00;0;0;0
1;8;0.00;0.00;0;0;0
1;14;0.01;0.02;0;-1;0
1;8;0.00;0.00;0;0;0
1;7;0.00;0.00;0;0;0
1;8;0.00;0.00;0;0;0
1;8;0.00;0.00;0;0;0
1;9;0.00;0.00;0;0;0
1;8;0.01;0.02;0;-1;0
1;13;0.00;0.00;0;0;0
1;8;0.00;0.00;0;0;0
1;8;0.00;0.00;0;0;0
1;8;0.00;0.00;0;0;0
1;8;0.01;0.02;0;-1;0
1;8;0.00;0.00;0;0;0
1;8;0.00;0.00;0;0;0
1;8;0.02;0.00;1;0;0
1;9;0.00;0.00;0;0;0
1;8;0.00;0.00;0;0;0
1;8;0.00;0.00;0;0;0
1;9;0.01;0.02;0;-1;0
1;9;0.00;0.00;0;0;0
1;8;0.00;0.00;0;0;0
1;8;0.02;0.00;1;0;0
1;8;0.00;0.00;0;0;0
1;7;0.01;0.02;0;-1;0
1;10;0.00;0.00;0;0;0
1;7;0.00;0.00;0;0;0
1;9;0.00;0.00;0;0;0
1;8;0.00;0.00;0;0;0
1;12;0.04;0.02;1;-1;0
1;7;0.00;0.00;0;0;0
1;9;0.00;0.00;0;0;0
1;8;0.00;0.00;0;0;0
1;11;0.00;0.00;0;0;0
1;6;0.00;0.00;0;0;0
1;8;0.02;0.00;1;0;0
1;9;0.01;0.02;0;-1;0
1;10;0.00;0.00;0;0;0
1;6;0.00;0.00;0;0;0
1;8;0.00;0.00;0;0;0
1;8;0.00;0.00;0;0;0
1;7;0.02;0.00;1;0;0
1;9;0.01;0.02;0;-1;0
1;8;0.00;0.00;0;0;0
1;8;0.00;0.00;0;0;0
1;9;0.00;0.00;0;0;0
1;9;0.00;0.00;0;0;0
1;9;0.02;0.00;1;0;0
1;7;0.01;0.02;0;-1;0
1;12;0.00;0.00;0;0;0
1;8;0.00;0.00;0;0;0
1;7;0.00;0.00;0;0;0
1;10;0.00;0.00;0;0;0
1;8;0.01;0.02;0;-1;0
1;8;0.02;0.00;1;0;0
1;7;0.00;0.00;0;0;0
1;9;0.00;0.00;0;0;0
1;8;0.00;0.00;0;0;0
1;8;0.00;0.00;0;0;0
1;8;0.00;0.00;0;0;0
1;8;0.04;0.02;1;-1;0
1;9;0.00;0.00;0;0;0
1;8;0.00;0.00;0;0;0
1;8;-0.01;0.02;0;0;1
1;12;0.00;0.00;0;0;0
1;5;0.00;0.00;0;0;0
1;9;0.02;0.00;1;0;0
1;12;0.01;0.02;0;-1;0
1;8;0.00;0.00;0;0;0
1;7;0.00;0.00;0;0;0
1;8;0.00;0.00;0;0;0
1;8;0.02;0.00;1;0;0
1;9;0.00;0.00;0;0;0
1;8;0.01;0.02;0;-1;0
1;8;0.00;0.00;0;0;0
1;8;0.00;0.00;0;0;0
1;8;0.00;0.00;0;0;0
1;10;0.00;0.00;0;0;0
1;7;0.02;0.00;1;0;0
1;9;0.01;0.02;0;-1;0
1;7;0.00;0.00;0;0;0
1;9;0.00;0.00;0;0;0
1;9;0.01;0.02;0;-1;0
1;7;0.00;0.00;0;0;0
1;8;0.00;0.00;0;0;0
1;8;0.04;0.02;1;-1;0
1;9;0.00;0.00;0;0;0
1;7;0.01;0.02;0;-1;0
1;10;0.00;0.00;0;0;0
1;9;0.01;0.02;0;-1;0
1;7;0.00;0.00;0;0;0
1;7;0.04;0.02;1;-1;0
1;8;0.00;0.00;0;0;0
1;15;0.01;0.02;0;-1;0
1;7;0.01;0.02;0;-1;0
1;8;0.00;0.00;0;0;0
1;8;0.04;0.02;1;-1;0
1;7;0.00;0.00;0;0;0
1;9;0.01;0.02;0;-1;0
1;8;0.00;0.00;0;0;0
1;8;0.04;0.02;1;-1;0
1;8;0.00;0.00;0;0;0
1;8;0.01;0.02;0;-1;0
1;9;0.00;0.00;0;0;0
1;8;0.00;0.00;0;0;0
1;9;0.04;0.02;1;-1;0
1;7;0.00;0.00;0;0;0
1;10;0.00;0.00;0;0;0
1;13;0.00;0.00;0;0;0
1;10;0.00;0.00;0;0;0
1;9;0.00;0.00;0;0;0
1;19;0.04;0.02;1;-1;0
1;6;0.00;0.00;0;0;0
1;13;0.00;0.00;0;0;0
1;7;0.00;0.00;0;0;0
1;8;0.00;0.00;0;0;0
1;9;0.00;0.00;0;0;0
1;9;0.00;0.00;0;0;0
1;7;0.00;0.00;0;0;0
1;7;0.00;0.00;0;0;0
1;9;0.00;0.00;0;0;0
1;8;0.01;0.02;0;-1;0
1;7;0.00;0.00;0;0;0
1;13;0.00;0.00;0;0;0
1;7;0.00;0.00;0;0;0
1;8;0.00;0.00;0;0;0
1;11;0.00;0.00;0;0;0
1;6;0.00;0.00;0;0;0
1;8;0.00;0.00;0;0;0
1;8;0.01;0.02;0;-1;0
1;12;0.00;0.00;0;0;0
1;6;0.00;0.00;0;0;0
1;8;0.00;0.00;0;0;0
1;7;0.00;0.00;0;0;0
1;9;0.00;0.00;0;0;0
1;7;0.00;0.00;0;0;0
1;10;0.00;0.00;0;0;0
1;7;0.01;0.02;0;-1;0
1;9;0.00;0.00;0;0;0
1;8;0.00;0.00;0;0;0
1;8;0.00;0.00;0;0;0
1;8;0.00;0.00;0;0;0
1;12;0.02;0.00;1;0;0
1;8;0.00;0.00;0;0;0
1;8;0.01;0.02;0;-1;0
1;11;0.00;0.00;0;0;0
1;7;0.00;0.00;0;0;0
1;7;0.01;0.02;0;-1;0
1;8;0.00;0.00;0;0;0
1;16;0.04;0.02;1;-1;0
1;9;0.00;0.00;0;0;0
1;9;0.01;0.02;0;-1;0
1;25;0.01;0.02;0;-1;0
1;8;0.01;0.02;0;-1;0
1;8;0.00;0.00;0;0;0
1;7;0.01;0.02;0;-1;0
1;10;0.02;0.00;1;0;0
1;7;0.01;0.02;0;-1;0
1;21;0.01;0.02;0;-1;0
1;8;0.00;0.00;0;0;0
1;9;0.04;0.02;1;-1;0
1;7;0.00;0.00;0;0;0
1;14;0.01;0.02;0;-1;0
1;10;0.01;0.02;0;-1;0
1;5;0.00;0.00;0;0;0
1;10;0.02;0.00;1;0;0
1;6;0.00;0.00;0;0;0
1;12;0.00;0.00;0;0;0
1;6;0.01;0.02;0;-1;0
1;11;0.00;0.00;0;0;0
1;8;0.00;0.00;0;0;0
1;8;0.02;0.00;1;0;0
1;8;0.00;0.00;0;0;0
1;11;0.00;0.00;0;0;0
1;6;0.00;0.00;0;0;0
1;8;0.00;0.00;0;0;0
1;7;0.01;0.02;0;-1;0
1;12;0.02;0.00;1;0;0
1;6;0.00;0.00;0;0;0
1;7;0.00;0.00;0;0;0
1;8;0.00;0.00;0;0;0
1;12;0.00;0.00;0;0;0
1;9;0.00;0.00;0;0;0
1;10;0.00;0.00;0;0;0
1;10;0.04;0.02;1;-1;0
1;8;0.00;0.00;0;0;0
1;10;0.00;0.00;0;0;0
1;11;0.00;0.00;0;0;0
1;9;0.00;0.00;0;0;0
1;7;0.00;0.00;0;0;0
1;8;0.01;0.02;0;-1;0
1;9;0.02;0.00;1;0;0
1;8;0.00;0.00;0;0;0
1;8;0.00;0.00;0;0;0
1;8;0.00;0.00;0;0;0
1;11;0.00;0.00;0;0;0
1;7;0.00;0.00;0;0;0
1;8;0.04;0.02;1;-1;0
1;7;0.00;0.00;0;0;0
1;10;0.00;0.00;0;0;0
1;8;0.00;0.00;0;0;0
1;7;0.00;0.00;0;0;0
1;12;0.00;0.00;0;0;0
1;6;0.01;0.02;0;-1;0
1;7;0.00;0.00;0;0;0
1;8;0.02;0.00;1;0;0
1;8;0.00;0.00;0;0;0
1;8;0.00;0.00;0;0;0
1;10;0.00;0.00;0;0;0
1;6;0.01;0.02;0;-1;0
1;8;0.00;0.00;0;0;0
1;8;0.00;0.00;0;0;0
1;11;0.02;0.00;1;0;0
1;7;0.00;0.00;0;0;0
1;8;0.01;0.02;0;-1;0
1;7;0.00;0.00;0;0;0
1;9;0.00;0.00;0;0;0
1;8;0.01;0.02;0;-1;0
1;8;0.00;0.00;0;0;0
1;8;0.01;0.02;0;-1;0
1;13;0.02;0.00;1;0;0
1;7;0.01;0.02;0;-1;0
1;9;0.00;0.00;0;0;0
1;8;0.00;0.00;0;0;0
1;9;0.01;0.02;0;-1;0
1;8;0.00;0.00;0;0;0
1;8;0.01;0.02;0;-1;0
1;12;0.04;0.02;1;-1;0
1;5;0.00;0.00;0;0;0
1;8;0.01;0.02;0;-1;0
1;10;0.00;0.00;0;0;0
1;9;0.01;0.02;0;-1;0
1;9;0.04;0.02;1;-1;0
1;8;0.00;0.00;0;0;0
1;8;0.01;0.02;0;-1;0
1;9;0.00;0.00;0;0;0
1;7;0.00;0.00;0;0;0
1;10;0.01;0.02;0;-1;0
1;7;0.00;0.00;0;0;0
1;8;0.02;0.00;1;0;0
1;10;0.00;0.00;0;0;0
1;6;0.00;0.00;0;0;0
1;9;0.00;0.00;0;0;0
1;9;0.01;0.02;0;-1;0
1;8;0.02;0.00;1;0;0
1;7;0.00;0.00;0;0;0
1;14;0.00;0.00;0;0;0
1;10;-0.01;0.02;0;0;1
1;6;0.00;0.00;0;0;0
1;8;0.00;0.00;0;0;0
1;10;0.00;0.00;0;0;0
1;6;0.02;0.00;1;0;0
1;9;0.00;0.00;0;0;0
1;9;0.00;0.00;0;0;0
1;7;0.00;0.00;0;0;0
1;7;0.01;0.02;0;-1;0
1;8;0.00;0.00;0;0;0
1;9;0.00;0.00;0;0;0
1;8;0.00;0.00;0;0;0
1;14;0.00;0.00;0;0;0
1;8;0.04;0.02;1;-1;0
1;7;0.00;0.00;0;0;0
1;8;0.00;0.00;0;0;0
1;12;0.00;0.00;0;0;0
1;9;0.00;0.00;0;0;0
1;32;0.04;0.02;1;-1;0
1;8;0.00;0.00;0;0;0
1;8;0.00;0.00;0;0;0
1;8;0.00;0.00;0;0;0
1;11;0.01;0.02;0;-1;0
1;7;0.00;0.00;0;0;0
1;7;0.02;0.00;1;0;0
1;8;0.00;0.00;0;0;0
1;8;0.00;0.00;0;0;0
1;10;0.00;0.00;0;0;0
1;8;0.00;0.00;0;0;0
1;7;0.01;0.02;0;-1;0
1;8;0.00;0.00;0;0;0
1;8;0.00;0.00;0;0;0
1;12;0.00;0.00;0;0;0
1;6;0.02;0.00;1;0;0
1;7;0.00;0.00;0;0;0
1;8;0.00;0.00;0;0;0
1;12;0.01;0.02;0;-1;0
1;9;0.00;0.00;0;0;0
1;8;0.00;0.00;0;0;0
1;8;0.00;0.00;0;0;0
1;11;0.02;0.00;1;0;0
1;7;0.01;0.02;0;-1;0
1;7;0.00;0.00;0;0;0
1;13;0.00;0.00;0;0;0
1;7;0.00;0.00;0;0;0
1;9;0.00;0.00;0;0;0
1;7;0.02;0.00;1;0;0
1;10;0.01;0.02;0;-1;0
1;11;0.00;0.00;0;0;0
1;6;0.00;0.00;0;0;0
1;9;0.00;0.00;0;0;0
1;16;0.00;0.00;0;0;0
1;13;0.01;0.02;0;-1;0
1;6;0.02;0.00;1;0;0
1;7;0.00;0.00;0;0;0
1;14;0.00;0.00;0;0;0
1;9;0.00;0.00;0;0;0
1;7;0.00;0.00;0;0;0
1;8;0.01;0.02;0;-1;0
1;12;0.00;0.00;0;0;0
1;17;0.02;0.00;1;0;0
1;18;0.00;0.00;0;0;0
1;10;0.01;0.02;0;-1;0
1;18;0.02;0.00;1;0;0
1;13;0.00;0.00;0;0;0
1;24;0.01;0.02;0;-1;0
1;15;0.02;0.00;1;0;0
1;8;0.00;0.00;0;0;0
1;7;0.00;0.00;0;0;0
1;9;0.00;0.00;0;0;0
1;11;0.01;0.02;0;-1;0
1;6;0.00;0.00;0;0;0
1;7;0.00;0.00;0;0;0
1;9;0.00;0.00;0;0;0
1;12;0.02;0.00;1;0;0
1;8;0.00;0.00;0;0;0
1;8;0.01;0.02;0;-1;0
1;9;0.00;0.00;0;0;0
1;11;0.00;0.00;0;0;0
1;6;0.00;0.00;0;0;0
1;7;0.00;0.00;0;0;0
1;8;0.04;0.02;1;-1;0
1;9;0.00;0.00;0;0;0
1;7;0.00;0.00;0;0;0
1;9;0.00;0.00;0;0;0
1;13;0.00;0.00;0;0;0
1;11;0.04;0.02;1;-1;0
1;8;0.00;0.00;0;0;0
1;12;0.00;0.00;0;0;0
1;9;0.00;0.00;0;0;0
1;11;0.01;0.02;0;-1;0
1;6;0.02;0.00;1;0;0
1;7;0.00;0.00;0;0;0
1;9;0.00;0.00;0;0;0
1;9;0.00;0.00;0;0;0
1;7;0.00;0.00;0;0;0
1;8;0.01;0.02;0;-1;0
1;8;0.00;0.00;0;0;0
1;13;0.02;0.00;1;0;0
1;9;0.00;0.00;0;0;0
1;22;0.01;0.02;0;-1;0
1;12;0.00;0.00;0;0;0
1;13;0.02;0.00;1;0;0
1;34;0.01;0.02;0;-1;0
1;9;0.00;0.00;0;0;0
1;12;0.02;0.00;1;0;0
1;21;0.00;0.00;0;0;0
1;11;0.01;0.02;0;-1;0
1;8;0.00;0.00;0;0;0
1;19;0.02;0.00;1;0;0
1;15;0.00;0.00;0;0;0
1;9;0.01;0.02;0;-1;0
1;7;0.00;0.00;0;0;0
1;10;0.02;0.00;1;0;0
1;12;0.00;0.00;0;0;0
1;16;0.00;0.00;0;0;0
1;11;0.01;0.02;0;-1;0
1;12;0.02;0.00;1;0;0
1;35;0.00;0.00;0;0;0
1;11;0.01;0.02;0;-1;0
1;8;0.00;0.00;0;0;0
1;7;0.02;0.00;1;0;0
1;9;0.00;0.00;0;0;0
1;10;0.00;0.00;0;0;0
1;7;0.00;0.00;0;0;0
1;8;0.00;0.00;0;0;0
1;25;0.04;0.02;1;-1;0
1;15;0.00;0.00;0;0;0
1;8;0.00;0.00;0;0;0
1;8;0.01;0.02;0;-1;0
1;15;0.02;0.00;1;0;0
1;7;0.00;0.00;0;0;0
1;7;0.00;0.00;0;0;0
1;8;0.00;0.00;0;0;0
1;13;0.00;0.00;0;0;0
1;5;0.00;0.00;0;0;0
1;10;0.04;0.02;1;-1;0
1;9;0.00;0.00;0;0;0
1;9;0.00;0.00;0;0;0
1;7;0.00;0.00;0;0;0
1;9;0.00;0.00;0;0;0
1;10;0.00;0.00;0;0;0
1;8;0.01;0.02;0;-1;0
1;7;0.02;0.00;1;0;0
1;11;0.00;0.00;0;0;0
1;11;0.00;0.00;0;0;0
1;7;0.00;0.00;0;0;0
1;8;0.00;0.00;0;0;0
1;13;0.04;0.02;1;-1;0
1;11;0.00;0.00;0;0;0
1;13;0.00;0.00;0;0;0
1;16;0.00;0.00;0;0;0
1;12;0.04;0.02;1;-1;0
1;44;0.02;0.00;1;0;0
1;10;0.01;0.02;0;-1;0
1;8;0.00;0.00;0;0;0
1;9;0.00;0.00;0;0;0
1;7;0.00;0.00;0;0;0
1;9;0.02;0.00;1;0;0
1;7;0.00;0.00;0;0;0
1;9;0.00;0.00;0;0;0
1;8;0.01;0.02;0;-1;0
1;13;0.00;0.00;0;0;0
1;7;0.02;0.00;1;0;0
1;8;0.00;0.00;0;0;0
1;8;0.00;0.00;0;0;0
1;35;0.04;0.02;1;-1;0
1;9;0.00;0.00;0;0;0
1;17;0.00;0.00;0;0;0
1;10;0.00;0.00;0;0;0
1;8;0.01;0.02;0;-1;0
1;8;0.02;0.00;1;0;0
1;7;0.00;0.00;0;0;0
1;17;0.00;0.00;0;0;0
1;8;0.00;0.00;0;0;0
1;8;0.00;0.00;0;0;0
1;8;0.02;0.00;1;0;0
1;8;0.01;0.02;0;-1;0
1;17;0.00;0.00;0;0;0
1;21;0.00;0.00;0;0;0
1;9;0.02;0.00;1;0;0
1;12;0.01;0.02;0;-1;0
1;8;0.00;0.00;0;0;0
1;8;0.00;0.00;0;0;0
1;8;0.00;0.00;0;0;0
1;12;0.02;0.00;1;0;0
1;8;0.00;0.00;0;0;0
1;10;0.00;0.00;0;0;0
1;14;0.01;0.02;0;-1;0
1;9;0.02;0.00;1;0;0
1;8;0.00;0.00;0;0;0
1;9;0.00;0.00;0;0;0
1;7;0.00;0.00;0;0;0
1;8;0.00;0.00;0;0;0
1;10;0.01;0.02;0;-1;0
1;8;0.02;0.00;1;0;0
1;7;0.00;0.00;0;0;0
1;8;0.00;0.00;0;0;0
1;12;0.00;0.00;0;0;0
1;9;0.00;0.00;0;0;0
1;8;0.00;0.00;0;0;0
1;8;0.04;0.02;1;-1;0
1;8;0.00;0.00;0;0;0
1;8;0.00;0.00;0;0;0
1;9;0.00;0.00;0;0;0
1;8;0.00;0.00;0;0;0
1;9;0.00;0.00;0;0;0
1;7;0.02;0.00;1;0;0
1;12;0.00;0.00;0;0;0
1;9;0.00;0.00;0;0;0
1;8;0.01;0.02;0;-1;0
1;11;0.00;0.00;0;0;0
1;6;0.02;0.00;1;0;0
1;8;0.00;0.00;0;0;0
1;8;0.00;0.00;0;0;0
1;11;0.00;0.00;0;0;0
1;6;0.00;0.00;0;0;0
1;8;0.01;0.02;0;-1;0
1;10;0.02;0.00;1;0;0
1;9;0.00;0.00;0;0;0
1;7;0.00;0.00;0;0;0
1;6;0.00;0.00;0;0;0
1;9;0.00;0.00;0;0;0
1;20;0.04;0.02;1;-1;0
1;15;0.00;0.00;0;0;0
1;6;0.00;0.00;0;0;0
1;8;0.00;0.00;0;0;0
1;9;0.00;0.00;0;0;0
1;8;0.02;0.00;1;0;0
1;23;0.01;0.02;0;-1;0
1;11;0.00;0.00;0;0;0
1;9;0.00;0.00;0;0;0
1;6;0.02;0.00;1;0;0
1;7;0.00;0.00;0;0;0
1;8;0.00;0.00;0;0;0
1;11;0.01;0.02;0;-1;0
1;10;0.00;0.00;0;0;0
1;5;0.00;0.00;0;0;0
1;7;0.02;0.00;1;0;0
1;8;0.00;0.00;0;0;0
1;8;0.00;0.00;0;0;0
1;10;0.00;0.00;0;0;0
1;7;0.00;0.00;0;0;0
1;8;0.01;0.02;0;-1;0
1;8;0.02;0.00;1;0;0
1;9;0.00;0.00;0;0;0
1;8;0.00;0.00;0;0;0
1;8;0.00;0.00;0;0;0
1;8;0.00;0.00;0;0;0
1;8;0.00;0.00;0;0;0
1;8;0.04;0.02;1;-1;0
1;8;0.00;0.00;0;0;0
1;9;0.00;0.00;0;0;0
1;8;0.00;0.00;0;0;0
1;8;0.00;0.00;0;0;0
1;8;0.00;0.00;0;0;0
1;8;0.04;0.02;1;-1;0
1;11;0.00;0.00;0;0;0
1;6;0.00;0.00;0;0;0
1;8;0.00;0.00;0;0;0
1;8;0.00;0.00;0;0;0
1;8;0.00;0.00;0;0;0
1;9;0.04;0.02;1;-1;0
1;8;0.00;0.00;0;0;0
1;8;0.00;0.00;0;0;0
1;8;0.00;0.00;0;0;0
1;8;0.00;0.00;0;0;0
1;9;0.02;0.00;1;0;0
1;8;0.00;0.00;0;0;0
1;8;0.00;0.00;0;0;0
1;9;0.01;0.02;0;-1;0
1;7;0.00;0.00;0;0;0
1;9;0.00;0.00;0;0;0
1;9;0.02;0.00;1;0;0
1;8;0.00;0.00;0;0;0
1;8;0.00;0.00;0;0;0
1;18;0.01;0.02;0;-1;0
1;10;0.00;0.00;0;0;0
1;12;0.02;0.00;1;0;0
1;12;0.00;0.00;0;0;0
1;9;0.00;0.00;0;0;0
1;8;0.01;0.02;0;-1;0
1;8;0.00;0.00;0;0;0
1;8;0.02;0.00;1;0;0
1;8;0.00;0.00;0;0;0
1;10;0.00;0.00;0;0;0
1;7;0.00;0.00;0;0;0
1;8;0.00;0.00;0;0;0
1;8;0.00;0.00;0;0;0
1;8;0.04;0.02;1;-1;0
1;8;0.00;0.00;0;0;0
1;10;0.00;0.00;0;0;0
1;7;0.00;0.00;0;0;0
1;8;0.00;0.00;0;0;0
1;9;0.00;0.00;0;0;0
1;8;0.00;0.00;0;0;0
1;8;0.02;0.00;1;0;0
1;8;0.00;0.00;0;0;0
1;8;0.00;0.00;0;0;0
1;8;0.00;0.00;0;0;0
1;9;0.00;0.00;0;0;0
1;9;0.00;0.00;0;0;0
1;7;0.02;0.00;1;0;0
1;8;0.00;0.00;0;0;0
1;11;0.00;0.00;0;0;0
1;6;0.00;0.00;0;0;0
1;9;0.00;0.00;0;0;0
1;8;0.00;0.00;0;0;0
1;7;0.00;0.00;0;0;0
1;9;0.02;0.00;1;0;0
1;8;0.00;0.00;0;0;0
1;10;0.00;0.00;0;0;0
1;6;0.00;0.00;0;0;0
1;11;0.00;0.00;0;0;0
1;10;0.00;0.00;0;0;0
1;12;0.02;0.00;1;0;0
1;13;0.00;0.00;0;0;0
1;11;0.00;0.00;0;0;0
1;8;0.00;0.00;0;0;0
1;8;0.00;0.00;0;0;0
1;16;0.02;0.00;1;0;0
1;5;0.00;0.00;0;0;0
1;8;0.00;0.00;0;0;0
1;8;0.00;0.00;0;0;0
1;9;0.00;0.00;0;0;0
1;8;0.00;0.00;0;0;0
1;8;0.00;0.00;0;0;0
1;10;0.02;0.00;1;0;0
1;7;0.00;0.00;0;0;0
1;7;0.00;0.00;0;0;0
1;9;0.00;0.00;0;0;0
1;9;0.00;0.00;0;0;0
1;8;0.00;0.00;0;0;0
1;15;0.02;0.00;1;0;0
1;9;0.00;0.00;0;0;0
1;9;0.00;0.00;0;0;0
1;15;0.00;0.00;0;0;0
1;8;0.00;0.00;0;0;0
1;9;0.02;0.00;1;0;0
1;8;0.00;0.00;0;0;0
1;8;0.00;0.00;0;0;0
1;9;0.00;0.00;0;0;0
1;7;0.00;0.00;0;0;0
1;12;0.00;0.00;0;0;0
1;5;0.00;0.00;0;0;0
1;15;0.02;0.00;1;0;0
1;11;0.00;0.00;0;0;0
1;11;0.00;0.00;0;0;0
1;8;0.00;0.00;0;0;0
1;8;0.00;0.00;0;0;0
1;9;0.02;0.00;1;0;0
1;7;0.00;0.00;0;0;0
1;9;0.00;0.00;0;0;0
1;8;0.00;0.00;0;0;0
1;14;0.00;0.00;0;0;0
1;12;0.00;0.00;0;0;0
1;6;0.02;0.00;1;0;0
1;26;0.00;0.00;0;0;0
1;16;0.00;0.00;0;0;0
1;8;0.00;0.00;0;0;0
1;8;0.02;0.00;1;0;0
1;9;0.00;0.00;0;0;0
1;8;0.00;0.00;0;0;0
1;7;0.00;0.00;0;0;0
1;10;0.00;0.00;0;0;0
1;7;0.00;0.00;0;0;0
1;9;0.00;0.00;0;0;0
1;7;0.02;0.00;1;0;0
1;10;0.00;0.00;0;0;0
1;10;0.00;0.00;0;0;0
1;10;0.00;0.00;0;0;0
1;8;0.00;0.00;0;0;0
1;7;0.00;0.00;0;0;0
1;8;0.00;0.00;0;0;0
1;9;0.00;0.00;0;0;0
1;8;0.02;0.00;1;0;0
1;8;0.00;0.00;0;0;0
1;8;0.00;0.00;0;0;0
1;9;0.00;0.00;0;0;0
1;8;0.00;0.00;0;0;0
1;8;0.00;0.00;0;0;0
1;8;0.00;0.00;0;0;0
1;11;0.00;0.00;0;0;0
1;6;0.00;0.00;0;0;0
1;12;0.00;0.00;0;0;0
1;5;0.00;0.00;0;0;0
1;11;0.00;0.00;0;0;0
1;8;0.00;0.00;0;0;0
1;8;0.00;0.00;0;0;0
1;9;0.00;0.00;0;0;0
1;8;0.02;0.00;1;0;0
1;8;0.00;0.00;0;0;0
1;8;0.00;0.00;0;0;0
1;8;0.00;0.00;0;0;0
1;9;0.00;0.00;0;0;0
1;8;0.00;0.00;0;0;0
1;8;0.00;0.00;0;0;0
1;8;0.00;0.00;0;0;0
1;8;0.00;0.00;0;0;0
1;8;0.00;0.00;0;0;0
1;9;0.00;0.00;0;0;0
1;8;0.00;0.00;0;0;0
1;13;0.00;0.00;0;0;0
1;33;0.00;0.00;0;0;0
1;34;0.00;0.00;0;0;0
1;11;0.00;0.00;0;0;0
1;7;0.00;0.00;0;0;0
1;9;0.00;0.00;0;0;0
1;13;0.00;0.00;0;0;0
1;8;0.00;0.00;0;0;0
1;12;0.00;0.00;0;0;0
1;9;0.00;0.00;0;0;0
1;8;0.00;0.00;0;0;0
1;8;0.00;0.00;0;0;0
1;11;0.00;0.00;0;0;0
1;17;0.00;0.00;0;0;0
1;17;0.00;0.00;0;0;0
1;7;0.00;0.00;0;0;0
1;8;0.00;0.00;0;0;0
1;8;0.00;0.00;0;0;0
1;9;0.00;0.00;0;0;0
1;8;0.00;0.00;0;0;0
1;8;0.00;0.00;0;0;0
1;8;0.00;0.00;0;0;0
1;8;0.00;0.00;0;0;0
1;9;0.00;0.00;0;0;0
1;8;0.00;0.00;0;0;0
1;14;0.00;0.00;0;0;0
1;6;0.00;0.00;0;0;0
1;17;0.00;0.00;0;0;0
1;14;0.00;0.00;0;0;0
1;6;0.00;0.00;0;0;0
1;9;0.00;0.00;0;0;0
1;13;0.00;0.00;0;0;0
1;7;0.00;0.00;0;0;0
1;12;0.00;0.00;0;0;0
1;27;0.00;0.00;0;0;0
1;7;0.00;0.00;0;0;0
1;11;0.00;0.00;0;0;0
1;8;0.00;0.00;0;0;0
1;8;0.00;0.00;0;0;0
1;12;0.00;0.00;0;0;0
1;16;0.00;0.00;0;0;0
1;5;0.00;0.00;0;0;0
1;8;0.00;0.00;0;0;0
1;10;0.00;0.00;0;0;0
1;7;0.00;0.00;0;0;0
1;24;0.00;0.00;0;0;0
1;31;0.00;0.00;0;0;0
1;6;0.00;0.00;0;0;0
1;8;0.00;0.00;0;0;0
1;13;0.00;0.00;0;0;0
1;8;0.00;0.00;0;0;0
1;13;0.00;0.00;0;0;0
1;7;0.00;0.00;0;0;0
1;9;0.00;0.00;0;0;0
1;12;0.00;0.00;0;0;0
1;26;0.00;0.00;0;0;0
1;10;0.00;0.00;0;0;0
1;5;0.00;0.00;0;0;0
1;8;0.00;0.00;0;0;0
1;8;0.00;0.00;0;0;0
1;9;0.00;0.00;0;0;0
1;8;0.00;0.00;0;0;0
1;8;0.00;0.00;0;0;0
1;8;0.00;0.00;0;0;0
1;16;0.00;0.00;0;0;0
1;9;0.00;0.00;0;0;0
1;8;0.00;0.00;0;0;0
1;8;0.00;0.00;0;0;0
1;11;0.00;0.00;0;0;0
1;9;0.00;0.00;0;0;0
1;18;0.00;0.00;0;0;0
1;7;0.00;0.00;0;0;0
1;8;0.00;0.00;0;0;0
1;8;0.00;0.00;0;0;0
1;9;0.00;0.00;0;0;0
1;8;0.00;0.00;0;0;0
1;9;0.00;0.00;0;0;0
1;7;0.00;0.00;0;0;0
1;8;0.00;0.00;0;0;0
1;9;0.00;0.00;0;0;0
1;8;0.00;0.00;0;0;0
1;8;0.00;0.00;0;0;0
1;8;0.00;0.00;0;0;0
1;8;0.00;0.00;0;0;0
1;8;0.00;0.00;0;0;0
1;9;0.00;0.00;0;0;0
1;8;0.00;0.00;0;0;0
1;8;0.00;0.00;0;0;0
1;9;0.00;0.00;0;0;0
1;7;0.00;0.00;0;0;0
1;9;0.00;0.00;0;0;0
1;8;0.00;0.00;0;0;0
1;8;0.00;0.00;0;0;0
1;8;0.00;0.00;0;0;0
1;8;0.00;0.00;0;0;0
1;9;0.00;0.00;0;0;0
1;8;0.00;0.00;0;0;0
1;8;0.00;0.00;0;0;0
1;8;0.00;0.00;0;0;0
1;8;0.00;0.00;0;0;0
1;9;0.00;0.00;0;0;0
1;8;0.00;0.00;0;0;0
1;8;0.00;0.00;0;0;0
1;8;0.00;0.00;0;0;0
1;8;0.00;0.00;0;0;0
1;9;0.00;0.00;0;0;0
1;9;0.00;0.00;0;0;0
1;7;0.00;0.00;0;0;0
1;8;0.00;0.00;0;0;0
1;8;0.00;0.00;0;0;0
1;8;0.00;0.00;0;0;0
1;9;0.00;0.00;0;0;0
1;8;0.00;0.00;0;0;0
1;8;0.00;0.00;0;0;0
1;20;0.00;0.00;0;0;0
1;8;0.00;0.00;0;0;0
1;6;0.00;0.00;0;0;0
1;7;0.00;0.00;0;0;0
1;9;0.00;0.00;0;0;0
1;7;0.00;0.00;0;0;0
1;10;0.00;0.00;0;0;0
1;8;0.00;0.00;0;0;0
1;9;0.00;0.00;0;0;0
1;6;0.00;0.00;0;0;0
1;8;0.00;0.00;0;0;0
1;9;0.00;0.00;0;0;0
1;11;0.00;0.00;0;0;0
1;6;0.00;0.00;0;0;0
1;8;0.00;0.00;0;0;0
1;7;0.00;0.00;0;0;0
1;11;0.00;0.00;0;0;0
1;6;0.00;0.00;0;0;0
1;8;0.00;0.00;0;0;0
1;8;0.00;0.00;0;0;0
1;9;0.00;0.00;0;0;0
1;7;0.00;0.00;0;0;0
1;13;0.00;0.00;0;0;0
1;8;0.00;0.00;0;0;0
1;11;0.00;0.00;0;0;0
1;5;0.00;0.00;0;0;0
1;11;0.00;0.00;0;0;0
1;6;0.00;0.00;0;0;0
1;9;0.00;0.00;0;0;0
1;7;0.00;0.00;0;0;0
1;8;0.00;0.00;0;0;0
1;8;0.00;0.00;0;0;0
1;12;0.02;0.00;1;0;0
1;17;0.00;0.00;0;0;0
1;12;0.00;0.00;0;0;0
1;9;0.00;0.00;0;0;0
1;9;0.00;0.00;0;0;0
1;8;0.00;0.00;0;0;0
1;11;0.00;0.00;0;0;0
1;8;0.02;0.00;1;0;0
1;9;0.00;0.00;0;0;0
1;13;0.00;0.00;0;0;0
1;7;0.00;0.00;0;0;0
1;8;0.00;0.00;0;0;0
1;10;0.00;0.00;0;0;0
1;9;0.00;0.00;0;0;0
1;6;0.00;0.00;0;0;0
1;10;0.00;0.00;0;0;0
1;6;0.02;0.00;1;0;0
1;10;0.00;0.00;0;0;0
1;13;0.00;0.00;0;0;0
1;7;0.00;0.00;0;0;0
1;7;0.00;0.00;0;0;0
1;8;0.00;0.00;0;0;0
1;9;0.00;0.00;0;0;0
1;9;0.02;0.00;1;0;0
1;12;0.00;0.00;0;0;0
1;7;0.00;0.00;0;0;0
1;9;0.00;0.00;0;0;0
1;12;0.00;0.00;0;0;0
1;8;0.00;0.00;0;0;0
1;8;0.00;0.00;0;0;0
1;10;0.02;0.00;1;0;0
1;6;0.00;0.00;0;0;0
1;9;0.00;0.00;0;0;0
1;8;0.00;0.00;0;0;0
1;8;0.00;0.00;0;0;0
1;12;0.00;0.00;0;0;0
1;13;0.00;0.00;0;0;0
1;17;0.02;0.00;1;0;0
1;13;0.00;0.00;0;0;0
1;7;0.00;0.00;0;0;0
1;8;0.00;0.00;0;0;0
1;8;0.00;0.00;0;0;0
1;15;0.00;0.00;0;0;0
1;12;0.02;0.00;1;0;0
1;6;0.00;0.00;0;0;0
1;13;0.00;0.00;0;0;0
1;8;0.00;0.00;0;0;0
1;8;0.00;0.00;0;0;0
1;17;0.00;0.00;0;0;0
1;9;0.00;0.00;0;0;0
1;20;0.02;0.00;1;0;0
1;7;0.00;0.00;0;0;0
1;11;0.00;0.00;0;0;0
1;6;0.00;0.00;0;0;0
1;8;0.00;0.00;0;0;0
1;7;0.00;0.00;0;0;0
1;9;0.00;0.00;0;0;0
1;8;0.00;0.00;0;0;0
1;8;0.00;0.00;0;0;0
1;8;0.00;0.00;0;0;0
1;8;0.00;0.00;0;0;0
1;10;0.00;0.00;0;0;0
1;7;0.00;0.00;0;0;0
1;8;0.00;0.00;0;0;0
1;10;0.00;0.00;0;0;0
1;12;0.00;0.00;0;0;0
1;12;0.00;0.00;0;0;0
1;8;0.00;0.00;0;0;0
1;7;0.00;0.00;0;0;0
1;8;0.00;0.00;0;0;0
1;9;0.00;0.00;0;0;0
1;29;0.00;0.00;0;0;0
1;7;0.00;0.00;0;0;0
1;9;0.00;0.00;0;0;0
1;8;0.00;0.00;0;0;0
1;11;0.00;0.00;0;0;0
1;6;0.00;0.00;0;0;0
1;7;0.00;0.00;0;0;0
1;8;0.00;0.00;0;0;0
1;10;0.00;0.00;0;0;0
1;7;0.00;0.00;0;0;0
1;8;0.00;0.00;0;0;0
1;8;0.00;0.00;0;0;0
1;8;0.00;0.00;0;0;0
1;9;0.00;0.00;0;0;0
1;8;0.00;0.00;0;0;0
1;8;0.00;0.00;0;0;0
1;15;0.00;0.00;0;0;0
1;5;0.00;0.00;0;0;0
1;9;0.00;0.00;0;0;0
1;8;0.00;0.00;0;0;0
1;13;0.00;0.00;0;0;0
1;8;0.00;0.00;0;0;0
1;8;0.00;0.00;0;0;0
1;8;0.00;0.00;0;0;0
1;8;0.00;0.00;0;0;0
1;8;0.00;0.00;0;0;0
1;8;0.00;0.00;0;0;0
1;8;0.00;0.00;0;0;0
1;9;0.00;0.00;0;0;0
1;14;0.00;0.00;0;0;0
1;10;0.02;0.00;1;0;0
1;8;0.00;0.00;0;0;0
1;9;0.00;0.00;0;0;0
1;12;0.00;0.00;0;0;0
1;36;0.02;0.00;1;0;0
1;14;0.00;0.00;0;0;0
1;7;0.00;0.00;0;0;0
1;12;0.00;0.00;0;0;0
1;9;0.00;0.00;0;0;0
1;15;0.00;0.00;0;0;0
1;11;0.00;0.00;0;0;0
1;32;0.00;0.00;0;0;0
1;7;0.00;0.00;0;0;0
1;22;0.00;0.00;0;0;0
1;8;0.00;0.00;0;0;0
1;7;0.00;0.00;0;0;0
1;8;0.00;0.00;0;0;0
1;9;0.00;0.00;0;0;0
1;8;0.00;0.00;0;0;0
1;8;0.00;0.00;0;0;0
1;8;0.02;0.00;1;0;0
1;8;0.00;0.00;0;0;0
1;8;0.00;0.00;0;0;0
1;9;0.00;0.00;0;0;0
1;8;0.00;0.00;0;0;0
1;8;0.00;0.00;0;0;0
1;8;0.00;0.00;0;0;0
1;9;0.00;0.00;0;0;0
1;8;0.00;0.00;0;0;0
1;8;0.00;0.00;0;0;0
1;8;0.00;0.00;0;0;0
1;8;0.00;0.00;0;0;0
1;8;0.00;0.00;0;0;0
1;9;0.00;0.00;0;0;0
1;8;0.00;0.00;0;0;0
1;13;0.00;0.00;0;0;0
1;9;0.00;0.00;0;0;0
1;46;0.00;0.00;0;0;0
1;11;0.00;0.00;0;0;0
1;8;0.00;0.00;0;0;0
1;14;0.00;0.00;0;0;0
1;5;0.02;0.00;1;0;0
1;8;0.00;0.00;0;0;0
1;10;0.00;0.00;0;0;0
1;7;0.00;0.00;0;0;0
1;9;0.00;0.00;0;0;0
1;7;0.00;0.00;0;0;0
1;8;0.00;0.00;0;0;0
1;9;0.00;0.00;0;0;0
1;8;0.02;0.00;1;0;0
1;8;0.00;0.00;0;0;0
1;13;0.00;0.00;0;0;0
1;7;0.00;0.00;0;0;0
1;9;0.00;0.00;0;0;0
1;9;0.00;0.00;0;0;0
1;11;0.02;0.00;1;0;0
1;8;0.00;0.00;0;0;0
1;9;0.00;0.00;0;0;0
1;16;0.00;0.00;0;0;0
1;8;0.00;0.00;0;0;0
1;10;0.02;0.00;1;0;0
1;8;0.00;0.00;0;0;0
1;7;0.00;0.00;0;0;0
1;10;0.00;0.00;0;0;0
1;6;0.00;0.00;0;0;0
1;8;0.00;0.00;0;0;0
1;8;0.00;0.00;0;0;0
1;13;0.02;0.00;1;0;0
1;9;0.00;0.00;0;0;0
1;7;0.00;0.00;0;0;0
1;23;0.00;0.00;0;0;0
1;8;0.00;0.00;0;0;0
1;6;0.00;0.00;0;0;0
1;13;0.00;0.00;0;0;0
1;11;0.02;0.00;1;0;0
1;7;0.00;0.00;0;0;0
1;8;0.00;0.00;0;0;0
1;6;0.00;0.00;0;0;0
1;8;0.00;0.00;0;0;0
1;9;0.00;0.00;0;0;0
1;9;0.02;0.00;1;0;0
1;7;0.00;0.00;0;0;0
1;8;0.00;0.00;0;0;0
1;8;0.00;0.00;0;0;0
1;17;0.00;0.00;0;0;0
1;8;0.02;0.00;1;0;0
1;8;0.00;0.00;0;0;0
1;10;0.00;0.00;0;0;0
1;6;0.00;0.00;0;0;0
1;9;0.00;0.00;0;0;0
1;8;0.02;0.00;1;0;0
1;12;0.00;0.00;0;0;0
1;12;0.00;0.00;0;0;0
1;9;0.00;0.00;0;0;0
1;8;0.00;0.00;0;0;0
1;8;0.00;0.00;0;0;0
1;9;0.02;0.00;1;0;0
1;7;0.00;0.00;0;0;0
1;8;0.00;0.00;0;0;0
1;8;0.00;0.00;0;0;0
1;9;0.00;0.00;0;0;0
1;8;0.00;0.00;0;0;0
1;8;0.00;0.00;0;0;0
1;15;0.02;0.00;1;0;0
1;6;0.00;0.00;0;0;0
1;8;0.00;0.00;0;0;0
1;8;0.00;0.00;0;0;0
1;8;0.00;0.00;0;0;0
1;8;0.00;0.00;0;0;0
1;10;0.02;0.00;1;0;0
1;15;0.00;0.00;0;0;0
1;8;0.00;0.00;0;0;0
1;8;0.00;0.00;0;0;0
1;9;0.00;0.00;0;0;0
1;8;0.02;0.00;1;0;0
1;13;0.00;0.00;0;0;0
1;7;0.00;0.00;0;0;0
1;11;0.00;0.00;0;0;0
1;6;0.00;0.00;0;0;0
1;8;0.00;0.00;0;0;0
1;8;0.02;0.00;1;0;0
1;8;0.00;0.00;0;0;0
1;8;0.00;0.00;0;0;0
1;9;0.00;0.00;0;0;0
1;8;0.00;0.00;0;0;0
1;16;0.00;0.00;0;0;0
1;8;0.02;0.00;1;0;0
1;9;0.00;0.00;0;0;0
1;8;0.00;0.00;0;0;0
1;8;0.00;0.00;0;0;0
1;8;0.00;0.00;0;0;0
1;8;0.00;0.00;0;0;0
1;11;0.02;0.00;1;0;0
1;6;0.00;0.00;0;0;0
1;9;0.00;0.00;0;0;0
1;7;0.00;0.00;0;0;0
1;8;0.00;0.00;0;0;0
1;11;0.00;0.00;0;0;0
1;6;0.02;0.00;1;0;0
1;8;0.00;0.00;0;0;0
1;8;0.00;0.00;0;0;0
1;21;0.00;0.00;0;0;0
1;8;0.02;0.00;1;0;0
1;8;0.00;0.00;0;0;0
1;8;0.00;0.00;0;0;0
1;8;0.00;0.00;0;0;0
1;9;0.00;0.00;0;0;0
1;14;0.00;0.00;0;0;0
1;6;0.00;0.00;0;0;0
1;8;0.02;0.00;1;0;0
1;8;0.00;0.00;0;0;0
1;9;0.00;0.00;0;0;0
1;9;0.00;0.00;0;0;0
1;8;0.00;0.00;0;0;0
1;7;0.00;0.00;0;0;0
1;8;0.02;0.00;1;0;0
1;9;0.00;0.00;0;0;0
1;8;0.00;0.00;0;0;0
1;8;0.00;0.00;0;0;0
1;17;0.00;0.00;0;0;0
1;11;0.02;0.00;1;0;0
1;6;0.00;0.00;0;0;0
1;10;0.00;0.00;0;0;0
1;5;0.00;0.00;0;0;0
1;8;0.00;0.00;0;0;0
1;10;0.00;0.00;0;0;0
1;12;0.04;0.02;1;-1;0
1;7;0.00;0.00;0;0;0
1;8;0.00;0.00;0;0;0
1;8;0.00;0.00;0;0;0
1;9;0.01;0.02;0;-1;0
1;8;0.00;0.00;0;0;0
1;8;0.00;0.00;0;0;0
1;8;0.00;0.00;0;0;0
1;8;0.00;0.00;0;0;0
1;8;0.02;0.00;1;0;0
1;8;0.01;0.02;0;-1;0
1;12;0.00;0.00;0;0;0
1;5;0.00;0.00;0;0;0
1;9;0.00;0.00;0;0;0
1;7;0.02;0.00;1;0;0
1;12;0.00;0.00;0;0;0
1;9;0.00;0.00;0;0;0
1;9;0.00;0.00;0;0;0
1;7;0.00;0.00;0;0;0
1;9;0.04;0.02;1;-1;0
1;20;0.00;0.00;0;0;0
1;12;0.00;0.00;0;0;0
1;9;0.00;0.00;0;0;0
1;8;0.02;0.00;1;0;0
1;8;0.00;0.00;0;0;0
1;8;0.00;0.00;0;0;0
1;8;0.00;0.00;0;0;0
1;7;0.00;0.00;0;0;0
1;10;0.02;0.00;1;0;0
1;8;0.00;0.00;0;0;0
1;8;0.00;0.00;0;0;0
1;7;0.00;0.00;0;0;0
1;9;0.00;0.00;0;0;0
1;8;0.00;0.00;0;0;0
1;9;0.00;0.00;0;0;0
1;8;0.02;0.00;1;0;0
1;8;0.00;0.00;0;0;0
1;8;0.00;0.00;0;0;0
1;8;0.00;0.00;0;0;0
1;9;0.00;0.00;0;0;0
1;7;0.00;0.00;0;0;0
1;8;0.00;0.00;0;0;0
1;9;0.04;0.02;1;-1;0
1;9;0.00;0.00;0;0;0
1;7;0.00;0.00;0;0;0
1;8;0.00;0.00;0;0;0
1;8;0.00;0.00;0;0;0
1;8;0.00;0.00;0;0;0
1;8;0.02;0.00;1;0;0
1;9;0.00;0.00;0;0;0
1;9;0.01;0.02;0;-1;0
1;8;0.00;0.00;0;0;0
1;8;0.00;0.00;0;0;0
1;7;0.00;0.00;0;0;0
1;10;0.02;0.00;1;0;0
1;8;0.00;0.00;0;0;0
1;8;0.01;0.02;0;-1;0
1;7;0.00;0.00;0;0;0
1;9;0.00;0.00;0;0;0
1;8;0.00;0.00;0;0;0
1;8;0.02;0.00;1;0;0
1;12;0.00;0.00;0;0;0
1;5;0.01;0.02;0;-1;0
1;8;0.02;0.00;1;0;0
1;9;0.00;0.00;0;0;0
1;8;0.02;0.00;1;0;0
1;7;0.00;0.00;0;0;0
1;10;0.02;0.00;1;0;0
1;10;0.00;0.00;0;0;0
1;7;0.04;0.02;1;-1;0
1;7;0.00;0.00;0;0;0
1;9;0.02;0.00;1;0;0
1;7;0.00;0.00;0;0;0
1;8;0.02;0.00;1;0;0
1;7;0.00;0.00;0;0;0
1;11;0.02;0.00;1;0;0
1;7;0.00;0.00;0;0;0
1;8;0.02;0.00;1;0;0
1;8;0.00;0.00;0;0;0
1;8;0.01;0.02;0;-1;0
1;9;0.02;0.00;1;0;0
1;8;0.00;0.00;0;0;0
1;8;0.00;0.00;0;0;0
1;10;0.00;0.00;0;0;0
1;6;0.00;0.00;0;0;0
1;9;0.02;0.00;1;0;0
1;8;0.00;0.00;0;0;0
1;9;0.00;0.00;0;0;0
1;7;0.00;0.00;0;0;0
1;8;0.00;0.00;0;0;0
1;9;0.00;0.00;0;0;0
1;7;0.00;0.00;0;0;0
1;8;0.00;0.00;0;0;0
1;8;0.00;0.00;0;0;0
1;11;0.00;0.00;0;0;0
1;6;0.00;0.00;0;0;0
1;9;0.00;0.00;0;0;0
1;8;0.02;0.00;1;0;0
1;8;0.00;0.00;0;0;0
1;8;0.00;0.00;0;0;0
1;7;0.02;0.00;1;0;0
1;9;0.00;0.00;0;0;0
1;9;0.00;0.00;0;0;0
1;8;0.02;0.00;1;0;0
1;7;0.00;0.00;0;0;0
1;8;0.02;0.00;1;0;0
1;9;0.00;0.00;0;0;0
1;9;0.02;0.00;1;0;0
1;13;0.00;0.00;0;0;0
1;7;0.04;-0.02;1;0;-1
1;7;0.00;0.00;0;0;0
1;9;0.02;0.00;1;0;0
1;9;0.00;0.00;0;0;0
1;10;0.02;0.00;1;0;0
1;6;0.00;0.00;0;0;0
1;9;0.04;-0.02;1;0;-1
1;8;0.02;0.00;1;0;0
1;8;0.00;0.00;0;0;0
1;7;0.02;0.00;1;0;0
1;11;0.00;0.00;0;0;0
1;6;0.02;0.00;1;0;0
1;10;0.00;0.00;0;0;0
1;7;0.04;-0.02;1;0;-1
1;11;0.00;0.00;0;0;0
1;5;0.00;0.00;0;0;0
1;8;0.02;0.00;1;0;0
1;8;0.00;0.00;0;0;0
1;12;0.02;0.00;1;0;0
1;5;0.00;0.00;0;0;0
1;7;0.04;-0.02;1;0;-1
1;12;0.00;0.00;0;0;0
1;13;0.04;0.02;1;-1;0
1;11;0.00;0.00;0;0;0
1;18;0.02;0.00;1;0;0
1;9;0.00;0.00;0;0;0
1;8;0.01;0.02;0;-1;0
1;12;0.04;-0.02;1;0;-1
1;8;0.00;0.00;0;0;0
1;7;0.00;0.00;0;0;0
1;9;0.00;0.00;0;0;0
1;10;0.01;0.02;0;-1;0
1;7;0.00;0.00;0;0;0
1;8;0.02;0.00;1;0;0
1;8;0.00;0.00;0;0;0
1;10;0.00;0.00;0;0;0
1;10;0.00;0.00;0;0;0
1;5;0.00;0.00;0;0;0
1;8;0.00;0.00;0;0;0
1;9;0.00;0.00;0;0;0
1;8;0.00;0.00;0;0;0
1;7;0.02;0.00;1;0;0
1;8;0.00;0.00;0;0;0
1;9;0.00;0.00;0;0;0
1;7;0.00;0.00;0;0;0
1;8;0.00;0.00;0;0;0
1;13;0.00;0.00;0;0;0
1;5;0.02;0.00;1;0;0
1;8;0.00;0.00;0;0;0
1;10;0.01;-0.02;0;0;-1
1;6;0.02;0.00;1;0;0
1;9;0.00;0.00;0;0;0
1;8;0.02;0.00;1;0;0
1;8;0.00;0.00;0;0;0
1;9;0.00;0.00;0;0;0
1;7;0.02;0.00;1;0;0
1;12;0.01;-0.02;0;0;-1
1;5;0.02;0.00;1;0;0
1;9;0.00;0.00;0;0;0
1;7;0.02;0.00;1;0;0
1;12;0.04;0.02;1;-1;0
1;10;0.01;-0.02;0;0;-1
1;18;0.02;0.00;1;0;0
1;6;0.02;0.00;1;0;0
1;7;0.00;0.00;0;0;0
1;9;0.00;0.00;0;0;0
1;8;0.02;0.00;1;0;0
1;7;0.02;0.00;0;-1;-1
1;8;0.02;0.00;1;0;0
1;8;0.00;0.00;0;0;0
1;9;0.02;0.00;1;0;0
1;8;0.00;0.00;0;0;0
1;8;0.04;0.02;1;-1;0
1;9;0.00;0.00;0;0;0
1;11;0.02;0.00;1;0;0
1;9;0.00;0.00;0;0;0
1;8;0.02;0.00;1;0;0
1;8;0.01;0.02;0;-1;0
1;8;0.00;0.00;0;0;0
1;8;0.02;0.00;1;0;0
1;9;0.00;0.00;0;0;0
1;8;0.00;0.00;0;0;0
1;8;0.00;0.00;0;0;0
1;8;0.02;0.00;1;0;0
1;8;0.01;0.02;0;-1;0
1;9;0.00;0.00;0;0;0
1;8;0.00;0.00;0;0;0
1;8;0.00;0.00;0;0;0
1;8;0.00;0.00;0;0;0
1;9;0.00;0.00;0;0;0
1;7;0.00;0.00;0;0;0
1;9;0.00;0.00;0;0;0
1;8;0.02;0.00;1;0;0
1;9;0.00;0.00;0;0;0
1;7;0.00;0.00;0;0;0
1;8;0.00;0.00;0;0;0
1;10;0.00;0.00;0;0;0
1;8;0.00;0.00;0;0;0
1;8;0.00;0.00;0;0;0
1;7;0.02;0.00;1;0;0
1;8;0.00;0.00;0;0;0
1;9;0.00;0.00;0;0;0
1;8;0.00;0.00;0;0;0
1;8;0.02;0.00;1;0;0
1;8;0.00;0.00;0;0;0
1;8;0.00;0.00;0;0;0
1;9;0.04;-0.02;1;0;-1
1;9;0.00;0.00;0;0;0
1;7;0.00;0.00;0;0;0
1;8;0.02;0.00;1;0;0
1;8;0.00;0.00;0;0;0
1;11;0.02;0.00;1;0;0
1;7;0.00;0.00;0;0;0
1;8;0.02;0.00;1;0;0
1;8;0.00;0.00;0;0;0
1;10;0.04;-0.02;1;0;-1
1;7;0.00;0.00;0;0;0
1;8;0.02;0.00;1;0;0
1;8;0.02;0.00;1;0;0
1;7;0.00;0.00;0;0;0
1;8;0.02;0.00;1;0;0
1;13;0.05;0.00;1;-1;-1
1;20;0.02;0.00;1;0;0
1;5;0.00;0.00;0;0;0
1;8;0.02;0.00;1;0;0
1;7;0.00;0.00;0;0;0
1;10;0.05;0.00;1;-1;-1
1;6;0.00;0.00;0;0;0
1;8;0.02;0.00;1;0;0
1;10;0.00;0.00;0;0;0
1;6;0.02;0.00;1;0;0
1;8;0.01;0.02;0;-1;0
1;8;0.00;0.00;0;0;0
1;10;0.02;0.00;1;0;0
1;7;0.00;0.00;0;0;0
1;8;0.00;0.00;0;0;0
1;8;0.02;0.00;1;0;0
1;10;0.00;0.00;0;0;0
1;7;0.00;0.00;0;0;0
1;9;0.00;0.00;0;0;0
1;7;0.02;0.00;1;0;0
1;9;0.00;0.00;0;0;0
1;8;0.00;0.00;0;0;0
1;8;0.00;0.00;0;0;0
1;7;0.00;0.00;0;0;0
1;8;0.00;0.00;0;0;0
1;9;0.00;0.00;0;0;0
1;8;0.00;0.00;0;0;0
1;8;0.00;0.00;0;0;0
1;8;0.02;0.00;1;0;0
1;9;0.00;0.00;0;0;0
1;7;0.00;0.00;0;0;0
1;9;0.00;0.00;0;0;0
1;8;0.00;0.00;0;0;0
1;12;0.00;0.00;0;0;0
1;8;0.00;0.00;0;0;0
1;9;0.00;0.00;0;0;0
1;8;0.02;0.00;1;0;0
1;9;0.00;0.00;0;0;0
1;8;0.00;0.00;0;0;0
1;7;0.01;-0.02;0;0;-1
1;9;0.00;0.00;0;0;0
1;8;0.00;0.00;0;0;0
1;8;0.02;0.00;1;0;0
1;8;0.00;0.00;0;0;0
1;8;0.00;0.00;0;0;0
1;9;0.02;0.00;1;0;0
1;9;0.01;-0.02;0;0;-1
1;7;0.00;0.00;0;0;0
1;8;0.02;0.00;1;0;0
1;8;0.00;0.00;0;0;0
1;8;0.02;0.00;1;0;0
1;9;0.00;0.00;0;0;0
1;12;0.02;0.00;1;0;0
1;5;0.00;0.00;0;0;0
1;7;0.04;-0.02;1;0;-1
1;8;0.00;0.00;0;0;0
1;12;0.02;0.00;1;0;0
1;11;0.02;0.00;1;0;0
1;7;0.00;0.00;0;0;0
1;7;0.02;0.00;1;0;0
1;10;0.04;-0.02;1;0;-1
1;8;0.00;0.00;0;0;0
1;7;0.02;0.00;1;0;0
1;8;0.00;0.00;0;0;0
1;10;0.02;0.00;1;0;0
1;7;0.00;0.00;0;0;0
1;8;0.02;0.00;1;0;0
1;9;0.01;-0.02;0;0;-1
1;8;0.00;0.00;0;0;0
1;7;0.02;0.00;1;0;0
1;11;0.00;0.00;0;0;0
1;7;0.00;0.00;0;0;0
1;7;0.00;0.00;0;0;0
1;9;0.00;0.00;0;0;0
1;8;0.02;0.00;1;0;0
1;8;0.00;0.00;0;0;0
1;9;0.00;0.00;0;0;0
1;16;0.00;0.00;0;0;0
1;8;0.00;0.00;0;0;0
1;7;0.00;0.00;0;0;0
1;8;0.00;0.00;0;0;0
1;9;0.00;0.00;0;0;0
1;8;0.00;0.00;0;0;0
1;8;0.00;0.00;0;0;0
1;8;0.02;0.00;1;0;0
1;8;0.00;0.00;0;0;0
1;9;0.00;0.00;0;0;0
1;9;0.00;0.00;0;0;0
1;8;0.00;0.00;0;0;0
1;8;0.00;0.00;0;0;0
1;7;0.00;0.00;0;0;0
1;9;0.02;0.00;1;0;0
1;8;0.00;0.00;0;0;0
1;8;0.00;0.00;0;0;0
1;8;0.00;0.00;0;0;0
1;8;0.01;-0.02;0;0;-1
1;9;0.00;0.00;0;0;0
1;8;0.02;0.00;1;0;0
1;8;0.00;0.00;0;0;0
1;8;0.00;0.00;0;0;0
1;9;0.00;0.00;0;0;0
1;9;0.02;0.00;1;0;0
1;7;0.01;-0.02;0;0;-1
1;8;0.00;0.00;0;0;0
1;10;0.02;0.00;1;0;0
1;7;0.00;0.00;0;0;0
1;7;0.02;0.00;1;0;0
1;10;0.00;0.00;0;0;0
1;7;0.02;0.00;1;0;0
1;8;0.01;-0.02;0;0;-1
1;8;0.02;0.00;1;0;0
1;8;0.00;0.00;0;0;0
1;9;0.02;0.00;1;0;0
1;8;0.00;0.00;0;0;0
1;8;0.02;0.00;1;0;0
1;8;0.02;0.00;1;0;0
1;12;0.01;-0.02;0;0;-1
1;6;0.02;0.00;1;0;0
1;7;0.00;0.00;0;0;0
1;8;0.02;0.00;1;0;0
1;8;0.00;0.00;0;0;0
1;8;0.02;0.00;1;0;0
1;9;0.01;-0.02;0;0;-1
1;11;0.02;0.00;1;0;0
1;6;0.00;0.00;0;0;0
1;9;0.02;0.00;1;0;0
1;7;0.00;0.00;0;0;0
1;7;0.00;0.00;0;0;0
1;10;0.02;0.00;1;0;0
1;11;0.01;-0.02;0;0;-1
1;6;0.00;0.00;0;0;0
1;7;0.02;0.00;1;0;0
1;8;0.00;0.00;0;0;0
1;11;0.00;0.00;0;0;0
1;6;0.00;0.00;0;0;0
1;8;0.02;0.00;1;0;0
1;8;0.01;-0.02;0;0;-1
1;14;0.00;0.00;0;0;0
1;7;0.00;0.00;0;0;0
1;8;0.00;0.00;0;0;0
1;11;0.00;0.00;0;0;0
1;5;0.01;0.02;0;-1;0
1;13;0.01;-0.02;0;0;-1
1;23;0.00;0.00;0;0;0
1;6;0.02;0.00;1;0;0
1;7;0.00;0.00;0;0;0
1;9;0.00;0.00;0;0;0
1;7;0.00;0.00;0;0;0
1;8;0.02;0.00;1;0;0
1;8;0.01;-0.02;0;0;-1
1;8;0.02;0.00;1;0;0
1;9;0.00;0.00;0;0;0
1;8;0.00;0.00;0;0;0
1;8;0.02;0.00;1;0;0
1;8;0.00;0.00;0;0;0
1;8;0.02;0.00;1;0;0
1;9;0.00;0.00;0;0;0
1;8;0.04;-0.02;1;0;-1
1;8;0.00;0.00;0;0;0
1;8;0.02;0.00;1;0;0
1;8;0.00;0.00;0;0;0
1;9;0.02;0.00;1;0;0
1;8;0.00;0.00;0;0;0
1;8;0.04;-0.02;1;0;-1
1;8;0.00;0.00;0;0;0
1;8;0.02;0.00;1;0;0
1;8;0.00;0.00;0;0;0
1;10;0.02;0.00;1;0;0
1;8;0.00;0.00;0;0;0
1;8;0.02;0.00;1;0;0
1;7;0.01;-0.02;0;0;-1
1;8;0.02;0.00;1;0;0
1;9;0.00;0.00;0;0;0
1;8;0.00;0.00;0;0;0
1;8;0.02;0.00;1;0;0
1;8;0.00;0.00;0;0;0
1;15;0.02;0.00;1;0;0
1;7;0.01;-0.02;0;0;-1
1;8;0.02;0.00;1;0;0
1;9;0.00;0.00;0;0;0
1;7;0.02;0.00;1;0;0
1;7;0.00;0.00;0;0;0
1;9;0.02;0.00;1;0;0
1;8;0.00;0.00;0;0;0
1;18;0.04;-0.02;1;0;-1
1;14;0.02;0.00;1;0;0
1;19;0.02;0.00;1;0;0
1;10;0.00;0.00;0;0;0
1;5;0.02;0.00;1;0;0
1;11;0.00;0.00;0;0;0
1;6;0.02;0.00;1;0;0
1;10;0.01;-0.02;0;0;-1
1;5;0.02;0.00;1;0;0
1;8;0.00;0.00;0;0;0
1;9;0.02;0.00;1;0;0
1;10;0.00;0.00;0;0;0
1;10;0.02;0.00;1;0;0
1;16;0.02;0.00;1;0;0
1;25;0.02;0.00;1;0;0
1;5;0.01;-0.02;0;0;-1
1;26;0.04;0.02;1;-1;0
1;7;0.00;0.00;0;0;0
1;13;0.00;0.00;0;0;0
1;7;0.01;0.02;0;-1;0
1;11;0.02;0.00;1;0;0
1;6;0.00;0.00;0;0;0
1;8;0.00;0.00;0;0;0
1;15;0.00;0.00;0;0;0
1;8;0.00;0.00;0;0;0
1;9;0.00;0.00;0;0;0
1;8;0.00;0.00;0;0;0
1;9;0.00;0.00;0;0;0
1;7;0.00;0.00;0;0;0
1;8;0.02;0.00;1;0;0
1;9;0.00;0.00;0;0;0
1;11;0.00;0.00;0;0;0
1;54;0.05;0.00;2;0;0
1;7;0.00;0.00;0;0;0
1;8;0.02;0.00;1;0;0
1;22;0.04;-0.02;1;0;-1
1;9;0.02;0.00;1;0;0
1;10;0.00;0.00;0;0;0
1;9;0.02;0.00;1;0;0
1;22;0.02;0.00;1;0;0
1;12;0.02;0.00;1;0;0
1;10;0.04;-0.02;1;0;-1
1;7;0.00;0.00;0;0;0
1;10;0.02;0.00;1;0;0
1;8;0.00;0.00;0;0;0
1;6;0.02;0.00;1;0;0
1;9;0.00;0.00;0;0;0
1;8;0.02;0.00;1;0;0
1;7;0.00;0.00;0;0;0
1;8;0.01;-0.02;0;0;-1
1;8;0.00;0.00;0;0;0
1;9;0.02;0.00;1;0;0
1;8;0.00;0.00;0;0;0
1;8;0.00;0.00;0;0;0
1;8;0.00;0.00;0;0;0
1;10;0.01;-0.02;0;0;-1
1;7;0.00;0.00;0;0;0
1;8;0.02;0.00;1;0;0
1;8;0.00;0.00;0;0;0
1;8;0.01;0.02;0;-1;0
1;8;0.00;0.00;0;0;0
1;8;0.00;0.00;0;0;0
1;9;0.00;0.00;0;0;0
1;8;0.00;0.00;0;0;0
1;8;0.00;0.00;0;0;0
1;8;0.00;0.00;0;0;0
1;8;0.02;0.00;1;0;0
1;9;0.00;0.00;0;0;0
1;8;0.00;0.00;0;0;0
1;8;0.00;0.00;0;0;0
1;8;0.00;0.00;0;0;0
1;8;0.00;0.00;0;0;0
1;9;0.00;0.00;0;0;0
1;8;0.02;0.00;1;0;0
1;8;0.00;0.00;0;0;0
1;8;0.01;-0.02;0;0;-1
1;9;0.00;0.00;0;0;0
1;10;0.00;0.00;0;0;0
1;6;0.00;0.00;0;0;0
1;8;0.02;0.00;1;0;0
1;8;0.00;0.00;0;0;0
1;8;0.00;0.00;0;0;0
1;9;0.02;0.00;1;0;0
1;8;0.00;0.00;0;0;0
1;8;0.01;-0.02;0;0;-1
1;8;0.02;0.00;1;0;0
1;8;0.00;0.00;0;0;0
1;8;0.02;0.00;1;0;0
1;9;0.00;0.00;0;0;0
1;8;0.02;0.00;1;0;0
1;9;0.00;0.00;0;0;0
1;7;0.02;0.00;1;0;0
1;8;0.00;0.00;0;0;0
1;9;0.04;-0.02;1;0;-1
1;9;0.02;0.00;1;0;0
1;8;0.00;0.00;0;0;0
1;12;0.02;0.00;1;0;0
1;7;0.00;0.00;0;0;0
1;10;0.04;-0.02;1;0;-1
1;10;0.02;0.00;1;0;0
1;10;0.00;0.00;0;0;0
1;8;0.02;0.00;1;0;0
1;8;0.00;0.00;0;0;0
1;16;0.04;-0.02;1;0;-1
1;11;0.02;0.00;1;0;0
1;6;0.00;0.00;0;0;0
1;9;0.00;0.00;0;0;0
1;8;0.02;0.00;1;0;0
1;11;0.01;-0.02;0;0;-1
1;8;0.00;0.00;0;0;0
1;8;0.00;0.00;0;0;0
1;12;0.00;0.00;0;0;0
1;7;0.02;0.00;1;0;0
1;7;0.00;0.00;0;0;0
1;7;0.01;-0.02;0;0;-1
1;11;0.00;0.00;0;0;0
1;7;0.00;0.00;0;0;0
1;7;0.00;0.00;0;0;0
1;11;0.00;0.00;0;0;0
1;6;0.00;0.00;0;0;0
1;8;0.00;0.00;0;0;0
1;7;0.00;0.00;0;0;0
1;9;0.04;-0.02;1;0;-1
1;8;0.00;0.00;0;0;0
1;8;0.00;0.00;0;0;0
1;8;0.00;0.00;0;0;0
1;8;0.00;0.00;0;0;0
1;10;0.00;0.00;0;0;0
1;7;0.00;0.00;0;0;0
1;8;0.02;0.00;1;0;0
1;9;0.00;0.00;0;0;0
1;9;0.01;-0.02;0;0;-1
1;8;0.00;0.00;0;0;0
1;7;0.00;0.00;0;0;0
1;9;0.00;0.00;0;0;0
1;8;0.00;0.00;0;0;0
1;9;0.02;0.00;1;0;0
1;7;0.00;0.00;0;0;0
1;8;0.01;-0.02;0;0;-1
1;9;0.00;0.00;0;0;0
1;9;0.00;0.00;0;0;0
1;7;0.00;0.00;0;0;0
1;8;0.00;0.00;0;0;0
1;8;0.02;0.00;1;0;0
1;8;0.00;0.00;0;0;0
1;8;0.04;-0.02;1;0;-1
1;15;0.00;0.00;0;0;0
1;6;0.00;0.00;0;0;0
1;8;0.02;0.00;1;0;0
1;8;0.00;0.00;0;0;0
1;11;0.02;0.00;1;0;0
1;6;0.00;0.00;0;0;0
1;21;0.04;-0.02;1;0;-1
1;7;0.02;0.00;1;0;0
1;17;0.02;0.00;1;0;0
1;8;0.01;-0.02;0;0;-1
1;8;0.02;0.00;1;0;0
1;8;0.00;0.00;0;0;0
1;11;0.02;0.00;1;0;0
1;6;0.00;0.00;0;0;0
1;8;0.04;-0.02;1;0;-1
1;9;0.00;0.00;0;0;0
1;7;0.00;0.00;0;0;0
1;8;0.02;0.00;1;0;0
1;11;0.01;-0.02;0;0;-1
1;9;0.02;0.00;1;0;0
1;5;0.00;0.00;0;0;0
1;8;0.00;0.00;0;0;0
1;8;0.00;0.00;0;0;0
1;8;0.00;0.00;0;0;0
1;11;0.04;-0.02;1;0;-1
1;13;0.00;0.00;0;0;0
1;13;0.00;0.00;0;0;0
1;5;0.00;0.00;0;0;0
1;7;0.01;-0.02;0;0;-1
1;9;0.00;0.00;0;0;0
1;18;0.00;0.00;0;0;0
1;6;0.00;0.00;0;0;0
1;9;0.00;0.00;0;0;0
1;8;0.02;0.00;1;0;0
1;20;0.00;0.00;0;0;0
1;24;0.01;-0.02;0;0;-1
1;6;0.00;0.00;0;0;0
1;13;0.02;0.00;1;0;0
1;6;0.00;0.00;0;0;0
1;8;0.00;0.00;0;0;0
1;9;0.01;-0.02;0;0;-1
1;12;0.00;0.00;0;0;0
1;8;0.00;0.00;0;0;0
1;8;0.02;0.00;1;0;0
1;9;0.00;0.00;0;0;0
1;8;0.00;0.00;0;0;0
1;8;0.01;-0.02;0;0;-1
1;8;0.00;0.00;0;0;0
1;9;0.02;0.00;1;0;0
1;7;0.00;0.00;0;0;0
1;9;0.00;0.00;0;0;0
1;8;0.02;0.00;1;0;0
1;8;0.00;0.00;0;0;0
1;8;0.01;-0.02;0;0;-1
1;8;0.02;0.00;1;0;0
1;9;0.00;0.00;0;0;0
1;8;0.02;0.00;1;0;0
1;8;0.00;0.00;0;0;0
1;8;0.02;0.00;1;0;0
1;8;0.00;0.00;0;0;0
1;9;0.04;-0.02;1;0;-1
1;8;0.00;0.00;0;0;0
1;14;0.02;0.00;1;0;0
1;10;0.02;0.00;1;0;0
1;17;0.04;-0.02;1;0;-1
1;8;0.00;0.00;0;0;0
1;9;0.02;0.00;1;0;0
1;13;0.02;0.00;1;0;0
1;8;0.00;0.00;0;0;0
1;7;0.01;-0.02;0;0;-1
1;8;0.00;0.00;0;0;0
1;8;0.02;0.00;1;0;0
1;8;0.00;0.00;0;0;0
1;8;0.00;0.00;0;0;0
1;9;0.01;-0.02;0;0;-1
1;8;0.00;0.00;0;0;0
1;9;0.00;0.00;0;0;0
1;7;0.00;0.00;0;0;0
1;8;0.00;0.00;0;0;0
1;10;0.00;0.00;0;0;0
1;7;0.01;-0.02;0;0;-1
1;8;0.02;0.00;1;0;0
1;8;0.00;0.00;0;0;0
1;8;0.00;0.00;0;0;0
1;9;0.00;0.00;0;0;0
1;8;0.00;0.00;0;0;0
1;8;0.00;0.00;0;0;0
1;8;0.00;0.00;0;0;0
1;8;0.04;-0.02;1;0;-1
1;9;0.00;0.00;0;0;0
1;8;0.00;0.00;0;0;0
1;14;0.00;0.00;0;0;0
1;13;0.00;0.00;0;0;0
1;9;0.00;0.00;0;0;0
1;6;0.00;0.00;0;0;0
1;8;0.04;-0.02;1;0;-1
1;17;0.00;0.00;0;0;0
1;6;0.00;0.00;0;0;0
1;9;0.00;0.00;0;0;0
1;15;0.02;0.00;1;0;0
1;10;0.01;-0.02;0;0;-1
1;7;0.00;0.00;0;0;0
1;9;0.00;0.00;0;0;0
1;8;0.00;0.00;0;0;0
1;8;0.00;0.00;0;0;0
1;14;0.02;0.00;1;0;0
1;14;0.01;-0.02;0;0;-1
1;6;0.00;0.00;0;0;0
1;7;0.00;0.00;0;0;0
1;9;0.00;0.00;0;0;0
1;7;0.02;0.00;1;0;0
1;11;0.01;-0.02;0;0;-1
1;9;0.00;0.00;0;0;0
1;6;0.00;0.00;0;0;0
1;7;0.00;0.00;0;0;0
1;8;0.00;0.00;0;0;0
1;9;0.00;0.00;0;0;0
1;8;0.02;0.00;1;0;0
1;8;0.01;-0.02;0;0;-1
1;10;0.00;0.00;0;0;0
1;8;0.00;0.00;0;0;0
1;43;0.04;-0.02;1;0;-1
1;9;0.00;0.00;0;0;0
1;23;0.00;0.00;0;0;0
1;6;0.02;0.00;1;0;0
1;7;0.00;0.00;0;0;0
1;15;0.01;-0.02;0;0;-1
1;7;0.00;0.00;0;0;0
1;7;0.00;0.00;0;0;0
1;9;0.00;0.00;0;0;0
1;7;0.02;0.00;1;0;0
1;9;0.01;-0.02;0;0;-1
1;8;0.00;0.00;0;0;0
1;8;0.00;0.00;0;0;0
1;8;0.00;0.00;0;0;0
1;11;0.02;0.00;1;0;0
1;7;0.01;-0.02;0;0;-1
1;10;0.00;0.00;0;0;0
1;6;0.00;0.00;0;0;0
1;8;0.00;0.00;0;0;0
1;7;0.00;0.00;0;0;0
1;9;0.00;0.00;0;0;0
1;8;0.02;0.00;1;0;0
1;8;0.01;-0.02;0;0;-1
1;8;0.00;0.00;0;0;0
1;8;0.00;0.00;0;0;0
1;9;0.00;0.00;0;0;0
1;11;0.00;0.00;0;0;0
1;6;0.02;0.00;1;0;0
1;10;0.01;-0.02;0;0;-1
1;20;0.00;0.00;0;0;0
1;16;0.02;0.00;1;0;0
1;31;0.01;-0.02;0;0;-1
1;21;0.02;0.00;1;0;0
1;7;0.00;0.00;0;0;0
1;13;0.01;-0.02;0;0;-1
1;17;0.00;0.00;0;0;0
1;13;0.02;0.00;1;0;0
1;10;0.01;-0.02;0;0;-1
1;6;0.00;0.00;0;0;0
1;7;0.00;0.00;0;0;0
1;15;0.00;0.00;0;0;0
1;6;0.00;0.00;0;0;0
1;19;0.02;0.00;1;0;0
1;8;0.01;-0.02;0;0;-1
1;7;0.00;0.00;0;0;0
1;6;0.00;0.00;0;0;0
1;11;0.02;0.00;1;0;0
1;7;0.00;0.00;0;0;0
1;7;0.00;0.00;0;0;0
1;8;0.00;0.00;0;0;0
1;8;0.01;-0.02;0;0;-1
1;9;0.00;0.00;0;0;0
1;8;0.00;0.00;0;0;0
1;8;0.02;0.00;1;0;0
1;8;0.00;0.00;0;0;0
1;8;0.00;0.00;0;0;0
1;12;0.01;-0.02;0;0;-1
1;5;0.00;0.00;0;0;0
1;8;0.00;0.00;0;0;0
1;8;0.02;0.00;1;0;0
1;8;0.00;0.00;0;0;0
1;9;0.00;0.00;0;0;0
1;8;0.00;0.00;0;0;0
1;8;0.01;-0.02;0;0;-1
1;8;0.00;0.00;0;0;0
1;8;0.00;0.00;0;0;0
1;8;0.02;0.00;1;0;0
1;13;0.00;0.00;0;0;0
1;10;0.01;-0.02;0;0;-1
1;6;0.00;0.00;0;0;0
1;9;0.00;0.00;0;0;0
1;8;0.02;0.00;1;0;0
1;9;0.00;0.00;0;0;0
1;7;0.00;0.00;0;0;0
1;8;0.00;0.00;0;0;0
1;8;0.01;-0.02;0;0;-1
1;8;0.00;0.00;0;0;0
1;9;0.02;0.00;1;0;0
1;8;0.00;0.00;0;0;0
1;8;0.00;0.00;0;0;0
1;8;0.00;0.00;0;0;0
1;8;0.00;0.00;0;0;0
1;9;0.01;-0.02;0;0;-1
1;11;0.02;0.00;1;0;0
1;5;0.00;0.00;0;0;0
1;8;0.00;0.00;0;0;0
1;8;0.00;0.00;0;0;0
1;13;0.01;-0.02;0;0;-1
1;5;0.00;0.00;0;0;0
1;8;0.02;0.00;1;0;0
1;7;0.00;0.00;0;0;0
1;9;0.00;0.00;0;0;0
1;8;0.00;0.00;0;0;0
1;13;0.01;-0.02;0;0;-1
1;13;0.02;0.00;1;0;0
1;7;0.00;0.00;0;0;0
1;7;0.00;0.00;0;0;0
1;14;0.00;0.00;0;0;0
1;7;0.00;0.00;0;0;0
1;11;0.02;0.00;1;0;0
1;6;0.01;-0.02;0;0;-1
1;8;0.00;0.00;0;0;0
1;8;0.00;0.00;0;0;0
1;8;0.00;0.00;0;0;0
1;8;0.00;0.00;0;0;0
1;9;0.00;0.00;0;0;0
1;7;0.04;-0.02;1;0;-1
1;14;0.00;0.00;0;0;0
1;7;0.00;0.00;0;0;0
1;8;0.00;0.00;0;0;0
1;8;0.00;0.00;0;0;0
1;9;0.00;0.00;0;0;0
1;8;0.04;-0.02;1;0;-1
1;8;0.00;0.00;0;0;0
1;8;0.00;0.00;0;0;0
1;8;0.00;0.00;0;0;0
1;8;0.00;0.00;0;0;0
1;9;0.00;0.00;0;0;0
1;12;0.02;0.00;1;0;0
1;9;0.01;-0.02;0;0;-1
1;7;0.00;0.00;0;0;0
1;9;0.00;0.00;0;0;0
1;8;0.00;0.00;0;0;0
1;8;0.00;0.00;0;0;0
1;8;0.02;0.00;1;0;0
1;8;0.00;0.00;0;0;0
1;9;0.00;0.00;0;0;0
1;8;0.01;-0.02;0;0;-1
1;8;0.00;0.00;0;0;0
1;8;0.00;0.00;0;0;0
1;8;0.02;0.00;1;0;0
1;8;0.00;0.00;0;0;0
1;9;0.00;0.00;0;0;0
1;11;0.00;0.00;0;0;0
1;6;0.01;-0.02;0;0;-1
1;7;0.00;0.00;0;0;0
1;8;0.02;0.00;1;0;0
1;9;0.00;0.00;0;0;0
1;8;0.00;0.00;0;0;0
1;8;0.00;0.00;0;0;0
1;8;0.00;0.00;0;0;0
1;9;0.01;-0.02;0;0;-1
1;8;0.00;0.00;0;0;0
1;8;0.02;0.00;1;0;0
1;8;0.00;0.00;0;0;0
1;8;0.00;0.00;0;0;0
1;8;0.00;0.00;0;0;0
1;9;0.00;0.00;0;0;0
1;8;0.01;-0.02;0;0;-1
1;8;0.00;0.00;0;0;0
1;8;0.02;0.00;1;0;0
1;12;0.00;0.00;0;0;0
1;9;0.00;0.00;0;0;0
1;8;0.00;0.00;0;0;0
1;11;0.00;0.00;0;0;0
1;5;0.04;-0.02;1;0;-1
1;8;0.00;0.00;0;0;0
1;17;0.00;0.00;0;0;0
1;18;0.00;0.00;0;0;0
1;8;0.02;0.00;1;0;0
1;7;0.01;-0.02;0;0;-1
1;8;0.00;0.00;0;0;0
1;8;0.00;0.00;0;0;0
1;8;0.00;0.00;0;0;0
1;8;0.00;0.00;0;0;0
1;8;0.00;0.00;0;0;0
1;9;0.02;0.00;1;0;0
1;8;0.01;-0.02;0;0;-1
1;8;0.00;0.00;0;0;0
1;9;0.00;0.00;0;0;0
1;7;0.00;0.00;0;0;0
1;9;0.00;0.00;0;0;0
1;10;0.00;0.00;0;0;0
1;6;0.02;0.00;1;0;0
1;8;0.01;-0.02;0;0;-1
1;8;0.00;0.00;0;0;0
1;12;0.00;0.00;0;0;0
1;5;0.00;0.00;0;0;0
1;8;0.00;0.00;0;0;0
1;10;0.02;0.00;1;0;0
1;6;0.00;0.00;0;0;0
1;9;0.00;0.00;0;0;0
1;8;0.01;-0.02;0;0;-1
1;8;0.00;0.00;0;0;0
1;8;0.00;0.00;0;0;0
1;8;0.00;0.00;0;0;0
1;9;0.02;0.00;1;0;0
1;8;0.00;0.00;0;0;0
1;8;0.00;0.00;0;0;0
1;8;0.00;0.00;0;0;0
1;8;0.01;-0.02;0;0;-1
1;8;0.00;0.00;0;0;0
1;9;0.02;0.00;1;0;0
1;8;0.00;0.00;0;0;0
1;8;0.00;0.00;0;0;0
1;8;0.00;0.00;0;0;0
1;9;0.00;0.00;0;0;0
1;8;0.01;-0.02;0;0;-1
1;8;0.00;0.00;0;0;0
1;8;0.00;0.00;0;0;0
1;8;0.02;0.00;1;0;0
1;16;0.00;0.00;0;0;0
1;5;0.00;0.00;0;0;0
1;8;0.00;0.00;0;0;0
1;12;0.01;-0.02;0;0;-1
1;8;0.02;0.00;1;0;0
1;9;0.00;0.00;0;0;0
1;8;0.00;0.00;0;0;0
1;14;0.01;-0.02;0;0;-1
1;6;0.00;0.00;0;0;0
1;8;0.00;0.00;0;0;0
1;13;0.04;-0.02;1;0;-1
1;8;0.00;0.00;0;0;0
1;9;0.01;-0.02;0;0;-1
1;7;0.00;0.00;0;0;0
1;8;0.01;-0.02;0;0;-1
1;9;0.00;0.00;0;0;0
1;8;0.01;-0.02;0;0;-1
1;12;0.02;0.00;1;0;0
1;10;0.01;-0.02;0;0;-1
1;7;0.00;0.00;0;0;0
1;8;0.01;-0.02;0;0;-1
1;8;0.00;0.00;0;0;0
1;8;0.01;-0.02;0;0;-1
1;8;0.00;0.00;0;0;0
1;8;0.04;-0.02;1;0;-1
1;10;0.01;-0.02;0;0;-1
1;7;0.00;0.00;0;0;0
1;8;0.01;-0.02;0;0;-1
1;8;0.00;0.00;0;0;0
1;8;0.01;-0.02;0;0;-1
1;9;0.02;0.00;1;0;0
1;8;0.01;-0.02;0;0;-1
1;8;0.00;0.00;0;0;0
1;8;0.00;0.00;0;0;0
1;8;0.01;-0.02;0;0;-1
1;9;0.00;0.00;0;0;0
1;8;0.02;0.00;1;0;0
1;8;0.00;0.00;0;0;0
1;11;0.00;0.00;0;0;0
1;5;0.01;-0.02;0;0;-1
1;9;0.00;0.00;0;0;0
1;8;0.00;0.00;0;0;0
1;11;0.02;0.00;1;0;0
1;6;0.00;0.00;0;0;0
1;7;0.00;0.00;0;0;0
1;9;0.00;0.00;0;0;0
1;13;0.00;0.00;0;0;0
1;7;0.00;0.00;0;0;0
1;8;0.00;0.00;0;0;0
1;8;0.01;-0.02;0;0;-1
1;10;0.00;0.00;0;0;0
1;7;0.00;0.00;0;0;0
1;8;0.00;0.00;0;0;0
1;8;0.02;0.00;1;0;0
1;8;0.00;0.00;0;0;0
1;9;0.00;0.00;0;0;0
1;8;0.01;-0.02;0;0;-1
1;13;0.00;0.00;0;0;0
1;7;0.00;0.00;0;0;0
1;8;0.00;0.00;0;0;0
1;9;0.02;0.00;1;0;0
1;9;0.01;-0.02;0;0;-1
1;7;0.00;0.00;0;0;0
1;8;0.00;0.00;0;0;0
1;8;0.00;0.00;0;0;0
1;9;0.00;0.00;0;0;0
1;9;0.00;0.00;0;0;0
1;7;0.04;-0.02;1;0;-1
1;8;0.00;0.00;0;0;0
1;8;0.00;0.00;0;0;0
1;9;0.00;0.00;0;0;0
1;8;0.00;0.00;0;0;0
1;8;0.00;0.00;0;0;0
1;8;0.01;-0.02;0;0;-1
1;8;0.00;0.00;0;0;0
1;8;0.00;0.00;0;0;0
1;9;0.02;0.00;1;0;0
1;8;0.00;0.00;0;0;0
1;8;0.00;0.00;0;0;0
1;8;0.01;-0.02;0;0;-1
1;11;0.00;0.00;0;0;0
1;6;0.00;0.00;0;0;0
1;8;0.01;-0.02;0;0;-1
1;8;0.00;0.00;0;0;0
1;11;0.04;-0.02;1;0;-1
1;5;0.00;0.00;0;0;0
1;9;0.00;0.00;0;0;0
1;8;0.01;-0.02;0;0;-1
1;8;0.00;0.00;0;0;0
1;8;0.01;-0.02;0;0;-1
1;11;0.01;-0.02;0;0;-1
1;6;0.00;0.00;0;0;0
1;8;0.01;-0.02;0;0;-1
1;8;0.00;0.00;0;0;0
1;11;0.04;-0.02;1;0;-1
1;5;0.01;-0.02;0;0;-1
1;8;0.00;0.00;0;0;0
1;9;0.01;-0.02;0;0;-1
1;10;0.00;0.00;0;0;0
1;6;0.04;-0.02;1;0;-1
1;8;0.00;0.00;0;0;0
1;8;0.01;-0.02;0;0;-1
1;9;0.00;0.00;0;0;0
1;8;0.01;-0.02;0;0;-1
1;8;0.02;0.00;1;0;0
1;8;0.01;-0.02;0;0;-1
1;8;0.00;0.00;0;0;0
1;9;0.00;0.00;0;0;0
1;8;0.01;-0.02;0;0;-1
1;8;0.00;0.00;0;0;0
1;11;0.00;0.00;0;0;0
1;6;0.02;0.00;1;0;0
1;8;0.01;-0.02;0;0;-1
1;8;0.00;0.00;0;0;0
1;8;0.00;0.00;0;0;0
1;8;0.00;0.00;0;0;0
1;8;0.00;0.00;0;0;0
1;9;0.00;0.00;0;0;0
1;8;0.00;0.00;0;0;0
1;8;0.00;0.00;0;0;0
1;8;0.00;0.00;0;0;0
1;11;0.01;-0.02;0;0;-1
1;5;0.00;0.00;0;0;0
1;9;0.00;0.00;0;0;0
1;8;0.00;0.00;0;0;0
1;12;0.00;0.00;0;0;0
1;8;0.00;0.00;0;0;0
1;9;0.00;0.00;0;0;0
1;8;0.00;0.00;0;0;0
1;9;0.01;-0.02;0;0;-1
1;7;0.00;0.00;0;0;0
1;8;0.00;0.00;0;0;0
1;11;0.00;0.00;0;0;0
1;6;0.00;0.00;0;0;0
1;8;0.00;0.00;0;0;0
1;8;0.01;-0.02;0;0;-1
1;8;0.00;0.00;0;0;0
1;8;0.00;0.00;0;0;0
1;9;0.00;0.00;0;0;0
1;9;0.00;0.00;0;0;0
1;7;0.01;-0.02;0;0;-1
1;8;0.00;0.00;0;0;0
1;11;0.00;0.00;0;0;0
1;6;0.01;-0.02;0;0;-1
1;8;0.00;0.00;0;0;0
1;8;0.00;0.00;0;0;0
1;11;0.01;-0.02;0;0;-1
1;5;0.00;0.00;0;0;0
1;9;0.04;-0.02;1;0;-1
1;8;0.00;0.00;0;0;0
1;13;0.00;-0.04;0;1;-1
1;7;0.00;0.00;0;0;0
1;8;0.01;-0.02;0;0;-1
1;9;0.00;0.00;0;0;0
1;10;0.01;-0.02;0;0;-1
1;7;0.02;0.00;1;0;0
1;14;0.00;-0.04;0;1;-1
1;7;0.01;-0.02;0;0;-1
1;9;0.00;0.00;0;0;0
1;6;0.04;-0.02;1;0;-1
1;8;0.00;0.00;0;0;0
1;12;0.01;-0.02;0;0;-1
1;9;0.00;-0.04;0;1;-1
1;9;0.00;0.00;0;0;0
1;9;0.02;0.00;1;0;0
1;11;0.01;-0.02;0;0;-1
1;8;0.00;0.00;0;0;0
1;8;0.00;0.00;0;0;0
1;9;0.00;0.00;0;0;0
1;7;0.01;-0.02;0;0;-1
1;8;0.00;0.00;0;0;0
1;9;0.00;0.00;0;0;0
1;15;0.00;0.00;0;0;0
1;6;0.00;0.00;0;0;0
1;8;0.00;0.00;0;0;0
1;10;0.01;-0.02;0;0;-1
1;5;0.00;0.00;0;0;0
1;9;0.00;0.00;0;0;0
1;8;0.00;0.00;0;0;0
1;8;0.00;0.00;0;0;0
1;8;0.00;0.00;0;0;0
1;8;0.00;0.00;0;0;0
1;9;0.00;0.00;0;0;0
1;8;0.01;-0.02;0;0;-1
1;8;0.00;0.00;0;0;0
1;8;0.00;0.00;0;0;0
1;8;0.00;0.00;0;0;0
1;9;0.00;0.00;0;0;0
1;8;0.00;0.00;0;0;0
1;8;0.00;0.00;0;0;0
1;8;0.00;0.00;0;0;0
1;8;0.00;0.00;0;0;0
1;9;0.01;-0.02;0;0;-1
1;8;0.00;0.00;0;0;0
1;8;0.00;0.00;0;0;0
1;8;0.00;0.00;0;0;0
1;8;0.00;0.00;0;0;0
1;8;0.00;0.00;0;0;0
1;9;0.00;0.00;0;0;0
1;8;0.01;-0.02;0;0;-1
1;9;0.02;0.00;1;0;0
1;7;0.00;0.00;0;0;0
1;8;0.00;0.00;0;0;0
1;9;0.00;0.00;0;0;0
1;9;0.00;0.00;0;0;0
1;7;0.00;0.00;0;0;0
1;8;0.01;-0.02;0;0;-1
1;8;0.02;0.00;1;0;0
1;13;0.00;0.00;0;0;0
1;8;0.01;-0.02;0;0;-1
1;8;0.00;0.00;0;0;0
1;8;0.00;0.00;0;0;0
1;8;0.00;-0.04;0;1;-1
1;9;0.02;0.00;1;0;0
1;8;0.01;-0.02;0;0;-1
1;8;0.00;0.00;0;0;0
1;8;0.01;-0.02;0;0;-1
1;8;0.00;0.00;0;0;0
1;9;0.01;-0.02;0;0;-1
1;8;-0.01;-0.02;0;1;0
1;10;0.04;-0.02;1;0;-1
1;6;0.00;0.00;0;0;0
1;10;0.01;-0.02;0;0;-1
1;7;0.00;0.00;0;0;0
1;8;0.01;-0.02;0;0;-1
1;11;0.01;-0.02;1;1;0
1;9;0.01;-0.02;0;0;-1
1;8;0.00;0.00;0;0;0
1;9;0.00;0.00;0;0;0
1;8;0.02;0.00;1;0;0
1;8;0.00;0.00;0;0;0
1;8;0.01;-0.02;0;0;-1
1;17;0.00;0.00;0;0;0
1;9;0.00;0.00;0;0;0
1;7;0.00;0.00;0;0;0
1;11;0.00;0.00;0;0;0
1;6;0.00;0.00;0;0;0
1;8;0.00;0.00;0;0;0
1;8;0.01;-0.02;0;0;-1
1;9;0.00;0.00;0;0;0
1;8;0.00;0.00;0;0;0
1;8;0.00;0.00;0;0;0
1;7;0.00;0.00;0;0;0
1;12;0.00;0.00;0;0;0
1;5;0.00;0.00;0;0;0
1;8;0.00;0.00;0;0;0
1;8;0.00;0.00;0;0;0
1;12;0.00;0.00;0;0;0
1;5;0.00;0.00;0;0;0
1;8;0.01;-0.02;0;0;-1
1;8;0.00;0.00;0;0;0
1;10;0.00;0.00;0;0;0
1;6;0.00;0.00;0;0;0
1;9;0.00;0.00;0;0;0
1;8;0.00;0.00;0;0;0
1;8;0.01;-0.02;0;0;-1
1;8;0.00;0.00;0;0;0
1;8;-0.01;-0.02;0;1;0
1;9;0.00;0.00;0;0;0
1;10;0.00;0.00;0;0;0
1;6;0.00;0.00;0;0;0
1;8;0.00;0.00;0;0;0
1;8;0.00;0.00;0;0;0
1;9;0.00;-0.04;0;1;-1
1;8;0.00;0.00;0;0;0
1;8;0.00;0.00;0;0;0
1;8;0.01;-0.02;0;0;-1
1;8;0.00;0.00;0;0;0
1;8;0.01;-0.02;0;0;-1
1;9;0.00;0.00;0;0;0
1;8;0.00;-0.04;0;1;-1
1;8;0.00;0.00;0;0;0
1;8;0.01;-0.02;0;0;-1
1;8;0.00;0.00;0;0;0
1;9;0.00;0.00;0;0;0
1;8;0.01;-0.02;0;0;-1
1;8;0.00;0.00;0;0;0
1;8;0.01;-0.02;0;0;-1
1;8;-0.01;-0.02;0;1;0
1;12;0.04;-0.02;1;0;-1
1;5;0.00;0.00;0;0;0
1;8;0.01;-0.02;0;0;-1
1;8;0.00;0.00;0;0;0
1;8;0.00;0.00;0;0;0
1;12;0.00;-0.04;0;1;-1
1;5;0.02;0.00;1;0;0
1;8;0.01;-0.02;0;0;-1
1;8;0.00;0.00;0;0;0
1;10;0.01;-0.02;0;0;-1
1;7;0.00;0.00;0;0;0
1;8;-0.01;-0.02;0;1;0
1;8;0.04;-0.02;1;0;-1
1;11;0.01;-0.02;0;0;-1
1;6;0.00;0.00;0;0;0
1;7;0.00;0.00;0;0;0
1;9;0.01;-0.02;0;0;-1
1;11;0.00;0.00;0;0;0
1;5;0.00;0.00;0;0;0
1;8;0.01;-0.02;0;0;-1
1;8;0.00;0.00;0;0;0
1;11;0.00;0.00;0;0;0
1;6;0.00;0.00;0;0;0
1;8;0.00;0.00;0;0;0
1;8;0.01;-0.02;0;0;-1
1;8;0.00;0.00;0;0;0
1;12;0.00;0.00;0;0;0
1;5;0.00;0.00;0;0;0
1;8;0.00;0.00;0;0;0
1;8;0.00;0.00;0;0;0
1;8;0.00;0.00;0;0;0
1;9;0.00;0.00;0;0;0
1;8;0.00;0.00;0;0;0
1;8;0.00;0.00;0;0;0
1;8;0.00;0.00;0;0;0
1;8;0.00;0.00;0;0;0
1;9;0.00;0.00;0;0;0
1;8;-0.01;-0.02;0;1;0
1;8;0.01;-0.02;0;0;-1
1;8;0.00;0.00;0;0;0
1;8;0.00;0.00;0;0;0
1;9;0.00;0.00;0;0;0
1;8;0.00;0.00;0;0;0
1;8;0.01;-0.02;0;0;-1
1;11;0.01;-0.02;1;1;0
1;5;0.00;0.00;0;0;0
1;8;0.01;-0.02;0;0;-1
1;9;0.00;0.00;0;0;0
1;8;0.01;-0.02;0;0;-1
1;8;0.00;0.00;0;0;0
1;14;0.00;-0.04;0;1;-1
1;6;0.00;0.00;0;0;0
1;13;0.04;-0.02;1;0;-1
1;12;0.01;-0.02;0;0;-1
1;8;0.01;-0.02;0;0;-1
1;8;0.00;0.00;0;0;0
1;9;0.00;-0.04;0;1;-1
1;8;0.02;0.00;1;0;0
1;8;0.01;-0.02;0;0;-1
1;8;0.00;0.00;0;0;0
1;8;0.01;-0.02;0;0;-1
1;9;0.02;0.00;1;0;0
1;8;0.00;-0.04;0;1;-1
1;8;0.01;-0.02;0;0;-1
1;11;0.00;0.00;0;0;0
1;7;0.01;-0.02;0;0;-1
1;7;0.02;0.00;1;0;0
1;8;0.01;-0.02;0;0;-1
1;8;0.00;0.00;0;0;0
1;8;0.01;-0.02;0;0;-1
1;8;0.00;0.00;0;0;0
1;9;0.00;0.00;0;0;0
1;12;0.04;-0.02;1;0;-1
1;8;0.00;0.00;0;0;0
1;8;0.00;0.00;0;0;0
1;8;0.00;0.00;0;0;0
1;9;0.01;-0.02;0;0;-1
1;7;0.00;0.00;0;0;0
1;9;0.00;0.00;0;0;0
1;8;0.00;0.00;0;0;0
1;12;0.00;0.00;0;0;0
1;9;0.00;0.00;0;0;0
1;8;0.00;0.00;0;0;0
1;8;0.00;0.00;0;0;0
1;8;0.00;0.00;0;0;0
1;8;0.00;0.00;0;0;0
1;9;0.00;0.00;0;0;0
1;9;0.00;0.00;0;0;0
1;7;0.00;0.00;0;0;0
1;8;0.01;-0.02;0;0;-1
1;7;0.00;0.00;0;0;0
1;13;0.00;0.00;0;0;0
1;5;0.00;0.00;0;0;0
1;8;0.00;0.00;0;0;0
1;7;0.00;0.00;0;0;0
1;9;0.01;-0.02;0;0;-1
1;9;0.00;0.00;0;0;0
1;8;0.00;0.00;0;0;0
1;8;0.00;0.00;0;0;0
1;8;0.00;0.00;0;0;0
1;8;0.00;0.00;0;0;0
1;8;0.01;-0.02;0;0;-1
1;9;0.00;0.00;0;0;0
1;8;0.00;0.00;0;0;0
1;8;0.00;0.00;0;0;0
1;8;0.00;0.00;0;0;0
1;8;0.01;-0.02;0;0;-1
1;9;0.00;0.00;0;0;0
1;8;0.00;0.00;0;0;0
1;8;0.00;0.00;0;0;0
1;8;0.00;0.00;0;0;0
1;8;0.00;0.00;0;0;0
1;12;0.01;-0.02;0;0;-1
1;5;0.00;0.00;0;0;0
1;8;0.00;0.00;0;0;0
1;8;0.00;0.00;0;0;0
1;9;0.00;0.00;0;0;0
1;9;0.00;0.00;0;0;0
1;7;0.00;0.00;0;0;0
1;8;0.00;-0.04;0;1;-1
1;9;0.00;0.00;0;0;0
1;7;0.02;0.00;1;0;0
1;8;0.01;-0.02;0;0;-1
1;9;0.00;0.00;0;0;0
1;10;0.00;0.00;0;0;0
1;6;0.01;-0.02;0;0;-1
1;8;0.00;0.00;0;0;0
1;8;0.01;-0.02;0;0;-1
1;9;0.00;0.00;0;0;0
1;8;0.04;-0.02;1;0;-1
1;8;0.00;0.00;0;0;0
1;8;0.01;-0.02;0;0;-1
1;9;0.00;-0.04;0;1;-1
1;8;0.00;0.00;0;0;0
1;8;0.01;-0.02;0;0;-1
1;8;0.02;0.00;1;0;0
1;8;0.01;-0.02;0;0;-1
1;8;0.00;0.00;0;0;0
1;9;0.01;-0.02;0;0;-1
1;8;0.00;0.00;0;0;0
1;8;0.02;0.00;1;0;0
1;7;0.01;-0.02;0;0;-1
1;9;0.00;0.00;0;0;0
1;9;0.00;0.00;0;0;0
1;8;0.01;-0.02;0;0;-1
1;10;0.00;0.00;0;0;0
1;6;0.00;0.00;0;0;0
1;8;0.00;0.00;0;0;0
1;8;0.01;-0.02;0;0;-1
1;9;0.00;0.00;0;0;0
1;8;0.00;0.00;0;0;0
1;8;0.00;0.00;0;0;0
1;8;0.00;0.00;0;0;0
1;24;0.00;0.00;0;0;0
1;5;0.00;0.00;0;0;0
1;8;0.00;0.00;0;0;0
1;8;0.00;0.00;0;0;0
1;9;0.00;0.00;0;0;0
1;8;0.01;-0.02;0;0;-1
1;8;0.00;0.00;0;0;0
1;8;0.00;0.00;0;0;0
1;8;0.00;0.00;0;0;0
1;8;0.00;0.00;0;0;0
1;8;0.00;0.00;0;0;0
1;9;0.00;0.00;0;0;0
1;8;0.01;-0.02;0;0;-1
1;8;0.00;0.00;0;0;0
1;7;0.00;0.00;0;0;0
1;10;0.00;0.00;0;0;0
1;8;0.00;0.00;0;0;0
1;8;0.00;0.00;0;0;0
1;8;0.00;0.00;0;0;0
1;9;0.01;-0.02;0;0;-1
1;8;0.00;0.00;0;0;0
1;21;0.00;0.00;0;0;0
1;17;0.01;-0.02;0;0;-1
1;7;0.00;0.00;0;0;0
1;8;0.00;0.00;0;0;0
1;8;0.00;0.00;0;0;0
1;8;0.00;0.00;0;0;0
1;7;0.00;0.00;0;0;0
1;10;0.00;0.00;0;0;0
1;7;0.00;0.00;0;0;0
1;10;0.01;-0.02;0;0;-1
1;14;0.00;0.00;0;0;0
1;6;0.00;0.00;0;0;0
1;8;0.00;0.00;0;0;0
1;9;0.00;0.00;0;0;0
1;7;0.00;0.00;0;0;0
1;8;0.01;-0.02;0;0;-1
1;8;0.00;0.00;0;0;0
1;11;0.00;0.00;0;0;0
1;13;0.00;0.00;0;0;0
1;12;0.02;0.00;1;0;0
1;9;0.01;-0.02;0;0;-1
1;9;0.00;0.00;0;0;0
1;12;0.00;0.00;0;0;0
1;8;0.00;0.00;0;0;0
1;8;0.00;0.00;0;0;0
1;8;0.00;0.00;0;0;0
1;13;0.00;0.00;0;0;0
1;8;0.01;-0.02;0;0;-1
1;8;0.00;0.00;0;0;0
1;8;0.00;0.00;0;0;0
1;11;0.00;0.00;0;0;0
1;6;0.00;0.00;0;0;0
1;8;0.01;-0.02;0;0;-1
1;15;0.00;0.00;0;0;0
1;5;0.00;0.00;0;0;0
1;9;0.00;0.00;0;0;0
1;7;0.00;0.00;0;0;0
1;9;0.00;0.00;0;0;0
1;8;0.00;0.00;0;0;0
1;7;0.01;-0.02;0;0;-1
1;10;0.00;0.00;0;0;0
1;7;0.00;0.00;0;0;0
1;9;0.00;0.00;0;0;0
1;7;0.00;0.00;0;0;0
1;9;0.00;0.00;0;0;0
1;8;0.00;0.00;0;0;0
1;9;0.01;-0.02;0;0;-1
1;7;0.00;0.00;0;0;0
1;9;0.00;0.00;0;0;0
1;8;0.00;0.00;0;0;0
1;11;0.00;0.00;0;0;0
1;12;0.00;0.00;0;0;0
1;7;0.01;-0.02;0;0;-1
1;7;0.00;0.00;0;0;0
1;9;0.00;0.00;0;0;0
1;8;0.00;0.00;0;0;0
1;8;0.00;0.00;0;0;0
1;8;0.00;0.00;0;0;0
1;41;0.01;-0.02;0;0;-1
1;8;0.00;0.00;0;0;0
1;8;0.00;0.00;0;0;0
1;8;0.00;0.00;0;0;0
1;9;0.01;-0.02;0;0;-1
1;8;0.00;0.00;0;0;0
1;27;0.00;0.00;0;0;0
1;6;0.00;0.00;0;0;0
1;8;0.00;0.00;0;0;0
1;11;0.01;-0.02;0;0;-1
1;8;0.00;0.00;0;0;0
1;8;0.00;0.00;0;0;0
1;13;0.00;0.00;0;0;0
1;6;0.00;0.00;0;0;0
1;8;0.00;0.00;0;0;0
1;7;0.00;0.00;0;0;0
1;8;0.01;-0.02;0;0;-1
1;10;0.00;0.00;0;0;0
1;11;0.00;0.00;0;0;0
1;7;0.00;0.00;0;0;0
1;9;0.00;0.00;0;0;0
1;13;0.00;0.00;0;0;0
1;7;0.00;0.00;0;0;0
1;14;0.01;-0.02;0;0;-1
1;7;0.00;0.00;0;0;0
1;8;0.00;0.00;0;0;0
1;9;0.00;0.00;0;0;0
1;7;0.00;0.00;0;0;0
1;9;0.00;0.00;0;0;0
1;11;0.00;0.00;0;0;0
1;11;0.01;-0.02;0;0;-1
1;7;0.00;0.00;0;0;0
1;8;0.00;0.00;0;0;0
1;8;0.00;0.00;0;0;0
1;8;0.00;0.00;0;0;0
1;16;0.00;0.00;0;0;0
1;6;0.00;0.00;0;0;0
1;15;0.01;-0.02;0;0;-1
1;7;0.00;0.00;0;0;0
1;9;0.00;0.00;0;0;0
1;8;0.00;0.00;0;0;0
1;12;0.00;0.00;0;0;0
1;5;0.01;-0.02;0;0;-1
1;8;0.00;0.00;0;0;0
1;9;0.00;0.00;0;0;0
1;8;0.00;0.00;0;0;0
1;8;0.00;0.00;0;0;0
1;8;0.00;0.00;0;0;0
1;7;0.00;0.00;0;0;0
1;8;0.01;-0.02;0;0;-1
1;18;0.00;0.00;0;0;0
1;8;0.00;0.00;0;0;0
1;8;0.00;0.00;0;0;0
1;9;0.00;0.00;0;0;0
1;8;0.00;0.00;0;0;0
1;8;0.00;0.00;0;0;0
1;8;0.01;-0.02;0;0;-1
1;8;0.00;0.00;0;0;0
1;7;0.00;0.00;0;0;0
1;8;0.00;0.00;0;0;0
1;8;0.00;0.00;0;0;0
1;16;0.00;0.00;0;0;0
1;8;0.00;0.00;0;0;0
1;15;0.01;-0.02;0;0;-1
1;7;0.00;0.00;0;0;0
1;10;0.00;0.00;0;0;0
1;7;0.00;0.00;0;0;0
1;9;0.00;0.00;0;0;0
1;8;0.00;0.00;0;0;0
1;14;0.01;-0.02;0;0;-1
1;5;0.00;0.00;0;0;0
1;8;0.00;0.00;0;0;0
1;7;0.00;0.00;0;0;0
1;9;0.00;0.00;0;0;0
1;8;0.00;0.00;0;0;0
1;8;0.00;0.00;0;0;0
1;8;0.01;-0.02;0;0;-1
1;8;0.00;0.00;0;0;0
1;14;0.00;0.00;0;0;0
1;8;0.00;0.00;0;0;0
1;7;0.00;0.00;0;0;0
1;16;0.00;0.00;0;0;0
1;6;0.00;0.00;0;0;0
1;8;0.01;-0.02;0;0;-1
1;7;0.00;0.00;0;0;0
1;8;0.00;0.00;0;0;0
1;9;0.00;0.00;0;0;0
1;9;0.00;0.00;0;0;0
1;8;0.00;0.00;0;0;0
1;7;0.00;0.00;0;0;0
1;8;0.01;-0.02;0;0;-1
1;10;0.00;0.00;0;0;0
1;8;0.00;0.00;0;0;0
1;8;0.00;0.00;0;0;0
1;8;0.00;0.00;0;0;0
1;9;0.00;0.00;0;0;0
1;11;0.00;0.00;0;0;0
1;11;0.01;-0.02;0;0;-1
1;6;0.00;0.00;0;0;0
1;8;0.00;0.00;0;0;0
1;7;0.00;0.00;0;0;0
1;9;0.00;0.00;0;0;0
1;9;0.00;0.00;0;0;0
1;8;0.00;0.00;0;0;0
1;7;0.01;-0.02;0;0;-1
1;8;0.00;0.00;0;0;0
1;9;0.00;0.00;0;0;0
1;8;0.00;0.00;0;0;0
1;9;0.00;0.00;0;0;0
1;14;0.00;0.00;0;0;0
1;6;0.00;0.00;0;0;0
1;8;0.01;-0.02;0;0;-1
1;8;0.00;0.00;0;0;0
1;8;0.00;0.00;0;0;0
1;8;0.00;0.00;0;0;0
1;12;0.00;0.00;0;0;0
1;21;0.01;-0.02;0;0;-1
1;8;0.00;0.00;0;0;0
1;9;0.00;0.00;0;0;0
1;11;0.00;0.00;0;0;0
1;5;0.00;0.00;0;0;0
1;9;0.00;0.00;0;0;0
1;8;0.00;0.00;0;0;0
1;14;0.01;-0.02;0;0;-1
1;6;0.00;0.00;0;0;0
1;9;0.00;0.00;0;0;0
1;12;0.00;0.00;0;0;0
1;11;0.00;0.00;0;0;0
1;8;0.01;-0.02;0;0;-1
1;8;0.00;0.00;0;0;0
1;9;0.00;0.00;0;0;0
1;11;0.00;0.00;0;0;0
1;6;0.00;0.00;0;0;0
1;8;0.00;0.00;0;0;0
1;7;0.00;0.00;0;0;0
1;9;0.01;-0.02;0;0;-1
1;8;0.00;0.00;0;0;0
1;8;0.00;0.00;0;0;0
1;8;0.00;0.00;0;0;0
1;15;0.00;0.00;0;0;0
1;7;0.00;0.00;0;0;0
1;10;0.01;-0.02;0;0;-1
1;19;0.00;0.00;0;0;0
1;8;0.00;0.00;0;0;0
1;7;0.00;0.00;0;0;0
1;8;0.00;0.00;0;0;0
1;8;0.00;0.00;0;0;0
1;8;0.00;0.00;0;0;0
1;8;0.00;0.00;0;0;0
1;10;0.00;0.00;0;0;0
1;10;0.00;0.00;0;0;0
1;6;0.00;0.00;0;0;0
1;7;0.00;0.00;0;0;0
1;8;0.00;0.00;0;0;0
1;9;0.00;0.00;0;0;0
1;8;0.00;0.00;0;0;0
1;9;0.00;0.00;0;0;0
1;12;0.00;0.00;0;0;0
1;7;0.00;0.00;0;0;0
1;10;0.00;0.00;0;0;0
1;9;0.00;0.00;0;0;0
1;7;0.00;0.00;0;0;0
1;7;0.00;0.00;0;0;0
1;13;0.00;0.00;0;0;0
1;7;0.00;0.00;0;0;0
1;6;0.00;0.00;0;0;0
1;7;0.00;0.00;0;0;0
1;8;0.00;0.00;0;0;0
1;9;0.00;0.00;0;0;0
1;8;0.00;0.00;0;0;0
1;8;0.00;0.00;0;0;0
1;8;0.00;0.00;0;0;0
1;8;0.00;0.00;0;0;0
1;8;0.00;0.00;0;0;0
1;9;0.00;0.00;0;0;0
1;8;0.00;0.00;0;0;0
1;8;0.00;0.00;0;0;0
1;12;0.00;0.00;0;0;0
1;5;0.00;0.00;0;0;0
1;9;0.00;0.00;0;0;0
1;7;0.00;0.00;0;0;0
1;12;0.00;0.00;0;0;0
1;7;0.00;0.00;0;0;0
1;9;0.00;0.00;0;0;0
1;9;0.00;0.00;0;0;0
1;8;0.00;0.00;0;0;0
1;5;0.00;0.00;0;0;0
1;7;0.00;0.00;0;0;0
1;8;0.00;0.00;0;0;0
1;12;0.00;0.00;0;0;0
1;6;0.00;0.00;0;0;0
1;7;0.00;0.00;0;0;0
1;8;0.00;0.00;0;0;0
1;8;0.00;0.00;0;0;0
1;8;0.00;0.00;0;0;0
1;9;0.00;0.00;0;0;0
1;8;0.00;0.00;0;0;0
1;9;0.00;0.00;0;0;0
1;7;0.00;0.00;0;0;0
1;8;0.00;0.00;0;0;0
1;9;0.00;0.00;0;0;0
1;13;0.00;0.00;0;0;0
1;7;0.00;0.00;0;0;0
1;8;0.00;0.00;0;0;0
1;11;0.00;0.00;0;0;0
1;7;0.00;0.00;0;0;0
1;7;0.00;0.00;0;0;0
1;8;0.00;0.00;0;0;0
1;12;0.00;0.00;0;0;0
1;8;0.00;0.00;0;0;0
1;9;0.00;0.00;0;0;0
1;8;0.00;0.00;0;0;0
1;8;0.00;0.00;0;0;0
1;8;0.00;0.00;0;0;0
1;8;0.00;0.00;0;0;0
1;10;0.00;0.00;0;0;0
1;8;0.00;0.00;0;0;0
1;17;0.00;0.00;0;0;0
1;15;0.00;0.00;0;0;0
1;8;0.00;0.00;0;0;0
1;8;0.00;0.00;0;0;0
1;8;0.00;0.00;0;0;0
1;8;0.00;0.00;0;0;0
1;9;0.00;0.00;0;0;0
1;8;0.00;0.00;0;0;0
1;8;0.00;0.00;0;0;0
1;8;0.00;0.00;0;0;0
1;10;0.00;0.00;0;0;0
1;8;0.00;0.00;0;0;0
1;7;0.00;0.00;0;0;0
1;8;0.00;0.00;0;0;0
1;8;0.00;0.00;0;0;0
1;8;0.00;0.00;0;0;0
1;8;0.00;0.00;0;0;0
1;9;0.00;0.00;0;0;0
1;8;0.00;0.00;0;0;0
1;8;0.00;0.00;0;0;0
1;10;0.00;0.00;0;0;0
1;7;0.00;0.00;0;0;0
1;8;0.00;0.00;0;0;0
1;8;0.00;0.00;0;0;0
1;8;0.00;0.00;0;0;0
1;8;0.00;0.00;0;0;0
1;9;0.00;0.00;0;0;0
1;8;0.00;0.00;0;0;0
1;8;0.00;0.00;0;0;0
1;8;0.00;0.00;0;0;0
1;9;0.00;0.00;0;0;0
1;8;0.00;0.00;0;0;0
1;8;0.00;0.00;0;0;0
1;12;0.00;0.00;0;0;0
1;11;0.00;0.00;0;0;0
1;6;0.00;0.00;0;0;0
1;15;0.00;0.00;0;0;0
1;6;0.00;0.00;0;0;0
1;8;0.00;0.00;0;0;0
1;7;0.00;0.00;0;0;0
1;8;0.00;0.00;0;0;0
1;8;0.00;0.00;0;0;0
1;9;0.00;0.00;0;0;0
1;8;-0.01;-0.02;0;1;0
1;8;0.01;-0.02;0;0;-1
1;8;0.00;0.00;0;0;0
1;8;0.00;0.00;0;0;0
1;9;0.00;0.00;0;0;0
1;8;0.00;0.00;0;0;0
1;5;0.00;0.00;0;0;0
1;8;0.00;0.00;0;0;0
1;7;-0.01;-0.02;0;1;0
1;8;0.00;0.00;0;0;0
1;9;0.01;-0.02;0;0;-1
1;8;0.00;0.00;0;0;0
1;8;0.00;0.00;0;0;0
1;8;0.00;0.00;0;0;0
1;8;0.00;0.00;0;0;0
1;9;-0.01;-0.02;0;1;0
1;8;0.00;0.00;0;0;0
1;9;0.01;-0.02;0;0;-1
1;8;0.00;0.00;0;0;0
1;8;0.00;0.00;0;0;0
1;9;0.00;0.00;0;0;0
1;8;-0.01;-0.02;0;1;0
1;8;0.00;0.00;0;0;0
1;8;0.01;-0.02;0;0;-1
1;7;0.00;0.00;0;0;0
1;9;0.00;0.00;0;0;0
1;8;0.00;0.00;0;0;0
1;9;0.00;0.00;0;0;0
1;11;-0.01;-0.02;0;1;0
1;5;0.01;-0.02;0;0;-1
1;9;0.00;0.00;0;0;0
1;8;0.00;0.00;0;0;0
1;7;0.00;0.00;0;0;0
1;10;0.00;0.00;0;0;0
1;7;0.00;0.00;0;0;0
1;8;-0.01;-0.02;0;1;0
1;9;0.00;0.00;0;0;0
1;9;0.00;0.00;0;0;0
1;7;0.00;0.00;0;0;0
1;8;0.00;0.00;0;0;0
1;8;0.00;0.00;0;0;0
1;8;0.00;0.00;0;0;0
1;8;0.01;-0.02;1;1;0
1;13;0.00;0.00;0;0;0
1;8;0.00;0.00;0;0;0
1;7;0.00;0.00;0;0;0
1;17;0.00;0.00;0;0;0
1;5;0.00;0.00;0;0;0
1;7;-0.01;-0.02;0;1;0
1;8;0.00;0.00;0;0;0
1;10;0.00;0.00;0;0;0
1;7;0.00;0.00;0;0;0
1;8;0.00;0.00;0;0;0
1;8;0.00;0.00;0;0;0
1;9;0.00;0.00;0;0;0
1;8;-0.01;-0.02;0;1;0
1;8;0.00;0.00;0;0;0
1;8;0.00;0.00;0;0;0
1;8;0.00;0.00;0;0;0
1;8;0.00;0.00;0;0;0
1;8;0.00;0.00;0;0;0
1;9;0.00;0.00;0;0;0
1;8;-0.01;-0.02;0;1;0
1;8;0.00;0.00;0;0;0
1;8;0.00;0.00;0;0;0
1;8;0.00;0.00;0;0;0
1;9;0.00;0.00;0;0;0
1;8;0.00;0.00;0;0;0
1;8;-0.01;-0.02;0;1;0
1;8;0.00;0.00;0;0;0
1;8;0.01;-0.02;0;0;-1
1;9;0.00;0.00;0;0;0
1;8;0.00;0.00;0;0;0
1;8;0.00;0.00;0;0;0
1;8;0.00;0.00;0;0;0
1;8;0.00;0.00;0;0;0
1;9;0.00;-0.04;0;1;-1
1;8;0.00;0.00;0;0;0
1;8;0.00;0.00;0;0;0
1;8;0.00;0.00;0;0;0
1;8;0.00;0.00;0;0;0
1;8;0.01;-0.02;0;0;-1
1;9;0.00;0.00;0;0;0
1;9;0.00;0.00;0;0;0
1;7;-0.01;-0.02;0;1;0
1;8;0.00;0.00;0;0;0
1;8;0.00;0.00;0;0;0
1;10;0.01;-0.02;0;0;-1
1;7;0.00;0.00;0;0;0
1;8;0.00;0.00;0;0;0
1;8;-0.01;-0.02;0;1;0
1;9;0.00;0.00;0;0;0
1;8;0.00;0.00;0;0;0
1;8;0.00;0.00;0;0;0
1;8;0.01;-0.02;0;0;-1
1;8;0.00;0.00;0;0;0
1;8;0.00;0.00;0;0;0
1;9;0.00;0.00;0;0;0
1;8;-0.01;-0.02;0;1;0
1;8;0.00;0.00;0;0;0
1;8;0.01;-0.02;0;0;-1
1;8;0.00;0.00;0;0;0
1;12;0.00;0.00;0;0;0
1;6;0.00;0.00;0;0;0
1;7;0.00;0.00;0;0;0
1;8;-0.01;-0.02;0;1;0
1;8;0.01;-0.02;0;0;-1
1;8;0.00;0.00;0;0;0
1;12;0.00;0.00;0;0;0
1;6;0.00;0.00;0;0;0
1;7;0.00;0.00;0;0;0
1;8;0.00;0.00;0;0;0
1;17;0.00;-0.04;0;1;-1
1;5;0.00;0.00;0;0;0
1;7;0.00;0.00;0;0;0
1;8;0.00;0.00;0;0;0
1;8;0.00;0.00;0;0;0
1;9;0.00;0.00;0;0;0
1;8;-0.01;-0.02;0;1;0
1;12;0.00;0.00;0;0;0
1;6;0.00;0.00;0;0;0
1;7;0.01;-0.02;0;0;-1
1;10;0.00;0.00;0;0;0
1;9;0.00;0.00;0;0;0
1;6;0.00;0.00;0;0;0
1;7;0.00;0.00;0;0;0
1;8;0.00;0.00;0;0;0
1;11;0.00;-0.04;0;1;-1
1;7;0.00;0.00;0;0;0
1;7;0.00;0.00;0;0;0
1;8;0.00;0.00;0;0;0
1;11;0.00;0.00;0;0;0
1;6;0.00;0.00;0;0;0
1;8;0.01;-0.02;0;0;-1
1;8;0.00;0.00;0;0;0
1;8;-0.01;-0.02;0;1;0
1;11;0.00;0.00;0;0;0
1;6;0.00;0.00;0;0;0
1;8;0.00;0.00;0;0;0
1;9;0.01;-0.02;0;0;-1
1;8;0.00;0.00;0;0;0
1;7;0.00;0.00;0;0;0
1;8;-0.01;-0.02;0;1;0
1;8;0.00;0.00;0;0;0
1;9;0.01;-0.02;0;0;-1
1;8;0.00;0.00;0;0;0
1;8;0.00;0.00;0;0;0
1;11;0.00;0.00;0;0;0
1;6;0.00;0.00;0;0;0
1;8;0.00;0.00;0;0;0
1;8;0.00;-0.04;0;1;-1
1;9;0.00;0.00;0;0;0
1;8;0.00;0.00;0;0;0
1;7;0.00;0.00;0;0;0
1;9;0.00;0.00;0;0;0
1;8;0.00;0.00;0;0;0
1;8;0.00;0.00;0;0;0
1;10;-0.01;-0.02;0;1;0
1;7;0.00;0.00;0;0;0
1;8;0.00;0.00;0;0;0
1;8;0.00;0.00;0;0;0
1;8;0.01;-0.02;0;0;-1
1;8;0.00;0.00;0;0;0
1;8;0.00;0.00;0;0;0
1;15;-0.01;-0.02;0;1;0
1;7;0.00;0.00;0;0;0
1;7;0.00;0.00;0;0;0
1;8;0.00;0.00;0;0;0
1;10;0.00;0.00;0;0;0
1;8;0.00;0.00;0;0;0
1;7;0.00;0.00;0;0;0
1;8;0.00;0.00;0;0;0
1;8;-0.01;-0.02;0;1;0
1;8;0.00;0.00;0;0;0
1;12;0.00;0.00;0;0;0
1;6;0.00;0.00;0;0;0
1;8;0.00;0.00;0;0;0
1;7;0.00;0.00;0;0;0
1;8;0.00;0.00;0;0;0
1;9;0.00;0.00;0;0;0
1;8;-0.01;-0.02;0;1;0
1;8;0.00;0.00;0;0;0
1;8;0.00;0.00;0;0;0
1;11;0.00;0.00;0;0;0
1;6;0.00;0.00;0;0;0
1;8;0.00;0.00;0;0;0
1;8;0.00;0.00;0;0;0
1;9;-0.01;-0.02;0;1;0
1;7;0.00;0.00;0;0;0
1;8;0.00;0.00;0;0;0
1;9;0.00;0.00;0;0;0
1;15;0.00;0.00;0;0;0
1;6;0.00;0.00;0;0;0
1;7;0.00;0.00;0;0;0
1;8;0.00;0.00;0;0;0
1;10;-0.01;-0.02;0;1;0
1;7;0.00;0.00;0;0;0
1;8;0.00;0.00;0;0;0
1;8;0.01;-0.02;0;0;-1
1;8;0.00;0.00;0;0;0
1;9;0.00;0.00;0;0;0
1;8;0.00;0.00;0;0;0
1;8;-0.01;-0.02;0;1;0
1;8;0.00;0.00;0;0;0
1;11;0.01;-0.02;0;0;-1
1;7;-0.01;-0.02;0;1;0
1;7;0.00;0.00;0;0;0
1;8;0.00;0.00;0;0;0
1;8;-0.01;-0.02;0;1;0
1;8;0.00;0.00;0;0;0
1;9;-0.01;-0.02;0;1;0
1;8;0.02;0.00;1;0;0
1;11;0.00;-0.04;0;1;-1
1;6;0.00;0.00;0;0;0
1;7;-0.01;-0.02;0;1;0
1;9;0.00;0.00;0;0;0
1;8;-0.01;-0.02;0;1;0
1;11;0.00;0.00;0;0;0
1;6;-0.01;-0.02;0;1;0
1;7;0.00;0.00;0;0;0
1;12;0.00;-0.04;0;1;-1
1;5;0.00;0.00;0;0;0
1;8;0.00;0.00;0;0;0
1;8;0.00;0.00;0;0;0
1;9;-0.01;-0.02;0;1;0
1;7;0.00;0.00;0;0;0
1;9;0.01;-0.02;0;0;-1
1;8;0.00;0.00;0;0;0
1;9;0.00;0.00;0;0;0
1;7;0.00;0.00;0;0;0
1;8;0.00;-0.04;0;1;-1
1;9;0.00;0.00;0;0;0
1;9;0.00;0.00;0;0;0
1;7;0.00;0.00;0;0;0
1;8;0.00;0.00;0;0;0
1;8;0.00;0.00;0;0;0
1;10;0.00;0.00;0;0;0
1;7;0.01;-0.02;0;0;-1
1;8;-0.01;-0.02;0;1;0
1;8;0.00;0.00;0;0;0
1;8;0.00;0.00;0;0;0
1;9;0.00;0.00;0;0;0
1;8;0.00;0.00;0;0;0
1;9;-0.01;-0.02;0;1;0
1;7;0.00;0.00;0;0;0
1;8;0.00;0.00;0;0;0
1;8;0.00;0.00;0;0;0
1;12;0.00;0.00;0;0;0
1;6;-0.01;-0.02;0;1;0
1;7;0.00;0.00;0;0;0
1;8;0.00;0.00;0;0;0
1;8;0.00;0.00;0;0;0
1;9;0.00;0.00;0;0;0
1;11;0.00;0.00;0;0;0
1;6;0.00;0.00;0;0;0
1;7;0.00;0.00;0;0;0
1;8;-0.01;-0.02;0;1;0
1;14;0.00;0.00;0;0;0
1;7;0.00;0.00;0;0;0
1;8;0.00;0.00;0;0;0
1;8;0.00;0.00;0;0;0
1;8;0.00;0.00;0;0;0
1;9;-0.01;-0.02;0;1;0
1;8;0.00;0.00;0;0;0
1;8;0.00;0.00;0;0;0
1;8;0.00;0.00;0;0;0
1;8;0.00;0.00;0;0;0
1;9;-0.01;-0.02;0;1;0
1;11;0.00;0.00;0;0;0
1;6;0.01;-0.02;0;0;-1
1;7;0.00;0.00;0;0;0
1;8;0.00;0.00;0;0;0
1;9;-0.01;-0.02;0;1;0
1;8;0.00;0.00;0;0;0
1;8;0.00;0.00;0;0;0
1;8;0.00;-0.04;0;1;-1
1;8;0.00;0.00;0;0;0
1;9;-0.01;-0.02;0;1;0
1;8;0.00;0.00;0;0;0
1;8;-0.01;-0.02;0;1;0
1;9;0.00;0.00;0;0;0
1;7;-0.01;-0.02;0;1;0
1;8;-0.01;-0.02;0;1;0
1;9;0.00;0.00;0;0;0
1;8;0.00;-0.04;0;1;-1
1;9;0.00;0.00;0;0;0
1;7;-0.01;-0.02;0;1;0
1;8;0.00;0.00;0;0;0
1;12;-0.01;-0.02;0;1;0
1;5;0.01;-0.02;0;0;-1
1;8;0.00;0.00;0;0;0
1;8;-0.01;-0.02;0;1;0
1;8;0.00;0.00;0;0;0
1;9;0.01;-0.02;0;0;-1
1;8;0.00;0.00;0;0;0
1;8;-0.01;-0.02;0;1;0
1;9;0.00;0.00;0;0;0
1;10;0.01;-0.02;0;0;-1
1;7;0.00;0.00;0;0;0
1;7;0.00;0.00;0;0;0
1;8;0.00;0.00;0;0;0
1;8;0.00;0.00;0;0;0
1;8;0.01;-0.02;0;0;-1
1;9;0.00;0.00;0;0;0
1;8;0.00;0.00;0;0;0
1;8;0.00;0.00;0;0;0
1;8;-0.01;-0.02;0;1;0
1;8;0.00;0.00;0;0;0
1;8;0.00;0.00;0;0;0
1;14;0.00;0.00;0;0;0
1;7;0.00;0.00;0;0;0
1;8;0.01;-0.02;0;0;-1
1;8;-0.01;-0.02;0;1;0
1;9;0.00;0.00;0;0;0
1;8;0.00;0.00;0;0;0
1;8;0.00;0.00;0;0;0
1;8;0.00;0.00;0;0;0
1;9;-0.01;-0.02;0;1;0
1;7;0.00;0.00;0;0;0
1;9;0.01;-0.02;0;0;-1
1;9;0.00;0.00;0;0;0
1;7;0.00;0.00;0;0;0
1;12;0.00;0.00;0;0;0
1;5;-0.01;-0.02;0;1;0
1;8;0.00;0.00;0;0;0
1;8;0.00;0.00;0;0;0
1;8;0.00;0.00;0;0;0
1;8;0.01;-0.02;0;0;-1
1;11;0.00;0.00;0;0;0
1;6;-0.01;-0.02;0;1;0
1;8;0.00;0.00;0;0;0
1;8;0.00;0.00;0;0;0
1;8;0.00;0.00;0;0;0
1;8;0.00;0.00;0;0;0
1;9;0.00;0.00;0;0;0
1;8;-0.01;-0.02;0;1;0
1;11;0.00;0.00;0;0;0
1;7;0.00;0.00;0;0;0
1;6;0.00;0.00;0;0;0
1;9;0.00;0.00;0;0;0
1;9;0.00;0.00;0;0;0
1;7;-0.01;-0.02;0;1;0
1;8;0.00;0.00;0;0;0
1;8;0.00;0.00;0;0;0
1;9;0.00;0.00;0;0;0
1;8;0.00;0.00;0;0;0
1;8;0.00;0.00;0;0;0
1;8;0.00;0.00;0;0;0
1;8;-0.01;-0.02;0;1;0
1;8;0.00;0.00;0;0;0
1;10;0.01;-0.02;0;0;-1
1;7;0.00;0.00;0;0;0
1;8;0.00;0.00;0;0;0
1;8;0.00;0.00;0;0;0
1;8;0.00;0.00;0;0;0
1;9;0.00;0.00;0;0;0
1;8;0.00;0.00;0;0;0
1;8;0.00;-0.04;0;1;-1
1;9;0.00;0.00;0;0;0
1;8;0.00;0.00;0;0;0
1;9;0.00;0.00;0;0;0
1;7;0.00;0.00;0;0;0
1;9;0.00;0.00;0;0;0
1;8;-0.01;-0.02;0;1;0
1;7;0.00;0.00;0;0;0
1;9;0.01;-0.02;0;0;-1
1;8;0.00;0.00;0;0;0
1;8;0.00;0.00;0;0;0
1;8;0.00;0.00;0;0;0
1;8;-0.01;-0.02;0;1;0
1;8;0.00;0.00;0;0;0
1;9;0.00;0.00;0;0;0
1;8;0.01;-0.02;0;0;-1
1;8;-0.01;-0.02;0;1;0
1;8;0.00;0.00;0;0;0
1;8;0.00;0.00;0;0;0
1;9;-0.01;-0.02;0;1;0
1;11;0.00;0.00;0;0;0
1;6;-0.01;-0.02;0;1;0
1;7;0.01;-0.02;0;0;-1
1;8;-0.01;-0.02;0;1;0
1;12;0.00;0.00;0;0;0
1;5;-0.01;-0.02;0;1;0
1;8;0.00;0.00;0;0;0
1;8;-0.01;-0.02;0;1;0
1;32;-0.01;-0.06;0;2;-1
1;34;-0.01;-0.06;0;2;-1
1;25;-0.01;-0.02;0;1;0
1;12;0.00;0.00;0;0;0
1;9;0.00;0.00;0;0;0
1;19;0.01;-0.02;0;0;-1
1;14;0.00;0.00;0;0;0
1;15;-0.01;-0.02;0;1;0
1;8;0.00;0.00;0;0;0
1;8;0.00;0.00;0;0;0
1;8;0.00;0.00;0;0;0
1;9;0.00;0.00;0;0;0
1;8;-0.01;-0.02;0;1;0
1;8;0.00;0.00;0;0;0
1;8;0.00;0.00;0;0;0
1;8;0.00;0.00;0;0;0
1;9;0.00;0.00;0;0;0
1;8;0.00;0.00;0;0;0
1;9;0.00;0.00;0;0;0
1;7;-0.01;-0.02;0;1;0
1;8;0.00;0.00;0;0;0
1;9;0.00;0.00;0;0;0
1;8;0.00;0.00;0;0;0
1;8;0.00;0.00;0;0;0
1;8;0.00;0.00;0;0;0
1;8;0.00;0.00;0;0;0
1;9;-0.01;-0.02;0;1;0
1;8;0.00;0.00;0;0;0
1;8;0.00;0.00;0;0;0
1;8;0.00;0.00;0;0;0
1;8;0.00;0.00;0;0;0
1;9;0.00;0.00;0;0;0
1;8;0.00;0.00;0;0;0
1;8;-0.01;-0.02;0;1;0
1;8;0.00;0.00;0;0;0
1;9;0.00;0.00;0;0;0
1;7;0.00;0.00;0;0;0
1;10;0.00;0.00;0;0;0
1;7;0.00;0.00;0;0;0
1;8;0.00;0.00;0;0;0
1;8;-0.01;-0.02;0;1;0
1;8;0.00;0.00;0;0;0
1;9;0.00;0.00;0;0;0
1;8;0.00;0.00;0;0;0
1;8;0.00;0.00;0;0;0
1;14;0.00;0.00;0;0;0
1;8;-0.01;-0.02;0;1;0
1;7;0.00;0.00;0;0;0
1;9;0.00;0.00;0;0;0
1;8;0.00;0.00;0;0;0
1;7;0.00;0.00;0;0;0
1;15;0.00;0.00;0;0;0
1;6;0.00;0.00;0;0;0
1;8;-0.01;-0.02;0;1;0
1;10;0.00;0.00;0;0;0
1;6;0.00;0.00;0;0;0
1;8;0.00;0.00;0;0;0
1;9;0.00;0.00;0;0;0
1;11;0.00;0.00;0;0;0
1;5;0.00;0.00;0;0;0
1;8;-0.01;-0.02;0;1;0
1;8;0.00;0.00;0;0;0
1;10;-0.02;0.00;-1;0;0
1;7;0.00;0.00;0;0;0
1;8;0.00;0.00;0;0;0
1;8;0.00;0.00;0;0;0
1;9;0.00;0.00;0;0;0
1;8;0.00;0.00;0;0;0
1;8;-0.01;-0.02;0;1;0
1;8;-0.02;0.00;-1;0;0
1;8;0.00;0.00;0;0;0
1;8;0.00;0.00;0;0;0
1;9;0.00;0.00;0;0;0
1;9;0.00;0.00;0;0;0
1;10;0.00;0.00;0;0;0
1;5;0.00;0.00;0;0;0
1;8;-0.04;-0.02;-1;1;0
1;12;0.00;0.00;0;0;0
1;5;0.00;0.00;0;0;0
1;8;0.00;0.00;0;0;0
1;8;0.00;0.00;0;0;0
1;11;0.00;0.00;0;0;0
1;5;0.00;0.00;0;0;0
1;9;-0.04;-0.02;-1;1;0
1;9;0.00;0.00;0;0;0
1;10;0.00;0.00;0;0;0
1;5;-0.01;-0.02;0;1;0
1;8;0.00;0.00;0;0;0
1;9;0.00;0.00;0;0;0
1;10;-0.04;-0.02;-1;1;0
1;7;0.00;0.00;0;0;0
1;7;0.00;0.00;0;0;0
1;8;-0.01;-0.02;0;1;0
1;12;-0.01;-0.02;0;1;0
1;5;0.00;0.00;0;0;0
1;8;0.00;0.00;0;0;0
1;8;-0.04;-0.02;-1;1;0
1;8;0.00;0.00;0;0;0
1;9;-0.01;-0.02;0;1;0
1;12;-0.01;-0.02;0;1;0
1;19;-0.01;-0.02;0;1;0
1;5;0.00;0.00;0;0;0
1;9;-0.02;0.00;-1;0;0
1;8;-0.01;-0.02;0;1;0
1;8;0.00;0.00;0;0;0
1;8;-0.01;-0.02;0;1;0
1;8;0.00;0.00;0;0;0
1;9;-0.01;-0.02;0;1;0
1;8;-0.02;0.00;-1;0;0
1;8;-0.01;-0.02;0;1;0
1;8;0.00;0.00;0;0;0
1;8;0.00;0.00;0;0;0
1;9;-0.01;-0.02;0;1;0
1;8;0.00;0.00;0;0;0
1;8;-0.02;0.00;-1;0;0
1;8;0.00;0.00;0;0;0
1;8;-0.01;-0.02;0;1;0
1;12;0.01;-0.02;0;0;-1
1;6;0.00;0.00;0;0;0
1;7;0.00;0.00;0;0;0
1;8;0.00;0.00;0;0;0
1;13;0.00;0.00;0;0;0
1;8;0.00;0.00;0;0;0
1;8;0.00;-0.04;0;1;-1
1;8;0.00;0.00;0;0;0
1;8;0.00;0.00;0;0;0
1;8;0.00;0.00;0;0;0
1;9;0.00;0.00;0;0;0
1;8;0.00;0.00;0;0;0
1;8;0.00;0.00;0;0;0
1;8;0.01;-0.02;0;0;-1
1;8;0.00;0.00;0;0;0
1;8;0.00;0.00;0;0;0
1;9;-0.01;-0.02;0;1;0
1;8;0.00;0.00;0;0;0
1;8;0.00;0.00;0;0;0
1;8;0.00;0.00;0;0;0
1;8;-0.01;-0.02;0;1;0
1;9;0.01;-0.02;0;0;-1
1;8;0.00;0.00;0;0;0
1;9;-0.01;-0.02;0;1;0
1;7;0.00;0.00;0;0;0
1;8;-0.01;-0.02;0;1;0
1;9;0.00;0.00;0;0;0
1;8;-0.01;-0.02;0;1;0
1;8;0.00;0.00;0;0;0
1;8;-0.01;-0.02;0;1;0
1;8;0.00;0.00;0;0;0
1;9;0.00;-0.04;0;1;-1
1;8;0.00;0.00;0;0;0
1;8;-0.01;-0.02;0;1;0
1;8;0.00;0.00;0;0;0
1;8;-0.01;-0.02;0;1;0
1;9;0.00;0.00;0;0;0
1;8;0.00;0.00;0;0;0
1;8;0.00;-0.04;0;1;-1
1;8;0.00;0.00;0;0;0
1;11;0.00;0.00;0;0;0
1;6;0.00;0.00;0;0;0
1;8;-0.01;-0.02;0;1;0
1;8;0.00;0.00;0;0;0
1;11;0.01;-0.02;0;0;-1
1;5;0.00;0.00;0;0;0
1;8;0.00;0.00;0;0;0
1;9;0.00;0.00;0;0;0
1;10;0.00;0.00;0;0;0
1;6;0.00;0.00;0;0;0
1;8;0.00;0.00;0;0;0
1;8;0.00;0.00;0;0;0
1;12;-0.01;-0.02;0;1;0
1;5;0.01;-0.02;0;0;-1
1;8;0.00;0.00;0;0;0
1;8;0.00;0.00;0;0;0
1;11;0.00;0.00;0;0;0
1;6;0.00;0.00;0;0;0
1;8;0.00;0.00;0;0;0
1;8;-0.01;-0.02;0;1;0
1;10;0.00;0.00;0;0;0
1;6;0.00;0.00;0;0;0
1;8;-0.01;-0.02;0;1;0
1;9;0.00;0.00;0;0;0
1;9;0.00;-0.04;0;1;-1
1;7;0.00;0.00;0;0;0
1;8;-0.01;-0.02;0;1;0
1;9;0.00;0.00;0;0;0
1;9;-0.01;-0.02;0;1;0
1;7;0.00;0.00;0;0;0
1;8;-0.01;-0.02;0;1;0
1;8;-0.01;-0.02;0;1;0
1;9;0.00;0.00;0;0;0
1;8;0.00;-0.04;0;1;-1
1;8;0.00;0.00;0;0;0
1;8;-0.01;-0.02;0;1;0
1;8;0.00;0.00;0;0;0
1;8;-0.01;-0.02;0;1;0
1;9;0.00;0.00;0;0;0
1;8;0.00;-0.04;0;1;-1
1;8;0.00;0.00;0;0;0
1;8;-0.01;-0.02;0;1;0
1;8;0.00;0.00;0;0;0
1;9;0.00;0.00;0;0;0
1;8;-0.01;-0.02;0;1;0
1;11;0.01;-0.02;0;0;-1
1;5;0.00;0.00;0;0;0
1;8;0.00;0.00;0;0;0
1;8;-0.01;-0.02;0;1;0
1;9;0.00;0.00;0;0;0
1;8;0.00;0.00;0;0;0
1;8;0.01;-0.02;0;0;-1
1;8;0.00;0.00;0;0;0
1;10;0.00;0.00;0;0;0
1;7;0.00;0.00;0;0;0
1;8;0.00;0.00;0;0;0
1;8;-0.01;-0.02;0;1;0
1;8;0.00;0.00;0;0;0
1;8;0.00;0.00;0;0;0
1;9;0.00;0.00;0;0;0
1;8;0.00;0.00;0;0;0
1;11;0.00;0.00;0;0;0
1;6;0.00;0.00;0;0;0
1;7;0.00;0.00;0;0;0
1;9;-0.01;-0.02;0;1;0
1;8;0.00;0.00;0;0;0
1;8;0.01;-0.02;0;0;-1
1;8;0.00;0.00;0;0;0
1;8;0.00;0.00;0;0;0
1;10;0.00;0.00;0;0;0
1;7;0.00;0.00;0;0;0
1;8;-0.01;-0.02;0;1;0
1;8;0.00;0.00;0;0;0
1;9;0.01;-0.02;0;0;-1
1;7;0.00;0.00;0;0;0
1;9;0.00;0.00;0;0;0
1;8;0.00;0.00;0;0;0
1;8;0.00;0.00;0;0;0
1;8;-0.01;-0.02;0;1;0
1;8;0.00;0.00;0;0;0
1;9;0.01;-0.02;0;0;-1
1;8;0.00;0.00;0;0;0
1;8;0.00;0.00;0;0;0
1;8;0.00;0.00;0;0;0
1;8;-0.01;-0.02;0;1;0
1;9;0.00;0.00;0;0;0
1;14;0.00;0.00;0;0;0
1;7;0.00;0.00;0;0;0
1;8;0.00;0.00;0;0;0
1;7;0.00;0.00;0;0;0
1;10;-0.01;-0.02;0;1;0
1;7;0.01;-0.02;0;0;-1
1;8;0.00;0.00;0;0;0
1;8;0.00;0.00;0;0;0
1;8;0.00;0.00;0;0;0
1;9;0.00;0.00;0;0;0
1;8;0.00;0.00;0;0;0
1;8;-0.01;-0.02;0;1;0
1;8;0.01;-0.02;0;0;-1
1;8;0.00;0.00;0;0;0
1;9;0.00;0.00;0;0;0
1;10;0.00;0.00;0;0;0
1;6;0.00;0.00;0;0;0
1;8;0.00;0.00;0;0;0
1;10;0.00;-0.04;0;1;-1
1;10;0.00;0.00;0;0;0
1;5;0.00;0.00;0;0;0
1;10;0.00;0.00;0;0;0
1;14;-0.01;-0.02;0;1;0
1;13;0.01;-0.02;0;0;-1
1;14;-0.01;-0.02;0;1;0
1;34;-0.01;-0.02;0;1;0
1;8;0.00;0.00;0;0;0
1;6;0.00;0.00;0;0;0
1;8;-0.01;-0.02;0;1;0
1;7;0.00;0.00;0;0;0
1;29;0.00;-0.04;0;1;-1
1;8;0.00;0.00;0;0;0
1;8;0.00;0.00;0;0;0
1;9;0.00;0.00;0;0;0
1;10;0.00;0.00;0;0;0
1;6;0.00;0.00;0;0;0
1;8;0.01;-0.02;0;0;-1
1;8;0.00;0.00;0;0;0
1;9;0.00;0.00;0;0;0
1;8;-0.01;-0.02;0;1;0
1;8;0.00;0.00;0;0;0
1;8;0.00;0.00;0;0;0
1;8;0.00;0.00;0;0;0
1;9;0.00;0.00;0;0;0
1;8;0.00;0.00;0;0;0
1;8;-0.01;-0.02;0;1;0
1;8;0.00;0.00;0;0;0
1;8;0.00;0.00;0;0;0
1;9;0.00;0.00;0;0;0
1;8;0.00;0.00;0;0;0
1;8;0.00;0.00;0;0;0
1;8;0.00;0.00;0;0;0
1;8;-0.01;-0.02;0;1;0
1;8;0.00;0.00;0;0;0
1;9;0.00;0.00;0;0;0
1;8;0.00;0.00;0;0;0
1;8;0.00;0.00;0;0;0
1;9;0.00;0.00;0;0;0
1;7;0.00;0.00;0;0;0
1;9;-0.01;-0.02;0;1;0
1;8;0.01;-0.02;0;0;-1
1;14;0.00;0.00;0;0;0
1;7;-0.01;-0.02;0;1;0
1;8;0.00;0.00;0;0;0
1;9;0.00;0.00;0;0;0
1;7;0.00;-0.04;0;1;-1
1;8;0.00;0.00;0;0;0
1;8;-0.01;-0.02;0;1;0
1;8;0.00;0.00;0;0;0
1;9;-0.01;-0.02;0;1;0
1;8;0.00;0.00;0;0;0
1;11;-0.04;-0.02;-1;1;0
1;8;-0.01;-0.02;0;1;0
1;5;0.01;-0.02;0;0;-1
1;9;0.00;0.00;0;0;0
1;8;-0.01;-0.02;0;1;0
1;8;0.00;0.00;0;0;0
1;8;-0.02;0.00;-1;0;0
1;8;0.00;0.00;0;0;0
1;9;-0.01;-0.02;0;1;0
1;9;0.01;-0.02;0;0;-1
1;8;0.00;0.00;0;0;0
1;7;0.00;0.00;0;0;0
1;8;0.00;0.00;0;0;0
1;9;-0.01;-0.02;0;1;0
1;8;-0.02;0.00;-1;0;0
1;8;0.00;0.00;0;0;0
1;8;0.00;0.00;0;0;0
1;8;0.00;0.00;0;0;0
1;9;0.00;0.00;0;0;0
1;8;0.00;0.00;0;0;0
1;8;0.00;0.00;0;0;0
1;8;-0.01;-0.02;0;1;0
1;10;0.00;0.00;0;0;0
1;6;0.00;0.00;0;0;0
1;9;0.00;0.00;0;0;0
1;8;0.00;0.00;0;0;0
1;8;0.00;0.00;0;0;0
1;8;0.00;0.00;0;0;0
1;8;0.00;0.00;0;0;0
1;12;0.00;0.00;0;0;0
1;6;-0.01;-0.02;0;1;0
1;7;0.00;0.00;0;0;0
1;8;0.00;0.00;0;0;0
1;8;0.00;0.00;0;0;0
1;13;0.00;0.00;0;0;0
1;8;0.00;0.00;0;0;0
1;8;-0.01;-0.02;0;1;0
1;8;0.00;0.00;0;0;0
1;8;0.00;0.00;0;0;0
1;9;0.00;0.00;0;0;0
1;8;0.00;0.00;0;0;0
1;9;0.00;0.00;0;0;0
1;22;-0.01;-0.02;0;1;0
1;22;0.00;0.00;0;0;0
1;8;0.00;0.00;0;0;0
1;8;0.00;0.00;0;0;0
1;13;0.00;0.00;0;0;0
1;8;0.00;0.00;0;0;0
1;11;-0.01;-0.02;0;1;0
1;6;0.00;0.00;0;0;0
1;8;0.00;0.00;0;0;0
1;8;0.00;0.00;0;0;0
1;10;0.00;0.00;0;0;0
1;6;0.00;0.00;0;0;0
1;8;0.01;-0.02;0;0;-1
1;8;-0.01;-0.02;0;1;0
1;9;0.00;0.00;0;0;0
1;8;0.00;0.00;0;0;0
1;8;0.00;0.00;0;0;0
1;8;-0.01;-0.02;0;1;0
1;8;0.00;0.00;0;0;0
1;9;0.00;0.00;0;0;0
1;8;0.00;-0.04;0;1;-1
1;8;0.00;0.00;0;0;0
1;8;-0.01;-0.02;0;1;0
1;8;0.00;0.00;0;0;0
1;9;-0.01;-0.02;0;1;0
1;8;0.00;0.00;0;0;0
1;8;-0.01;-0.02;0;1;0
1;8;0.00;0.00;0;0;0
1;8;0.00;-0.04;0;1;-1
1;9;0.00;0.00;0;0;0
1;8;-0.01;-0.02;0;1;0
1;8;0.00;0.00;0;0;0
1;8;0.00;0.00;0;0;0
1;8;-0.01;-0.02;0;1;0
1;9;0.01;-0.02;0;0;-1
1;8;0.00;0.00;0;0;0
1;8;0.00;0.00;0;0;0
1;8;0.00;0.00;0;0;0
1;8;0.00;-0.04;0;1;-1
1;8;0.00;0.00;0;0;0
1;9;0.00;0.00;0;0;0
1;8;0.00;0.00;0;0;0
1;8;0.00;0.00;0;0;0
1;8;0.00;0.00;0;0;0
1;8;0.01;-0.02;0;0;-1
1;9;0.00;0.00;0;0;0
1;8;0.00;0.00;0;0;0
1;8;0.00;0.00;0;0;0
1;8;0.00;0.00;0;0;0
1;8;-0.01;-0.02;0;1;0
1;9;0.00;0.00;0;0;0
1;8;0.01;-0.02;0;0;-1
1;9;0.00;0.00;0;0;0
1;7;0.00;0.00;0;0;0
1;8;0.00;0.00;0;0;0
1;9;0.00;0.00;0;0;0
1;11;-0.01;-0.02;0;1;0
1;5;0.00;0.00;0;0;0
1;8;0.00;0.00;0;0;0
1;8;0.00;0.00;0;0;0
1;8;0.00;0.00;0;0;0
1;9;0.00;0.00;0;0;0
1;11;-0.01;-0.02;0;1;0
1;5;0.00;0.00;0;0;0
1;10;0.00;0.00;0;0;0
1;6;0.00;0.00;0;0;0
1;9;0.00;0.00;0;0;0
1;8;0.00;0.00;0;0;0
1;8;0.00;0.00;0;0;0
1;8;0.00;0.00;0;0;0
1;8;-0.01;-0.02;0;1;0
1;9;0.00;0.00;0;0;0
1;8;0.00;0.00;0;0;0
1;8;0.00;0.00;0;0;0
1;9;0.00;0.00;0;0;0
1;11;0.00;0.00;0;0;0
1;10;-0.01;-0.02;0;1;0
1;16;0.00;0.00;0;0;0
1;39;0.01;-0.02;0;0;-1
1;8;0.00;0.00;0;0;0
1;6;-0.01;-0.02;0;1;0
1;12;0.00;0.00;0;0;0
1;8;0.01;-0.02;0;0;-1
1;8;0.00;0.00;0;0;0
1;12;0.00;0.00;0;0;0
1;8;0.00;0.00;0;0;0
1;22;0.00;-0.04;0;1;-1
1;7;0.00;0.00;0;0;0
1;8;0.00;0.00;0;0;0
1;9;0.00;0.00;0;0;0
1;13;-0.01;-0.02;0;1;0
1;7;0.00;0.00;0;0;0
1;8;0.01;-0.02;0;0;-1
1;8;0.00;0.00;0;0;0
1;9;0.00;0.00;0;0;0
1;8;0.00;0.00;0;0;0
1;8;0.00;0.00;0;0;0
1;8;-0.01;-0.02;0;1;0
1;8;0.01;-0.02;0;0;-1
1;9;0.00;0.00;0;0;0
1;8;0.00;0.00;0;0;0
1;8;0.00;0.00;0;0;0
1;8;-0.01;-0.02;0;1;0
1;8;0.00;0.00;0;0;0
1;8;0.01;-0.02;0;0;-1
1;9;0.00;0.00;0;0;0
1;8;0.00;0.00;0;0;0
1;8;0.00;0.00;0;0;0
1;8;0.00;0.00;0;0;0
1;8;0.00;0.00;0;0;0
1;9;0.00;-0.04;0;1;-1
1;9;0.00;0.00;0;0;0
1;7;0.00;0.00;0;0;0
1;8;0.00;0.00;0;0;0
1;11;0.00;0.00;0;0;0
1;6;0.00;0.00;0;0;0
1;8;0.01;-0.02;0;0;-1
1;8;-0.01;-0.02;0;1;0
1;11;0.00;0.00;0;0;0
1;5;0.00;0.00;0;0;0
1;9;0.00;0.00;0;0;0
1;8;0.00;0.00;0;0;0
1;14;0.00;0.00;0;0;0
1;9;-0.01;-0.02;0;1;0
1;5;0.00;0.00;0;0;0
1;9;0.00;0.00;0;0;0
1;8;0.00;0.00;0;0;0
1;8;0.00;0.00;0;0;0
1;8;-0.01;-0.02;0;1;0
1;8;0.00;0.00;0;0;0
1;21;0.00;0.00;0;0;0
1;8;0.00;0.00;0;0;0
1;15;0.00;0.00;0;0;0
1;8;0.00;0.00;0;0;0
1;7;-0.01;-0.02;0;1;0
1;16;0.00;0.00;0;0;0
1;7;0.00;0.00;0;0;0
1;8;0.00;0.00;0;0;0
1;9;0.00;0.00;0;0;0
1;8;0.00;0.00;0;0;0
1;8;-0.01;-0.02;0;1;0
1;8;0.00;0.00;0;0;0
1;8;0.00;0.00;0;0;0
1;9;0.00;0.00;0;0;0
1;8;0.00;0.00;0;0;0
1;8;0.00;0.00;0;0;0
1;8;-0.01;-0.02;0;1;0
1;8;0.00;0.00;0;0;0
1;9;0.00;0.00;0;0;0
1;8;0.00;0.00;0;0;0
1;8;0.00;0.00;0;0;0
1;8;0.00;0.00;0;0;0
1;7;-0.01;-0.02;0;1;0
1;14;0.00;0.00;0;0;0
1;9;0.00;0.00;0;0;0
1;6;0.00;0.00;0;0;0
1;8;0.00;0.00;0;0;0
1;8;0.00;0.00;0;0;0
1;9;-0.01;-0.02;0;1;0
1;8;0.00;0.00;0;0;0
1;8;0.00;0.00;0;0;0
1;8;0.00;0.00;0;0;0
1;8;0.00;0.00;0;0;0
1;9;0.00;0.00;0;0;0
1;8;0.00;0.00;0;0;0
1;8;-0.01;-0.02;0;1;0
1;8;0.00;0.00;0;0;0
1;11;0.00;0.00;0;0;0
1;6;0.00;0.00;0;0;0
1;8;0.00;0.00;0;0;0
1;11;0.00;0.00;0;0;0
1;5;-0.01;-0.02;0;1;0
1;8;0.00;0.00;0;0;0
1;8;0.00;0.00;0;0;0
1;9;0.00;0.00;0;0;0
1;9;0.00;0.00;0;0;0
1;7;0.00;0.00;0;0;0
1;8;-0.01;-0.02;0;1;0
1;8;0.00;0.00;0;0;0
1;17;0.00;0.00;0;0;0
1;8;0.00;0.00;0;0;0
1;8;0.00;0.00;0;0;0
1;19;-0.01;-0.02;0;1;0
1;6;0.00;0.00;0;0;0
1;8;0.00;0.00;0;0;0
1;13;0.00;0.00;0;0;0
1;7;0.00;0.00;0;0;0
1;9;-0.01;-0.02;0;1;0
1;8;0.00;0.00;0;0;0
1;8;0.00;0.00;0;0;0
1;8;0.00;0.00;0;0;0
1;8;0.00;0.00;0;0;0
1;13;0.00;0.00;0;0;0
1;8;-0.01;-0.02;0;1;0
1;12;0.00;0.00;0;0;0
1;40;-0.01;-0.02;0;1;0
1;6;0.00;0.00;0;0;0
1;7;0.00;0.00;0;0;0
1;9;0.00;0.00;0;0;0
1;8;0.00;0.00;0;0;0
1;8;0.00;0.00;0;0;0
1;7;0.00;0.00;0;0;0
1;8;-0.01;-0.02;0;1;0
1;10;0.00;0.00;0;0;0
1;8;0.00;0.00;0;0;0
1;9;0.00;0.00;0;0;0
1;7;0.00;0.00;0;0;0
1;8;0.00;0.00;0;0;0
1;9;-0.01;-0.02;0;1;0
1;8;0.00;0.00;0;0;0
1;8;0.00;0.00;0;0;0
1;8;0.00;0.00;0;0;0
1;8;0.00;0.00;0;0;0
1;9;0.00;0.00;0;0;0
1;8;0.00;0.00;0;0;0
1;8;-0.01;-0.02;0;1;0
1;8;0.00;0.00;0;0;0
1;15;0.00;0.00;0;0;0
1;6;0.00;0.00;0;0;0
1;8;0.00;0.00;0;0;0
1;8;0.00;0.00;0;0;0
1;8;-0.01;-0.02;0;1;0
1;8;0.00;0.00;0;0;0
1;9;0.00;0.00;0;0;0
1;8;0.00;0.00;0;0;0
1;8;0.00;0.00;0;0;0
1;8;0.00;0.00;0;0;0
1;8;-0.01;-0.02;0;1;0
1;8;0.00;0.00;0;0;0
1;9;0.00;0.00;0;0;0
1;8;0.00;0.00;0;0;0
1;8;0.00;0.00;0;0;0
1;8;-0.01;-0.02;0;1;0
1;8;0.00;0.00;0;0;0
1;9;0.00;0.00;0;0;0
1;14;0.00;0.00;0;0;0
1;14;0.00;0.00;0;0;0
1;9;-0.01;-0.02;0;1;0
1;11;0.00;0.00;0;0;0
1;8;0.00;0.00;0;0;0
1;8;0.00;0.00;0;0;0
1;12;0.00;0.00;0;0;0
1;6;0.00;0.00;0;0;0
1;11;-0.01;-0.02;0;1;0
1;5;0.00;0.00;0;0;0
1;8;0.00;0.00;0;0;0
1;8;0.00;0.00;0;0;0
1;8;0.00;0.00;0;0;0
1;9;0.00;0.00;0;0;0
1;7;0.00;0.00;0;0;0
1;9;-0.01;-0.02;0;1;0
1;11;0.00;0.00;0;0;0
1;5;0.00;0.00;0;0;0
1;9;0.00;0.00;0;0;0
1;11;0.00;0.00;0;0;0
1;8;0.00;0.00;0;0;0
1;7;0.00;0.00;0;0;0
1;7;0.00;0.00;0;0;0
1;8;0.00;0.00;0;0;0
1;13;0.00;0.00;0;0;0
1;7;0.00;0.00;0;0;0
1;8;0.00;0.00;0;0;0
1;9;0.00;0.00;0;0;0
1;16;0.00;0.00;0;0;0
1;8;0.00;0.00;0;0;0
1;9;0.00;0.00;0;0;0
1;10;0.00;0.00;0;0;0
1;9;0.00;0.00;0;0;0
1;5;0.00;0.00;0;0;0
1;8;0.00;0.00;0;0;0
1;8;0.00;0.00;0;0;0
1;8;0.00;0.00;0;0;0
1;8;0.00;0.00;0;0;0
1;9;0.00;0.00;0;0;0
1;8;0.00;0.00;0;0;0
1;7;0.00;0.00;0;0;0
1;9;0.00;0.00;0;0;0
1;9;0.00;0.00;0;0;0
1;8;0.00;0.00;0;0;0
1;8;0.00;0.00;0;0;0
1;8;0.00;0.00;0;0;0
1;8;0.00;0.00;0;0;0
1;9;0.00;0.00;0;0;0
1;8;0.00;0.00;0;0;0
1;7;0.00;0.00;0;0;0
1;9;0.00;0.00;0;0;0
1;7;0.00;0.00;0;0;0
1;9;0.00;0.00;0;0;0
1;8;0.00;0.00;0;0;0
1;8;0.00;0.00;0;0;0
1;8;0.00;0.00;0;0;0
1;9;0.00;0.00;0;0;0
1;9;0.00;0.00;0;0;0
1;14;0.00;0.00;0;0;0
1;11;0.00;0.00;0;0;0
1;7;0.00;0.00;0;0;0
1;8;0.00;0.00;0;0;0
1;9;0.00;0.00;0;0;0
1;10;0.00;0.00;0;0;0
1;6;0.00;0.00;0;0;0
1;8;0.00;0.00;0;0;0
1;8;0.00;0.00;0;0;0
1;9;0.00;0.00;0;0;0
1;8;0.00;0.00;0;0;0
1;8;0.00;0.00;0;0;0
1;13;0.00;0.00;0;0;0
1;7;0.00;0.00;0;0;0
1;9;0.00;0.00;0;0;0
1;9;0.00;0.00;0;0;0
1;14;0.00;0.00;0;0;0
1;5;0.00;0.00;0;0;0
1;8;0.00;0.00;0;0;0
1;11;0.00;0.00;0;0;0
1;7;0.00;0.00;0;0;0
1;7;0.00;0.00;0;0;0
1;8;0.00;0.00;0;0;0
1;9;0.00;0.00;0;0;0
1;10;0.00;0.00;0;0;0
1;6;0.00;0.00;0;0;0
1;8;0.00;0.00;0;0;0
1;11;0.00;0.00;0;0;0
1;5;0.00;0.00;0;0;0
1;9;0.00;0.00;0;0;0
1;8;0.00;0.00;0;0;0
1;15;0.00;0.00;0;0;0
1;5;0.00;0.00;0;0;0
1;8;0.00;0.00;0;0;0
1;9;0.00;0.00;0;0;0
1;8;0.00;0.00;0;0;0
1;7;0.00;0.00;0;0;0
1;8;0.00;0.00;0;0;0
1;17;0.00;0.00;0;0;0
1;5;0.00;0.00;0;0;0
1;9;0.00;0.00;0;0;0
1;7;0.00;0.00;0;0;0
1;8;0.00;0.00;0;0;0
1;10;0.00;0.00;0;0;0
1;7;0.00;0.00;0;0;0
1;10;0.00;0.00;0;0;0
1;6;0.00;0.00;0;0;0
1;20;0.00;0.00;0;0;0
1;7;0.00;0.00;0;0;0
1;9;0.00;0.00;0;0;0
1;9;0.00;0.00;0;0;0
1;8;0.00;0.00;0;0;0
1;11;0.00;0.00;0;0;0
1;6;0.00;0.00;0;0;0
1;13;0.00;0.00;0;0;0
1;10;0.00;0.00;0;0;0
1;5;0.00;0.00;0;0;0
1;18;0.00;0.00;0;0;0
1;7;0.00;0.00;0;0;0
1;12;0.00;0.00;0;0;0
1;11;0.00;0.00;0;0;0
1;7;0.00;0.00;0;0;0
1;7;0.00;0.00;0;0;0
1;18;0.00;0.00;0;0;0
1;6;0.00;0.00;0;0;0
1;9;0.00;0.00;0;0;0
1;7;-0.02;0.00;-1;0;0
1;9;0.00;0.00;0;0;0
1;8;0.00;0.00;0;0;0
1;30;0.00;0.00;0;0;0
1;10;-0.01;-0.02;-1;0;-1
1;6;0.00;0.00;0;0;0
1;10;-0.01;-0.02;0;1;0
1;9;0.00;0.00;0;0;0
1;5;0.00;0.00;0;0;0
1;8;0.00;0.00;0;0;0
1;8;0.00;0.00;0;0;0
1;8;-0.02;0.00;-1;0;0
1;8;0.00;0.00;0;0;0
1;8;0.00;0.00;0;0;0
1;9;-0.01;-0.02;0;1;0
1;8;0.00;0.00;0;0;0
1;7;0.00;0.00;0;0;0
1;10;0.00;0.00;0;0;0
1;7;0.00;0.00;0;0;0
1;8;-0.02;0.00;-1;0;0
1;10;-0.01;-0.02;0;1;0
1;7;0.00;0.00;0;0;0
1;7;0.00;0.00;0;0;0
1;10;0.00;0.00;0;0;0
1;8;0.00;0.00;0;0;0
1;7;0.00;0.00;0;0;0
1;8;-0.02;0.00;-1;0;0
1;8;0.00;0.00;0;0;0
1;9;0.00;0.00;0;0;0
1;8;-0.01;-0.02;0;1;0
1;8;0.00;0.00;0;0;0
1;9;0.00;0.00;0;0;0
1;8;-0.02;0.00;-1;0;0
1;8;0.00;0.00;0;0;0
1;9;0.00;0.00;0;0;0
1;7;0.00;0.00;0;0;0
1;8;0.00;0.00;0;0;0
1;8;0.00;0.00;0;0;0
1;9;0.00;0.00;0;0;0
1;8;-0.02;0.00;-1;0;0
1;8;0.00;0.00;0;0;0
1;8;0.00;0.00;0;0;0
1;26;0.00;0.00;0;0;0
1;12;-0.02;0.00;-1;0;0
1;9;0.00;0.00;0;0;0
1;7;0.00;0.00;0;0;0
1;9;0.00;0.00;0;0;0
1;7;-0.01;-0.02;0;1;0
1;8;0.00;0.00;0;0;0
1;8;0.00;0.00;0;0;0
1;8;-0.02;0.00;-1;0;0
1;8;0.00;0.00;0;0;0
1;9;-0.01;-0.02;0;1;0
1;9;0.00;0.00;0;0;0
1;11;0.00;0.00;0;0;0
1;8;0.00;0.00;0;0;0
1;11;-0.02;0.00;-1;0;0
1;7;0.00;0.00;0;0;0
1;8;-0.01;-0.02;0;1;0
1;9;0.00;0.00;0;0;0
1;7;0.00;0.00;0;0;0
1;9;0.00;0.00;0;0;0
1;7;0.00;0.00;0;0;0
1;8;-0.02;0.00;-1;0;0
1;8;0.00;0.00;0;0;0
1;9;-0.01;-0.02;0;1;0
1;8;0.00;0.00;0;0;0
1;9;0.00;0.00;0;0;0
1;8;0.00;0.00;0;0;0
1;13;0.00;0.00;0;0;0
1;7;-0.04;-0.02;-1;1;0
1;10;0.00;0.00;0;0;0
1;7;0.00;0.00;0;0;0
1;10;0.00;0.00;0;0;0
1;6;0.00;0.00;0;0;0
1;7;0.00;0.00;0;0;0
1;8;-0.02;0.00;-1;0;0
1;14;-0.01;-0.02;0;1;0
1;11;0.00;0.00;0;0;0
1;5;0.00;0.00;0;0;0
1;13;0.00;0.00;0;0;0
1;8;0.00;0.00;0;0;0
1;8;-0.04;-0.02;-1;1;0
1;8;0.00;0.00;0;0;0
1;8;0.00;0.00;0;0;0
1;7;0.00;0.00;0;0;0
1;9;0.00;0.00;0;0;0
1;8;0.00;0.00;0;0;0
1;8;0.00;0.00;0;0;0
1;8;-0.04;-0.02;-1;1;0
1;9;0.00;0.00;0;0;0
1;12;0.00;0.00;0;0;0
1;8;0.00;0.00;0;0;0
1;5;0.00;0.00;0;0;0
1;9;-0.01;-0.02;0;1;0
1;8;0.00;0.00;0;0;0
1;8;-0.02;0.00;-1;0;0
1;8;0.00;0.00;0;0;0
1;8;0.00;0.00;0;0;0
1;10;0.00;0.00;0;0;0
1;6;0.00;0.00;0;0;0
1;7;-0.01;-0.02;0;1;0
1;9;-0.02;0.00;-1;0;0
1;11;0.00;0.00;0;0;0
1;6;0.00;0.00;0;0;0
1;7;0.00;0.00;0;0;0
1;8;0.00;0.00;0;0;0
1;10;-0.01;-0.02;0;1;0
1;8;-0.02;0.00;-1;0;0
1;7;0.00;0.00;0;0;0
1;8;0.00;0.00;0;0;0
1;9;0.00;0.00;0;0;0
1;11;0.00;0.00;0;0;0
1;12;-0.01;-0.02;0;1;0
1;6;0.00;0.00;0;0;0
1;8;-0.02;0.00;-1;0;0
1;12;0.00;0.00;0;0;0
1;5;0.00;0.00;0;0;0
1;8;0.00;0.00;0;0;0
1;8;-0.01;-0.02;0;1;0
1;10;0.00;0.00;0;0;0
1;6;0.00;0.00;0;0;0
1;8;-0.02;0.00;-1;0;0
1;8;0.00;0.00;0;0;0
1;12;0.00;0.00;0;0;0
1;5;-0.01;-0.02;0;1;0
1;8;0.00;0.00;0;0;0
1;8;0.00;0.00;0;0;0
1;11;-0.02;0.00;-1;0;0
1;10;0.00;0.00;0;0;0
1;8;0.00;0.00;0;0;0
1;10;-0.01;-0.02;0;1;0
1;7;0.00;0.00;0;0;0
1;8;0.00;0.00;0;0;0
1;8;-0.02;0.00;-1;0;0
1;7;0.00;0.00;0;0;0
1;9;0.00;0.00;0;0;0
1;8;0.00;0.00;0;0;0
1;9;0.00;0.00;0;0;0
1;12;-0.01;-0.02;0;1;0
1;11;-0.02;0.00;-1;0;0
1;10;0.00;0.00;0;0;0
1;13;0.00;0.00;0;0;0
1;9;0.00;0.00;0;0;0
1;6;-0.01;-0.02;0;1;0
1;11;0.00;0.00;0;0;0
1;6;0.00;0.00;0;0;0
1;8;-0.02;0.00;-1;0;0
1;7;0.00;0.00;0;0;0
1;9;0.00;0.00;0;0;0
1;8;0.00;0.00;0;0;0
1;8;-0.01;-0.02;0;1;0
1;8;0.00;0.00;0;0;0
1;12;0.00;0.00;0;0;0
1;5;-0.02;0.00;-1;0;0
1;7;0.00;0.00;0;0;0
1;9;0.00;0.00;0;0;0
1;11;0.00;0.00;0;0;0
1;6;-0.01;-0.02;0;1;0
1;10;0.00;0.00;0;0;0
1;6;0.00;0.00;0;0;0
1;7;-0.02;0.00;-1;0;0
1;9;0.00;0.00;0;0;0
1;10;0.00;0.00;0;0;0
1;7;0.00;0.00;0;0;0
1;7;-0.01;-0.02;0;1;0
1;8;0.00;0.00;0;0;0
1;10;0.00;0.00;0;0;0
1;8;-0.02;0.00;-1;0;0
1;7;0.00;0.00;0;0;0
1;12;0.00;0.00;0;0;0
1;6;0.00;0.00;0;0;0
1;8;-0.01;-0.02;0;1;0
1;8;0.00;0.00;0;0;0
1;7;0.00;0.00;0;0;0
1;9;0.00;0.00;0;0;0
1;7;-0.02;0.00;-1;0;0
1;10;0.00;0.00;0;0;0
1;8;0.00;0.00;0;0;0
1;9;-0.01;-0.02;0;1;0
1;7;0.00;0.00;0;0;0
1;7;0.00;0.00;0;0;0
1;9;0.00;0.00;0;0;0
1;8;-0.02;0.00;-1;0;0
1;8;0.00;0.00;0;0;0
1;8;0.00;0.00;0;0;0
1;11;0.00;0.00;0;0;0
1;6;-0.01;-0.02;0;1;0
1;8;0.00;0.00;0;0;0
1;8;0.00;0.00;0;0;0
1;11;-0.02;0.00;-1;0;0
1;7;0.00;0.00;0;0;0
1;7;0.00;0.00;0;0;0
1;8;0.00;0.00;0;0;0
1;9;-0.01;-0.02;0;1;0
1;7;0.00;0.00;0;0;0
1;8;0.00;0.00;0;0;0
1;16;-0.02;0.00;-1;0;0
1;6;0.00;0.00;0;0;0
1;8;0.00;0.00;0;0;0
1;8;0.00;0.00;0;0;0
1;7;0.00;0.00;0;0;0
1;8;-0.01;-0.02;0;1;0
1;9;0.00;0.00;0;0;0
1;8;-0.02;0.00;-1;0;0
1;8;0.00;0.00;0;0;0
1;8;0.00;0.00;0;0;0
1;8;0.00;0.00;0;0;0
1;9;0.00;0.00;0;0;0
1;8;-0.01;-0.02;0;1;0
1;12;0.00;0.00;0;0;0
1;8;0.00;0.00;0;0;0
1;5;-0.02;0.00;-1;0;0
1;8;0.00;0.00;0;0;0
1;8;0.00;0.00;0;0;0
1;9;0.00;0.00;0;0;0
1;7;-0.01;-0.02;0;1;0
1;8;0.00;0.00;0;0;0
1;9;0.00;0.00;0;0;0
1;11;-0.02;0.00;-1;0;0
1;6;0.00;0.00;0;0;0
1;7;0.00;0.00;0;0;0
1;9;0.00;0.00;0;0;0
1;10;0.00;0.00;0;0;0
1;7;-0.01;-0.02;0;1;0
1;8;0.00;0.00;0;0;0
1;7;-0.02;0.00;-1;0;0
1;10;0.00;0.00;0;0;0
1;7;0.00;0.00;0;0;0
1;8;0.00;0.00;0;0;0
1;8;0.00;0.00;0;0;0
1;8;0.00;0.00;0;0;0
1;8;-0.01;-0.02;0;1;0
1;8;-0.02;0.00;-1;0;0
1;9;0.00;0.00;0;0;0
1;8;0.00;0.00;0;0;0
1;11;0.00;0.00;0;0;0
1;6;0.00;0.00;0;0;0
1;7;0.00;0.00;0;0;0
1;9;-0.01;-0.02;0;1;0
1;8;0.00;0.00;0;0;0
1;8;-0.02;0.00;-1;0;0
1;8;0.00;0.00;0;0;0
1;9;0.00;0.00;0;0;0
1;9;0.00;0.00;0;0;0
1;7;0.00;0.00;0;0;0
1;11;-0.01;-0.02;0;1;0
1;6;0.00;0.00;0;0;0
1;7;0.00;0.00;0;0;0
1;8;-0.02;0.00;-1;0;0
1;12;0.00;0.00;0;0;0
1;6;0.00;0.00;0;0;0
1;7;0.00;0.00;0;0;0
1;8;0.00;0.00;0;0;0
1;8;-0.01;-0.02;0;1;0
1;9;0.00;0.00;0;0;0
1;9;-0.02;0.00;-1;0;0
1;10;0.00;0.00;0;0;0
1;7;0.00;0.00;0;0;0
1;7;0.00;0.00;0;0;0
1;12;0.00;0.00;0;0;0
1;5;0.00;0.00;0;0;0
1;7;-0.04;-0.02;-1;1;0
1;8;0.00;0.00;0;0;0
1;9;0.00;0.00;0;0;0
1;8;0.00;0.00;0;0;0
1;11;0.00;0.00;0;0;0
1;6;0.00;0.00;0;0;0
1;9;0.00;0.00;0;0;0
1;7;-0.02;0.00;-1;0;0
1;9;-0.01;-0.02;0;1;0
1;7;0.00;0.00;0;0;0
1;10;0.00;0.00;0;0;0
1;7;0.00;0.00;0;0;0
1;8;0.00;0.00;0;0;0
1;7;0.00;0.00;0;0;0
1;13;-0.04;-0.02;-1;1;0
1;8;0.00;0.00;0;0;0
1;8;0.00;0.00;0;0;0
1;8;0.00;0.00;0;0;0
1;9;0.00;0.00;0;0;0
1;8;0.00;0.00;0;0;0
1;8;-0.02;0.00;-1;0;0
1;9;-0.01;-0.02;0;1;0
1;7;0.00;0.00;0;0;0
1;8;0.00;0.00;0;0;0
1;9;0.00;0.00;0;0;0
1;10;0.00;0.00;0;0;0
1;7;-0.02;0.00;-1;0;0
1;9;0.00;0.00;0;0;0
1;10;0.00;0.00;0;0;0
1;13;-0.01;-0.02;0;1;0
1;8;0.00;0.00;0;0;0
1;9;-0.02;0.00;-1;0;0
1;41;-0.01;-0.02;0;1;0
1;11;0.00;0.00;0;0;0
1;12;-0.02;0.00;-1;0;0
1;6;0.00;0.00;0;0;0
1;7;0.00;0.00;0;0;0
1;11;0.00;0.00;0;0;0
1;7;-0.01;-0.02;0;1;0
1;8;0.00;0.00;0;0;0
1;7;0.00;0.00;0;0;0
1;8;-0.02;0.00;-1;0;0
1;25;0.00;0.00;0;0;0
1;8;0.00;0.00;0;0;0
1;44;-0.04;-0.02;-1;1;0
1;6;0.00;0.00;0;0;0
1;7;-0.02;0.00;-1;0;0
1;8;-0.01;-0.02;0;1;0
1;13;0.00;0.00;0;0;0
1;5;0.00;0.00;0;0;0
1;7;0.00;0.00;0;0;0
1;11;0.00;0.00;0;0;0
1;6;0.00;0.00;0;0;0
1;8;-0.02;0.00;-1;0;0
1;9;-0.01;-0.02;0;1;0
1;8;0.00;0.00;0;0;0
1;8;0.00;0.00;0;0;0
1;7;0.00;0.00;0;0;0
1;8;0.00;0.00;0;0;0
1;9;0.00;0.00;0;0;0
1;8;-0.04;-0.02;-1;1;0
1;8;0.00;0.00;0;0;0
1;8;0.00;0.00;0;0;0
1;8;0.00;0.00;0;0;0
1;9;0.00;0.00;0;0;0
1;8;0.00;0.00;0;0;0
1;8;-0.02;0.00;-1;0;0
1;8;-0.01;-0.02;0;1;0
1;8;0.00;0.00;0;0;0
1;9;0.00;0.00;0;0;0
1;9;0.00;0.00;0;0;0
1;8;0.00;0.00;0;0;0
1;8;-0.02;0.00;-1;0;0
1;7;-0.01;-0.02;0;1;0
1;8;0.00;0.00;0;0;0
1;9;0.00;0.00;0;0;0
1;8;0.00;0.00;0;0;0
1;8;0.00;0.00;0;0;0
1;8;-0.02;0.00;-1;0;0
1;8;0.00;0.00;0;0;0
1;10;-0.01;-0.02;0;1;0
1;7;0.00;0.00;0;0;0
1;8;0.00;0.00;0;0;0
1;8;0.00;0.00;0;0;0
1;9;-0.02;0.00;-1;0;0
1;8;0.00;0.00;0;0;0
1;8;0.00;0.00;0;0;0
1;8;-0.01;-0.02;0;1;0
1;9;0.00;0.00;0;0;0
1;8;0.00;0.00;0;0;0
1;8;0.00;0.00;0;0;0
1;8;-0.02;0.00;-1;0;0
1;8;0.00;0.00;0;0;0
1;8;-0.01;-0.02;0;1;0
1;8;0.00;0.00;0;0;0
1;13;0.00;0.00;0;0;0
1;8;0.00;0.00;0;0;0
1;11;-0.02;0.00;-1;0;0
1;6;0.00;0.00;0;0;0
1;11;-0.01;-0.02;0;1;0
1;9;0.00;0.00;0;0;0
1;8;0.00;0.00;0;0;0
1;15;-0.02;0.00;-1;0;0
1;6;0.00;0.00;0;0;0
1;13;-0.01;-0.02;0;1;0
1;25;0.00;0.00;0;0;0
1;15;-0.02;0.00;-1;0;0
1;6;0.00;0.00;0;0;0
1;8;-0.01;-0.02;0;1;0
1;11;0.00;0.00;0;0;0
1;10;0.00;0.00;0;0;0
1;8;-0.02;0.00;-1;0;0
1;7;0.00;0.00;0;0;0
1;8;0.00;0.00;0;0;0
1;14;-0.01;-0.02;0;1;0
1;6;0.00;0.00;0;0;0
1;9;0.00;0.00;0;0;0
1;9;-0.02;0.00;-1;0;0
1;6;0.00;0.00;0;0;0
1;9;0.00;0.00;0;0;0
1;9;-0.01;-0.02;0;1;0
1;8;0.00;0.00;0;0;0
1;7;0.00;0.00;0;0;0
1;15;-0.02;0.00;-1;0;0
1;7;0.00;0.00;0;0;0
1;8;-0.01;-0.02;0;1;0
1;11;0.00;0.00;0;0;0
1;9;0.00;0.00;0;0;0
1;7;-0.02;0.00;-1;0;0
1;15;0.00;0.00;0;0;0
1;8;0.00;0.00;0;0;0
1;8;0.00;0.00;0;0;0
1;6;-0.01;-0.02;0;1;0
1;13;-0.02;0.00;-1;0;0
1;8;0.00;0.00;0;0;0
1;8;0.00;0.00;0;0;0
1;8;0.00;0.00;0;0;0
1;9;0.00;0.00;0;0;0
1;7;-0.01;-0.02;0;1;0
1;8;-0.02;0.00;-1;0;0
1;9;0.00;0.00;0;0;0
1;8;0.00;0.00;0;0;0
1;8;0.00;0.00;0;0;0
1;8;0.00;0.00;0;0;0
1;8;-0.01;-0.02;0;1;0
1;12;-0.02;0.00;-1;0;0
1;10;0.00;0.00;0;0;0
1;7;0.00;0.00;0;0;0
1;8;0.00;0.00;0;0;0
1;11;-0.01;-0.02;0;1;0
1;8;0.00;0.00;0;0;0
1;6;-0.02;0.00;-1;0;0
1;14;0.00;0.00;0;0;0
1;10;0.00;0.00;0;0;0
1;5;-0.01;-0.02;0;1;0
1;11;0.00;0.00;0;0;0
1;7;0.00;0.00;0;0;0
1;6;-0.02;0.00;-1;0;0
1;9;0.00;0.00;0;0;0
1;10;0.00;0.00;0;0;0
1;9;0.00;0.00;0;0;0
1;6;0.00;0.00;0;0;0
1;8;-0.01;-0.02;0;1;0
1;10;-0.02;0.00;-1;0;0
1;9;0.00;0.00;0;0;0
1;9;0.00;0.00;0;0;0
1;11;0.00;0.00;0;0;0
1;11;-0.01;-0.02;0;1;0
1;10;-0.02;0.00;-1;0;0
1;9;0.00;0.00;0;0;0
1;7;0.00;0.00;0;0;0
1;17;0.00;0.00;0;0;0
1;14;-0.04;-0.02;-1;1;0
1;7;0.00;0.00;0;0;0
1;7;0.00;0.00;0;0;0
1;8;0.00;0.00;0;0;0
1;8;0.00;0.00;0;0;0
1;8;0.00;0.00;0;0;0
1;9;-0.01;-0.02;0;1;0
1;8;-0.02;0.00;-1;0;0
1;8;0.00;0.00;0;0;0
1;8;0.00;0.00;0;0;0
1;14;0.00;0.00;0;0;0
1;7;0.00;0.00;0;0;0
1;8;-0.01;-0.02;0;1;0
1;11;-0.02;0.00;-1;0;0
1;6;0.00;0.00;0;0;0
1;7;0.00;0.00;0;0;0
1;9;0.00;0.00;0;0;0
1;27;-0.04;-0.02;-1;1;0
1;6;0.00;0.00;0;0;0
1;9;0.00;0.00;0;0;0
1;8;0.00;0.00;0;0;0
1;7;0.00;0.00;0;0;0
1;8;-0.01;-0.02;0;1;0
1;8;-0.02;0.00;-1;0;0
1;9;0.00;0.00;0;0;0
1;8;0.00;0.00;0;0;0
1;8;0.00;0.00;0;0;0
1;11;0.00;0.00;0;0;0
1;6;-0.01;-0.02;0;1;0
1;17;-0.02;0.00;-1;0;0
1;7;0.00;0.00;0;0;0
1;8;0.00;0.00;0;0;0
1;8;0.00;0.00;0;0;0
1;9;-0.01;-0.02;0;1;0
1;8;-0.02;0.00;-1;0;0
1;8;0.00;0.00;0;0;0
1;9;0.00;0.00;0;0;0
1;7;0.00;0.00;0;0;0
1;8;0.00;0.00;0;0;0
1;9;-0.01;-0.02;0;1;0
1;8;0.00;0.00;0;0;0
1;8;-0.02;0.00;-1;0;0
1;8;0.00;0.00;0;0;0
1;32;0.00;0.00;0;0;0
1;7;0.00;0.00;0;0;0
1;7;-0.02;0.00;-1;0;0
1;7;0.00;0.00;0;0;0
1;9;0.00;0.00;0;0;0
1;8;0.00;0.00;0;0;0
1;8;0.00;0.00;0;0;0
1;8;0.00;0.00;0;0;0
1;8;-0.02;0.00;-1;0;0
1;9;0.00;0.00;0;0;0
1;12;0.00;0.00;0;0;0
1;8;0.00;0.00;0;0;0
1;8;0.00;0.00;0;0;0
1;8;0.00;0.00;0;0;0
1;9;-0.02;0.00;-1;0;0
1;8;0.00;0.00;0;0;0
1;8;0.00;0.00;0;0;0
1;23;0.00;0.00;0;0;0
1;7;0.00;0.00;0;0;0
1;8;0.00;0.00;0;0;0
1;10;-0.02;0.00;-1;0;0
1;8;0.00;0.00;0;0;0
1;9;0.00;0.00;0;0;0
1;6;0.00;0.00;0;0;0
1;10;0.00;0.00;0;0;0
1;6;0.00;0.00;0;0;0
1;7;-0.02;0.00;-1;0;0
1;9;0.00;0.00;0;0;0
1;8;-0.01;-0.02;0;1;0
1;8;0.00;0.00;0;0;0
1;8;0.00;0.00;0;0;0
1;8;0.00;0.00;0;0;0
1;8;0.00;0.00;0;0;0
1;9;0.00;0.00;0;0;0
1;8;-0.02;0.00;-1;0;0
1;11;-0.01;-0.02;0;1;0
1;6;0.00;0.00;0;0;0
1;7;0.00;0.00;0;0;0
1;9;0.00;0.00;0;0;0
1;8;0.00;0.00;0;0;0
1;8;0.00;0.00;0;0;0
1;10;-0.04;-0.02;-1;1;0
1;7;0.00;0.00;0;0;0
1;8;0.00;0.00;0;0;0
1;9;0.00;0.00;0;0;0
1;8;0.00;0.00;0;0;0
1;8;0.00;0.00;0;0;0
1;7;-0.02;0.00;-1;0;0
1;11;0.00;0.00;0;0;0
1;7;0.00;0.00;0;0;0
1;7;0.00;0.00;0;0;0
1;8;0.00;0.00;0;0;0
1;11;-0.01;-0.02;0;1;0
1;5;-0.02;0.00;-1;0;0
1;12;0.00;0.00;0;0;0
1;5;0.00;0.00;0;0;0
1;20;0.00;0.00;0;0;0
1;9;0.00;0.00;0;0;0
1;33;-0.02;0.00;-1;0;0
1;16;0.00;0.00;0;0;0
1;7;0.00;0.00;0;0;0
1;8;-0.02;0.00;-1;0;0
1;5;0.00;0.00;0;0;0
1;11;0.00;0.00;0;0;0
1;6;0.00;0.00;0;0;0
1;8;0.00;0.00;0;0;0
1;8;0.00;0.00;0;0;0
1;9;0.00;0.00;0;0;0
1;10;0.00;0.00;0;0;0
1;13;-0.02;0.00;-1;0;0
1;9;0.00;0.00;0;0;0
1;9;0.00;0.00;0;0;0
1;7;0.00;0.00;0;0;0
1;9;0.00;0.00;0;0;0
1;8;0.00;0.00;0;0;0
1;8;-0.02;0.00;-1;0;0
1;8;0.00;0.00;0;0;0
1;8;0.00;0.00;0;0;0
1;8;0.00;0.00;0;0;0
1;9;0.00;0.00;0;0;0
1;8;0.00;0.00;0;0;0
1;8;0.00;0.00;0;0;0
1;8;-0.02;0.00;-1;0;0
1;9;0.00;0.00;0;0;0
1;9;0.00;0.00;0;0;0
1;7;0.00;0.00;0;0;0
1;8;0.00;0.00;0;0;0
1;8;0.00;0.00;0;0;0
1;8;0.00;0.00;0;0;0
1;9;-0.02;0.00;-1;0;0
1;8;0.00;0.00;0;0;0
1;8;0.00;0.00;0;0;0
1;8;0.00;0.00;0;0;0
1;8;0.00;0.00;0;0;0
1;8;0.00;0.00;0;0;0
1;14;-0.02;0.00;-1;0;0
1;7;0.00;0.00;0;0;0
1;8;0.00;0.00;0;0;0
1;8;0.00;0.00;0;0;0
1;9;0.00;0.00;0;0;0
1;8;0.00;0.00;0;0;0
1;8;0.00;0.00;0;0;0
1;8;0.00;0.00;0;0;0
1;8;0.00;0.00;0;0;0
1;9;0.00;0.00;0;0;0
1;8;0.00;0.00;0;0;0
1;11;0.00;0.00;0;0;0
1;6;0.00;0.00;0;0;0
1;8;0.00;0.00;0;0;0
1;7;-0.02;0.00;-1;0;0
1;12;0.00;0.00;0;0;0
1;7;0.00;0.00;0;0;0
1;6;0.00;0.00;0;0;0
1;8;0.00;0.00;0;0;0
1;11;0.00;0.00;0;0;0
1;7;0.00;0.00;0;0;0
1;10;-0.02;0.00;-1;0;0
1;6;0.00;0.00;0;0;0
1;13;0.00;0.00;0;0;0
1;8;0.00;0.00;0;0;0
1;13;0.00;0.00;0;0;0
1;7;0.00;0.00;0;0;0
1;9;-0.02;0.00;-1;0;0
1;6;0.00;0.00;0;0;0
1;12;0.00;0.00;0;0;0
1;8;0.00;0.00;0;0;0
1;6;0.00;0.00;0;0;0
1;7;0.00;0.00;0;0;0
1;8;0.00;0.00;0;0;0
1;8;0.00;0.00;0;0;0
1;9;-0.02;0.00;-1;0;0
1;9;0.00;0.00;0;0;0
1;7;0.00;0.00;0;0;0
1;8;0.00;0.00;0;0;0
1;8;0.00;0.00;0;0;0
1;9;0.00;0.00;0;0;0
1;8;0.00;0.00;0;0;0
1;8;-0.02;0.00;-1;0;0
1;8;0.00;0.00;0;0;0
1;8;0.00;0.00;0;0;0
1;9;0.00;0.00;0;0;0
1;8;0.00;0.00;0;0;0
1;8;0.00;0.00;0;0;0
1;8;0.00;0.00;0;0;0
1;8;-0.02;0.00;-1;0;0
1;9;0.00;0.00;0;0;0
1;11;0.00;0.00;0;0;0
1;9;0.00;0.00;0;0;0
1;8;0.00;0.00;0;0;0
1;8;0.00;0.00;0;0;0
1;11;-0.02;0.00;-1;0;0
1;6;0.00;0.00;0;0;0
1;8;0.00;0.00;0;0;0
1;8;0.00;0.00;0;0;0
1;9;0.00;0.00;0;0;0
1;8;0.00;0.00;0;0;0
1;8;0.00;0.00;0;0;0
1;8;0.00;0.00;0;0;0
1;9;-0.02;0.00;-1;0;0
1;6;0.00;0.00;0;0;0
1;10;0.00;0.00;0;0;0
1;7;0.00;0.00;0;0;0
1;13;0.00;0.00;0;0;0
1;7;0.00;0.00;0;0;0
1;18;-0.02;0.00;-1;0;0
1;8;0.00;0.00;0;0;0
1;7;0.00;0.00;0;0;0
1;10;0.00;0.00;0;0;0
1;7;0.00;0.00;0;0;0
1;9;0.00;0.00;0;0;0
1;8;0.00;0.00;0;0;0
1;17;-0.02;0.00;-1;0;0
1;13;0.00;0.00;0;0;0
1;9;0.00;0.00;0;0;0
1;5;0.00;0.00;0;0;0
1;8;0.00;0.00;0;0;0
1;11;0.00;0.00;0;0;0
1;6;-0.02;0.00;-1;0;0
1;8;0.00;0.00;0;0;0
1;8;0.00;0.00;0;0;0
1;9;0.00;0.00;0;0;0
1;7;0.00;0.00;0;0;0
1;8;0.00;0.00;0;0;0
1;9;0.00;0.00;0;0;0
1;9;0.00;0.00;0;0;0
1;7;-0.02;0.00;-1;0;0
1;8;0.00;0.00;0;0;0
1;8;0.00;0.00;0;0;0
1;10;0.00;0.00;0;0;0
1;7;0.00;0.00;0;0;0
1;8;0.00;0.00;0;0;0
1;8;0.00;0.00;0;0;0
1;11;-0.02;0.00;-1;0;0
1;5;0.00;0.00;0;0;0
1;9;0.00;0.00;0;0;0
1;8;0.00;0.00;0;0;0
1;13;0.00;0.00;0;0;0
1;17;0.00;0.00;0;0;0
1;10;-0.02;0.00;-1;0;0
1;5;0.00;0.00;0;0;0
1;8;-0.01;0.02;0;0;1
1;8;0.00;0.00;0;0;0
1;12;0.00;0.00;0;0;0
1;5;0.00;0.00;0;0;0
1;8;-0.02;0.00;-1;0;0
1;8;0.00;0.00;0;0;0
1;8;0.00;0.00;0;0;0
1;8;0.00;0.00;0;0;0
1;9;-0.01;0.02;0;0;1
1;8;0.00;0.00;0;0;0
1;8;0.00;0.00;0;0;0
1;8;-0.02;0.00;-1;0;0
1;8;0.00;0.00;0;0;0
1;9;0.00;0.00;0;0;0
1;8;0.00;0.00;0;0;0
1;8;-0.01;0.02;0;0;1
1;8;0.00;0.00;0;0;0
1;8;0.00;0.00;0;0;0
1;11;0.00;0.00;0;0;0
1;6;-0.02;0.00;-1;0;0
1;10;0.00;0.00;0;0;0
1;7;-0.01;0.02;0;0;1
1;8;0.00;0.00;0;0;0
1;9;0.00;0.00;0;0;0
1;36;-0.02;0.00;-1;0;0
1;8;-0.01;0.02;0;0;1
1;15;0.00;0.00;0;0;0
1;9;0.00;0.00;0;0;0
1;8;0.00;0.00;0;0;0
1;9;-0.02;0.00;-1;0;0
1;8;0.00;0.00;0;0;0
1;10;-0.01;0.02;0;0;1
1;6;0.00;0.00;0;0;0
1;8;0.00;0.00;0;0;0
1;8;0.00;0.00;0;0;0
1;26;-0.04;0.02;-1;0;1
1;12;0.00;0.00;0;0;0
1;8;0.00;0.00;0;0;0
1;8;0.00;0.00;0;0;0
1;8;0.00;0.00;0;0;0
1;8;-0.02;0.00;-1;0;0
1;8;-0.01;0.02;0;0;1
1;8;0.00;0.00;0;0;0
1;9;0.00;0.00;0;0;0
1;8;0.00;0.00;0;0;0
1;8;0.00;0.00;0;0;0
1;8;0.00;0.00;0;0;0
1;8;-0.02;0.00;-1;0;0
1;14;-0.01;0.02;0;0;1
1;7;0.00;0.00;0;0;0
1;8;0.00;0.00;0;0;0
1;8;0.00;0.00;0;0;0
1;12;-0.02;0.00;-1;0;0
1;5;-0.01;0.02;0;0;1
1;12;0.00;0.00;0;0;0
1;8;0.00;0.00;0;0;0
1;8;-0.02;0.00;-1;0;0
1;9;0.00;0.00;0;0;0
1;17;0.00;0.00;0;0;0
1;8;-0.01;0.02;0;0;1
1;7;-0.02;0.00;-1;0;0
1;9;0.00;0.00;0;0;0
1;8;0.00;0.00;0;0;0
1;14;0.00;0.00;0;0;0
1;8;0.00;0.00;0;0;0
1;6;-0.04;0.02;-1;0;1
1;15;0.00;0.00;0;0;0
1;6;0.00;0.00;0;0;0
1;8;-0.01;-0.02;0;1;0
1;9;0.00;0.00;0;0;0
1;12;0.00;0.00;0;0;0
1;11;-0.04;0.02;-1;0;1
1;6;0.00;0.00;0;0;0
1;35;0.00;0.00;0;0;0
1;49;-0.06;0.02;-2;0;1
1;7;0.00;0.00;0;0;0
1;8;-0.01;0.02;0;0;1
1;9;0.00;0.00;0;0;0
1;9;0.00;0.00;0;0;0
1;6;0.00;0.00;0;0;0
1;7;-0.02;0.00;-1;0;0
1;8;0.00;0.00;0;0;0
1;8;0.00;0.00;0;0;0
1;9;0.00;0.00;0;0;0
1;8;-0.01;0.02;0;0;1
1;8;0.00;0.00;0;0;0
1;8;0.00;0.00;0;0;0
1;8;-0.02;0.00;-1;0;0
1;9;0.00;0.00;0;0;0
1;8;0.00;0.00;0;0;0
1;8;0.00;0.00;0;0;0
1;8;-0.01;0.02;0;0;1
1;8;0.00;0.00;0;0;0
1;8;0.00;0.00;0;0;0
1;9;-0.02;0.00;-1;0;0
1;8;0.00;0.00;0;0;0
1;8;0.00;0.00;0;0;0
1;8;0.00;0.00;0;0;0
1;8;-0.01;0.02;0;0;1
1;9;0.00;0.00;0;0;0
1;8;-0.02;0.00;-1;0;0
1;8;0.00;0.00;0;0;0
1;8;0.00;0.00;0;0;0
1;8;0.00;0.00;0;0;0
1;9;0.00;0.00;0;0;0
1;8;-0.04;0.02;-1;0;1
1;8;0.00;0.00;0;0;0
1;8;0.00;0.00;0;0;0
1;8;0.00;0.00;0;0;0
1;10;0.00;0.00;0;0;0
1;13;0.00;0.00;0;0;0
1;6;-0.04;0.02;-1;0;1
1;8;0.00;0.00;0;0;0
1;8;0.00;0.00;0;0;0
1;11;0.00;0.00;0;0;0
1;6;0.00;0.00;0;0;0
1;8;0.00;0.00;0;0;0
1;8;0.00;0.00;0;0;0
1;9;-0.04;0.02;-1;0;1
1;8;0.00;0.00;0;0;0
1;8;0.00;0.00;0;0;0
1;8;0.00;0.00;0;0;0
1;9;0.00;0.00;0;0;0
1;7;0.00;0.00;0;0;0
1;9;-0.02;0.00;-1;0;0
1;12;-0.01;0.02;0;0;1
1;8;0.00;0.00;0;0;0
1;8;0.00;0.00;0;0;0
1;8;0.00;0.00;0;0;0
1;12;-0.02;0.00;-1;0;0
1;5;0.00;0.00;0;0;0
1;8;-0.01;0.02;0;0;1
1;8;0.00;0.00;0;0;0
1;9;0.00;0.00;0;0;0
1;8;0.00;0.00;0;0;0
1;8;0.00;0.00;0;0;0
1;8;-0.02;0.00;-1;0;0
1;11;-0.01;0.02;0;0;1
1;8;0.00;0.00;0;0;0
1;6;0.00;0.00;0;0;0
1;8;0.00;0.00;0;0;0
1;10;0.00;0.00;0;0;0
1;6;-0.02;0.00;-1;0;0
1;8;0.00;0.00;0;0;0
1;8;0.00;0.00;0;0;0
1;9;-0.01;0.02;0;0;1
1;8;0.00;0.00;0;0;0
1;8;0.00;0.00;0;0;0
1;8;0.00;0.00;0;0;0
1;8;-0.02;0.00;-1;0;0
1;9;0.00;0.00;0;0;0
1;11;0.00;0.00;0;0;0
1;6;-0.01;0.02;0;0;1
1;7;0.00;0.00;0;0;0
1;11;-0.02;0.00;-1;0;0
1;6;0.00;0.00;0;0;0
1;8;0.00;0.00;0;0;0
1;8;0.00;0.00;0;0;0
1;11;0.00;0.00;0;0;0
1;5;-0.01;0.02;0;0;1
1;9;-0.02;0.00;-1;0;0
1;8;0.00;0.00;0;0;0
1;10;0.00;0.00;0;0;0
1;6;0.00;0.00;0;0;0
1;11;0.00;0.00;0;0;0
1;6;0.00;0.00;0;0;0
1;11;-0.04;0.02;-1;0;1
1;5;0.00;0.00;0;0;0
1;8;0.00;0.00;0;0;0
1;8;0.00;0.00;0;0;0
1;8;0.00;0.00;0;0;0
1;9;0.00;0.00;0;0;0
1;8;0.00;0.00;0;0;0
1;8;-0.04;0.02;-1;0;1
1;11;0.00;0.00;0;0;0
1;5;0.00;0.00;0;0;0
1;9;0.00;0.00;0;0;0
1;18;-0.02;0.00;-1;0;0
1;14;-0.01;0.02;0;0;1
1;9;0.00;0.00;0;0;0
1;8;0.00;0.00;0;0;0
1;8;0.00;0.00;0;0;0
1;8;0.00;0.00;0;0;0
1;8;-0.02;0.00;-1;0;0
1;9;0.00;0.00;0;0;0
1;8;0.00;0.00;0;0;0
1;8;0.00;0.00;0;0;0
1;8;-0.01;0.02;0;0;1
1;9;0.00;0.00;0;0;0
1;9;-0.02;0.00;-1;0;0
1;7;0.00;0.00;0;0;0
1;16;0.00;0.00;0;0;0
1;9;0.00;0.00;0;0;0
1;7;-0.01;0.02;0;0;1
1;9;-0.02;0.00;-1;0;0
1;8;0.00;0.00;0;0;0
1;8;0.00;0.00;0;0;0
1;8;0.00;0.00;0;0;0
1;8;0.00;0.00;0;0;0
1;9;0.00;0.00;0;0;0
1;8;0.00;0.00;0;0;0
1;8;-0.04;0.02;-1;0;1
1;9;0.00;0.00;0;0;0
1;7;0.00;0.00;0;0;0
1;11;-0.01;0.02;0;0;1
1;6;0.00;0.00;0;0;0
1;8;0.00;0.00;0;0;0
1;8;-0.04;0.02;-1;0;1
1;8;0.00;0.00;0;0;0
1;9;0.00;0.00;0;0;0
1;8;-0.01;0.02;0;0;1
1;8;0.00;0.00;0;0;0
1;12;-0.01;0.02;0;0;1
1;8;0.00;0.00;0;0;0
1;10;-0.04;0.02;-1;0;1
1;7;0.00;0.00;0;0;0
1;8;-0.01;0.02;0;0;1
1;8;0.00;0.00;0;0;0
1;8;-0.01;0.02;0;0;1
1;9;-0.02;0.00;-1;0;0
1;8;0.00;0.00;0;0;0
1;8;0.00;0.00;0;0;0
1;8;-0.01;0.02;0;0;1
1;8;0.00;0.00;0;0;0
1;9;-0.02;0.00;-1;0;0
1;8;0.00;0.00;0;0;0
1;8;0.00;0.00;0;0;0
1;19;-0.01;0.02;0;0;1
1;5;-0.02;0.00;-1;0;0
1;9;0.00;0.00;0;0;0
1;8;0.00;0.00;0;0;0
1;8;0.00;0.00;0;0;0
1;8;0.00;0.00;0;0;0
1;8;0.00;0.00;0;0;0
1;12;-0.02;0.00;-1;0;0
1;5;0.00;0.00;0;0;0
1;8;0.00;0.00;0;0;0
1;20;-0.01;0.02;0;0;1
1;12;0.00;0.00;0;0;0
1;7;-0.02;0.00;-1;0;0
1;6;0.00;0.00;0;0;0
1;8;0.00;0.00;0;0;0
1;8;-0.01;0.02;0;0;1
1;9;0.00;0.00;0;0;0
1;8;0.00;0.00;0;0;0
1;8;-0.02;0.00;-1;0;0
1;8;0.00;0.00;0;0;0
1;8;0.00;0.00;0;0;0
1;9;-0.01;0.02;0;0;1
1;8;0.00;0.00;0;0;0
1;8;0.00;0.00;0;0;0
1;12;-0.02;0.00;-1;0;0
1;8;0.00;0.00;0;0;0
1;17;0.00;0.00;0;0;0
1;8;-0.01;0.02;0;0;1
1;8;0.00;0.00;0;0;0
1;15;-0.02;0.00;-1;0;0
1;6;0.00;0.00;0;0;0
1;8;0.00;0.00;0;0;0
1;8;0.00;0.00;0;0;0
1;9;0.00;0.00;0;0;0
1;7;-0.01;0.02;0;0;1
1;9;0.00;0.00;0;0;0
1;11;0.00;0.00;0;0;0
1;8;0.00;0.00;0;0;0
1;5;0.00;0.00;0;0;0
1;8;0.00;0.00;0;0;0
1;11;-0.04;0.02;-1;0;1
1;7;0.00;0.00;0;0;0
1;7;0.00;0.00;0;0;0
1;9;0.00;0.00;0;0;0
1;7;0.00;0.00;0;0;0
1;9;0.00;0.00;0;0;0
1;8;0.00;0.00;0;0;0
1;8;0.00;0.00;0;0;0
1;11;-0.01;0.02;0;0;1
1;12;0.00;0.00;0;0;0
1;6;0.00;0.00;0;0;0
1;8;-0.02;0.00;-1;0;0
1;9;0.00;0.00;0;0;0
1;7;0.00;0.00;0;0;0
1;8;0.00;0.00;0;0;0
1;9;0.00;0.00;0;0;0
1;9;-0.01;0.02;0;0;1
1;7;0.00;0.00;0;0;0
1;8;-0.02;0.00;-1;0;0
1;8;0.00;0.00;0;0;0
1;9;0.00;0.00;0;0;0
1;10;0.00;0.00;0;0;0
1;9;-0.01;0.02;0;0;1
1;5;0.00;0.00;0;0;0
1;8;0.00;0.00;0;0;0
1;13;0.00;0.00;0;0;0
1;8;0.00;0.00;0;0;0
1;8;0.00;0.00;0;0;0
1;8;-0.01;0.02;0;0;1
1;9;0.00;0.00;0;0;0
1;8;0.00;0.00;0;0;0
1;8;0.00;0.00;0;0;0
1;8;0.00;0.00;0;0;0
1;8;-0.01;0.02;0;0;1
1;8;0.00;0.00;0;0;0
1;9;0.00;0.00;0;0;0
1;8;-0.01;0.02;0;0;1
1;8;0.00;0.00;0;0;0
1;8;-0.01;0.02;0;0;1
1;8;0.00;0.00;0;0;0
1;9;-0.01;0.02;0;0;1
1;8;0.00;0.00;0;0;0
1;8;0.00;0.00;0;0;0
1;8;-0.01;0.02;0;0;1
1;11;0.00;0.04;0;-1;1
1;5;0.00;0.00;0;0;0
1;9;0.00;0.00;0;0;0
1;8;-0.01;0.02;0;0;1
1;10;-0.01;0.02;0;0;1
1;9;-0.02;0.00;-1;0;0
1;5;0.01;0.02;0;-1;0
1;9;-0.01;0.02;0;0;1
1;8;0.00;0.00;0;0;0
1;8;-0.01;0.02;0;0;1
1;8;0.00;0.00;0;0;0
1;8;-0.01;0.02;0;0;1
1;9;0.01;0.02;0;-1;0
1;9;-0.01;0.02;0;0;1
1;7;-0.01;0.02;0;0;1
1;8;0.00;0.00;0;0;0
1;8;-0.01;0.02;0;0;1
1;13;-0.01;0.02;0;0;1
1;8;0.00;0.00;0;0;0
1;10;0.00;0.04;0;-1;1
1;8;0.00;0.00;0;0;0
1;6;-0.01;0.02;0;0;1
1;9;0.00;0.00;0;0;0
1;8;0.00;0.00;0;0;0
1;8;0.00;0.00;0;0;0
1;8;-0.01;0.02;0;0;1
1;8;0.00;0.00;0;0;0
1;9;0.00;0.00;0;0;0
1;8;0.00;0.00;0;0;0
1;14;0.00;0.00;0;0;0
1;13;-0.01;0.02;0;0;1
1;6;0.00;0.00;0;0;0
1;14;0.00;0.00;0;0;0
1;15;0.00;0.00;0;0;0
1;25;0.00;0.00;0;0;0
1;7;0.00;0.00;0;0;0
1;11;0.00;0.00;0;0;0
1;6;0.00;0.00;0;0;0
1;8;0.00;0.00;0;0;0
1;8;0.00;0.00;0;0;0
1;22;-0.01;0.02;0;0;1
1;6;0.00;0.00;0;0;0
1;16;0.00;0.00;0;0;0
1;5;0.00;0.00;0;0;0
1;8;-0.01;0.02;0;0;1
1;8;0.00;0.00;0;0;0
1;8;0.00;0.00;0;0;0
1;9;0.00;0.00;0;0;0
1;8;0.00;0.00;0;0;0
1;8;0.00;0.00;0;0;0
1;10;-0.01;0.02;0;0;1
1;6;-0.02;0.00;-1;0;0
1;9;0.00;0.00;0;0;0
1;8;0.00;0.00;0;0;0
1;8;-0.01;0.02;0;0;1
1;8;0.01;0.02;0;-1;0
1;8;0.00;0.00;0;0;0
1;9;-0.01;0.02;0;0;1
1;8;0.00;0.00;0;0;0
1;8;-0.02;0.00;-1;0;0
1;8;-0.01;0.02;0;0;1
1;8;0.00;0.00;0;0;0
1;10;0.00;0.04;0;-1;1
1;7;0.00;0.00;0;0;0
1;8;-0.01;0.02;0;0;1
1;8;0.00;0.00;0;0;0
1;8;-0.04;0.02;-1;0;1
1;8;0.00;0.04;0;-1;1
1;9;0.00;0.00;0;0;0
1;8;-0.01;0.02;0;0;1
1;8;0.00;0.00;0;0;0
1;13;-0.04;0.02;-1;0;1
1;18;-0.01;0.06;0;-1;2
1;10;0.00;0.00;0;0;0
1;10;-0.01;0.02;0;0;1
1;27;-0.04;0.02;-1;0;1
1;8;0.00;0.00;0;0;0
1;8;0.00;0.00;0;0;0
1;9;0.01;0.02;0;-1;0
1;8;-0.01;0.02;0;0;1
1;8;0.00;0.00;0;0;0
1;8;0.00;0.00;0;0;0
1;11;0.00;0.00;0;0;0
1;5;0.00;0.00;0;0;0
1;9;0.00;0.00;0;0;0
1;8;-0.01;0.02;0;0;1
1;12;0.00;0.00;0;0;0
1;8;0.00;0.00;0;0;0
1;8;0.00;0.00;0;0;0
1;9;0.00;0.00;0;0;0
1;8;0.00;0.00;0;0;0
1;8;0.00;0.00;0;0;0
1;8;0.00;0.00;0;0;0
1;8;0.00;0.00;0;0;0
1;9;-0.01;0.02;0;0;1
1;8;0.00;0.00;0;0;0
1;8;0.00;0.00;0;0;0
1;8;0.00;0.00;0;0;0
1;8;0.00;0.00;0;0;0
1;17;0.00;0.00;0;0;0
1;8;-0.01;0.02;0;0;1
1;8;0.00;0.00;0;0;0
1;8;0.00;0.00;0;0;0
1;9;0.00;0.00;0;0;0
1;8;0.00;0.00;0;0;0
1;8;0.00;0.00;0;0;0
1;7;0.00;0.00;0;0;0
1;9;-0.01;0.02;0;0;1
1;9;0.00;0.00;0;0;0
1;8;0.00;0.00;0;0;0
1;8;0.00;0.00;0;0;0
1;8;0.00;0.00;0;0;0
1;8;0.00;0.00;0;0;0
1;8;0.00;0.00;0;0;0
1;9;-0.01;0.02;0;0;1
1;8;0.00;0.00;0;0;0
1;8;0.00;0.00;0;0;0
1;8;0.00;0.00;0;0;0
1;8;0.00;0.00;0;0;0
1;9;0.00;0.00;0;0;0
1;8;0.00;0.00;0;0;0
1;8;-0.01;0.02;0;0;1
1;8;0.00;0.00;0;0;0
1;8;0.00;0.00;0;0;0
1;9;0.00;0.00;0;0;0
1;8;0.00;0.00;0;0;0
1;8;0.00;0.00;0;0;0
1;8;0.00;0.00;0;0;0
1;8;0.00;0.04;0;-1;1
1;9;0.00;0.00;0;0;0
1;8;0.00;0.00;0;0;0
1;8;0.00;0.00;0;0;0
1;8;0.00;0.00;0;0;0
1;8;0.00;0.00;0;0;0
1;8;0.01;0.02;0;-1;0
1;9;0.00;0.00;0;0;0
1;8;-0.01;0.02;0;0;1
1;8;0.00;0.00;0;0;0
1;11;0.00;0.00;0;0;0
1;9;-0.01;0.02;0;0;1
1;7;0.00;0.00;0;0;0
1;6;0.01;0.02;0;-1;0
1;13;-0.01;0.02;0;0;1
1;7;0.00;0.00;0;0;0
1;9;-0.01;0.02;0;0;1
1;8;0.00;0.00;0;0;0
1;8;-0.01;0.02;0;0;1
1;8;0.00;0.00;0;0;0
1;8;-0.01;0.02;0;0;1
1;8;0.00;0.00;0;0;0
1;9;0.00;0.04;0;-1;1
1;8;0.00;0.00;0;0;0
1;8;-0.01;0.02;0;0;1
1;8;0.00;0.00;0;0;0
1;8;-0.01;0.02;0;0;1
1;9;0.01;0.02;0;-1;0
1;8;-0.01;0.02;0;0;1
1;8;0.00;0.00;0;0;0
1;8;-0.01;0.02;0;0;1
1;8;0.01;0.02;0;-1;0
1;9;-0.01;0.02;0;0;1
1;8;0.00;0.00;0;0;0
1;8;0.00;0.00;0;0;0
1;8;0.00;0.00;0;0;0
1;22;0.00;0.04;0;-1;1
1;7;0.00;0.00;0;0;0
1;8;0.00;0.00;0;0;0
1;8;0.00;0.00;0;0;0
1;7;0.01;0.02;0;-1;0
1;9;-0.01;0.02;0;0;1
1;8;0.00;0.00;0;0;0
1;9;0.00;0.00;0;0;0
1;8;0.00;0.00;0;0;0
1;8;0.00;0.00;0;0;0
1;9;0.00;0.00;0;0;0
1;7;0.00;0.00;0;0;0
1;8;0.00;0.00;0;0;0
1;11;0.01;0.02;0;-1;0
1;5;0.00;0.00;0;0;0
1;9;0.00;0.00;0;0;0
1;8;-0.01;0.02;0;0;1
1;11;0.00;0.00;0;0;0
1;5;0.00;0.00;0;0;0
1;8;0.00;0.00;0;0;0
1;8;0.00;0.00;0;0;0
1;14;0.01;0.02;0;-1;0
1;7;0.00;0.00;0;0;0
1;7;-0.01;0.02;0;0;1
1;13;0.00;0.00;0;0;0
1;10;0.00;0.00;0;0;0
1;7;0.01;0.02;0;-1;0
1;10;0.00;0.00;0;0;0
1;6;0.00;0.00;0;0;0
1;8;-0.01;0.02;0;0;1
1;9;0.00;0.00;0;0;0
1;11;0.01;0.02;0;-1;0
1;5;0.00;0.00;0;0;0
1;8;0.00;0.00;0;0;0
1;8;0.00;0.00;0;0;0
1;11;-0.01;0.02;0;0;1
1;6;0.00;0.00;0;0;0
1;8;0.00;0.04;0;-1;1
1;8;0.00;0.00;0;0;0
1;14;-0.01;0.02;0;0;1
1;7;0.00;0.00;0;0;0
1;11;-0.04;0.02;-1;0;1
1;8;0.00;0.00;0;0;0
1;9;0.01;0.02;0;-1;0
1;16;-0.01;0.02;0;0;1
1;8;-0.01;0.02;0;0;1
1;8;0.00;0.00;0;0;0
1;27;-0.04;0.06;-1;-1;2
1;7;0.00;0.00;0;0;0
1;11;0.00;0.04;0;-1;1
1;5;0.00;0.00;0;0;0
1;8;-0.01;0.02;0;0;1
1;8;0.00;0.00;0;0;0
1;18;-0.01;0.02;0;0;1
1;7;0.01;0.02;0;-1;0
1;8;0.00;0.00;0;0;0
1;17;-0.01;0.02;0;0;1
1;8;0.00;0.00;0;0;0
1;8;0.00;0.00;0;0;0
1;15;0.00;0.00;0;0;0
1;6;0.00;0.00;0;0;0
1;8;0.00;0.00;0;0;0
1;15;0.00;0.00;0;0;0
1;5;-0.01;0.02;0;0;1
1;8;0.00;0.00;0;0;0
1;9;0.00;0.00;0;0;0
1;9;0.00;0.00;0;0;0
1;7;0.00;0.00;0;0;0
1;11;0.00;0.00;0;0;0
1;10;0.00;0.00;0;0;0
1;13;0.00;0.00;0;0;0
1;10;0.00;0.00;0;0;0
1;14;-0.01;0.02;0;0;1
1;8;0.00;0.00;0;0;0
1;8;0.00;0.00;0;0;0
1;12;0.00;0.00;0;0;0
1;8;0.00;0.00;0;0;0
1;8;-0.01;0.02;0;0;1
1;9;0.01;0.02;0;-1;0
1;8;0.00;0.00;0;0;0
1;8;0.00;0.00;0;0;0
1;8;0.00;0.00;0;0;0
1;8;0.00;0.00;0;0;0
1;8;0.00;0.00;0;0;0
1;11;0.00;0.04;0;-1;1
1;6;0.00;0.00;0;0;0
1;8;0.00;0.00;0;0;0
1;8;0.00;0.00;0;0;0
1;9;0.00;0.00;0;0;0
1;7;-0.01;0.02;0;0;1
1;8;0.00;0.00;0;0;0
1;9;0.01;0.02;0;-1;0
1;7;-0.01;0.02;0;0;1
1;8;0.00;0.00;0;0;0
1;9;-0.01;0.02;0;0;1
1;8;0.00;0.00;0;0;0
1;9;-0.01;0.02;0;0;1
1;8;0.00;0.00;0;0;0
1;8;-0.01;0.02;0;0;1
1;8;0.01;0.02;0;-1;0
1;9;-0.01;0.02;0;0;1
1;8;0.00;0.00;0;0;0
1;7;-0.01;0.02;0;0;1
1;11;0.00;0.00;0;0;0
1;11;-0.01;0.02;0;0;1
1;8;0.00;0.04;0;-1;1
1;8;0.00;0.00;0;0;0
1;8;0.00;0.00;0;0;0
1;8;-0.01;0.02;0;0;1
1;8;0.00;0.00;0;0;0
1;9;0.01;0.02;0;-1;0
1;8;-0.01;0.02;0;0;1
1;8;0.00;0.00;0;0;0
1;8;0.00;0.00;0;0;0
1;11;0.00;0.00;0;0;0
1;6;0.00;0.04;0;-1;1
1;11;0.00;0.00;0;0;0
1;7;0.00;0.00;0;0;0
1;6;0.00;0.00;0;0;0
1;11;0.00;0.00;0;0;0
1;6;0.00;0.00;0;0;0
1;9;0.00;0.00;0;0;0
1;10;0.01;0.02;0;-1;0
1;8;0.00;0.00;0;0;0
1;9;-0.01;0.02;0;0;1
1;9;0.00;0.00;0;0;0
1;14;0.00;0.00;0;0;0
1;6;0.00;0.00;0;0;0
1;9;0.00;0.00;0;0;0
1;8;0.00;0.00;0;0;0
1;8;0.01;0.02;0;-1;0
1;8;0.00;0.00;0;0;0
1;9;-0.01;0.02;0;0;1
1;12;0.00;0.00;0;0;0
1;8;0.00;0.00;0;0;0
1;12;0.00;0.00;0;0;0
1;9;0.01;0.02;0;-1;0
1;7;-0.01;0.02;0;0;1
1;9;0.00;0.00;0;0;0
1;8;0.00;0.00;0;0;0
1;9;0.00;0.00;0;0;0
1;7;0.00;0.00;0;0;0
1;12;0.00;0.04;0;-1;1
1;9;0.00;0.00;0;0;0
1;11;0.00;0.00;0;0;0
1;12;0.00;0.00;0;0;0
1;7;0.00;0.00;0;0;0
1;7;0.01;0.02;0;-1;0
1;8;-0.01;0.02;0;0;1
1;11;0.00;0.00;0;0;0
1;5;0.00;0.00;0;0;0
1;8;0.00;0.00;0;0;0
1;9;0.00;0.00;0;0;0
1;7;-0.01;0.02;0;0;1
1;8;0.01;0.02;0;-1;0
1;8;0.00;0.00;0;0;0
1;9;0.00;0.00;0;0;0
1;11;0.00;0.00;0;0;0
1;6;0.00;0.00;0;0;0
1;8;0.00;0.00;0;0;0
1;7;-0.01;0.02;0;0;1
1;10;0.01;0.02;0;-1;0
1;7;0.00;0.00;0;0;0
1;9;0.00;0.00;0;0;0
1;7;0.00;0.00;0;0;0
1;11;-0.01;0.02;0;0;1
1;6;0.00;0.00;0;0;0
1;8;0.00;0.00;0;0;0
1;8;0.00;0.04;0;-1;1
1;9;0.00;0.00;0;0;0
1;8;-0.01;0.02;0;0;1
1;8;0.00;0.00;0;0;0
1;8;-0.01;0.02;0;0;1
1;9;0.00;0.00;0;0;0
1;8;-0.01;0.02;0;0;1
1;8;0.00;0.00;0;0;0
1;8;0.00;0.04;0;-1;1
1;8;0.00;0.00;0;0;0
1;9;-0.01;0.02;0;0;1
1;8;-0.01;0.02;0;0;1
1;8;0.00;0.00;0;0;0
1;7;0.00;0.04;0;-1;1
1;12;-0.01;0.02;0;0;1
1;5;0.00;0.00;0;0;0
1;9;0.00;0.00;0;0;0
1;8;-0.01;0.02;0;0;1
1;11;-0.01;0.02;0;0;1
1;5;0.01;0.02;0;-1;0
1;8;-0.01;0.02;0;0;1
1;9;0.00;0.00;0;0;0
1;10;-0.01;0.02;0;0;1
1;6;0.00;0.00;0;0;0
1;8;0.00;0.00;0;0;0
1;7;0.00;0.00;0;0;0
1;12;0.01;0.02;0;-1;0
1;8;0.00;0.00;0;0;0
1;6;0.00;0.00;0;0;0
1;7;-0.01;0.02;0;0;1
1;13;-0.02;0.00;-1;0;0
1;9;0.00;0.00;0;0;0
1;7;0.00;0.00;0;0;0
1;12;0.01;0.02;0;-1;0
1;5;0.00;0.00;0;0;0
1;8;-0.01;0.02;0;0;1
1;8;0.00;0.00;0;0;0
1;12;0.00;0.00;0;0;0
1;5;0.00;0.00;0;0;0
1;8;0.00;0.00;0;0;0
1;8;0.01;0.02;0;-1;0
1;8;0.00;0.00;0;0;0
1;8;0.00;0.00;0;0;0
1;10;-0.01;0.02;0;0;1
1;7;0.00;0.00;0;0;0
1;7;0.00;0.00;0;0;0
1;10;0.00;0.00;0;0;0
1;7;0.00;0.00;0;0;0
1;8;0.00;0.00;0;0;0
1;9;0.01;0.02;0;-1;0
1;8;0.00;0.00;0;0;0
1;7;-0.01;0.02;0;0;1
1;10;0.00;0.00;0;0;0
1;10;0.00;0.00;0;0;0
1;6;0.00;0.00;0;0;0
1;8;0.00;0.00;0;0;0
1;8;0.00;0.00;0;0;0
1;9;0.01;0.02;0;-1;0
1;8;-0.01;0.02;0;0;1
1;9;0.00;0.00;0;0;0
1;7;0.00;0.00;0;0;0
1;8;0.00;0.00;0;0;0
1;8;0.00;0.00;0;0;0
1;9;0.00;0.00;0;0;0
1;8;-0.01;0.02;0;0;1
1;7;0.01;0.02;0;-1;0
1;9;0.00;0.00;0;0;0
1;9;0.00;0.00;0;0;0
1;7;0.00;0.00;0;0;0
1;9;0.00;0.00;0;0;0
1;8;-0.01;0.02;0;0;1
1;11;0.00;0.00;0;0;0
1;6;0.00;0.00;0;0;0
1;8;0.01;0.02;0;-1;0
1;10;0.00;0.00;0;0;0
1;6;0.00;0.00;0;0;0
1;8;0.00;0.00;0;0;0
1;8;-0.01;0.02;0;0;1
1;9;0.00;0.00;0;0;0
1;7;0.00;0.00;0;0;0
1;8;0.01;0.02;0;-1;0
1;8;0.00;0.00;0;0;0
1;8;0.00;0.00;0;0;0
1;13;-0.01;0.02;0;0;1
1;5;0.00;0.00;0;0;0
1;8;0.00;0.00;0;0;0
1;7;0.00;0.00;0;0;0
1;9;0.00;0.00;0;0;0
1;8;0.01;0.02;0;-1;0
1;8;0.00;0.00;0;0;0
1;8;0.00;0.00;0;0;0
1;8;-0.01;0.02;0;0;1
1;8;0.00;0.00;0;0;0
1;9;0.00;0.00;0;0;0
1;11;0.01;0.02;0;-1;0
1;6;0.00;0.00;0;0;0
1;9;0.00;0.00;0;0;0
1;7;-0.01;0.02;0;0;1
1;10;0.00;0.00;0;0;0
1;7;0.00;0.00;0;0;0
1;7;0.00;0.00;0;0;0
1;8;0.01;0.02;0;-1;0
1;10;0.00;0.00;0;0;0
1;7;0.00;0.00;0;0;0
1;8;-0.01;0.02;0;0;1
1;8;0.00;0.00;0;0;0
1;8;0.00;0.00;0;0;0
1;8;0.00;0.00;0;0;0
1;33;0.00;0.04;0;-1;1
1;10;0.00;0.00;0;0;0
1;8;0.00;0.00;0;0;0
1;8;0.00;0.00;0;0;0
1;12;0.00;0.00;0;0;0
1;8;0.01;0.02;0;-1;0
1;7;-0.01;0.02;0;0;1
1;8;0.00;0.00;0;0;0
1;9;0.00;0.00;0;0;0
1;8;0.00;0.00;0;0;0
1;8;0.00;0.00;0;0;0
1;8;0.00;0.00;0;0;0
1;8;0.01;0.02;0;-1;0
1;9;-0.01;0.02;0;0;1
1;8;0.00;0.00;0;0;0
1;8;0.00;0.00;0;0;0
1;8;0.00;0.00;0;0;0
1;8;0.00;0.00;0;0;0
1;9;0.00;0.00;0;0;0
1;8;0.01;0.02;0;-1;0
1;9;-0.01;0.02;0;0;1
1;7;0.00;0.00;0;0;0
1;8;0.00;0.00;0;0;0
1;8;0.00;0.00;0;0;0
1;10;0.00;0.00;0;0;0
1;8;0.00;0.00;0;0;0
1;8;0.01;0.02;0;-1;0
1;8;-0.01;0.02;0;0;1
1;8;0.00;0.00;0;0;0
1;8;0.00;0.00;0;0;0
1;8;0.00;0.00;0;0;0
1;9;0.00;0.00;0;0;0
1;7;0.00;0.00;0;0;0
1;8;0.01;0.02;0;-1;0
1;9;-0.01;0.02;0;0;1
1;10;0.00;0.00;0;0;0
1;7;-0.01;0.02;0;0;1
1;7;0.00;0.00;0;0;0
1;8;0.00;0.00;0;0;0
1;9;-0.01;0.02;0;0;1
1;8;0.01;0.02;0;-1;0
1;8;0.00;0.00;0;0;0
1;8;-0.01;0.02;0;0;1
1;8;0.00;0.00;0;0;0
1;9;-0.01;0.02;0;0;1
1;10;0.00;0.00;0;0;0
1;7;-0.01;0.02;0;0;1
1;11;0.01;0.02;0;-1;0
1;5;-0.01;0.02;0;0;1
1;11;0.00;0.00;0;0;0
1;6;0.00;0.00;0;0;0
1;7;-0.01;0.02;0;0;1
1;8;0.01;0.02;0;-1;0
1;13;0.00;0.00;0;0;0
1;9;0.00;0.00;0;0;0
1;7;-0.01;0.02;0;0;1
1;11;0.00;0.00;0;0;0
1;6;0.01;0.02;0;-1;0
1;8;0.00;0.00;0;0;0
1;7;0.00;0.00;0;0;0
1;12;0.00;0.00;0;0;0
1;6;0.00;0.00;0;0;0
1;7;0.00;0.00;0;0;0
1;8;0.00;0.00;0;0;0
1;9;0.00;0.00;0;0;0
1;9;0.00;0.00;0;0;0
1;8;0.00;0.00;0;0;0
1;8;0.00;0.04;0;-1;1
1;10;0.00;0.00;0;0;0
1;6;0.00;0.00;0;0;0
1;8;0.00;0.00;0;0;0
1;8;0.00;0.00;0;0;0
1;11;0.00;0.00;0;0;0
1;6;0.00;0.00;0;0;0
1;8;0.00;0.00;0;0;0
1;8;-0.01;0.02;0;0;1
1;9;0.01;0.02;0;-1;0
1;7;0.00;0.00;0;0;0
1;8;0.00;0.00;0;0;0
1;8;0.00;0.00;0;0;0
1;10;0.00;0.00;0;0;0
1;7;0.01;0.02;0;-1;0
1;8;0.00;0.00;0;0;0
1;8;-0.01;0.02;0;0;1
1;10;0.00;0.00;0;0;0
1;8;0.01;0.02;0;-1;0
1;7;0.00;0.00;0;0;0
1;8;0.00;0.00;0;0;0
1;12;0.01;0.02;0;-1;0
1;5;0.00;0.00;0;0;0
1;8;0.00;0.04;0;-1;1
1;9;0.00;0.00;0;0;0
1;7;0.01;0.02;0;-1;0
1;12;0.00;0.00;0;0;0
1;5;0.01;0.02;0;-1;0
1;8;0.00;0.00;0;0;0
1;8;0.01;0.02;0;-1;0
1;11;0.01;0.02;0;-1;0
1;6;-0.01;0.02;0;0;1
1;7;0.01;0.02;0;-1;0
1;9;0.00;0.00;0;0;0
1;8;0.01;0.02;0;-1;0
1;8;0.00;0.00;0;0;0
1;8;0.01;0.02;0;-1;0
1;8;-0.01;0.02;0;0;1
1;8;0.00;0.00;0;0;0
1;9;0.01;0.02;0;-1;0
1;8;0.00;0.00;0;0;0
1;8;0.00;0.00;0;0;0
1;11;-0.01;0.02;0;0;1
1;6;0.01;0.02;0;-1;0
1;7;0.00;0.00;0;0;0
1;10;0.00;0.00;0;0;0
1;7;0.00;0.00;0;0;0
1;9;0.00;0.00;0;0;0
1;7;0.00;0.00;0;0;0
1;8;-0.01;0.02;0;0;1
1;9;0.00;0.00;0;0;0
1;8;0.00;0.00;0;0;0
1;10;0.00;0.00;0;0;0
1;6;0.01;0.02;0;-1;0
1;9;0.00;0.00;0;0;0
1;9;0.00;0.00;0;0;0
1;7;0.00;0.00;0;0;0
1;8;0.00;0.00;0;0;0
1;8;0.00;0.00;0;0;0
1;8;0.00;0.00;0;0;0
1;9;-0.01;0.02;0;0;1
1;8;0.00;0.00;0;0;0
1;9;0.01;0.02;0;-1;0
1;8;0.00;0.00;0;0;0
1;7;0.00;0.00;0;0;0
1;15;0.00;0.00;0;0;0
1;7;0.00;0.00;0;0;0
1;7;-0.01;0.02;0;0;1
1;8;0.00;0.00;0;0;0
1;9;0.01;0.02;0;-1;0
1;9;0.00;0.00;0;0;0
1;7;0.00;0.00;0;0;0
1;8;0.00;0.00;0;0;0
1;8;-0.01;0.02;0;0;1
1;8;0.00;0.00;0;0;0
1;9;0.00;0.00;0;0;0
1;8;0.00;0.00;0;0;0
1;8;0.01;0.02;0;-1;0
1;9;0.00;0.00;0;0;0
1;17;-0.01;0.02;0;0;1
1;8;0.00;0.00;0;0;0
1;10;0.01;0.02;0;-1;0
1;6;0.00;0.00;0;0;0
1;9;0.00;0.00;0;0;0
1;7;0.00;0.00;0;0;0
1;11;0.00;0.00;0;0;0
1;6;0.01;0.02;0;-1;0
1;7;-0.01;0.02;0;0;1
1;9;0.00;0.00;0;0;0
1;11;0.00;0.00;0;0;0
1;8;0.00;0.00;0;0;0
1;6;0.00;0.00;0;0;0
1;7;0.00;0.00;0;0;0
1;11;0.00;0.04;0;-1;1
1;6;0.00;0.00;0;0;0
1;9;0.00;0.00;0;0;0
1;7;0.00;0.00;0;0;0
1;9;0.00;0.00;0;0;0
1;7;-0.01;0.02;0;0;1
1;8;0.00;0.00;0;0;0
1;9;0.01;0.02;0;-1;0
1;10;0.00;0.00;0;0;0
1;7;0.00;0.00;0;0;0
1;7;0.00;0.00;0;0;0
1;8;0.00;0.00;0;0;0
1;12;0.00;0.04;0;-1;1
1;6;0.00;0.00;0;0;0
1;8;0.00;0.00;0;0;0
1;7;0.00;0.00;0;0;0
1;10;0.00;0.00;0;0;0
1;7;0.00;0.00;0;0;0
1;8;0.01;0.02;0;-1;0
1;8;0.00;0.00;0;0;0
1;8;-0.01;0.02;0;0;1
1;8;0.00;0.00;0;0;0
1;8;0.00;0.00;0;0;0
1;9;0.01;0.02;0;-1;0
1;11;0.00;0.00;0;0;0
1;6;0.00;0.00;0;0;0
1;7;-0.01;0.02;0;0;1
1;8;0.00;0.00;0;0;0
1;9;0.00;0.00;0;0;0
1;8;0.00;0.00;0;0;0
1;8;0.01;0.02;0;-1;0
1;8;0.00;0.00;0;0;0
1;8;-0.01;0.02;0;0;1
1;12;0.00;0.00;0;0;0
1;6;0.00;0.00;0;0;0
1;7;0.00;0.00;0;0;0
1;8;0.00;0.00;0;0;0
1;17;0.00;0.04;0;-1;1
1;8;0.00;0.00;0;0;0
1;8;0.00;0.00;0;0;0
1;11;0.00;0.00;0;0;0
1;6;0.01;0.02;0;-1;0
1;7;0.00;0.00;0;0;0
1;9;0.00;0.00;0;0;0
1;8;-0.01;0.02;0;0;1
1;8;0.00;0.00;0;0;0
1;8;0.00;0.00;0;0;0
1;8;0.01;0.02;0;-1;0
1;12;0.00;0.00;0;0;0
1;6;0.00;0.00;0;0;0
1;9;-0.01;0.02;0;0;1
1;7;0.00;0.00;0;0;0
1;9;0.00;0.00;0;0;0
1;8;0.01;0.02;0;-1;0
1;7;0.00;0.00;0;0;0
1;8;-0.01;0.02;0;0;1
1;9;0.00;0.00;0;0;0
1;7;0.00;0.00;0;0;0
1;8;0.00;0.00;0;0;0
1;9;0.00;0.00;0;0;0
1;9;0.01;0.02;0;-1;0
1;7;-0.01;0.02;0;0;1
1;8;0.00;0.00;0;0;0
1;13;0.00;0.00;0;0;0
1;7;0.00;0.00;0;0;0
1;6;0.01;0.02;0;-1;0
1;7;0.00;0.00;0;0;0
1;8;-0.01;0.02;0;0;1
1;8;0.00;0.00;0;0;0
1;9;0.00;0.00;0;0;0
1;8;0.00;0.00;0;0;0
1;8;0.01;0.02;0;-1;0
1;8;0.00;0.00;0;0;0
1;8;0.00;0.00;0;0;0
1;9;-0.01;0.02;0;0;1
1;8;0.01;0.02;0;-1;0
1;8;0.00;0.00;0;0;0
1;12;0.00;0.00;0;0;0
1;8;0.01;0.02;0;-1;0
1;9;0.00;0.00;0;0;0
1;8;0.01;0.02;0;-1;0
1;9;-0.01;0.02;0;0;1
1;8;0.01;0.02;0;-1;0
1;7;0.00;0.00;0;0;0
1;9;0.01;0.02;0;-1;0
1;10;0.00;0.00;0;0;0
1;6;0.01;0.02;0;-1;0
1;8;0.00;0.00;0;0;0
1;8;0.00;0.04;0;-1;1
1;15;0.01;0.02;0;-1;0
1;7;0.00;0.00;0;0;0
1;7;0.00;0.04;0;-1;1
1;9;0.00;0.00;0;0;0
1;7;0.00;0.00;0;0;0
1;9;0.01;0.02;0;-1;0
1;8;-0.01;0.02;0;0;1
1;12;0.00;0.00;0;0;0
1;5;0.00;0.00;0;0;0
1;7;0.01;0.02;0;-1;0
1;9;0.00;0.00;0;0;0
1;9;0.00;0.00;0;0;0
1;7;0.00;0.00;0;0;0
1;8;0.00;0.00;0;0;0
1;8;0.00;0.00;0;0;0
1;9;0.00;0.00;0;0;0
1;8;0.01;0.02;0;-1;0
1;8;0.00;0.00;0;0;0
1;8;0.00;0.00;0;0;0
1;10;0.00;0.00;0;0;0
1;10;0.00;0.00;0;0;0
1;6;0.00;0.00;0;0;0
1;8;0.00;0.00;0;0;0
1;7;0.00;0.00;0;0;0
1;12;0.00;0.00;0;0;0
1;5;0.00;0.00;0;0;0
1;10;0.01;0.02;0;-1;0
1;9;0.00;0.00;0;0;0
1;8;0.00;0.00;0;0;0
1;6;0.00;0.00;0;0;0
1;9;0.00;0.00;0;0;0
1;9;0.00;0.00;0;0;0
1;6;0.00;0.00;0;0;0
1;8;0.01;0.02;0;-1;0
1;8;0.00;0.00;0;0;0
1;8;0.00;0.00;0;0;0
1;14;0.00;0.00;0;0;0
1;7;0.00;0.00;0;0;0
1;8;0.00;0.00;0;0;0
1;8;0.00;0.00;0;0;0
1;9;0.01;0.02;0;-1;0
1;9;0.00;0.00;0;0;0
1;10;0.00;0.00;0;0;0
1;8;0.00;0.00;0;0;0
1;6;0.00;0.00;0;0;0
1;7;0.00;0.00;0;0;0
1;10;0.01;0.02;0;-1;0
1;9;0.00;0.00;0;0;0
1;10;0.00;0.00;0;0;0
1;8;0.00;0.00;0;0;0
1;8;0.02;0.00;1;0;0
1;9;0.00;0.00;0;0;0
1;8;0.00;0.00;0;0;0
1;8;0.01;0.02;0;-1;0
1;8;0.00;0.00;0;0;0
1;9;0.00;0.00;0;0;0
1;8;0.01;0.02;0;-1;0
1;8;0.00;0.00;0;0;0
1;12;0.00;0.00;0;0;0
1;5;0.01;0.02;0;-1;0
1;11;0.00;0.00;0;0;0
1;9;0.01;0.02;0;-1;0
1;8;0.00;0.00;0;0;0
1;9;0.04;0.02;1;-1;0
1;9;0.00;0.00;0;0;0
1;19;0.01;0.02;0;-1;0
1;8;0.01;0.02;0;-1;0
1;8;0.00;0.00;0;0;0
1;19;0.05;0.04;1;-2;0
1;8;-0.01;0.02;0;0;1
1;10;0.01;0.02;0;-1;0
1;13;0.00;0.00;0;0;0
1;7;0.04;0.02;1;-1;0
1;9;0.00;0.00;0;0;0
1;13;0.01;0.02;0;-1;0
1;9;0.00;0.00;0;0;0
1;7;0.01;0.02;0;-1;0
1;7;0.00;0.00;0;0;0
1;16;0.02;0.00;1;0;0
1;13;0.01;0.02;0;-1;0
1;8;0.00;0.00;0;0;0
1;9;0.00;0.00;0;0;0
1;8;0.00;0.00;0;0;0
1;8;0.00;0.00;0;0;0
1;8;0.02;0.00;1;0;0
1;8;0.00;0.00;0;0;0
1;12;0.00;0.00;0;0;0
1;6;0.00;0.00;0;0;0
1;7;0.00;0.00;0;0;0
1;8;0.01;0.02;0;-1;0
1;8;0.00;0.00;0;0;0
1;8;0.00;0.00;0;0;0
1;9;0.02;0.00;1;0;0
1;8;0.00;0.00;0;0;0
1;8;0.00;0.00;0;0;0
1;8;0.00;0.00;0;0;0
1;8;0.00;0.00;0;0;0
1;12;0.01;0.02;0;-1;0
1;6;0.00;0.00;0;0;0
1;8;0.00;0.00;0;0;0
1;7;0.00;0.00;0;0;0
1;8;0.02;0.00;1;0;0
1;9;0.00;0.00;0;0;0
1;8;0.00;0.00;0;0;0
1;8;0.01;0.02;0;-1;0
1;11;0.00;0.00;0;0;0
1;6;0.00;0.00;0;0;0
1;8;0.01;0.02;0;-1;0
1;8;0.02;0.00;1;0;0
1;8;0.00;0.00;0;0;0
1;8;0.01;0.02;0;-1;0
1;8;0.00;0.00;0;0;0
1;8;0.01;0.02;0;-1;0
1;13;0.00;0.00;0;0;0
1;5;0.00;0.00;0;0;0
1;7;0.01;0.02;0;-1;0
1;8;0.00;0.00;0;0;0
1;9;0.02;0.04;1;-1;1
1;8;0.01;0.02;0;-1;0
1;9;0.00;0.00;0;0;0
1;7;0.00;0.00;0;0;0
1;12;0.04;0.02;1;-1;0
1;5;0.00;0.00;0;0;0
1;9;0.01;0.02;0;-1;0
1;7;0.00;0.00;0;0;0
1;8;0.01;0.02;0;-1;0
1;8;-0.01;0.02;0;0;1
1;12;0.04;0.02;1;-1;0
1;6;0.00;0.00;0;0;0
1;7;0.01;0.02;0;-1;0
1;8;0.00;0.00;0;0;0
1;9;0.01;0.02;0;-1;0
1;7;0.00;0.00;0;0;0
1;9;0.01;0.02;0;-1;0
1;9;0.02;0.00;1;0;0
1;8;0.00;0.00;0;0;0
1;7;0.01;0.02;0;-1;0
1;8;0.00;0.00;0;0;0
1;8;0.00;0.00;0;0;0
1;11;0.00;0.00;0;0;0
1;6;0.01;0.02;0;-1;0
1;9;0.00;0.00;0;0;0
1;11;0.00;0.00;0;0;0
1;5;0.02;0.00;1;0;0
1;8;0.00;0.00;0;0;0
1;8;0.00;0.00;0;0;0
1;8;0.00;0.00;0;0;0
1;8;0.00;0.00;0;0;0
1;8;0.00;0.00;0;0;0
1;9;0.00;0.00;0;0;0
1;8;0.00;0.00;0;0;0
1;8;0.00;0.00;0;0;0
1;8;0.00;0.00;0;0;0
1;9;0.01;0.02;0;-1;0
1;14;0.00;0.00;0;0;0
1;6;0.00;0.00;0;0;0
1;8;0.00;0.00;0;0;0
1;8;0.00;0.00;0;0;0
1;8;0.00;0.00;0;0;0
1;9;0.00;0.00;0;0;0
1;8;0.01;0.02;0;-1;0
1;10;0.00;0.00;0;0;0
1;7;0.00;0.00;0;0;0
1;7;0.00;0.00;0;0;0
1;9;0.00;0.00;0;0;0
1;8;0.00;0.00;0;0;0
1;9;0.01;0.02;0;-1;0
1;7;0.00;0.00;0;0;0
1;8;0.00;0.00;0;0;0
1;10;0.00;0.00;0;0;0
1;7;0.00;0.00;0;0;0
1;8;0.00;0.00;0;0;0
1;8;0.04;0.02;1;-1;0
1;8;0.00;0.00;0;0;0
1;8;0.00;0.00;0;0;0
1;12;0.01;0.02;0;-1;0
1;7;0.00;0.00;0;0;0
1;6;0.01;0.02;0;-1;0
1;7;0.00;0.00;0;0;0
1;18;0.04;0.02;1;-1;0
1;8;0.01;0.02;0;-1;0
1;8;0.00;0.00;0;0;0
1;8;0.01;0.02;0;-1;0
1;7;0.00;0.00;0;0;0
1;9;0.01;0.02;0;-1;0
1;9;0.00;0.00;0;0;0
1;11;0.04;0.02;1;-1;0
1;4;0.01;0.02;0;-1;0
1;8;0.00;0.00;0;0;0
1;10;0.01;0.02;0;-1;0
1;8;0.00;0.00;0;0;0
1;8;0.01;0.02;0;-1;0
1;10;0.01;0.02;0;-1;0
1;5;0.02;0.00;1;0;0
1;12;0.01;0.02;0;-1;0
1;7;0.00;0.00;0;0;0
1;6;0.00;0.00;0;0;0
1;9;0.01;0.02;0;-1;0
1;8;0.00;0.00;0;0;0
1;11;0.02;0.00;1;0;0
1;5;0.01;0.02;0;-1;0
1;8;0.00;0.00;0;0;0
1;11;-0.01;0.02;0;0;1
1;6;0.00;0.00;0;0;0
1;7;0.02;0.00;1;0;0
1;16;0.00;0.00;0;0;0
1;5;0.00;0.00;0;0;0
1;8;0.00;0.00;0;0;0
1;8;0.00;0.00;0;0;0
1;10;0.00;0.00;0;0;0
1;7;0.00;0.00;0;0;0
1;8;0.01;0.02;0;-1;0
1;8;0.00;0.00;0;0;0
1;8;0.00;0.00;0;0;0
1;8;0.00;0.00;0;0;0
1;9;0.00;0.00;0;0;0
1;8;0.00;0.00;0;0;0
1;8;0.00;0.00;0;0;0
1;9;0.01;0.02;0;-1;0
1;7;0.00;0.00;0;0;0
1;9;0.00;0.00;0;0;0
1;8;0.00;0.00;0;0;0
1;8;0.00;0.00;0;0;0
1;8;0.00;0.00;0;0;0
1;11;0.01;0.02;0;-1;0
1;6;0.00;0.00;0;0;0
1;8;0.00;0.00;0;0;0
1;8;0.00;0.00;0;0;0
1;8;0.02;0.00;1;0;0
1;8;0.00;0.00;0;0;0
1;9;0.01;0.02;0;-1;0
1;8;0.00;0.00;0;0;0
1;8;0.00;0.00;0;0;0
1;9;0.00;0.00;0;0;0
1;10;0.00;0.00;0;0;0
1;5;0.02;0.00;1;0;0
1;9;0.01;0.02;0;-1;0
1;8;0.00;0.00;0;0;0
1;8;0.00;0.00;0;0;0
1;8;0.00;0.00;0;0;0
1;8;0.00;0.00;0;0;0
1;9;0.00;0.00;0;0;0
1;14;0.02;0.00;1;0;0
1;7;0.01;0.02;0;-1;0
1;10;0.00;0.00;0;0;0
1;12;0.00;0.00;0;0;0
1;6;0.00;0.00;0;0;0
1;8;0.00;0.00;0;0;0
1;8;0.02;0.00;1;0;0
1;9;0.01;0.02;0;-1;0
1;8;0.00;0.00;0;0;0
1;8;0.00;0.00;0;0;0
1;8;0.00;0.00;0;0;0
1;9;0.02;0.00;1;0;0
1;7;0.00;0.00;0;0;0
1;9;0.01;0.02;0;-1;0
1;13;0.00;0.00;0;0;0
1;11;0.00;0.00;0;0;0
1;8;0.02;0.00;1;0;0
1;10;0.01;0.02;0;-1;0
1;13;0.00;0.00;0;0;0
1;6;0.01;0.02;0;-1;0
1;8;0.00;0.00;0;0;0
1;10;0.00;0.00;0;0;0
1;9;0.02;0.00;1;0;0
1;6;0.01;0.02;0;-1;0
1;8;0.00;0.00;0;0;0
1;8;0.00;0.00;0;0;0
1;10;0.00;0.00;0;0;0
1;14;0.01;0.02;0;-1;0
1;5;0.02;0.00;1;0;0
1;8;0.00;0.00;0;0;0
1;11;0.00;0.00;0;0;0
1;5;0.00;0.00;0;0;0
1;9;0.00;0.00;0;0;0
1;8;0.02;0.00;1;0;0
1;8;0.01;0.02;0;-1;0
1;9;0.00;0.00;0;0;0
1;7;0.00;0.00;0;0;0
1;9;0.00;0.00;0;0;0
1;11;0.02;0.00;1;0;0
1;8;0.00;0.00;0;0;0
1;10;0.00;0.00;0;0;0
1;10;0.01;0.02;0;-1;0
1;6;0.00;0.00;0;0;0
1;10;0.00;0.00;0;0;0
1;6;0.00;0.00;0;0;0
1;11;0.02;0.00;1;0;0
1;6;0.00;0.00;0;0;0
1;8;0.00;0.00;0;0;0
1;8;0.01;0.02;0;-1;0
1;12;0.00;0.00;0;0;0
1;8;0.00;0.00;0;0;0
1;8;0.00;0.00;0;0;0
1;10;0.00;0.00;0;0;0
1;12;0.01;0.02;0;-1;0
1;7;0.00;0.00;0;0;0
1;8;0.00;0.00;0;0;0
1;10;0.00;0.00;0;0;0
1;7;0.00;0.00;0;0;0
1;8;0.00;0.00;0;0;0
1;8;0.00;0.00;0;0;0
1;21;0.01;0.02;0;-1;0
1;9;0.00;0.00;0;0;0
1;10;0.00;0.00;0;0;0
1;6;0.00;0.00;0;0;0
1;7;0.00;0.00;0;0;0
1;9;0.01;0.02;0;-1;0
1;15;0.00;0.00;0;0;0
1;5;0.02;0.00;1;0;0
1;11;0.01;0.02;0;-1;0
1;5;0.00;0.00;0;0;0
1;14;0.01;0.02;0;-1;0
1;10;0.00;0.00;0;0;0
1;5;0.01;0.02;0;-1;0
1;8;0.00;0.00;0;0;0
1;8;0.04;0.02;1;-1;0
1;9;0.00;0.00;0;0;0
1;9;0.01;0.02;0;-1;0
1;7;0.00;0.00;0;0;0
1;8;0.01;0.02;0;-1;0
1;27;0.04;0.02;1;-1;0
1;12;0.01;0.02;0;-1;0
1;7;0.04;0.02;1;-1;0
1;7;0.00;0.00;0;0;0
1;12;0.00;0.00;0;0;0
1;8;0.01;0.02;0;-1;0
1;9;0.00;0.00;0;0;0
1;8;0.02;0.00;1;0;0
1;8;0.00;0.00;0;0;0
1;9;0.00;0.00;0;0;0
1;8;0.01;0.02;0;-1;0
1;8;0.00;0.00;0;0;0
1;8;0.02;0.00;1;0;0
1;8;0.00;0.00;0;0;0
1;9;0.00;0.00;0;0;0
1;8;0.00;0.00;0;0;0
1;8;0.00;0.00;0;0;0
1;8;0.00;0.00;0;0;0
1;9;0.00;0.00;0;0;0
1;8;0.00;0.00;0;0;0
1;11;0.01;0.02;0;-1;0
1;7;0.00;0.00;0;0;0
1;6;0.00;0.00;0;0;0
1;8;0.00;0.00;0;0;0
1;9;0.00;0.00;0;0;0
1;8;0.00;0.00;0;0;0
1;8;0.00;0.00;0;0;0
1;12;0.01;0.02;0;-1;0
1;10;0.00;0.00;0;0;0
1;7;0.00;0.00;0;0;0
1;8;0.00;0.00;0;0;0
1;8;0.00;0.00;0;0;0
1;8;0.00;0.00;0;0;0
1;9;0.00;0.00;0;0;0
1;8;0.01;0.02;0;-1;0
1;8;0.00;0.00;0;0;0
1;8;0.00;0.00;0;0;0
1;8;0.00;0.00;0;0;0
1;8;0.00;0.00;0;0;0
1;9;0.00;0.00;0;0;0
1;8;0.00;0.00;0;0;0
1;11;0.00;0.00;0;0;0
1;6;0.01;0.02;0;-1;0
1;7;0.00;0.00;0;0;0
1;8;0.00;0.00;0;0;0
1;9;0.00;0.00;0;0;0
1;8;0.00;0.00;0;0;0
1;8;0.00;0.00;0;0;0
1;8;0.00;0.00;0;0;0
1;8;0.01;0.02;0;-1;0
1;9;0.00;0.00;0;0;0
1;8;0.00;0.00;0;0;0
1;8;0.02;0.00;1;0;0
1;11;0.00;0.00;0;0;0
1;5;0.00;0.00;0;0;0
1;9;0.00;0.00;0;0;0
1;8;0.00;0.00;0;0;0
1;9;0.01;0.02;0;-1;0
1;7;0.02;0.00;1;0;0
1;8;0.00;0.00;0;0;0
1;9;0.00;0.00;0;0;0
1;10;0.00;0.00;0;0;0
1;6;0.00;0.00;0;0;0
1;8;0.00;0.00;0;0;0
1;8;0.02;0.00;1;0;0
1;10;0.00;0.00;0;0;0
1;7;0.01;0.02;0;-1;0
1;8;0.00;0.00;0;0;0
1;8;0.00;0.00;0;0;0
1;8;0.00;0.00;0;0;0
1;8;0.00;0.00;0;0;0
1;9;0.02;0.00;1;0;0
1;8;0.00;0.00;0;0;0
1;9;0.01;0.02;0;-1;0
1;7;0.00;0.00;0;0;0
1;8;0.00;0.00;0;0;0
1;9;0.00;0.00;0;0;0
1;8;0.02;0.00;1;0;0
1;8;0.00;0.00;0;0;0
1;8;0.00;0.00;0;0;0
1;8;0.01;0.02;0;-1;0
1;9;0.00;0.00;0;0;0
1;8;0.00;0.00;0;0;0
1;8;0.02;0.00;1;0;0
1;8;0.00;0.00;0;0;0
1;8;0.00;0.00;0;0;0
1;13;0.00;0.00;0;0;0
1;8;0.01;0.02;0;-1;0
1;8;0.00;0.00;0;0;0
1;8;0.02;0.00;1;0;0
1;10;0.00;0.00;0;0;0
1;7;0.00;0.00;0;0;0
1;8;0.00;0.00;0;0;0
1;8;0.00;0.00;0;0;0
1;8;0.00;0.00;0;0;0
1;8;0.01;0.02;0;-1;0
1;9;0.02;0.00;1;0;0
1;8;0.00;0.00;0;0;0
1;9;0.00;0.00;0;0;0
1;7;0.00;0.00;0;0;0
1;8;0.00;0.00;0;0;0
1;9;0.00;0.00;0;0;0
1;8;0.04;0.02;1;-1;0
1;8;0.00;0.00;0;0;0
1;8;0.00;0.00;0;0;0
1;8;0.00;0.00;0;0;0
1;8;0.00;0.00;0;0;0
1;9;0.00;0.00;0;0;0
1;8;0.02;0.00;1;0;0
1;8;0.01;0.02;0;-1;0
1;8;0.00;0.00;0;0;0
1;8;0.00;0.00;0;0;0
1;10;0.00;0.00;0;0;0
1;14;0.02;0.00;1;0;0
1;9;0.00;0.00;0;0;0
1;8;0.01;0.02;0;-1;0
1;14;0.00;0.00;0;0;0
1;7;0.00;0.00;0;0;0
1;9;0.00;0.00;0;0;0
1;11;0.02;0.00;1;0;0
1;9;0.00;0.00;0;0;0
1;8;0.01;0.02;0;-1;0
1;8;0.00;0.00;0;0;0
1;10;0.00;0.00;0;0;0
1;6;0.00;0.00;0;0;0
1;8;0.02;0.00;1;0;0
1;9;0.00;0.00;0;0;0
1;8;0.00;0.00;0;0;0
1;8;0.00;0.00;0;0;0
1;8;0.01;0.02;0;-1;0
1;8;0.00;0.00;0;0;0
1;9;0.00;0.00;0;0;0
1;8;0.02;0.00;1;0;0
1;8;0.00;0.00;0;0;0
1;8;0.00;0.00;0;0;0
1;8;0.00;0.00;0;0;0
1;9;0.01;0.02;0;-1;0
1;11;0.00;0.00;0;0;0
1;7;0.02;0.00;1;0;0
1;7;0.00;0.00;0;0;0
1;8;0.00;0.00;0;0;0
1;8;0.00;0.00;0;0;0
1;8;0.00;0.00;0;0;0
1;8;0.01;0.02;0;-1;0
1;8;0.00;0.00;0;0;0
1;8;0.00;0.00;0;0;0
1;9;0.02;0.00;1;0;0
1;8;0.00;0.00;0;0;0
1;8;0.00;0.00;0;0;0
1;8;0.01;0.02;0;-1;0
1;9;0.00;0.00;0;0;0
1;7;0.00;0.00;0;0;0
1;9;0.00;0.00;0;0;0
1;8;0.02;0.00;1;0;0
1;8;0.00;0.00;0;0;0
1;8;0.00;0.00;0;0;0
1;12;0.00;0.00;0;0;0
1;5;0.00;0.00;0;0;0
1;8;0.01;0.02;0;-1;0
1;8;0.02;0.00;1;0;0
1;30;0.00;0.00;0;0;0
1;21;0.01;0.02;0;-1;0
1;7;0.02;0.00;1;0;0
1;9;0.00;0.00;0;0;0
1;7;0.00;0.00;0;0;0
1;8;0.00;0.00;0;0;0
1;8;0.00;0.00;0;0;0
1;8;0.00;0.00;0;0;0
1;10;0.04;0.02;1;-1;0
1;7;0.00;0.00;0;0;0
1;10;0.00;0.00;0;0;0
1;6;0.00;0.00;0;0;0
1;8;0.00;0.00;0;0;0
1;8;0.01;0.02;0;-1;0
1;9;0.00;0.00;0;0;0
1;8;0.00;0.00;0;0;0
1;8;0.02;0.00;1;0;0
1;8;0.00;0.00;0;0;0
1;8;0.01;0.02;0;-1;0
1;9;0.00;0.00;0;0;0
1;8;0.00;0.00;0;0;0
1;8;0.00;0.00;0;0;0
1;8;0.02;0.00;1;0;0
1;8;0.00;0.00;0;0;0
1;9;0.01;0.02;0;-1;0
1;8;0.00;0.00;0;0;0
1;17;0.00;0.00;0;0;0
1;8;0.00;0.00;0;0;0
1;15;0.02;0.00;1;0;0
1;5;0.00;0.00;0;0;0
1;8;0.01;0.02;0;-1;0
1;8;0.00;0.00;0;0;0
1;9;0.00;0.00;0;0;0
1;8;0.00;0.00;0;0;0
1;8;0.02;0.00;1;0;0
1;8;0.00;0.00;0;0;0
1;8;0.01;0.02;0;-1;0
1;8;0.00;0.00;0;0;0
1;10;0.00;0.00;0;0;0
1;10;0.00;0.00;0;0;0
1;5;0.00;0.00;0;0;0
1;8;0.01;0.02;0;-1;0
1;8;0.02;0.00;1;0;0
1;12;0.00;0.00;0;0;0
1;5;0.00;0.00;0;0;0
1;8;0.00;0.00;0;0;0
1;8;0.00;0.00;0;0;0
1;16;0.01;0.02;0;-1;0
1;20;0.02;0.00;1;0;0
1;14;0.00;0.00;0;0;0
1;8;0.00;0.00;0;0;0
1;8;0.00;0.00;0;0;0
1;8;0.02;0.00;1;0;0
1;8;0.01;0.02;0;-1;0
1;8;0.00;0.00;0;0;0
1;8;0.00;0.00;0;0;0
1;9;0.00;0.00;0;0;0
1;8;0.00;0.00;0;0;0
1;8;0.00;0.00;0;0;0
1;8;0.04;0.02;1;-1;0
1;8;0.00;0.00;0;0;0
1;9;0.00;0.00;0;0;0
1;13;0.00;0.00;0;0;0
1;7;0.00;0.00;0;0;0
1;8;0.01;0.02;0;-1;0
1;8;0.00;0.00;0;0;0
1;9;0.02;0.00;1;0;0
1;8;0.00;0.00;0;0;0
1;8;0.00;0.00;0;0;0
1;8;0.00;0.00;0;0;0
1;8;0.01;0.02;0;-1;0
1;9;0.00;0.00;0;0;0
1;9;0.00;0.00;0;0;0
1;7;0.00;0.00;0;0;0
1;8;0.02;0.00;1;0;0
1;8;0.00;0.00;0;0;0
1;9;0.00;0.00;0;0;0
1;8;0.01;0.02;0;-1;0
1;8;0.00;0.00;0;0;0
1;8;0.00;0.00;0;0;0
1;8;0.02;0.00;1;0;0
1;8;0.00;0.00;0;0;0
1;9;0.00;0.00;0;0;0
1;8;0.00;0.00;0;0;0
1;8;0.01;0.02;0;-1;0
1;9;-0.01;0.02;0;0;1
1;7;0.00;0.00;0;0;0
1;9;0.00;0.00;0;0;0
1;8;0.02;0.00;1;0;0
1;9;0.00;0.00;0;0;0
1;15;0.01;0.02;0;-1;0
1;9;0.00;0.00;0;0;0
1;8;0.00;0.00;0;0;0
1;8;0.00;0.00;0;0;0
1;8;0.00;0.00;0;0;0
1;9;0.04;0.02;1;-1;0
1;10;0.00;0.00;0;0;0
1;6;0.00;0.00;0;0;0
1;8;0.00;0.00;0;0;0
1;8;0.00;0.00;0;0;0
1;8;0.00;0.00;0;0;0
1;9;0.00;0.00;0;0;0
1;8;0.01;0.02;0;-1;0
1;11;0.02;0.00;1;0;0
1;5;0.00;0.00;0;0;0
1;8;0.00;0.00;0;0;0
1;12;0.00;0.00;0;0;0
1;9;0.00;0.00;0;0;0
1;8;0.01;0.02;0;-1;0
1;8;0.00;0.00;0;0;0
1;8;0.00;0.00;0;0;0
1;9;0.02;0.00;1;0;0
1;8;0.00;0.00;0;0;0
1;13;0.00;0.00;0;0;0
1;11;0.00;0.00;0;0;0
1;29;0.02;0.00;1;0;0
1;8;0.00;0.00;0;0;0
1;8;0.00;0.00;0;0;0
1;9;0.00;0.00;0;0;0
1;8;0.00;0.00;0;0;0
1;8;0.02;0.00;1;0;0
1;8;0.00;0.00;0;0;0
1;8;0.00;0.00;0;0;0
1;9;0.00;0.00;0;0;0
1;8;0.00;0.00;0;0;0
1;8;0.00;0.00;0;0;0
1;8;0.00;0.00;0;0;0
1;8;0.00;0.00;0;0;0
1;8;0.00;0.00;0;0;0
1;10;0.02;0.00;1;0;0
1;7;0.00;0.00;0;0;0
1;8;0.00;0.00;0;0;0
1;8;0.00;0.00;0;0;0
1;8;0.00;0.00;0;0;0
1;9;0.00;0.00;0;0;0
1;8;0.00;0.00;0;0;0
1;12;0.02;0.00;1;0;0
1;8;0.00;0.00;0;0;0
1;8;0.00;0.00;0;0;0
1;9;0.00;0.00;0;0;0
1;14;0.00;0.00;0;0;0
1;6;0.02;0.00;1;0;0
1;8;0.00;0.00;0;0;0
1;9;0.00;0.00;0;0;0
1;8;0.00;0.00;0;0;0
1;8;0.00;0.00;0;0;0
1;8;0.00;0.00;0;0;0
1;8;0.00;0.00;0;0;0
1;9;0.02;0.00;1;0;0
1;8;0.00;0.00;0;0;0
1;8;0.00;0.00;0;0;0
1;8;0.00;0.00;0;0;0
1;8;0.00;0.00;0;0;0
1;11;0.00;0.00;0;0;0
1;6;0.00;0.00;0;0;0
1;8;0.02;0.00;1;0;0
1;8;0.00;0.00;0;0;0
1;9;0.00;0.00;0;0;0
1;7;0.00;0.00;0;0;0
1;9;0.00;0.00;0;0;0
1;8;0.00;0.00;0;0;0
1;8;0.00;0.00;0;0;0
1;11;0.00;0.00;0;0;0
1;5;0.02;0.00;1;0;0
1;9;0.00;0.00;0;0;0
1;8;0.00;0.00;0;0;0
1;8;0.00;0.00;0;0;0
1;8;0.00;0.00;0;0;0
1;8;0.00;0.00;0;0;0
1;9;0.00;0.00;0;0;0
1;8;0.02;0.00;1;0;0
1;8;0.00;0.00;0;0;0
1;11;0.01;-0.02;0;0;-1
1;5;0.00;0.00;0;0;0
1;9;0.00;0.00;0;0;0
1;8;0.00;0.00;0;0;0
1;11;0.00;0.00;0;0;0
1;5;0.01;0.02;0;-1;0
1;8;0.02;0.00;1;0;0
1;8;0.00;0.00;0;0;0
1;12;0.01;-0.02;0;0;-1
1;5;0.00;0.00;0;0;0
1;14;0.00;0.00;0;0;0
1;7;0.02;0.00;1;0;0
1;10;0.00;0.00;0;0;0
1;6;0.00;0.00;0;0;0
1;8;0.00;0.00;0;0;0
1;8;0.01;-0.02;0;0;-1
1;12;0.00;0.00;0;0;0
1;9;0.00;0.00;0;0;0
1;8;0.02;0.00;1;0;0
1;10;0.00;0.00;0;0;0
1;6;0.00;0.00;0;0;0
1;8;0.00;0.00;0;0;0
1;9;0.01;-0.02;0;0;-1
1;10;0.00;0.00;0;0;0
1;6;0.00;0.00;0;0;0
1;8;0.02;0.00;1;0;0
1;11;0.00;0.00;0;0;0
1;10;0.00;0.00;0;0;0
1;12;0.01;-0.02;0;0;-1
1;8;0.00;0.00;0;0;0
1;8;0.00;0.00;0;0;0
1;8;0.02;0.00;1;0;0
1;9;0.00;0.00;0;0;0
1;8;0.02;0.00;1;0;0
1;8;0.01;-0.02;0;0;-1
1;8;0.00;0.00;0;0;0
1;8;0.02;0.00;1;0;0
1;9;0.00;0.00;0;0;0
1;8;0.02;0.00;1;0;0
1;8;0.00;0.00;0;0;0
1;8;0.02;0.00;1;0;0
1;11;0.01;-0.02;0;0;-1
1;6;0.02;0.00;1;0;0
1;15;0.02;0.00;1;0;0
1;14;0.02;0.00;1;0;0
1;7;0.00;0.00;0;0;0
1;9;0.04;-0.02;1;0;-1
1;8;0.00;0.00;0;0;0
1;8;0.02;0.00;1;0;0
1;8;0.00;0.00;0;0;0
1;8;0.02;0.00;1;0;0
1;9;0.01;-0.02;0;0;-1
1;8;0.02;0.00;1;0;0
1;8;0.00;0.00;0;0;0
1;8;0.02;0.00;1;0;0
1;8;0.00;0.00;0;0;0
1;9;0.02;0.00;1;0;0
1;8;0.01;-0.02;0;0;-1
1;8;0.02;0.00;1;0;0
1;8;0.00;0.00;0;0;0
1;8;0.04;0.02;1;-1;0
1;9;0.00;0.00;0;0;0
1;9;0.02;0.00;1;0;0
1;7;0.00;0.00;0;0;0
1;8;0.04;-0.02;1;0;-1
1;8;0.00;0.00;0;0;0
1;8;0.01;0.02;0;-1;0
1;9;0.02;0.00;1;0;0
1;8;0.00;0.00;0;0;0
1;8;0.00;0.00;0;0;0
1;8;0.00;0.00;0;0;0
1;8;0.04;0.02;1;-1;0
1;9;0.00;0.00;0;0;0
1;8;0.00;0.00;0;0;0
1;8;0.00;0.00;0;0;0
1;8;0.00;0.00;0;0;0
1;8;0.01;0.02;0;-1;0
1;9;0.00;0.00;0;0;0
1;8;0.00;0.00;0;0;0
1;8;0.02;0.00;1;0;0
1;15;0.00;0.00;0;0;0
1;5;0.00;0.00;0;0;0
1;9;0.00;0.00;0;0;0
1;8;0.00;0.00;0;0;0
1;8;0.00;0.00;0;0;0
1;8;0.00;0.00;0;0;0
1;10;0.02;0.00;1;0;0
1;7;0.00;0.00;0;0;0
1;8;0.00;0.00;0;0;0
1;8;0.00;0.00;0;0;0
1;8;0.00;0.00;0;0;0
1;8;0.02;0.00;1;0;0
1;9;0.00;0.00;0;0;0
1;9;0.00;0.00;0;0;0
1;10;0.00;0.00;0;0;0
1;5;0.00;0.00;0;0;0
1;8;0.02;0.00;1;0;0
1;9;0.00;0.00;0;0;0
1;8;0.00;0.00;0;0;0
1;8;0.00;0.00;0;0;0
1;8;0.00;0.00;0;0;0
1;8;0.00;0.00;0;0;0
1;9;0.02;0.00;1;0;0
1;8;0.00;0.00;0;0;0
1;8;0.00;0.00;0;0;0
1;8;0.00;0.00;0;0;0
1;11;0.00;0.00;0;0;0
1;5;0.00;0.00;0;0;0
1;9;0.00;0.00;0;0;0
1;8;0.02;0.00;1;0;0
1;8;0.00;0.00;0;0;0
1;8;0.01;-0.02;0;0;-1
1;8;0.02;0.00;1;0;0
1;9;0.00;0.00;0;0;0
1;8;0.02;0.00;1;0;0
1;8;0.00;0.00;0;0;0
1;8;0.02;0.00;1;0;0
1;8;0.00;0.00;0;0;0
1;10;0.02;0.00;1;0;0
1;7;0.00;0.00;0;0;0
1;8;0.02;0.00;1;0;0
1;8;0.00;0.00;0;0;0
1;8;0.04;-0.02;1;0;-1
1;9;0.00;0.00;0;0;0
1;8;0.02;0.00;1;0;0
1;8;0.00;0.00;0;0;0
1;9;0.02;0.00;1;0;0
1;10;0.02;0.00;1;0;0
1;5;0.01;-0.02;0;0;-1
1;9;0.02;0.00;1;0;0
1;8;0.00;0.00;0;0;0
1;10;0.02;0.00;1;0;0
1;9;0.01;0.02;0;-1;0
1;5;0.02;0.00;1;0;0
1;9;0.01;-0.02;0;0;-1
1;8;0.02;0.00;1;0;0
1;8;0.00;0.00;0;0;0
1;8;0.00;0.00;0;0;0
1;8;0.00;0.00;0;0;0
1;16;0.02;0.00;1;0;0
1;8;0.00;0.00;0;0;0
1;5;0.00;0.00;0;0;0
1;10;0.00;0.00;0;0;0
1;6;0.02;0.00;1;0;0
1;9;0.00;0.00;0;0;0
1;12;0.00;0.00;0;0;0
1;8;0.00;0.00;0;0;0
1;8;0.00;0.00;0;0;0
1;7;0.00;0.00;0;0;0
1;10;0.00;0.00;0;0;0
1;10;0.00;0.00;0;0;0
1;6;0.02;0.00;1;0;0
1;8;0.00;0.00;0;0;0
1;8;0.00;0.00;0;0;0
1;10;0.00;0.00;0;0;0
1;7;0.00;0.00;0;0;0
1;8;0.00;0.00;0;0;0
1;8;0.00;0.00;0;0;0
1;13;0.00;0.00;0;0;0
1;8;0.02;0.00;1;0;0
1;8;0.00;0.00;0;0;0
1;14;0.00;0.00;0;0;0
1;6;0.00;0.00;0;0;0
1;9;0.00;0.00;0;0;0
1;8;0.00;0.00;0;0;0
1;10;0.02;0.00;1;0;0
1;6;0.00;0.00;0;0;0
1;8;0.00;0.00;0;0;0
1;12;0.02;0.00;1;0;0
1;8;0.00;0.00;0;0;0
1;13;0.04;-0.02;1;0;-1
1;8;0.00;0.00;0;0;0
1;8;0.00;0.00;0;0;0
1;12;0.02;0.00;1;0;0
1;5;0.00;0.00;0;0;0
1;8;0.02;0.00;1;0;0
1;7;0.00;0.00;0;0;0
1;11;0.02;0.00;1;0;0
1;7;0.01;0.02;0;-1;0
1;8;0.04;-0.02;1;0;-1
1;7;0.00;0.00;0;0;0
1;9;0.02;0.00;1;0;0
1;8;0.00;0.00;0;0;0
1;13;0.02;0.00;1;0;0
1;8;0.05;0.00;1;-1;-1
1;8;0.00;0.00;0;0;0
1;7;0.02;0.00;1;0;0
1;8;0.00;0.00;0;0;0
1;12;0.05;0.00;1;-1;-1
1;6;0.00;0.00;0;0;0
1;8;0.02;0.00;1;0;0
1;8;0.00;0.00;0;0;0
1;13;0.00;0.00;0;0;0
1;8;0.01;0.02;0;-1;0
1;8;0.02;0.00;1;0;0
1;11;0.00;0.00;0;0;0
1;9;0.00;0.00;0;0;0
1;9;0.00;0.00;0;0;0
1;8;0.00;0.00;0;0;0
1;8;0.02;0.00;1;0;0
1;7;0.00;0.00;0;0;0
1;9;0.00;0.00;0;0;0
1;9;0.00;0.00;0;0;0
1;10;0.00;0.00;0;0;0
1;6;0.00;0.00;0;0;0
1;8;0.00;0.00;0;0;0
1;8;0.00;0.00;0;0;0
1;11;0.00;0.00;0;0;0
1;9;0.02;0.00;1;0;0
1;9;0.00;0.00;0;0;0
1;15;0.00;0.00;0;0;0
1;6;0.00;0.00;0;0;0
1;8;0.00;0.00;0;0;0
1;8;0.00;0.00;0;0;0
1;7;0.00;0.00;0;0;0
1;8;0.00;0.00;0;0;0
1;11;0.02;0.00;1;0;0
1;7;0.00;0.00;0;0;0
1;8;0.00;0.00;0;0;0
1;7;0.00;0.00;0;0;0
1;9;0.00;0.00;0;0;0
1;8;0.00;0.00;0;0;0
1;9;0.00;0.00;0;0;0
1;12;0.00;0.00;0;0;0
1;8;0.02;0.00;1;0;0
1;8;0.00;0.00;0;0;0
1;8;0.00;0.00;0;0;0
1;9;0.00;0.00;0;0;0
1;8;0.04;-0.02;1;0;-1
1;7;0.00;0.00;0;0;0
1;9;0.00;0.00;0;0;0
1;9;0.02;0.00;1;0;0
1;8;0.00;0.00;0;0;0
1;8;0.02;0.00;1;0;0
1;8;0.00;0.00;0;0;0
1;10;0.04;-0.02;1;0;-1
1;6;0.00;0.00;0;0;0
1;9;0.01;0.02;0;-1;0
1;8;0.02;0.00;1;0;0
1;7;0.00;0.00;0;0;0
1;10;0.02;0.00;1;0;0
1;7;0.00;0.00;0;0;0
1;12;0.02;0.00;1;0;0
1;5;0.02;0.00;0;-1;-1
1;8;0.00;0.00;0;0;0
1;8;0.02;0.00;1;0;0
1;13;0.02;0.00;1;0;0
1;8;0.01;0.02;0;-1;0
1;8;0.01;-0.02;0;0;-1
1;8;0.02;0.00;1;0;0
1;10;0.02;0.00;1;0;0
1;6;0.00;0.00;0;0;0
1;9;0.01;0.02;0;-1;0
1;8;0.02;0.00;1;0;0
1;8;0.01;-0.02;0;0;-1
1;10;0.02;0.00;1;0;0
1;6;0.00;0.00;0;0;0
1;8;0.00;0.00;0;0;0
1;9;0.02;0.00;1;0;0
1;8;0.01;0.02;0;-1;0
1;8;0.00;0.00;0;0;0
1;8;0.00;0.00;0;0;0
1;8;0.02;0.00;1;0;0
1;12;0.00;0.00;0;0;0
1;5;0.01;0.02;0;-1;0
1;8;0.00;0.00;0;0;0
1;8;0.00;0.00;0;0;0
1;11;0.00;0.00;0;0;0
1;6;0.00;0.00;0;0;0
1;8;0.00;0.00;0;0;0
1;9;0.02;0.00;1;0;0
1;12;0.00;0.00;0;0;0
1;11;0.00;0.00;0;0;0
1;6;0.00;0.00;0;0;0
1;7;0.00;0.00;0;0;0
1;8;0.00;0.00;0;0;0
1;8;0.00;0.00;0;0;0
1;7;0.00;0.00;0;0;0
1;10;0.02;0.00;1;0;0
1;8;0.00;0.00;0;0;0
1;7;0.00;0.00;0;0;0
1;9;0.00;0.00;0;0;0
1;11;0.00;0.00;0;0;0
1;6;0.00;0.00;0;0;0
1;8;0.00;0.00;0;0;0
1;8;0.02;0.00;1;0;0
1;11;0.00;0.00;0;0;0
1;5;0.00;0.00;0;0;0
1;9;0.00;0.00;0;0;0
1;8;0.00;0.00;0;0;0
1;11;0.02;0.00;1;0;0
1;5;0.00;0.00;0;0;0
1;9;0.00;0.00;0;0;0
1;7;0.04;-0.02;1;0;-1
1;13;0.00;0.00;0;0;0
1;11;0.02;0.00;1;0;0
1;5;0.00;0.00;0;0;0
1;12;0.02;0.00;1;0;0
1;13;0.04;0.02;1;-1;0
1;8;0.01;-0.02;0;0;-1
1;7;0.02;0.00;1;0;0
1;11;0.02;0.00;1;0;0
1;7;0.00;0.00;0;0;0
1;8;0.00;0.00;0;0;0
1;10;0.02;0.00;1;0;0
1;6;0.04;0.02;1;-1;0
1;8;0.01;-0.02;0;0;-1
1;7;0.02;0.00;1;0;0
1;9;0.00;0.00;0;0;0
1;8;0.00;0.00;0;0;0
1;12;0.04;0.02;1;-1;0
1;8;0.02;0.00;1;0;0
1;5;0.01;-0.02;0;0;-1
1;9;0.00;0.00;0;0;0
1;12;0.02;0.00;1;0;0
1;8;0.00;0.00;0;0;0
1;8;0.00;0.00;0;0;0
1;8;0.02;0.00;1;0;0
1;8;0.00;0.00;0;0;0
1;8;0.00;0.00;0;0;0
1;8;0.00;0.00;0;0;0
1;11;0.04;0.02;1;-1;0
1;6;0.00;0.00;0;0;0
1;12;0.00;0.00;0;0;0
1;5;0.00;0.00;0;0;0
1;8;0.00;0.00;0;0;0
1;8;0.00;0.00;0;0;0
1;8;0.00;0.00;0;0;0
1;12;0.00;0.00;0;0;0
1;8;0.02;0.00;1;0;0
1;8;0.00;0.00;0;0;0
1;8;0.00;0.00;0;0;0
1;8;0.00;0.00;0;0;0
1;10;0.00;0.00;0;0;0
1;8;0.00;0.00;0;0;0
1;8;0.02;0.00;1;0;0
1;8;0.00;0.00;0;0;0
1;8;0.00;0.00;0;0;0
1;9;0.00;0.00;0;0;0
1;8;0.00;0.00;0;0;0
1;7;0.00;0.00;0;0;0
1;8;0.02;0.00;1;0;0
1;8;0.00;0.00;0;0;0
1;9;0.00;0.00;0;0;0
1;11;0.00;0.00;0;0;0
1;6;0.00;0.00;0;0;0
1;8;0.00;0.00;0;0;0
1;7;0.02;0.00;1;0;0
1;9;0.00;0.00;0;0;0
1;8;0.00;0.00;0;0;0
1;9;0.04;-0.02;1;0;-1
1;8;0.00;0.00;0;0;0
1;7;0.02;0.00;1;0;0
1;9;0.00;0.00;0;0;0
1;8;0.00;0.00;0;0;0
1;8;0.02;0.00;1;0;0
1;8;0.01;-0.02;0;0;-1
1;9;0.02;0.00;1;0;0
1;15;0.02;0.00;1;0;0
1;7;0.00;0.00;0;0;0
1;7;0.00;0.00;0;0;0
1;11;0.02;0.00;1;0;0
1;9;0.00;0.00;0;0;0
1;10;0.04;-0.02;1;0;-1
1;7;0.02;0.00;1;0;0
1;13;0.00;0.00;0;0;0
1;7;0.02;0.00;1;0;0
1;8;0.00;0.00;0;0;0
1;9;0.02;0.00;1;0;0
1;8;0.04;-0.02;1;0;-1
1;13;0.00;0.00;0;0;0
1;7;0.02;0.00;1;0;0
1;17;0.00;0.00;0;0;0
1;8;0.00;0.00;0;0;0
1;8;0.04;-0.02;1;0;-1
1;7;0.00;0.00;0;0;0
1;9;0.00;0.00;0;0;0
1;8;0.00;0.00;0;0;0
1;8;0.00;0.00;0;0;0
1;8;0.00;0.00;0;0;0
1;9;0.02;0.00;1;0;0
1;8;0.00;0.00;0;0;0
1;12;0.00;0.00;0;0;0
1;5;0.00;0.00;0;0;0
1;8;0.00;0.00;0;0;0
1;8;0.00;0.00;0;0;0
1;19;0.00;0.00;0;0;0
1;6;0.02;0.00;1;0;0
1;8;0.00;0.00;0;0;0
1;7;0.00;0.00;0;0;0
1;8;0.00;0.00;0;0;0
1;11;0.00;0.00;0;0;0
1;7;0.00;0.00;0;0;0
1;8;0.00;0.00;0;0;0
1;8;0.02;0.00;1;0;0
1;7;0.00;0.00;0;0;0
1;8;0.00;0.00;0;0;0
1;13;0.00;0.00;0;0;0
1;5;0.00;0.00;0;0;0
1;15;0.02;0.00;1;0;0
1;8;0.00;0.00;0;0;0
1;11;0.00;0.00;0;0;0
1;10;0.01;-0.02;0;0;-1
1;5;0.00;0.00;0;0;0
1;7;0.00;0.00;0;0;0
1;8;0.00;0.00;0;0;0
1;9;0.02;0.00;1;0;0
1;8;0.00;0.00;0;0;0
1;8;0.00;0.00;0;0;0
1;8;0.00;0.00;0;0;0
1;9;0.01;-0.02;0;0;-1
1;11;0.02;0.00;1;0;0
1;6;0.00;0.00;0;0;0
1;7;0.00;0.00;0;0;0
1;9;0.02;0.00;1;0;0
1;10;0.02;0.00;1;0;0
1;7;0.00;0.00;0;0;0
1;8;0.01;-0.02;0;0;-1
1;7;0.02;0.00;1;0;0
1;11;0.02;0.00;1;0;0
1;9;0.00;0.00;0;0;0
1;15;0.02;0.00;1;0;0
1;7;0.00;0.00;0;0;0
1;8;0.02;0.00;1;0;0
1;21;0.04;-0.02;1;0;-1
1;11;0.02;0.00;1;0;0
1;5;0.00;0.00;0;0;0
1;11;0.02;0.00;1;0;0
1;8;0.00;0.00;0;0;0
1;9;0.04;-0.02;1;0;-1
1;8;0.00;0.00;0;0;0
1;8;0.00;0.00;0;0;0
1;8;0.02;0.00;1;0;0
1;8;0.00;0.00;0;0;0
1;9;0.00;0.00;0;0;0
1;8;0.01;-0.02;0;0;-1
1;8;0.00;0.00;0;0;0
1;8;0.00;0.00;0;0;0
1;8;0.00;0.00;0;0;0
1;9;0.00;0.00;0;0;0
1;8;0.00;0.00;0;0;0
1;8;0.04;-0.02;1;0;-1
1;9;0.00;0.00;0;0;0
1;7;0.00;0.00;0;0;0
1;8;0.00;0.00;0;0;0
1;9;0.00;0.00;0;0;0
1;8;0.00;0.00;0;0;0
1;8;0.00;0.00;0;0;0
1;9;0.00;0.00;0;0;0
1;8;0.01;-0.02;0;0;-1
1;8;0.02;0.00;1;0;0
1;8;0.00;0.00;0;0;0
1;9;0.00;0.00;0;0;0
1;7;0.00;0.00;0;0;0
1;8;0.00;0.00;0;0;0
1;9;0.00;0.00;0;0;0
1;10;0.02;0.00;1;0;0
1;7;0.01;-0.02;0;0;-1
1;8;0.00;0.00;0;0;0
1;8;0.00;0.00;0;0;0
1;9;0.00;0.00;0;0;0
1;8;0.00;0.00;0;0;0
1;10;0.00;0.00;0;0;0
1;6;0.00;0.00;0;0;0
1;8;0.02;0.00;1;0;0
1;8;0.01;-0.02;0;0;-1
1;8;0.00;0.00;0;0;0
1;11;0.00;0.00;0;0;0
1;6;0.00;0.00;0;0;0
1;7;0.00;0.00;0;0;0
1;8;0.00;0.00;0;0;0
1;9;0.00;0.00;0;0;0
1;9;0.00;0.00;0;0;0
1;8;0.01;-0.02;0;0;-1
1;8;0.00;0.00;0;0;0
1;10;0.00;0.00;0;0;0
1;7;0.00;0.00;0;0;0
1;9;0.00;0.00;0;0;0
1;7;0.00;0.00;0;0;0
1;14;0.04;-0.02;1;0;-1
1;7;0.00;0.00;0;0;0
1;8;0.02;0.00;1;0;0
1;25;0.00;0.00;0;0;0
1;7;0.00;0.00;0;0;0
1;12;0.02;0.00;1;0;0
1;5;0.00;0.00;0;0;0
1;13;0.04;-0.02;1;0;-1
1;7;0.00;0.00;0;0;0
1;9;0.02;0.00;1;0;0
1;8;0.00;0.00;0;0;0
1;8;0.00;0.00;0;0;0
1;8;0.02;0.00;1;0;0
1;8;0.01;-0.02;0;0;-1
1;7;0.00;0.00;0;0;0
1;10;0.00;0.00;0;0;0
1;8;0.00;0.00;0;0;0
1;8;0.02;0.00;1;0;0
1;12;0.00;0.00;0;0;0
1;14;0.01;-0.02;0;0;-1
1;7;0.00;0.00;0;0;0
1;10;0.00;0.00;0;0;0
1;8;0.02;0.00;1;0;0
1;6;0.00;0.00;0;0;0
1;9;0.00;0.00;0;0;0
1;8;0.00;0.00;0;0;0
1;7;0.00;0.00;0;0;0
1;8;0.01;-0.02;0;0;-1
1;8;0.00;0.00;0;0;0
1;9;0.00;0.00;0;0;0
1;8;0.00;0.00;0;0;0
1;8;0.02;0.00;1;0;0
1;8;0.00;0.00;0;0;0
1;8;0.00;0.00;0;0;0
1;8;0.00;0.00;0;0;0
1;9;0.00;0.00;0;0;0
1;8;0.01;-0.02;0;0;-1
1;8;0.00;0.00;0;0;0
1;8;0.00;0.00;0;0;0
1;8;0.00;0.00;0;0;0
1;9;0.02;0.00;1;0;0
1;8;0.00;0.00;0;0;0
1;8;0.00;0.00;0;0;0
1;8;0.00;0.00;0;0;0
1;8;0.01;-0.02;0;0;-1
1;16;0.02;0.00;1;0;0
1;6;0.00;0.00;0;0;0
1;7;0.00;0.00;0;0;0
1;8;0.00;0.00;0;0;0
1;8;0.00;0.00;0;0;0
1;9;0.00;0.00;0;0;0
1;8;0.00;0.00;0;0;0
1;8;0.02;0.00;1;0;0
1;8;0.01;-0.02;0;0;-1
1;8;0.00;0.00;0;0;0
1;9;0.00;0.00;0;0;0
1;8;0.00;0.00;0;0;0
1;8;0.00;0.00;0;0;0
1;14;0.02;0.00;1;0;0
1;8;0.00;0.00;0;0;0
1;8;0.01;-0.02;0;0;-1
1;11;0.02;0.00;1;0;0
1;8;0.00;0.00;0;0;0
1;8;0.00;0.00;0;0;0
1;9;0.02;0.00;1;0;0
1;10;0.00;0.00;0;0;0
1;7;0.02;0.00;1;0;0
1;8;0.00;0.00;0;0;0
1;7;0.02;0.00;1;0;0
1;8;0.01;-0.02;0;0;-1
1;10;0.02;0.00;1;0;0
1;8;0.00;0.00;0;0;0
1;7;0.02;0.00;1;0;0
1;14;0.02;0.00;1;0;0
1;8;0.00;0.00;0;0;0
1;7;0.02;0.00;1;0;0
1;8;0.01;-0.02;0;0;-1
1;8;0.02;0.00;1;0;0
1;8;0.00;0.00;0;0;0
1;9;0.00;0.00;0;0;0
1;11;0.00;0.00;0;0;0
1;6;0.02;0.00;1;0;0
1;7;0.01;-0.02;0;0;-1
1;9;0.00;0.00;0;0;0
1;8;0.00;0.00;0;0;0
1;10;0.00;0.00;0;0;0
1;7;0.00;0.00;0;0;0
1;7;0.01;-0.02;0;0;-1
1;8;0.00;0.00;0;0;0
1;8;0.00;0.00;0;0;0
1;14;0.00;0.00;0;0;0
1;9;0.02;0.00;1;0;0
1;7;0.00;0.00;0;0;0
1;8;0.00;0.00;0;0;0
1;7;0.00;0.00;0;0;0
1;12;0.01;-0.02;0;0;-1
1;6;0.00;0.00;0;0;0
1;8;0.00;0.00;0;0;0
1;7;0.02;0.00;1;0;0
1;14;0.00;0.00;0;0;0
1;8;0.00;0.00;0;0;0
1;7;0.00;0.00;0;0;0
1;8;0.00;0.00;0;0;0
1;8;0.00;0.00;0;0;0
1;9;0.04;-0.02;1;0;-1
1;12;0.00;0.00;0;0;0
1;5;0.00;0.00;0;0;0
1;8;0.00;0.00;0;0;0
1;10;0.00;0.00;0;0;0
1;11;0.00;0.00;0;0;0
1;7;0.01;-0.02;0;0;-1
1;8;0.02;0.00;1;0;0
1;8;0.00;0.00;0;0;0
1;8;0.00;0.00;0;0;0
1;9;0.00;0.00;0;0;0
1;8;0.00;0.00;0;0;0
1;9;0.00;0.00;0;0;0
1;8;0.01;-0.02;0;0;-1
1;8;0.02;0.00;1;0;0
1;12;0.00;0.00;0;0;0
1;9;0.00;0.00;0;0;0
1;13;0.00;0.00;0;0;0
1;10;0.02;0.00;1;0;0
1;6;0.01;-0.02;0;0;-1
1;11;0.00;0.00;0;0;0
1;9;0.00;0.00;0;0;0
1;10;0.00;0.00;0;0;0
1;9;0.02;0.00;1;0;0
1;9;0.00;0.00;0;0;0
1;8;0.01;-0.02;0;0;-1
1;8;0.00;0.00;0;0;0
1;8;0.00;0.00;0;0;0
1;8;0.00;0.00;0;0;0
1;15;0.02;0.00;1;0;0
1;7;0.00;0.00;0;0;0
1;7;0.01;-0.02;0;0;-1
1;8;0.00;0.00;0;0;0
1;15;0.00;0.00;0;0;0
1;7;0.02;0.00;1;0;0
1;8;0.00;0.00;0;0;0
1;10;0.00;0.00;0;0;0
1;6;0.01;-0.02;0;0;-1
1;11;0.00;0.00;0;0;0
1;14;0.02;0.00;1;0;0
1;8;0.00;0.00;0;0;0
1;7;0.00;0.00;0;0;0
1;8;0.00;0.00;0;0;0
1;10;0.01;-0.02;0;0;-1
1;7;0.00;0.00;0;0;0
1;11;0.02;0.00;1;0;0
1;6;0.00;0.00;0;0;0
1;10;0.00;0.00;0;0;0
1;11;0.00;0.00;0;0;0
1;12;0.01;-0.02;0;0;-1
1;10;0.02;0.00;1;0;0
1;9;0.00;0.00;0;0;0
1;10;0.00;0.00;0;0;0
1;8;0.00;0.00;0;0;0
1;7;0.01;-0.02;0;0;-1
1;9;0.00;0.00;0;0;0
1;9;0.00;0.00;0;0;0
1;8;0.00;0.00;0;0;0
1;8;0.02;0.00;1;0;0
1;10;0.00;0.00;0;0;0
1;8;0.00;0.00;0;0;0
1;6;0.01;-0.02;0;0;-1
1;9;0.00;0.00;0;0;0
1;8;0.00;0.00;0;0;0
1;8;0.00;0.00;0;0;0
1;7;0.02;0.00;1;0;0
1;9;0.00;0.00;0;0;0
1;12;0.00;0.00;0;0;0
1;8;0.01;-0.02;0;0;-1
1;8;0.00;0.00;0;0;0
1;8;0.02;0.00;1;0;0
1;8;0.00;0.00;0;0;0
1;9;0.00;0.00;0;0;0
1;8;0.00;0.00;0;0;0
1;12;0.01;-0.02;0;0;-1
1;9;0.02;0.00;1;0;0
1;7;0.00;0.00;0;0;0
1;15;0.00;0.00;0;0;0
1;7;0.00;0.00;0;0;0
1;8;0.01;-0.02;0;0;-1
1;8;0.00;0.00;0;0;0
1;9;0.00;0.00;0;0;0
1;8;0.00;0.00;0;0;0
1;9;0.02;0.00;1;0;0
1;7;0.00;0.00;0;0;0
1;9;0.01;-0.02;0;0;-1
1;6;0.00;0.00;0;0;0
1;9;0.00;0.00;0;0;0
1;8;0.00;0.00;0;0;0
1;8;0.02;0.00;1;0;0
1;21;0.00;0.00;0;0;0
1;5;0.01;-0.02;0;0;-1
1;8;0.00;0.00;0;0;0
1;12;0.02;0.00;1;0;0
1;13;0.00;0.00;0;0;0
1;8;0.00;0.00;0;0;0
1;8;0.01;-0.02;0;0;-1
1;8;0.02;0.00;1;0;0
1;7;0.00;0.00;0;0;0
1;8;0.00;0.00;0;0;0
1;9;0.00;0.00;0;0;0
1;8;0.00;0.00;0;0;0
1;8;0.00;0.00;0;0;0
1;9;0.01;-0.02;0;0;-1
1;11;0.02;0.00;1;0;0
1;9;0.00;0.00;0;0;0
1;8;0.00;0.00;0;0;0
1;8;0.00;0.00;0;0;0
1;8;0.01;-0.02;0;0;-1
1;8;0.00;0.00;0;0;0
1;9;0.00;0.00;0;0;0
1;8;0.02;0.00;1;0;0
1;9;0.00;0.00;0;0;0
1;7;0.00;0.00;0;0;0
1;9;0.01;-0.02;0;0;-1
1;13;0.00;0.00;0;0;0
1;7;0.02;0.00;1;0;0
1;9;0.00;0.00;0;0;0
1;8;0.00;0.00;0;0;0
1;9;0.00;0.00;0;0;0
1;7;0.00;0.00;0;0;0
1;12;0.04;-0.02;1;0;-1
1;17;0.00;0.00;0;0;0
1;8;0.00;0.00;0;0;0
1;8;0.00;0.00;0;0;0
1;14;0.02;0.00;1;0;0
1;12;0.01;-0.02;0;0;-1
1;7;0.00;0.00;0;0;0
1;11;0.00;0.00;0;0;0
1;6;0.00;0.00;0;0;0
1;9;0.01;-0.02;0;0;-1
1;6;0.00;0.00;0;0;0
1;8;0.02;0.00;1;0;0
1;9;0.01;-0.02;0;0;-1
1;8;0.00;0.00;0;0;0
1;8;0.00;0.00;0;0;0
1;8;0.00;0.00;0;0;0
1;9;0.00;0.00;0;0;0
1;9;0.01;-0.02;0;0;-1
1;11;0.02;0.00;1;0;0
1;8;0.00;0.00;0;0;0
1;11;0.01;-0.02;0;0;-1
1;6;0.00;0.00;0;0;0
1;8;0.02;0.00;1;0;0
1;8;0.01;-0.02;0;0;-1
1;9;0.00;0.00;0;0;0
1;8;0.01;-0.02;0;0;-1
1;7;0.00;0.00;0;0;0
1;9;0.04;-0.02;1;0;-1
1;11;0.00;0.00;0;0;0
1;6;0.01;-0.02;0;0;-1
1;7;0.00;0.00;0;0;0
1;9;0.01;-0.02;0;0;-1
1;13;0.00;0.00;0;0;0
1;7;0.01;-0.02;0;0;-1
1;8;0.00;0.00;0;0;0
1;13;0.04;-0.02;1;0;-1
1;8;0.00;0.00;0;0;0
1;8;0.01;-0.02;0;0;-1
1;12;0.00;0.00;0;0;0
1;9;0.02;0.00;1;0;0
1;8;0.01;-0.02;0;0;-1
1;9;0.00;0.00;0;0;0
1;13;0.00;0.00;0;0;0
1;9;0.02;0.00;1;0;0
1;6;0.00;0.00;0;0;0
1;12;0.00;0.00;0;0;0
1;8;0.00;0.00;0;0;0
1;8;0.01;-0.02;0;0;-1
1;8;0.02;0.00;1;0;0
1;11;0.00;0.00;0;0;0
1;5;0.00;0.00;0;0;0
1;10;0.00;0.00;0;0;0
1;7;0.00;0.00;0;0;0
1;12;0.00;0.00;0;0;0
1;5;0.00;0.00;0;0;0
1;8;0.01;-0.02;0;0;-1
1;8;0.00;0.00;0;0;0
1;14;0.02;0.00;1;0;0
1;6;0.00;0.00;0;0;0
1;8;0.00;0.00;0;0;0
1;8;0.00;0.00;0;0;0
1;13;0.01;-0.02;0;0;-1
1;10;0.00;0.00;0;0;0
1;6;0.02;0.00;1;0;0
1;10;0.00;0.00;0;0;0
1;10;0.00;0.00;0;0;0
1;14;0.01;-0.02;0;0;-1
1;7;0.00;0.00;0;0;0
1;11;0.02;0.00;1;0;0
1;5;0.00;0.00;0;0;0
1;9;0.01;-0.02;0;0;-1
1;8;0.00;0.00;0;0;0
1;8;0.01;-0.02;0;0;-1
1;8;0.00;0.00;0;0;0
1;8;0.01;-0.02;0;0;-1
1;9;0.02;0.00;1;0;0
1;8;0.00;0.00;0;0;0
1;8;0.01;-0.02;0;0;-1
1;8;0.01;-0.02;0;0;-1
1;8;0.00;0.00;0;0;0
1;14;0.01;-0.02;0;0;-1
1;9;0.04;-0.02;1;0;-1
1;8;0.00;0.00;0;0;0
1;17;0.02;-0.04;0;0;-2
1;9;0.00;0.00;0;0;0
1;6;0.02;0.00;1;0;0
1;11;0.01;-0.02;0;0;-1
1;8;0.00;0.00;0;0;0
1;8;0.01;-0.02;0;0;-1
1;9;0.00;0.00;0;0;0
1;16;0.04;-0.02;1;0;-1
1;7;0.00;0.00;0;0;0
1;9;0.00;0.00;0;0;0
1;11;0.00;0.00;0;0;0
1;7;0.02;0.00;1;0;0
1;7;0.00;0.00;0;0;0
1;8;0.00;0.00;0;0;0
1;11;0.00;0.00;0;0;0
1;6;0.01;-0.02;0;0;-1
1;8;0.00;0.00;0;0;0
1;8;0.00;0.00;0;0;0
1;10;0.00;0.00;0;0;0
1;9;0.02;0.00;1;0;0
1;9;0.00;0.00;0;0;0
1;6;0.00;0.00;0;0;0
1;8;0.00;0.00;0;0;0
1;8;0.00;0.00;0;0;0
1;13;0.01;-0.02;0;0;-1
1;7;0.00;0.00;0;0;0
1;8;0.00;0.00;0;0;0
1;10;0.00;0.00;0;0;0
1;6;0.00;0.00;0;0;0
1;8;0.02;0.00;1;0;0
1;9;0.00;0.00;0;0;0
1;9;0.01;-0.02;0;0;-1
1;7;0.00;0.00;0;0;0
1;8;0.00;0.00;0;0;0
1;8;0.00;0.00;0;0;0
1;10;0.00;0.00;0;0;0
1;8;0.02;0.00;1;0;0
1;13;0.01;-0.02;0;0;-1
1;18;0.00;0.00;0;0;0
1;32;0.04;-0.02;1;0;-1
1;9;0.00;0.00;0;0;0
1;18;0.00;0.00;0;0;0
1;8;0.00;0.00;0;0;0
1;7;0.00;0.00;0;0;0
1;10;0.04;-0.02;1;0;-1
1;7;0.00;0.00;0;0;0
1;8;0.00;0.00;0;0;0
1;8;0.01;-0.02;0;0;-1
1;10;0.00;0.00;0;0;0
1;6;0.01;-0.02;0;0;-1
1;9;0.00;0.00;0;0;0
1;8;0.02;0.00;1;0;0
1;9;0.01;-0.02;0;0;-1
1;7;0.00;0.00;0;0;0
1;8;0.01;-0.02;0;0;-1
1;9;0.00;0.00;0;0;0
1;21;0.01;-0.02;0;0;-1
1;10;0.04;-0.02;1;0;-1
1;12;0.01;-0.02;0;0;-1
1;6;0.00;0.00;0;0;0
1;9;0.01;-0.02;0;0;-1
1;7;0.00;0.00;0;0;0
1;8;0.02;0.00;1;0;0
1;8;0.01;-0.02;0;0;-1
1;13;0.01;-0.02;0;0;-1
1;8;0.00;0.00;0;0;0
1;8;0.04;-0.02;1;0;-1
1;10;0.00;0.00;0;0;0
1;8;0.00;0.00;0;0;0
1;7;0.01;-0.02;0;0;-1
1;8;0.00;0.00;0;0;0
1;11;0.02;0.00;1;0;0
1;8;0.00;0.00;0;0;0
1;9;0.01;-0.02;0;0;-1
1;6;0.00;0.00;0;0;0
1;11;0.00;0.00;0;0;0
1;8;0.00;0.00;0;0;0
1;12;0.02;0.00;1;0;0
1;14;0.00;0.00;0;0;0
1;8;0.00;0.00;0;0;0
1;8;0.00;0.00;0;0;0
1;15;0.01;-0.02;0;0;-1
1;7;0.00;0.00;0;0;0
1;7;0.00;0.00;0;0;0
1;8;0.00;0.00;0;0;0
1;12;0.00;0.00;0;0;0
1;8;0.00;0.00;0;0;0
1;8;0.00;0.00;0;0;0
1;15;0.00;0.00;0;0;0
1;7;0.01;-0.02;0;0;-1
1;6;0.00;0.00;0;0;0
1;8;0.02;0.00;1;0;0
1;9;0.00;0.00;0;0;0
1;8;0.00;0.00;0;0;0
1;8;0.00;0.00;0;0;0
1;8;0.01;-0.02;0;0;-1
1;9;0.00;0.00;0;0;0
1;8;0.02;0.00;1;0;0
1;8;0.01;-0.02;0;0;-1
1;8;0.00;0.00;0;0;0
1;9;0.01;-0.02;0;0;-1
1;13;0.00;0.00;0;0;0
1;7;0.01;-0.02;0;0;-1
1;10;0.01;-0.02;0;0;-1
1;6;0.02;0.00;1;0;0
1;8;0.00;0.00;0;0;0
1;8;0.01;-0.02;0;0;-1
1;11;0.01;-0.02;0;0;-1
1;7;0.00;0.00;0;0;0
1;10;0.01;-0.02;0;0;-1
1;6;0.02;0.00;1;0;0
1;9;0.01;-0.02;0;0;-1
1;8;0.00;0.00;0;0;0
1;7;0.00;0.00;0;0;0
1;8;0.01;-0.02;0;0;-1
1;8;0.00;0.00;0;0;0
1;8;0.00;0.00;0;0;0
1;11;0.01;-0.02;0;0;-1
1;6;0.00;0.00;0;0;0
1;8;0.00;0.00;0;0;0
1;8;-0.01;-0.02;0;1;0
1;8;0.00;0.00;0;0;0
1;9;0.01;-0.02;0;0;-1
1;8;0.00;0.00;0;0;0
1;10;0.00;0.00;0;0;0
1;6;0.00;0.00;0;0;0
1;7;0.00;0.00;0;0;0
1;8;-0.01;-0.02;0;1;0
1;9;0.00;0.00;0;0;0
1;8;0.00;0.00;0;0;0
1;8;0.00;0.00;0;0;0
1;8;0.00;0.00;0;0;0
1;9;0.00;0.00;0;0;0
1;9;0.00;0.00;0;0;0
1;9;0.01;-0.02;0;0;-1
1;15;0.00;0.00;0;0;0
1;8;0.00;0.00;0;0;0
1;9;-0.01;-0.02;0;1;0
1;7;0.00;0.00;0;0;0
1;15;0.01;-0.02;0;0;-1
1;5;0.00;0.00;0;0;0
1;8;0.00;0.00;0;0;0
1;9;0.00;0.00;0;0;0
1;8;0.00;0.00;0;0;0
1;8;-0.01;-0.02;0;1;0
1;8;0.01;-0.02;0;0;-1
1;14;0.00;0.00;0;0;0
1;7;0.00;0.00;0;0;0
1;8;0.00;0.00;0;0;0
1;8;0.00;0.00;0;0;0
1;8;0.00;-0.04;0;1;-1
1;8;0.00;0.00;0;0;0
1;9;0.01;-0.02;0;0;-1
1;8;0.00;0.00;0;0;0
1;8;0.00;0.00;0;0;0
1;11;0.01;-0.02;0;0;-1
1;7;0.00;0.00;0;0;0
1;8;0.01;-0.02;0;0;-1
1;7;0.00;0.00;0;0;0
1;11;0.01;-0.02;0;0;-1
1;6;0.00;0.00;0;0;0
1;7;0.00;-0.04;0;1;-1
1;10;0.01;-0.02;0;0;-1
1;10;0.00;0.00;0;0;0
1;7;0.01;-0.02;0;0;-1
1;10;0.01;-0.02;0;0;-1
1;6;0.00;0.00;0;0;0
1;10;0.00;-0.04;0;1;-1
1;7;0.00;0.00;0;0;0
1;6;0.01;-0.02;0;0;-1
1;12;0.00;0.00;0;0;0
1;15;0.00;-0.04;0;1;-1
1;6;0.01;-0.02;0;0;-1
1;8;0.00;0.00;0;0;0
1;8;0.00;0.00;0;0;0
1;8;0.01;-0.02;0;0;-1
1;8;-0.01;-0.02;0;1;0
1;9;0.00;0.00;0;0;0
1;12;0.01;-0.02;0;0;-1
1;8;0.00;0.00;0;0;0
1;8;0.00;0.00;0;0;0
1;9;-0.01;-0.02;0;1;0
1;8;0.02;0.00;1;0;0
1;8;0.00;0.00;0;0;0
1;8;0.01;-0.02;0;0;-1
1;9;0.00;0.00;0;0;0
1;7;0.00;0.00;0;0;0
1;9;0.00;0.00;0;0;0
1;8;-0.01;-0.02;0;1;0
1;8;0.00;0.00;0;0;0
1;8;0.00;0.00;0;0;0
1;8;0.00;0.00;0;0;0
1;9;0.00;0.00;0;0;0
1;8;0.00;0.00;0;0;0
1;8;0.00;0.00;0;0;0
1;8;0.01;-0.02;0;0;-1
1;8;0.00;0.00;0;0;0
1;9;-0.01;-0.02;0;1;0
1;8;0.00;0.00;0;0;0
1;8;0.00;0.00;0;0;0
1;8;0.00;0.00;0;0;0
1;8;0.01;-0.02;0;0;-1
1;9;0.00;0.00;0;0;0
1;8;0.00;0.00;0;0;0
1;8;-0.01;-0.02;0;1;0
1;8;0.00;0.00;0;0;0
1;8;0.00;0.00;0;0;0
1;11;0.01;-0.02;0;0;-1
1;6;0.00;0.00;0;0;0
1;8;-0.01;-0.02;0;1;0
1;8;0.00;0.00;0;0;0
1;8;0.00;0.00;0;0;0
1;8;0.00;0.00;0;0;0
1;9;0.00;0.00;0;0;0
1;10;0.01;-0.02;0;0;-1
1;6;0.00;0.00;0;0;0
1;8;-0.01;-0.02;0;1;0
1;8;0.00;0.00;0;0;0
1;12;0.00;0.00;0;0;0
1;5;0.00;0.00;0;0;0
1;8;0.01;-0.02;0;0;-1
1;8;0.00;0.00;0;0;0
1;16;-0.01;-0.02;0;1;0
1;5;0.00;0.00;0;0;0
1;8;0.00;0.00;0;0;0
1;8;0.00;0.00;0;0;0
1;9;0.00;0.00;0;0;0
1;7;0.01;-0.02;0;0;-1
1;9;0.00;0.00;0;0;0
1;8;-0.01;-0.02;0;1;0
1;9;0.00;0.00;0;0;0
1;7;0.00;0.00;0;0;0
1;8;0.00;0.00;0;0;0
1;9;0.00;0.00;0;0;0
1;8;0.01;-0.02;0;0;-1
1;8;-0.01;-0.02;0;1;0
1;8;0.00;0.00;0;0;0
1;11;0.00;0.00;0;0;0
1;6;0.00;0.00;0;0;0
1;8;0.00;0.00;0;0;0
1;8;0.01;-0.02;0;0;-1
1;11;-0.01;-0.02;0;1;0
1;5;0.00;0.00;0;0;0
1;12;0.00;0.00;0;0;0
1;6;0.00;0.00;0;0;0
1;9;0.00;0.00;0;0;0
1;6;0.00;0.00;0;0;0
1;8;0.01;-0.02;0;0;-1
1;8;-0.01;-0.02;0;1;0
1;9;0.00;0.00;0;0;0
1;8;0.00;0.00;0;0;0
1;13;0.00;0.00;0;0;0
1;8;0.01;-0.02;0;0;-1
1;8;0.00;0.00;0;0;0
1;16;-0.01;-0.02;0;1;0
1;9;0.00;0.00;0;0;0
1;10;0.00;0.00;0;0;0
1;24;0.01;-0.02;0;0;-1
1;6;-0.01;-0.02;0;1;0
1;11;0.00;0.00;0;0;0
1;6;0.00;0.00;0;0;0
1;8;0.00;0.00;0;0;0
1;8;0.01;-0.02;0;0;-1
1;12;0.00;0.00;0;0;0
1;12;-0.01;-0.02;0;1;0
1;9;0.00;0.00;0;0;0
1;13;0.00;0.00;0;0;0
1;35;0.00;-0.04;0;1;-1
1;6;0.00;0.00;0;0;0
1;7;0.00;0.00;0;0;0
1;12;0.01;-0.02;0;0;-1
1;35;0.00;0.00;0;0;0
1;10;-0.01;-0.02;0;1;0
1;9;0.01;-0.02;0;0;-1
1;11;0.00;0.00;0;0;0
1;6;0.00;0.00;0;0;0
1;7;0.00;0.00;0;0;0
1;8;0.00;0.00;0;0;0
1;10;0.00;0.00;0;0;0
1;7;0.00;0.00;0;0;0
1;8;0.01;-0.02;0;0;-1
1;8;0.00;0.00;0;0;0
1;8;0.00;0.00;0;0;0
1;9;0.00;0.00;0;0;0
1;11;0.00;0.00;0;0;0
1;12;-0.01;-0.02;0;1;0
1;7;0.00;0.00;0;0;0
1;10;0.01;-0.02;0;0;-1
1;10;0.00;0.00;0;0;0
1;7;0.00;0.00;0;0;0
1;8;-0.01;-0.02;0;1;0
1;13;0.00;0.00;0;0;0
1;8;0.00;0.00;0;0;0
1;8;0.01;-0.02;0;0;-1
1;9;0.00;0.00;0;0;0
1;7;0.00;0.00;0;0;0
1;8;-0.01;-0.02;0;1;0
1;8;0.00;0.00;0;0;0
1;9;0.00;0.00;0;0;0
1;8;0.00;0.00;0;0;0
1;8;0.01;-0.02;0;0;-1
1;8;0.00;0.00;0;0;0
1;8;-0.01;-0.02;0;1;0
1;9;0.00;0.00;0;0;0
1;8;0.00;0.00;0;0;0
1;8;0.00;0.00;0;0;0
1;8;0.00;0.00;0;0;0
1;8;0.01;-0.02;0;0;-1
1;9;-0.01;-0.02;0;1;0
1;8;0.00;0.00;0;0;0
1;8;0.00;0.00;0;0;0
1;8;0.00;0.00;0;0;0
1;8;0.00;0.00;0;0;0
1;9;0.00;0.00;0;0;0
1;8;-0.01;-0.02;0;1;0
1;8;0.01;-0.02;0;0;-1
1;8;0.00;0.00;0;0;0
1;8;0.00;0.00;0;0;0
1;9;0.00;0.00;0;0;0
1;8;0.00;0.00;0;0;0
1;8;-0.01;-0.02;0;1;0
1;8;0.00;0.00;0;0;0
1;8;0.01;-0.02;0;0;-1
1;8;0.00;0.00;0;0;0
1;9;0.00;0.00;0;0;0
1;8;0.00;0.00;0;0;0
1;8;-0.01;-0.02;0;1;0
1;8;0.00;0.00;0;0;0
1;8;0.00;0.00;0;0;0
1;9;0.01;-0.02;0;0;-1
1;8;0.00;0.00;0;0;0
1;8;0.00;0.00;0;0;0
1;8;-0.01;-0.02;0;1;0
1;8;0.00;0.00;0;0;0
1;9;0.00;0.00;0;0;0
1;8;0.00;0.00;0;0;0
1;14;0.01;-0.02;0;0;-1
1;6;0.00;0.00;0;0;0
1;8;-0.01;-0.02;0;1;0
1;9;0.00;0.00;0;0;0
1;11;0.00;0.00;0;0;0
1;14;0.01;-0.02;0;0;-1
1;15;-0.01;-0.02;0;1;0
1;5;0.00;0.00;0;0;0
1;12;0.00;0.00;0;0;0
1;9;0.00;0.00;0;0;0
1;8;0.00;0.00;0;0;0
1;9;0.01;-0.02;0;0;-1
1;12;-0.01;-0.02;0;1;0
1;8;0.00;0.00;0;0;0
1;7;0.00;0.00;0;0;0
1;14;0.00;0.00;0;0;0
1;7;0.00;0.00;0;0;0
1;8;-0.01;-0.02;0;1;0
1;8;0.01;-0.02;0;0;-1
1;12;0.00;0.00;0;0;0
1;9;0.00;0.00;0;0;0
1;8;0.00;0.00;0;0;0
1;8;0.00;0.00;0;0;0
1;18;-0.01;-0.02;0;1;0
1;8;0.00;0.00;0;0;0
1;10;0.01;-0.02;0;0;-1
1;6;0.00;0.00;0;0;0
1;12;0.00;0.00;0;0;0
1;7;-0.01;-0.02;0;1;0
1;14;0.00;0.00;0;0;0
1;7;0.00;0.00;0;0;0
1;8;0.01;-0.02;0;0;-1
1;9;0.00;0.00;0;0;0
1;7;0.00;0.00;0;0;0
1;9;-0.01;-0.02;0;1;0
1;10;0.00;0.00;0;0;0
1;10;0.00;0.00;0;0;0
1;8;0.00;0.00;0;0;0
1;9;0.01;-0.02;0;0;-1
1;8;0.00;0.00;0;0;0
1;8;-0.01;-0.02;0;1;0
1;8;0.00;0.00;0;0;0
1;8;0.00;0.00;0;0;0
1;8;0.00;0.00;0;0;0
1;9;0.00;0.00;0;0;0
1;29;0.00;-0.04;0;1;-1
1;9;0.00;0.00;0;0;0
1;8;0.00;0.00;0;0;0
1;9;0.00;0.00;0;0;0
1;6;0.00;0.00;0;0;0
1;8;0.01;-0.02;0;0;-1
1;12;-0.01;-0.02;0;1;0
1;6;0.00;0.00;0;0;0
1;7;0.00;0.00;0;0;0
1;8;0.00;0.00;0;0;0
1;9;0.00;0.00;0;0;0
1;8;0.00;0.00;0;0;0
1;8;0.01;-0.02;0;0;-1
1;8;-0.01;-0.02;0;1;0
1;9;0.00;0.00;0;0;0
1;11;0.00;0.00;0;0;0
1;12;0.00;0.00;0;0;0
1;6;0.01;-0.02;0;0;-1
1;8;0.00;0.00;0;0;0
1;7;-0.01;-0.02;0;1;0
1;8;0.00;0.00;0;0;0
1;8;0.00;0.00;0;0;0
1;9;0.00;0.00;0;0;0
1;8;0.01;-0.02;0;0;-1
1;8;0.00;0.00;0;0;0
1;9;-0.01;-0.02;0;1;0
1;7;0.00;0.00;0;0;0
1;9;0.00;0.00;0;0;0
1;8;0.00;0.00;0;0;0
1;8;0.00;0.00;0;0;0
1;8;0.00;0.00;0;0;0
1;8;0.00;0.00;0;0;0
1;9;0.00;-0.04;0;1;-1
1;8;0.00;0.00;0;0;0
1;8;0.00;0.00;0;0;0
1;8;0.00;0.00;0;0;0
1;8;0.00;0.00;0;0;0
1;9;0.00;0.00;0;0;0
1;8;-0.01;-0.02;0;1;0
1;8;0.00;0.00;0;0;0
1;8;0.01;-0.02;0;0;-1
1;8;0.00;0.00;0;0;0
1;9;0.00;0.00;0;0;0
1;8;0.00;0.00;0;0;0
1;8;0.00;0.00;0;0;0
1;8;-0.01;-0.02;0;1;0
1;8;0.01;-0.02;0;0;-1
1;8;0.00;0.00;0;0;0
1;9;0.00;0.00;0;0;0
1;8;0.00;0.00;0;0;0
1;8;0.00;0.00;0;0;0
1;8;0.00;0.00;0;0;0
1;8;-0.01;-0.02;0;1;0
1;9;0.01;-0.02;0;0;-1
1;8;0.00;0.00;0;0;0
1;11;0.00;0.00;0;0;0
1;5;0.00;0.00;0;0;0
1;8;0.00;0.00;0;0;0
1;11;-0.01;-0.02;0;1;0
1;6;0.00;0.00;0;0;0
1;8;0.00;0.00;0;0;0
1;8;0.00;0.00;0;0;0
1;9;0.01;-0.02;0;0;-1
1;9;0.00;0.00;0;0;0
1;13;-0.01;-0.02;0;1;0
1;12;0.00;0.00;0;0;0
1;13;0.00;0.00;0;0;0
1;7;0.00;0.00;0;0;0
1;8;0.01;-0.02;0;0;-1
1;8;0.00;0.00;0;0;0
1;7;-0.01;-0.02;0;1;0
1;8;0.00;0.00;0;0;0
1;10;0.00;0.00;0;0;0
1;7;0.01;-0.02;0;0;-1
1;8;0.00;0.00;0;0;0
1;8;0.00;0.00;0;0;0
1;12;0.00;0.00;0;0;0
1;9;-0.01;-0.02;0;1;0
1;9;0.00;0.00;0;0;0
1;8;0.01;-0.02;0;0;-1
1;13;0.00;0.00;0;0;0
1;9;0.00;0.00;0;0;0
1;6;0.00;0.00;0;0;0
1;12;-0.01;-0.02;0;1;0
1;8;0.00;0.00;0;0;0
1;8;0.00;0.00;0;0;0
1;9;0.01;-0.02;0;0;-1
1;9;0.00;0.00;0;0;0
1;16;-0.01;-0.02;0;1;0
1;7;0.00;0.00;0;0;0
1;30;0.01;-0.02;0;0;-1
1;10;0.00;0.00;0;0;0
1;5;0.00;0.00;0;0;0
1;9;-0.01;-0.02;0;1;0
1;8;0.00;0.00;0;0;0
1;9;0.00;0.00;0;0;0
1;7;0.00;0.00;0;0;0
1;10;0.01;-0.02;0;0;-1
1;8;0.00;0.00;0;0;0
1;7;0.00;0.00;0;0;0
1;8;0.00;0.00;0;0;0
1;13;-0.01;-0.02;0;1;0
1;7;0.00;0.00;0;0;0
1;11;0.01;-0.02;0;0;-1
1;10;0.00;0.00;0;0;0
1;8;0.00;0.00;0;0;0
1;8;0.00;0.00;0;0;0
1;8;0.00;0.00;0;0;0
1;9;-0.01;-0.02;0;1;0
1;8;0.01;-0.02;0;0;-1
1;8;0.00;0.00;0;0;0
1;25;0.00;0.00;0;0;0
1;9;0.00;0.00;0;0;0
1;7;-0.01;-0.02;0;1;0
1;8;0.01;-0.02;0;0;-1
1;11;0.00;0.00;0;0;0
1;6;0.00;0.00;0;0;0
1;12;0.00;0.00;0;0;0
1;8;0.00;0.00;0;0;0
1;8;0.00;0.00;0;0;0
1;10;0.00;-0.04;0;1;-1
1;7;0.00;0.00;0;0;0
1;8;0.00;0.00;0;0;0
1;8;0.00;0.00;0;0;0
1;14;0.00;0.00;0;0;0
1;9;0.01;-0.02;0;0;-1
1;6;0.00;0.00;0;0;0
1;8;-0.01;-0.02;0;1;0
1;8;0.00;0.00;0;0;0
1;8;0.00;0.00;0;0;0
1;8;0.00;0.00;0;0;0
1;9;0.01;-0.02;0;0;-1
1;8;0.00;0.00;0;0;0
1;14;-0.01;-0.02;0;1;0
1;11;0.00;0.00;0;0;0
1;12;0.00;0.00;0;0;0
1;23;0.01;-0.02;0;0;-1
1;5;-0.01;-0.02;0;1;0
1;13;0.00;0.00;0;0;0
1;8;0.00;0.00;0;0;0
1;10;0.01;-0.02;0;0;-1
1;7;0.00;0.00;0;0;0
1;14;0.00;0.00;0;0;0
1;7;-0.01;-0.02;0;1;0
1;7;0.00;0.00;0;0;0
1;8;0.00;0.00;0;0;0
1;14;0.01;-0.02;0;0;-1
1;7;0.00;0.00;0;0;0
1;9;0.00;0.00;0;0;0
1;8;0.00;0.00;0;0;0
1;12;-0.01;-0.02;0;1;0
1;9;0.01;-0.02;0;0;-1
1;14;0.00;0.00;0;0;0
1;7;0.00;0.00;0;0;0
1;6;0.00;0.00;0;0;0
1;11;0.00;0.00;0;0;0
1;5;0.01;-0.02;0;0;-1
1;9;-0.01;-0.02;0;1;0
1;8;0.00;0.00;0;0;0
1;11;0.00;0.00;0;0;0
1;6;0.00;0.00;0;0;0
1;7;0.00;0.00;0;0;0
1;9;0.01;-0.02;0;0;-1
1;9;-0.01;-0.02;0;1;0
1;9;0.00;0.00;0;0;0
1;6;0.00;0.00;0;0;0
1;9;0.00;0.00;0;0;0
1;8;0.00;0.00;0;0;0
1;8;0.00;0.00;0;0;0
1;8;0.01;-0.02;0;0;-1
1;8;0.00;0.00;0;0;0
1;8;-0.01;-0.02;0;1;0
1;9;0.00;0.00;0;0;0
1;8;0.00;0.00;0;0;0
1;8;0.00;0.00;0;0;0
1;8;0.01;-0.02;0;0;-1
1;8;0.00;0.00;0;0;0
1;8;0.00;0.00;0;0;0
1;9;0.00;0.00;0;0;0
1;8;-0.01;-0.02;0;1;0
1;8;0.00;0.00;0;0;0
1;9;0.01;-0.02;0;0;-1
1;7;0.00;0.00;0;0;0
1;9;0.00;0.00;0;0;0
1;8;0.00;0.00;0;0;0
1;8;0.00;0.00;0;0;0
1;8;0.00;0.00;0;0;0
1;8;0.00;0.00;0;0;0
1;9;0.00;-0.04;0;1;-1
1;8;0.00;0.00;0;0;0
1;8;0.00;0.00;0;0;0
1;12;0.00;0.00;0;0;0
1;25;0.01;-0.02;0;0;-1
1;8;-0.01;-0.02;0;1;0
1;8;0.00;0.00;0;0;0
1;8;0.00;0.00;0;0;0
1;9;0.00;0.00;0;0;0
1;9;0.00;0.00;0;0;0
1;7;0.01;-0.02;0;0;-1
1;11;0.00;0.00;0;0;0
1;5;-0.01;-0.02;0;1;0
1;9;0.00;0.00;0;0;0
1;8;0.00;0.00;0;0;0
1;8;0.00;0.00;0;0;0
1;8;0.01;-0.02;0;0;-1
1;8;0.00;0.00;0;0;0
1;9;0.00;0.00;0;0;0
1;8;-0.01;-0.02;0;1;0
1;8;0.00;0.00;0;0;0
1;8;0.00;0.00;0;0;0
1;12;0.01;-0.02;0;0;-1
1;9;0.00;0.00;0;0;0
1;8;0.00;0.00;0;0;0
1;8;0.00;0.00;0;0;0
1;9;-0.01;-0.02;0;1;0
1;7;0.00;0.00;0;0;0
1;10;0.01;-0.02;0;0;-1
1;7;0.00;0.00;0;0;0
1;8;0.00;0.00;0;0;0
1;8;0.00;0.00;0;0;0
1;8;0.00;0.00;0;0;0
1;9;0.00;0.00;0;0;0
1;8;-0.01;-0.02;0;1;0
1;14;0.01;-0.02;0;0;-1
1;6;0.00;0.00;0;0;0
1;8;0.00;0.00;0;0;0
1;13;0.00;0.00;0;0;0
1;14;0.00;-0.04;0;1;-1
1;9;0.00;0.00;0;0;0
1;15;0.00;0.00;0;0;0
1;12;0.00;0.00;0;0;0
1;7;-0.01;-0.02;0;1;0
1;8;0.01;-0.02;0;0;-1
1;14;0.00;0.00;0;0;0
1;19;-0.01;-0.02;0;1;0
1;8;0.00;0.00;0;0;0
1;8;-0.01;-0.02;0;1;0
1;9;0.01;-0.02;0;0;-1
1;8;0.00;0.00;0;0;0
1;8;0.00;0.00;0;0;0
1;8;-0.01;-0.02;0;1;0
1;8;0.00;0.00;0;0;0
1;9;0.00;0.00;0;0;0
1;8;-0.01;-0.02;0;1;0
1;11;0.00;-0.04;0;1;-1
1;10;0.00;0.00;0;0;0
1;7;-0.01;-0.02;0;1;0
1;9;0.00;0.00;0;0;0
1;8;0.00;0.00;0;0;0
1;8;-0.01;-0.02;0;1;0
1;8;0.01;-0.02;0;0;-1
1;8;-0.01;-0.02;0;1;0
1;9;0.00;0.00;0;0;0
1;8;-0.01;-0.02;0;1;0
1;8;0.00;0.00;0;0;0
1;8;0.00;0.00;0;0;0
1;8;0.00;-0.04;0;1;-1
1;8;0.00;0.00;0;0;0
1;9;0.00;0.00;0;0;0
1;8;0.00;0.00;0;0;0
1;8;0.00;0.00;0;0;0
1;8;0.01;-0.02;0;0;-1
1;8;0.00;0.00;0;0;0
1;9;0.00;0.00;0;0;0
1;8;0.00;0.00;0;0;0
1;8;-0.01;-0.02;0;1;0
1;9;0.01;-0.02;0;0;-1
1;7;0.00;0.00;0;0;0
1;9;0.00;0.00;0;0;0
1;8;0.00;0.00;0;0;0
1;11;0.00;0.00;0;0;0
1;9;0.00;0.00;0;0;0
1;8;0.00;0.00;0;0;0
1;12;0.00;-0.04;0;1;-1
1;5;0.00;0.00;0;0;0
1;8;0.00;0.00;0;0;0
1;8;0.00;0.00;0;0;0
1;14;0.00;0.00;0;0;0
1;8;-0.01;-0.02;0;1;0
1;7;0.00;0.00;0;0;0
1;8;0.00;0.00;0;0;0
1;9;0.01;-0.02;0;0;-1
1;12;0.00;0.00;0;0;0
1;8;-0.01;-0.02;0;1;0
1;8;0.00;0.00;0;0;0
1;8;0.00;0.00;0;0;0
1;7;0.00;0.00;0;0;0
1;9;0.01;-0.02;0;0;-1
1;14;0.00;0.00;0;0;0
1;7;0.00;0.00;0;0;0
1;7;-0.01;-0.02;0;1;0
1;12;0.00;0.00;0;0;0
1;9;0.01;-0.02;0;0;-1
1;5;0.00;0.00;0;0;0
1;8;0.00;0.00;0;0;0
1;10;0.00;0.00;0;0;0
1;6;-0.01;-0.02;0;1;0
1;9;0.00;0.00;0;0;0
1;8;0.00;0.00;0;0;0
1;8;0.00;0.00;0;0;0
1;15;0.01;-0.02;0;0;-1
1;18;-0.01;-0.02;0;1;0
1;21;0.01;-0.02;0;0;-1
1;7;0.00;0.00;0;0;0
1;17;-0.01;-0.02;0;1;0
1;8;0.00;0.00;0;0;0
1;9;0.00;0.00;0;0;0
1;7;0.00;0.00;0;0;0
1;9;0.01;-0.02;0;0;-1
1;8;-0.01;-0.02;0;1;0
1;8;0.00;0.00;0;0;0
1;8;0.00;0.00;0;0;0
1;10;0.00;0.00;0;0;0
1;8;0.00;0.00;0;0;0
1;7;0.00;0.00;0;0;0
1;9;0.01;-0.02;0;0;-1
1;7;-0.01;-0.02;0;1;0
1;8;0.00;0.00;0;0;0
1;7;0.00;0.00;0;0;0
1;9;0.00;0.00;0;0;0
1;8;0.00;0.00;0;0;0
1;9;0.00;0.00;0;0;0
1;8;0.00;-0.04;0;1;-1
1;8;0.00;0.00;0;0;0
1;9;0.00;0.00;0;0;0
1;8;0.00;0.00;0;0;0
1;8;0.00;0.00;0;0;0
1;8;0.00;0.00;0;0;0
1;8;0.00;-0.04;0;1;-1
1;9;0.00;0.00;0;0;0
1;8;0.00;0.00;0;0;0
1;8;0.00;0.00;0;0;0
1;8;0.00;0.00;0;0;0
1;8;0.00;0.00;0;0;0
1;9;0.01;-0.02;0;0;-1
1;8;-0.01;-0.02;0;1;0
1;7;0.00;0.00;0;0;0
1;8;0.00;0.00;0;0;0
1;8;0.00;0.00;0;0;0
1;9;0.00;0.00;0;0;0
1;9;0.01;-0.02;0;0;-1
1;8;-0.01;-0.02;0;1;0
1;8;0.00;0.00;0;0;0
1;8;0.00;0.00;0;0;0
1;15;0.00;0.00;0;0;0
1;6;0.00;0.00;0;0;0
1;8;0.01;-0.02;0;0;-1
1;8;-0.01;-0.02;0;1;0
1;8;0.00;0.00;0;0;0
1;8;0.00;0.00;0;0;0
1;9;0.00;0.00;0;0;0
1;10;0.00;0.00;0;0;0
1;6;0.00;-0.04;0;1;-1
1;8;0.00;0.00;0;0;0
1;8;0.00;0.00;0;0;0
1;8;0.00;0.00;0;0;0
1;9;0.00;0.00;0;0;0
1;11;0.00;0.00;0;0;0
1;6;-0.01;-0.02;0;1;0
1;7;0.01;-0.02;0;0;-1
1;13;0.00;0.00;0;0;0
1;8;0.00;0.00;0;0;0
1;7;0.00;0.00;0;0;0
1;9;0.00;0.00;0;0;0
1;8;-0.01;-0.02;0;1;0
1;8;0.00;0.00;0;0;0
1;8;0.00;0.00;0;0;0
1;9;0.00;0.00;0;0;0
1;8;0.00;0.00;0;0;0
1;8;0.00;0.00;0;0;0
1;9;-0.01;-0.02;0;1;0
1;10;0.00;0.00;0;0;0
1;6;0.00;0.00;0;0;0
1;8;0.00;0.00;0;0;0
1;7;0.00;0.00;0;0;0
1;10;0.00;0.00;0;0;0
1;8;-0.01;-0.02;0;1;0
1;9;0.00;0.00;0;0;0
1;7;0.00;0.00;0;0;0
1;8;0.00;0.00;0;0;0
1;12;0.00;0.00;0;0;0
1;9;0.00;0.00;0;0;0
1;25;-0.01;-0.02;0;1;0
1;14;0.00;0.00;0;0;0
1;25;-0.01;-0.02;0;1;0
1;5;0.00;0.00;0;0;0
1;9;0.00;0.00;0;0;0
1;8;0.00;0.00;0;0;0
1;7;0.00;0.00;0;0;0
1;30;-0.01;-0.02;0;1;0
1;42;0.00;0.00;0;0;0
1;11;-0.01;-0.02;0;1;0
1;8;0.00;0.00;0;0;0
1;7;0.00;0.00;0;0;0
1;9;0.00;0.00;0;0;0
1;26;-0.01;-0.02;0;1;0
1;11;0.00;0.00;0;0;0
1;36;0.00;0.00;0;0;0
1;20;-0.01;-0.02;0;1;0
1;10;0.00;0.00;0;0;0
1;8;0.00;0.00;0;0;0
1;8;0.00;0.00;0;0;0
1;7;0.00;0.00;0;0;0
1;10;-0.01;-0.02;0;1;0
1;7;0.00;0.00;0;0;0
1;15;0.00;0.00;0;0;0
1;6;0.00;0.00;0;0;0
1;9;0.00;0.00;0;0;0
1;8;0.00;0.00;0;0;0
1;8;0.00;0.00;0;0;0
1;8;-0.01;-0.02;0;1;0
1;8;0.00;0.00;0;0;0
1;9;0.00;0.00;0;0;0
1;10;0.00;0.00;0;0;0
1;6;0.00;0.00;0;0;0
1;8;0.00;0.00;0;0;0
1;45;-0.01;-0.02;0;1;0
1;16;0.00;0.00;0;0;0
1;20;-0.01;-0.02;0;1;0
1;5;0.00;0.00;0;0;0
1;8;0.00;0.00;0;0;0
1;9;0.00;0.00;0;0;0
1;8;0.00;0.00;0;0;0
1;7;0.00;0.00;0;0;0
1;9;-0.01;-0.02;0;1;0
1;8;0.00;0.00;0;0;0
1;71;-0.01;-0.02;0;1;0
1;19;0.00;0.00;0;0;0
1;12;-0.01;-0.02;0;1;0
1;5;0.00;0.00;0;0;0
1;10;0.00;0.00;0;0;0
1;6;0.00;0.00;0;0;0
1;8;0.00;0.00;0;0;0
1;9;0.00;0.00;0;0;0
1;9;-0.01;-0.02;0;1;0
1;7;0.00;0.00;0;0;0
1;8;0.00;0.00;0;0;0
1;7;0.00;0.00;0;0;0
1;8;0.00;0.00;0;0;0
1;9;0.00;0.00;0;0;0
1;8;0.00;0.00;0;0;0
1;8;0.00;0.00;0;0;0
1;10;-0.01;-0.02;0;1;0
1;7;0.00;0.00;0;0;0
1;9;0.00;0.00;0;0;0
1;8;-0.02;0.00;-1;0;0
1;53;-0.04;-0.02;-1;1;0
1;8;0.00;0.00;0;0;0
1;8;0.00;0.00;0;0;0
1;9;0.00;0.00;0;0;0
1;7;0.00;0.00;0;0;0
1;8;-0.01;-0.02;0;1;0
1;13;-0.02;0.00;-1;0;0
1;9;0.00;0.00;0;0;0
1;7;0.00;0.00;0;0;0
1;8;0.00;0.00;0;0;0
1;8;0.00;0.00;0;0;0
1;9;0.00;-0.04;0;1;-1
1;7;0.00;0.00;0;0;0
1;9;0.00;0.00;0;0;0
1;8;-0.02;0.00;-1;0;0
1;9;0.00;0.00;0;0;0
1;8;0.00;0.00;0;0;0
1;7;0.00;0.00;0;0;0
1;9;0.00;0.00;0;0;0
1;9;-0.01;-0.02;0;1;0
1;8;0.00;0.00;0;0;0
1;8;-0.02;0.00;-1;0;0
1;8;0.00;0.00;0;0;0
1;9;0.00;0.00;0;0;0
1;13;0.00;0.00;0;0;0
1;7;0.00;0.00;0;0;0
1;8;-0.01;-0.02;0;1;0
1;7;0.00;0.00;0;0;0
1;9;-0.02;0.00;-1;0;0
1;8;0.00;0.00;0;0;0
1;8;0.00;0.00;0;0;0
1;8;0.00;0.00;0;0;0
1;8;0.00;0.00;0;0;0
1;9;-0.01;-0.02;0;1;0
1;8;0.00;0.00;0;0;0
1;9;-0.02;0.00;-1;0;0
1;7;0.00;0.00;0;0;0
1;8;0.00;0.00;0;0;0
1;12;0.00;0.00;0;0;0
1;6;0.00;0.00;0;0;0
1;8;-0.01;-0.02;0;1;0
1;7;-0.02;0.00;-1;0;0
1;12;0.00;0.00;0;0;0
1;6;0.00;0.00;0;0;0
1;8;0.00;0.00;0;0;0
1;9;0.00;0.00;0;0;0
1;10;0.00;0.00;0;0;0
1;8;-0.01;-0.02;0;1;0
1;5;-0.02;0.00;-1;0;0
1;8;0.00;0.00;0;0;0
1;11;0.00;0.00;0;0;0
1;6;0.00;0.00;0;0;0
1;10;0.00;0.00;0;0;0
1;6;0.00;0.00;0;0;0
1;12;-0.02;0.00;-1;0;0
1;5;-0.01;-0.02;0;1;0
1;9;0.00;0.00;0;0;0
1;7;0.00;0.00;0;0;0
1;11;0.00;0.00;0;0;0
1;7;0.00;0.00;0;0;0
1;9;0.00;0.00;0;0;0
1;6;0.00;0.00;0;0;0
1;10;-0.04;-0.02;-1;1;0
1;17;0.00;0.00;0;0;0
1;9;0.00;0.00;0;0;0
1;8;0.00;0.00;0;0;0
1;26;-0.04;-0.02;-1;1;0
1;8;0.00;0.00;0;0;0
1;19;0.00;0.00;0;0;0
1;8;0.00;0.00;0;0;0
1;9;-0.02;0.00;-1;0;0
1;12;-0.01;-0.02;0;1;0
1;5;0.00;0.00;0;0;0
1;9;0.00;0.00;0;0;0
1;9;0.00;0.00;0;0;0
1;7;0.00;0.00;0;0;0
1;7;0.00;0.00;0;0;0
1;8;-0.02;0.00;-1;0;0
1;9;-0.01;-0.02;0;1;0
1;7;0.00;0.00;0;0;0
1;10;0.00;0.00;0;0;0
1;8;0.00;0.00;0;0;0
1;8;0.00;0.00;0;0;0
1;9;0.00;0.00;0;0;0
1;7;-0.02;0.00;-1;0;0
1;9;0.00;0.00;0;0;0
1;10;-0.01;-0.02;0;1;0
1;6;0.00;0.00;0;0;0
1;8;0.00;0.00;0;0;0
1;8;0.00;0.00;0;0;0
1;11;0.00;0.00;0;0;0
1;6;-0.02;0.00;-1;0;0
1;9;0.00;0.00;0;0;0
1;10;-0.01;-0.02;0;1;0
1;8;0.00;0.00;0;0;0
1;7;0.00;0.00;0;0;0
1;7;0.00;0.00;0;0;0
1;7;0.00;0.00;0;0;0
1;9;0.00;0.00;0;0;0
1;7;-0.02;0.00;-1;0;0
1;8;-0.01;-0.02;0;1;0
1;9;0.00;0.00;0;0;0
1;13;0.00;0.00;0;0;0
1;8;0.00;0.00;0;0;0
1;9;0.00;0.00;0;0;0
1;7;0.00;0.00;0;0;0
1;8;-0.04;-0.02;-1;1;0
1;9;0.00;0.00;0;0;0
1;23;0.00;0.00;0;0;0
1;15;0.00;0.00;0;0;0
1;6;-0.02;0.00;-1;0;0
1;9;-0.01;-0.02;0;1;0
1;10;0.00;0.00;0;0;0
1;9;0.00;0.00;0;0;0
1;9;0.00;0.00;0;0;0
1;8;0.00;0.00;0;0;0
1;9;-0.02;0.00;-1;0;0
1;10;0.00;0.00;0;0;0
1;6;-0.01;-0.02;0;1;0
1;9;0.00;0.00;0;0;0
1;7;0.00;0.00;0;0;0
1;7;0.00;0.00;0;0;0
1;8;0.00;0.00;0;0;0
1;10;0.00;0.00;0;0;0
1;7;0.00;0.00;0;0;0
1;8;-0.04;-0.02;-1;1;0
1;8;0.00;0.00;0;0;0
1;14;0.00;0.00;0;0;0
1;8;0.00;0.00;0;0;0
1;8;0.00;0.00;0;0;0
1;7;0.00;0.00;0;0;0
1;13;-0.04;-0.02;-1;1;0
1;14;0.00;0.00;0;0;0
1;7;0.00;0.00;0;0;0
1;8;0.00;0.00;0;0;0
1;8;0.00;0.00;0;0;0
1;7;0.00;0.00;0;0;0
1;8;-0.01;-0.02;0;1;0
1;9;-0.02;0.00;-1;0;0
1;8;0.00;0.00;0;0;0
1;8;0.00;0.00;0;0;0
1;11;0.00;0.00;0;0;0
1;6;0.00;0.00;0;0;0
1;9;0.00;0.00;0;0;0
1;7;-0.04;-0.02;-1;1;0
1;9;0.00;0.00;0;0;0
1;7;0.00;0.00;0;0;0
1;8;0.00;0.00;0;0;0
1;9;0.00;0.00;0;0;0
1;8;0.00;0.00;0;0;0
1;8;0.00;0.00;0;0;0
1;8;-0.01;-0.02;0;1;0
1;8;-0.02;0.00;-1;0;0
1;9;0.00;0.00;0;0;0
1;8;0.00;0.00;0;0;0
1;9;0.00;0.00;0;0;0
1;8;0.00;0.00;0;0;0
1;8;-0.01;-0.02;0;1;0
1;8;0.00;0.00;0;0;0
1;8;-0.02;0.00;-1;0;0
1;8;0.00;0.00;0;0;0
1;8;0.00;0.00;0;0;0
1;8;0.00;0.00;0;0;0
1;8;-0.01;-0.02;0;1;0
1;9;0.00;0.00;0;0;0
1;8;0.00;0.00;0;0;0
1;8;0.00;0.00;0;0;0
1;8;-0.02;0.00;-1;0;0
1;8;0.00;0.00;0;0;0
1;9;0.00;0.00;0;0;0
1;8;0.00;0.00;0;0;0
1;9;-0.01;-0.02;0;1;0
1;8;0.00;0.00;0;0;0
1;7;-0.02;0.00;-1;0;0
1;9;0.00;0.00;0;0;0
1;8;0.00;0.00;0;0;0
1;8;0.00;0.00;0;0;0
1;8;0.00;0.00;0;0;0
1;8;-0.01;-0.02;0;1;0
1;9;0.00;0.00;0;0;0
1;8;0.00;0.00;0;0;0
1;8;-0.02;0.00;-1;0;0
1;16;0.00;0.00;0;0;0
1;9;-0.01;-0.02;0;1;0
1;8;0.00;0.00;0;0;0
1;8;0.00;0.00;0;0;0
1;10;0.00;0.00;0;0;0
1;7;-0.02;0.00;-1;0;0
1;8;0.00;0.00;0;0;0
1;9;-0.01;-0.02;0;1;0
1;8;0.00;0.00;0;0;0
1;7;0.00;0.00;0;0;0
1;28;-0.02;0.00;-1;0;0
1;16;-0.01;-0.02;0;1;0
1;10;0.00;0.00;0;0;0
1;10;0.00;0.00;0;0;0
1;7;0.00;0.00;0;0;0
1;8;-0.02;0.00;-1;0;0
1;11;0.00;0.00;0;0;0
1;5;0.00;0.00;0;0;0
1;12;-0.01;-0.02;0;1;0
1;5;0.00;0.00;0;0;0
1;7;0.00;0.00;0;0;0
1;8;-0.02;0.00;-1;0;0
1;8;0.00;0.00;0;0;0
1;8;0.00;0.00;0;0;0
1;9;-0.01;-0.02;0;1;0
1;8;0.00;0.00;0;0;0
1;8;0.00;0.00;0;0;0
1;8;0.00;0.00;0;0;0
1;8;-0.02;0.00;-1;0;0
1;9;0.00;0.00;0;0;0
1;8;-0.01;-0.02;0;1;0
1;8;0.00;0.00;0;0;0
1;8;0.00;0.00;0;0;0
1;8;0.00;0.00;0;0;0
1;9;-0.02;0.00;-1;0;0
1;8;0.00;0.00;0;0;0
1;8;-0.01;-0.02;0;1;0
1;8;0.00;0.00;0;0;0
1;8;0.00;0.00;0;0;0
1;8;0.00;0.00;0;0;0
1;9;-0.02;0.00;-1;0;0
1;8;0.00;0.00;0;0;0
1;8;0.00;0.00;0;0;0
1;8;-0.01;-0.02;0;1;0
1;8;0.00;0.00;0;0;0
1;9;0.00;0.00;0;0;0
1;8;0.00;0.00;0;0;0
1;8;-0.02;0.00;-1;0;0
1;9;0.00;0.00;0;0;0
1;11;-0.01;-0.02;0;1;0
1;6;0.00;0.00;0;0;0
1;7;0.00;0.00;0;0;0
1;8;0.00;0.00;0;0;0
1;11;-0.02;0.00;-1;0;0
1;6;0.00;0.00;0;0;0
1;8;-0.01;-0.02;0;1;0
1;9;0.00;0.00;0;0;0
1;7;0.00;0.00;0;0;0
1;8;0.00;0.00;0;0;0
1;8;0.00;0.00;0;0;0
1;9;-0.02;0.00;-1;0;0
1;8;-0.01;-0.02;0;1;0
1;11;0.00;0.00;0;0;0
1;6;0.00;0.00;0;0;0
1;8;0.00;0.00;0;0;0
1;8;0.00;0.00;0;0;0
1;12;-0.02;0.00;-1;0;0
1;5;0.00;0.00;0;0;0
1;7;-0.01;-0.02;0;1;0
1;10;0.00;0.00;0;0;0
1;8;0.00;0.00;0;0;0
1;9;0.00;0.00;0;0;0
1;7;-0.02;0.00;-1;0;0
1;7;0.00;0.00;0;0;0
1;8;0.00;0.00;0;0;0
1;12;-0.01;-0.02;0;1;0
1;9;0.00;0.00;0;0;0
1;8;-0.02;0.00;-1;0;0
1;8;0.00;0.00;0;0;0
1;8;0.00;0.00;0;0;0
1;15;-0.01;-0.02;0;1;0
1;14;0.00;0.00;0;0;0
1;7;0.00;0.00;0;0;0
1;10;-0.02;0.00;-1;0;0
1;18;-0.01;-0.02;0;1;0
1;7;0.00;0.00;0;0;0
1;16;0.00;0.00;0;0;0
1;30;-0.04;-0.02;-1;1;0
1;7;0.00;0.00;0;0;0
1;11;0.00;0.00;0;0;0
1;10;-0.02;0.00;-1;0;0
1;9;0.00;0.00;0;0;0
1;7;0.00;0.00;0;0;0
1;8;-0.01;-0.02;0;1;0
1;11;0.00;0.00;0;0;0
1;13;0.00;0.00;0;0;0
1;5;-0.02;0.00;-1;0;0
1;7;0.00;0.00;0;0;0
1;21;-0.01;-0.02;0;1;0
1;8;0.00;0.00;0;0;0
1;7;0.00;0.00;0;0;0
1;6;0.00;0.00;0;0;0
1;7;-0.02;0.00;-1;0;0
1;8;0.00;0.00;0;0;0
1;9;-0.01;-0.02;0;1;0
1;13;0.00;0.00;0;0;0
1;15;0.00;0.00;0;0;0
1;8;-0.02;0.00;-1;0;0
1;19;-0.01;-0.02;0;1;0
1;8;0.00;0.00;0;0;0
1;7;0.00;0.00;0;0;0
1;8;0.00;0.00;0;0;0
1;11;-0.02;0.00;-1;0;0
1;7;0.00;0.00;0;0;0
1;10;-0.01;-0.02;0;1;0
1;10;0.00;0.00;0;0;0
1;6;0.00;0.00;0;0;0
1;13;0.00;0.00;0;0;0
1;8;-0.02;0.00;-1;0;0
1;8;0.00;0.00;0;0;0
1;11;-0.01;-0.02;0;1;0
1;7;0.00;0.00;0;0;0
1;11;0.00;0.00;0;0;0
1;8;0.00;0.00;0;0;0
1;9;-0.02;0.00;-1;0;0
1;7;0.00;0.00;0;0;0
1;9;-0.01;-0.02;0;1;0
1;8;0.00;0.00;0;0;0
1;43;-0.04;-0.02;-1;1;0
1;11;0.00;0.00;0;0;0
1;10;0.00;0.00;0;0;0
1;6;0.00;0.00;0;0;0
1;8;0.00;0.00;0;0;0
1;8;-0.02;0.00;-1;0;0
1;8;0.00;0.00;0;0;0
1;8;-0.01;-0.02;0;1;0
1;8;0.00;0.00;0;0;0
1;9;0.00;0.00;0;0;0
1;8;0.00;0.00;0;0;0
1;8;-0.02;0.00;-1;0;0
1;8;0.00;0.00;0;0;0
1;8;-0.01;-0.02;0;1;0
1;10;0.00;0.00;0;0;0
1;9;0.00;0.00;0;0;0
1;7;-0.01;-0.02;0;1;0
1;7;0.00;0.00;0;0;0
1;8;-0.04;-0.02;-1;1;0
1;13;0.00;0.00;0;0;0
1;5;-0.01;-0.02;0;1;0
1;7;0.00;0.00;0;0;0
1;8;-0.01;-0.02;0;1;0
1;8;0.00;0.00;0;0;0
1;8;-0.01;-0.02;0;1;0
1;9;0.00;0.00;0;0;0
1;11;-0.04;-0.02;-1;1;0
1;8;-0.01;-0.02;0;1;0
1;6;0.00;0.00;0;0;0
1;7;-0.01;-0.02;0;1;0
1;9;0.00;0.00;0;0;0
1;8;-0.02;0.00;-1;0;0
1;8;-0.01;-0.02;0;1;0
1;8;0.00;0.00;0;0;0
1;9;-0.01;-0.02;0;1;0
1;8;-0.02;0.00;-1;0;0
1;10;0.00;0.00;0;0;0
1;7;0.00;0.00;0;0;0
1;17;-0.04;-0.02;-1;1;0
1;9;0.00;0.00;0;0;0
1;7;0.00;0.00;0;0;0
1;15;0.00;0.00;0;0;0
1;11;0.00;0.00;0;0;0
1;9;-0.04;-0.02;-1;1;0
1;13;0.00;0.00;0;0;0
1;7;0.00;0.00;0;0;0
1;8;0.00;0.00;0;0;0
1;14;0.00;0.00;0;0;0
1;7;-0.02;0.00;-1;0;0
1;12;0.00;0.00;0;0;0
1;10;-0.01;-0.02;0;1;0
1;21;0.00;0.00;0;0;0
1;8;0.00;0.00;0;0;0
1;7;-0.02;0.00;-1;0;0
1;7;0.00;0.00;0;0;0
1;9;-0.01;-0.02;0;1;0
1;8;0.00;0.00;0;0;0
1;9;0.00;0.00;0;0;0
1;7;0.00;0.00;0;0;0
1;9;0.00;0.00;0;0;0
1;7;-0.02;0.00;-1;0;0
1;12;-0.01;-0.02;0;1;0
1;12;0.00;0.00;0;0;0
1;6;0.00;0.00;0;0;0
1;7;0.00;0.00;0;0;0
1;8;0.00;0.00;0;0;0
1;9;-0.02;0.00;-1;0;0
1;8;-0.01;-0.02;0;1;0
1;8;0.00;0.00;0;0;0
1;8;0.00;0.00;0;0;0
1;8;0.00;0.00;0;0;0
1;9;0.00;0.00;0;0;0
1;8;-0.02;0.00;-1;0;0
1;8;0.00;0.00;0;0;0
1;8;0.00;0.00;0;0;0
1;8;-0.01;-0.02;0;1;0
1;9;0.00;0.00;0;0;0
1;9;0.00;0.00;0;0;0
1;7;0.00;0.00;0;0;0
1;9;-0.02;0.00;-1;0;0
1;7;0.00;0.00;0;0;0
1;11;-0.01;-0.02;0;1;0
1;7;0.00;0.00;0;0;0
1;8;0.00;0.00;0;0;0
1;7;0.00;0.00;0;0;0
1;10;-0.02;0.00;-1;0;0
1;6;0.00;0.00;0;0;0
1;11;-0.01;-0.02;0;1;0
1;8;0.00;0.00;0;0;0
1;11;0.00;0.00;0;0;0
1;8;0.00;0.00;0;0;0
1;8;-0.02;0.00;-1;0;0
1;12;0.00;0.00;0;0;0
1;5;0.00;0.00;0;0;0
1;7;-0.01;-0.02;0;1;0
1;8;0.00;0.00;0;0;0
1;12;0.00;0.00;0;0;0
1;6;0.00;0.00;0;0;0
1;8;-0.02;0.00;-1;0;0
1;8;0.00;0.00;0;0;0
1;8;0.00;0.00;0;0;0
1;7;-0.01;-0.02;0;1;0
1;10;0.00;0.00;0;0;0
1;7;0.00;0.00;0;0;0
1;8;-0.02;0.00;-1;0;0
1;8;0.00;0.00;0;0;0
1;8;0.00;0.00;0;0;0
1;9;0.00;0.00;0;0;0
1;8;-0.01;-0.02;0;1;0
1;8;0.00;0.00;0;0;0
1;8;0.00;0.00;0;0;0
1;8;-0.02;0.00;-1;0;0
1;9;0.00;0.00;0;0;0
1;8;0.00;0.00;0;0;0
1;8;-0.01;-0.02;0;1;0
1;8;0.00;0.00;0;0;0
1;8;0.00;0.00;0;0;0
1;9;-0.02;0.00;-1;0;0
1;8;0.00;0.00;0;0;0
1;9;0.00;0.00;0;0;0
1;7;0.00;0.00;0;0;0
1;8;-0.01;-0.02;0;1;0
1;8;0.00;0.00;0;0;0
1;9;0.00;0.00;0;0;0
1;8;-0.02;0.00;-1;0;0
1;8;0.00;0.00;0;0;0
1;8;0.00;0.00;0;0;0
1;8;0.00;0.00;0;0;0
1;9;-0.01;-0.02;0;1;0
1;8;0.00;0.00;0;0;0
1;8;0.00;0.00;0;0;0
1;8;-0.02;0.00;-1;0;0
1;8;0.00;0.00;0;0;0
1;9;0.00;0.00;0;0;0
1;8;0.00;0.00;0;0;0
1;8;-0.01;-0.02;0;1;0
1;8;0.00;0.00;0;0;0
1;8;-0.02;0.00;-1;0;0
1;9;0.00;0.00;0;0;0
1;8;0.00;0.00;0;0;0
1;9;0.00;0.00;0;0;0
1;11;-0.01;-0.02;0;1;0
1;4;0.00;0.00;0;0;0
1;9;-0.02;0.00;-1;0;0
1;8;0.00;0.00;0;0;0
1;8;0.00;0.00;0;0;0
1;8;0.00;0.00;0;0;0
1;8;0.00;0.00;0;0;0
1;8;-0.01;-0.02;0;1;0
1;9;0.00;0.00;0;0;0
1;8;-0.02;0.00;-1;0;0
1;8;0.00;0.00;0;0;0
1;8;0.00;0.00;0;0;0
1;8;0.00;0.00;0;0;0
1;9;0.00;0.00;0;0;0
1;8;-0.01;-0.02;0;1;0
1;8;0.00;0.00;0;0;0
1;8;-0.02;0.00;-1;0;0
1;8;0.00;0.00;0;0;0
1;9;0.00;0.00;0;0;0
1;8;0.00;0.00;0;0;0
1;8;0.00;0.00;0;0;0
1;8;-0.01;-0.02;0;1;0
1;8;0.00;0.00;0;0;0
1;9;-0.02;0.00;-1;0;0
1;8;0.00;0.00;0;0;0
1;8;0.00;0.00;0;0;0
1;10;0.00;0.00;0;0;0
1;7;0.00;0.00;0;0;0
1;8;0.00;0.00;0;0;0
1;8;-0.01;-0.02;0;1;0
1;8;-0.02;0.00;-1;0;0
1;8;0.00;0.00;0;0;0
1;8;0.00;0.00;0;0;0
1;10;0.00;0.00;0;0;0
1;7;0.00;0.00;0;0;0
1;8;0.00;0.00;0;0;0
1;8;-0.04;-0.02;-1;1;0
1;10;0.00;0.00;0;0;0
1;12;0.00;0.00;0;0;0
1;7;0.00;0.00;0;0;0
1;8;0.00;0.00;0;0;0
1;12;0.00;0.00;0;0;0
1;8;-0.04;-0.02;-1;1;0
1;9;0.00;0.00;0;0;0
1;12;0.00;0.00;0;0;0
1;8;0.00;0.00;0;0;0
1;8;0.00;0.00;0;0;0
1;9;0.00;0.00;0;0;0
1;10;-0.02;0.00;-1;0;0
1;7;-0.01;-0.02;0;1;0
1;10;0.00;0.00;0;0;0
1;8;0.00;0.00;0;0;0
1;12;0.00;0.00;0;0;0
1;6;0.00;0.00;0;0;0
1;11;-0.02;0.00;-1;0;0
1;11;-0.01;-0.02;0;1;0
1;9;0.00;0.00;0;0;0
1;10;0.00;0.00;0;0;0
1;8;0.00;0.00;0;0;0
1;8;0.00;0.00;0;0;0
1;10;0.00;0.00;0;0;0
1;6;-0.02;0.00;-1;0;0
1;9;-0.01;-0.02;0;1;0
1;8;0.00;0.00;0;0;0
1;9;0.00;0.00;0;0;0
1;7;0.00;0.00;0;0;0
1;8;0.00;0.00;0;0;0
1;18;-0.02;0.00;-1;0;0
1;8;0.00;0.00;0;0;0
1;7;-0.01;-0.02;0;1;0
1;12;0.00;0.00;0;0;0
1;9;0.00;0.00;0;0;0
1;8;0.00;0.00;0;0;0
1;8;0.00;0.00;0;0;0
1;9;-0.02;0.00;-1;0;0
1;8;-0.01;-0.02;0;1;0
1;8;0.00;0.00;0;0;0
1;8;0.00;0.00;0;0;0
1;17;0.00;0.00;0;0;0
1;20;-0.02;0.00;-1;0;0
1;12;0.00;0.00;0;0;0
1;5;-0.01;-0.02;0;1;0
1;7;0.00;0.00;0;0;0
1;8;0.00;0.00;0;0;0
1;9;0.00;0.00;0;0;0
1;8;-0.02;0.00;-1;0;0
1;8;0.00;0.00;0;0;0
1;10;-0.01;-0.02;0;1;0
1;5;0.00;0.00;0;0;0
1;9;0.00;0.00;0;0;0
1;8;0.00;0.00;0;0;0
1;8;0.00;0.00;0;0;0
1;8;0.00;0.00;0;0;0
1;8;-0.02;0.00;-1;0;0
1;9;0.00;0.00;0;0;0
1;9;-0.01;-0.02;0;1;0
1;7;0.00;0.00;0;0;0
1;8;0.00;0.00;0;0;0
1;8;0.00;0.00;0;0;0
1;8;0.00;0.00;0;0;0
1;9;-0.02;0.00;-1;0;0
1;8;0.00;0.00;0;0;0
1;8;-0.01;-0.02;0;1;0
1;8;0.00;0.00;0;0;0
1;8;0.00;0.00;0;0;0
1;9;0.00;0.00;0;0;0
1;8;0.00;0.00;0;0;0
1;8;0.00;0.00;0;0;0
1;8;-0.02;0.00;-1;0;0
1;8;-0.01;-0.02;0;1;0
1;9;0.00;0.00;0;0;0
1;8;0.00;0.00;0;0;0
1;15;0.00;0.00;0;0;0
1;7;0.00;0.00;0;0;0
1;6;0.00;0.00;0;0;0
1;8;-0.04;-0.02;-1;1;0
1;11;0.00;0.00;0;0;0
1;7;0.00;0.00;0;0;0
1;6;0.00;0.00;0;0;0
1;10;0.00;0.00;0;0;0
1;8;0.00;0.00;0;0;0
1;9;-0.01;-0.02;0;1;0
1;9;-0.02;0.00;-1;0;0
1;9;0.00;0.00;0;0;0
1;8;0.00;0.00;0;0;0
1;9;0.00;0.00;0;0;0
1;8;0.00;0.00;0;0;0
1;10;-0.01;-0.02;0;1;0
1;7;0.00;0.00;0;0;0
1;7;-0.02;0.00;-1;0;0
1;9;0.00;0.00;0;0;0
1;12;0.00;0.00;0;0;0
1;9;0.00;0.00;0;0;0
1;7;-0.01;-0.02;0;1;0
1;10;0.00;0.00;0;0;0
1;7;0.00;0.00;0;0;0
1;8;-0.02;0.00;-1;0;0
1;8;0.00;0.00;0;0;0
1;12;0.00;0.00;0;0;0
1;7;0.00;0.00;0;0;0
1;8;-0.01;-0.02;0;1;0
1;6;0.00;0.00;0;0;0
1;12;-0.02;0.00;-1;0;0
1;5;0.00;0.00;0;0;0
1;8;0.00;0.00;0;0;0
1;8;0.00;0.00;0;0;0
1;12;-0.01;-0.02;0;1;0
1;8;0.00;0.00;0;0;0
1;8;0.00;0.00;0;0;0
1;8;-0.02;0.00;-1;0;0
1;9;0.00;0.00;0;0;0
1;15;-0.01;-0.02;0;1;0
1;5;0.00;0.00;0;0;0
1;11;0.00;0.00;0;0;0
1;7;0.00;0.00;0;0;0
1;11;0.00;0.00;0;0;0
1;8;0.00;0.00;0;0;0
1;8;0.00;0.00;0;0;0
1;18;-0.01;-0.02;0;1;0
1;7;0.00;0.00;0;0;0
1;8;0.00;0.00;0;0;0
1;12;0.00;0.00;0;0;0
1;11;0.00;0.00;0;0;0
1;7;-0.01;-0.02;0;1;0
1;10;0.00;0.00;0;0;0
1;6;0.00;0.00;0;0;0
1;7;0.00;0.00;0;0;0
1;8;0.00;0.00;0;0;0
1;18;0.00;0.00;0;0;0
1;7;-0.01;-0.02;0;1;0
1;8;0.00;0.00;0;0;0
1;16;0.00;0.00;0;0;0
1;14;0.00;0.00;0;0;0
1;23;-0.01;-0.02;0;1;0
1;9;0.00;0.00;0;0;0
1;9;-0.02;0.00;-1;0;0
1;7;0.00;0.00;0;0;0
1;8;0.00;0.00;0;0;0
1;8;0.00;0.00;0;0;0
1;9;-0.01;-0.02;0;1;0
1;8;0.00;0.00;0;0;0
1;8;0.00;0.00;0;0;0
1;8;0.00;0.00;0;0;0
1;9;0.00;0.00;0;0;0
1;8;-0.02;0.00;-1;0;0
1;8;0.00;0.00;0;0;0
1;8;0.00;0.00;0;0;0
1;8;-0.01;-0.02;0;1;0
1;8;0.00;0.00;0;0;0
1;9;0.00;0.00;0;0;0
1;8;-0.02;0.00;-1;0;0
1;8;0.00;0.00;0;0;0
1;8;0.00;0.00;0;0;0
1;8;0.00;0.00;0;0;0
1;8;-0.01;-0.02;0;1;0
1;9;0.00;0.00;0;0;0
1;8;0.00;0.00;0;0;0
1;8;-0.02;0.00;-1;0;0
1;8;0.00;0.00;0;0;0
1;8;-0.01;-0.02;0;1;0
1;9;0.00;0.00;0;0;0
1;8;0.00;0.00;0;0;0
1;8;0.00;0.00;0;0;0
1;8;0.00;0.00;0;0;0
1;8;-0.02;0.00;-1;0;0
1;9;-0.01;-0.02;0;1;0
1;8;0.00;0.00;0;0;0
1;8;0.00;0.00;0;0;0
1;8;0.00;0.00;0;0;0
1;8;0.00;0.00;0;0;0
1;15;-0.04;-0.02;-1;1;0
1;6;0.00;0.00;0;0;0
1;11;0.00;0.00;0;0;0
1;6;0.00;0.00;0;0;0
1;7;0.00;0.00;0;0;0
1;9;0.00;0.00;0;0;0
1;10;0.00;0.00;0;0;0
1;6;-0.02;0.00;-1;0;0
1;8;0.00;0.00;0;0;0
1;8;0.00;0.00;0;0;0
1;9;0.00;0.00;0;0;0
1;8;0.00;0.00;0;0;0
1;8;0.00;0.00;0;0;0
1;9;-0.02;0.00;-1;0;0
1;13;0.00;0.00;0;0;0
1;12;0.00;0.00;0;0;0
1;7;0.00;0.00;0;0;0
1;8;0.00;0.00;0;0;0
1;8;0.00;0.00;0;0;0
1;8;0.00;0.00;0;0;0
1;9;0.00;0.00;0;0;0
1;8;0.00;0.00;0;0;0
1;8;0.00;0.00;0;0;0
1;8;0.00;0.00;0;0;0
1;8;0.00;0.00;0;0;0
1;9;0.00;0.00;0;0;0
1;8;0.00;0.00;0;0;0
1;8;-0.02;0.00;-1;0;0
1;8;0.00;0.00;0;0;0
1;8;0.00;0.00;0;0;0
1;9;0.00;0.00;0;0;0
1;8;0.00;0.00;0;0;0
1;8;0.00;0.00;0;0;0
1;8;-0.02;0.00;-1;0;0
1;8;0.00;0.00;0;0;0
1;19;0.00;0.00;0;0;0
1;7;0.00;0.00;0;0;0
1;7;0.00;0.00;0;0;0
1;9;-0.02;0.00;-1;0;0
1;8;0.00;0.00;0;0;0
1;8;0.00;0.00;0;0;0
1;8;0.00;0.00;0;0;0
1;8;0.00;0.00;0;0;0
1;8;0.00;0.00;0;0;0
1;8;0.00;0.00;0;0;0
1;11;-0.02;0.00;-1;0;0
1;7;0.00;0.00;0;0;0
1;7;0.00;0.00;0;0;0
1;8;0.00;0.00;0;0;0
1;8;0.00;0.00;0;0;0
1;9;0.00;0.00;0;0;0
1;8;0.00;0.00;0;0;0
1;8;-0.02;0.00;-1;0;0
1;12;0.00;0.00;0;0;0
1;8;0.00;0.00;0;0;0
1;9;0.00;0.00;0;0;0
1;12;0.00;0.00;0;0;0
1;8;0.00;0.00;0;0;0
1;8;-0.02;0.00;-1;0;0
1;9;0.00;0.00;0;0;0
1;11;0.00;0.00;0;0;0
1;6;0.00;0.00;0;0;0
1;7;0.00;0.00;0;0;0
1;8;0.00;0.00;0;0;0
1;12;-0.02;0.00;-1;0;0
1;5;0.00;0.00;0;0;0
1;8;0.00;0.00;0;0;0
1;8;0.00;0.00;0;0;0
1;8;0.00;0.00;0;0;0
1;8;0.00;0.00;0;0;0
1;9;-0.02;0.00;-1;0;0
1;8;0.00;0.00;0;0;0
1;8;0.00;0.00;0;0;0
1;8;0.00;0.00;0;0;0
1;8;0.00;0.00;0;0;0
1;9;0.00;0.00;0;0;0
1;8;-0.02;0.00;-1;0;0
1;10;0.00;0.00;0;0;0
1;7;0.00;0.00;0;0;0
1;7;0.00;0.00;0;0;0
1;9;0.00;0.00;0;0;0
1;8;0.00;0.00;0;0;0
1;8;0.00;0.00;0;0;0
1;8;-0.02;0.00;-1;0;0
1;8;0.00;0.00;0;0;0
1;9;0.00;0.00;0;0;0
1;8;0.00;0.00;0;0;0
1;8;0.00;0.00;0;0;0
1;8;0.00;0.00;0;0;0
1;8;0.00;0.00;0;0;0
1;12;-0.02;0.00;-1;0;0
1;5;0.00;0.00;0;0;0
1;11;0.00;0.00;0;0;0
1;9;0.00;0.00;0;0;0
1;8;0.00;0.00;0;0;0
1;9;0.00;0.00;0;0;0
1;11;-0.02;0.00;-1;0;0
1;5;0.00;0.00;0;0;0
1;8;0.00;0.00;0;0;0
1;8;0.00;0.00;0;0;0
1;11;0.00;0.00;0;0;0
1;6;-0.02;0.00;-1;0;0
1;8;0.00;0.00;0;0;0
1;10;0.00;0.00;0;0;0
1;10;0.00;0.00;0;0;0
1;10;0.00;0.00;0;0;0
1;7;0.00;0.00;0;0;0
1;8;-0.02;0.00;-1;0;0
1;9;0.00;0.00;0;0;0
1;7;0.00;0.00;0;0;0
1;9;0.00;0.00;0;0;0
1;8;0.00;0.00;0;0;0
1;8;0.00;0.00;0;0;0
1;8;-0.02;0.00;-1;0;0
1;8;0.00;0.00;0;0;0
1;13;0.00;0.00;0;0;0
1;8;0.00;0.00;0;0;0
1;8;0.00;0.00;0;0;0
1;8;0.00;0.00;0;0;0
1;9;-0.02;0.00;-1;0;0
1;8;0.00;0.00;0;0;0
1;11;0.00;0.00;0;0;0
1;5;0.00;0.00;0;0;0
1;8;0.00;0.00;0;0;0
1;8;0.00;0.00;0;0;0
1;12;-0.02;0.00;-1;0;0
1;5;0.00;0.00;0;0;0
1;8;0.00;0.00;0;0;0
1;8;0.00;0.00;0;0;0
1;11;0.00;0.00;0;0;0
1;5;0.00;0.00;0;0;0
1;9;-0.02;0.00;-1;0;0
1;8;0.00;0.00;0;0;0
1;8;0.00;0.00;0;0;0
1;8;0.00;0.00;0;0;0
1;9;0.00;0.00;0;0;0
1;11;-0.02;0.00;-1;0;0
1;5;0.00;0.00;0;0;0
1;8;0.00;0.00;0;0;0
1;8;0.00;0.00;0;0;0
1;8;0.00;0.00;0;0;0
1;9;0.00;0.00;0;0;0
1;8;0.00;0.00;0;0;0
1;8;-0.02;0.00;-1;0;0
1;11;0.00;0.00;0;0;0
1;6;0.00;0.00;0;0;0
1;8;0.00;0.00;0;0;0
1;8;0.00;0.00;0;0;0
1;11;-0.02;0.00;-1;0;0
1;5;0.00;0.00;0;0;0
1;8;0.00;0.00;0;0;0
1;8;0.00;0.00;0;0;0
1;11;0.00;0.00;0;0;0
1;6;0.00;0.00;0;0;0
1;8;0.00;0.00;0;0;0
1;11;-0.02;0.00;-1;0;0
1;9;0.00;0.00;0;0;0
1;5;0.00;0.00;0;0;0
1;8;0.00;0.00;0;0;0
1;8;0.00;0.00;0;0;0
1;12;-0.02;0.00;-1;0;0
1;9;0.00;0.00;0;0;0
1;8;0.00;0.00;0;0;0
1;12;0.00;0.00;0;0;0
1;8;0.00;0.00;0;0;0
1;8;0.00;0.00;0;0;0
1;9;-0.02;0.00;-1;0;0
1;15;0.00;0.00;0;0;0
1;5;0.00;0.00;0;0;0
1;8;0.00;0.00;0;0;0
1;8;0.00;0.00;0;0;0
1;9;0.00;0.00;0;0;0
1;10;-0.02;0.00;-1;0;0
1;6;0.00;0.00;0;0;0
1;8;0.00;0.00;0;0;0
1;8;0.00;0.00;0;0;0
1;12;0.00;0.00;0;0;0
1;5;0.00;0.00;0;0;0
1;8;-0.02;0.00;-1;0;0
1;8;0.00;0.00;0;0;0
1;8;0.00;0.00;0;0;0
1;9;0.00;0.00;0;0;0
1;8;0.00;0.00;0;0;0
1;8;0.00;0.00;0;0;0
1;12;-0.02;0.00;-1;0;0
1;8;0.00;0.00;0;0;0
1;9;0.00;0.00;0;0;0
1;9;0.00;0.00;0;0;0
1;7;0.00;0.00;0;0;0
1;8;0.00;0.00;0;0;0
1;8;-0.04;0.02;-1;0;1
1;11;0.00;0.00;0;0;0
1;9;0.00;0.00;0;0;0
1;7;0.00;0.00;0;0;0
1;6;-0.01;-0.02;0;1;0
1;8;0.00;0.00;0;0;0
1;9;0.00;0.00;0;0;0
1;8;-0.04;0.02;-1;0;1
1;8;0.00;0.00;0;0;0
1;9;0.00;0.00;0;0;0
1;7;0.00;0.00;0;0;0
1;8;0.00;0.00;0;0;0
1;9;0.00;0.00;0;0;0
1;10;-0.02;0.00;-1;0;0
1;7;0.00;0.00;0;0;0
1;7;0.00;0.00;0;0;0
1;8;0.00;0.00;0;0;0
1;10;-0.01;0.02;0;0;1
1;7;0.00;0.00;0;0;0
1;8;0.00;0.00;0;0;0
1;8;-0.02;0.00;-1;0;0
1;8;0.00;0.00;0;0;0
1;9;0.00;0.00;0;0;0
1;8;0.00;0.00;0;0;0
1;8;0.00;0.00;0;0;0
1;8;-0.01;0.02;0;0;1
1;8;-0.02;0.00;-1;0;0
1;9;0.00;0.00;0;0;0
1;8;0.00;0.00;0;0;0
1;8;0.00;0.00;0;0;0
1;8;0.00;0.00;0;0;0
1;12;0.00;0.00;0;0;0
1;10;-0.04;0.02;-1;0;1
1;7;0.00;0.00;0;0;0
1;8;0.00;0.00;0;0;0
1;8;0.00;0.00;0;0;0
1;8;0.00;0.00;0;0;0
1;9;0.00;0.00;0;0;0
1;8;0.00;0.00;0;0;0
1;8;-0.02;0.00;-1;0;0
1;8;-0.01;0.02;0;0;1
1;8;0.00;0.00;0;0;0
1;9;0.00;0.00;0;0;0
1;8;0.00;0.00;0;0;0
1;8;0.00;0.00;0;0;0
1;8;-0.02;0.00;-1;0;0
1;8;0.00;0.00;0;0;0
1;8;0.00;0.00;0;0;0
1;9;-0.01;0.02;0;0;1
1;8;0.00;0.00;0;0;0
1;10;0.00;0.00;0;0;0
1;6;0.00;0.00;0;0;0
1;8;-0.02;0.00;-1;0;0
1;9;0.00;0.00;0;0;0
1;8;0.00;0.00;0;0;0
1;8;0.00;0.00;0;0;0
1;8;0.00;0.00;0;0;0
1;8;-0.01;0.02;0;0;1
1;9;-0.02;0.00;-1;0;0
1;8;0.00;0.00;0;0;0
1;8;0.00;0.00;0;0;0
1;8;0.00;0.00;0;0;0
1;8;0.00;0.00;0;0;0
1;9;0.00;0.00;0;0;0
1;8;0.00;0.00;0;0;0
1;8;-0.04;0.02;-1;0;1
1;8;0.00;0.00;0;0;0
1;8;0.00;0.00;0;0;0
1;9;0.00;0.00;0;0;0
1;8;0.00;0.00;0;0;0
1;8;0.00;0.00;0;0;0
1;8;-0.02;0.00;-1;0;0
1;8;-0.01;0.02;0;0;1
1;18;0.00;0.00;0;0;0
1;7;0.00;0.00;0;0;0
1;8;0.00;0.00;0;0;0
1;8;0.00;0.00;0;0;0
1;8;-0.04;0.02;-1;0;1
1;9;0.00;0.00;0;0;0
1;8;0.00;0.00;0;0;0
1;8;0.00;0.00;0;0;0
1;8;0.00;0.00;0;0;0
1;12;0.00;0.00;0;0;0
1;9;-0.02;0.00;-1;0;0
1;8;0.00;0.00;0;0;0
1;12;-0.01;0.02;0;0;1
1;8;0.00;0.00;0;0;0
1;9;0.00;0.00;0;0;0
1;8;0.00;0.00;0;0;0
1;8;-0.02;0.00;-1;0;0
1;8;-0.01;0.02;0;0;1
1;8;0.00;0.00;0;0;0
1;12;0.00;0.00;0;0;0
1;5;0.00;0.00;0;0;0
1;10;0.00;0.00;0;0;0
1;6;-0.02;0.00;-1;0;0
1;9;-0.01;0.02;0;0;1
1;7;0.00;0.00;0;0;0
1;9;0.00;0.00;0;0;0
1;8;0.00;0.00;0;0;0
1;8;0.00;0.00;0;0;0
1;8;-0.02;0.00;0;1;1
1;8;-0.02;0.00;-1;0;0
1;9;0.00;0.00;0;0;0
1;8;0.00;0.00;0;0;0
1;8;0.00;0.00;0;0;0
1;8;0.00;0.00;0;0;0
1;8;-0.01;0.02;0;0;1
1;12;0.00;0.00;0;0;0
1;6;-0.02;0.00;-1;0;0
1;7;0.00;0.00;0;0;0
1;8;0.00;0.00;0;0;0
1;8;0.00;0.00;0;0;0
1;9;0.00;0.00;0;0;0
1;8;0.00;0.00;0;0;0
1;8;-0.01;0.02;0;0;1
1;9;-0.02;0.00;-1;0;0
1;7;0.00;0.00;0;0;0
1;8;0.00;0.00;0;0;0
1;9;0.00;0.00;0;0;0
1;8;0.00;0.00;0;0;0
1;8;0.00;0.00;0;0;0
1;8;-0.01;0.02;0;0;1
1;8;-0.02;0.00;-1;0;0
1;9;0.00;0.00;0;0;0
1;8;0.00;0.00;0;0;0
1;8;0.00;0.00;0;0;0
1;8;0.00;0.00;0;0;0
1;8;-0.01;0.02;0;0;1
1;9;0.00;0.00;0;0;0
1;8;-0.02;0.00;-1;0;0
1;8;0.00;0.00;0;0;0
1;8;0.00;0.00;0;0;0
1;13;0.00;0.00;0;0;0
1;8;-0.01;0.02;0;0;1
1;8;0.00;0.00;0;0;0
1;8;0.00;0.00;0;0;0
1;10;-0.02;0.00;-1;0;0
1;6;0.00;0.00;0;0;0
1;9;0.00;0.00;0;0;0
1;8;0.00;0.00;0;0;0
1;8;-0.01;0.02;0;0;1
1;8;0.00;0.00;0;0;0
1;8;0.00;0.00;0;0;0
1;9;-0.02;0.00;-1;0;0
1;15;0.00;0.00;0;0;0
1;6;0.00;0.00;0;0;0
1;7;-0.01;0.02;0;0;1
1;15;0.00;0.00;0;0;0
1;6;0.00;0.00;0;0;0
1;8;-0.02;0.00;-1;0;0
1;11;0.00;0.00;0;0;0
1;5;-0.01;0.02;0;0;1
1;9;0.00;0.00;0;0;0
1;8;0.00;0.00;0;0;0
1;11;0.00;0.00;0;0;0
1;5;0.00;0.00;0;0;0
1;8;-0.02;0.00;-1;0;0
1;8;-0.01;0.02;0;0;1
1;12;0.00;0.00;0;0;0
1;5;0.00;0.00;0;0;0
1;8;0.00;0.00;0;0;0
1;8;0.00;0.00;0;0;0
1;11;0.00;0.00;0;0;0
1;6;-0.02;0.00;-1;0;0
1;8;-0.01;0.02;0;0;1
1;8;0.00;0.00;0;0;0
1;11;0.00;0.00;0;0;0
1;5;0.00;0.00;0;0;0
1;9;0.00;0.00;0;0;0
1;8;0.00;0.00;0;0;0
1;8;0.00;0.00;0;0;0
1;8;-0.04;0.02;-1;0;1
1;14;0.00;0.00;0;0;0
1;7;0.00;0.00;0;0;0
1;8;0.00;0.00;0;0;0
1;10;0.00;0.00;0;0;0
1;6;0.00;0.00;0;0;0
1;8;-0.01;0.02;0;0;1
1;9;-0.02;0.00;-1;0;0
1;10;0.00;0.00;0;0;0
1;6;0.00;0.00;0;0;0
1;8;0.00;0.00;0;0;0
1;8;0.00;0.00;0;0;0
1;10;-0.01;0.02;0;0;1
1;12;0.00;0.00;0;0;0
1;8;-0.02;0.00;-1;0;0
1;10;0.00;0.00;0;0;0
1;5;0.00;0.00;0;0;0
1;9;0.00;0.00;0;0;0
1;8;-0.01;0.02;0;0;1
1;11;0.00;0.00;0;0;0
1;5;0.00;0.00;0;0;0
1;8;-0.02;0.00;-1;0;0
1;9;0.00;0.00;0;0;0
1;8;0.00;0.00;0;0;0
1;8;-0.01;0.02;0;0;1
1;8;0.00;0.00;0;0;0
1;11;0.00;0.00;0;0;0
1;8;0.00;0.00;0;0;0
1;6;0.00;0.00;0;0;0
1;8;-0.02;0.00;-1;0;0
1;8;-0.01;0.02;0;0;1
1;10;0.00;0.00;0;0;0
1;6;0.00;0.00;0;0;0
1;9;0.00;0.00;0;0;0
1;8;0.00;0.00;0;0;0
1;9;0.00;0.00;0;0;0
1;7;-0.01;0.02;0;0;1
1;8;0.00;0.00;0;0;0
1;9;-0.02;0.00;-1;0;0
1;17;0.00;0.00;0;0;0
1;7;0.00;0.00;0;0;0
1;8;-0.01;0.02;0;0;1
1;19;0.00;0.00;0;0;0
1;6;0.00;0.00;0;0;0
1;8;-0.02;0.00;-1;0;0
1;8;0.00;0.00;0;0;0
1;9;0.00;0.00;0;0;0
1;8;-0.01;0.02;0;0;1
1;8;0.00;0.00;0;0;0
1;8;0.00;0.00;0;0;0
1;8;0.00;0.00;0;0;0
1;14;-0.02;0.00;-1;0;0
1;7;-0.01;0.02;0;0;1
1;8;0.00;0.00;0;0;0
1;10;0.00;0.00;0;0;0
1;6;0.00;0.00;0;0;0
1;9;0.00;0.00;0;0;0
1;8;0.00;0.00;0;0;0
1;10;-0.04;0.02;-1;0;1
1;6;0.00;0.00;0;0;0
1;8;0.00;0.00;0;0;0
1;9;0.00;0.00;0;0;0
1;9;0.00;0.00;0;0;0
1;12;0.00;0.00;0;0;0
1;7;-0.01;0.02;0;0;1
1;8;-0.02;0.00;-1;0;0
1;9;0.00;0.00;0;0;0
1;8;0.00;0.00;0;0;0
1;8;0.00;0.00;0;0;0
1;10;0.00;0.00;0;0;0
1;6;-0.01;0.02;0;0;1
1;9;0.00;0.00;0;0;0
1;8;0.00;0.00;0;0;0
1;10;-0.02;0.00;-1;0;0
1;6;0.00;0.00;0;0;0
1;8;0.00;0.00;0;0;0
1;9;-0.01;0.02;0;0;1
1;11;0.00;0.00;0;0;0
1;5;0.00;0.00;0;0;0
1;8;0.00;0.00;0;0;0
1;8;-0.02;0.00;-1;0;0
1;8;0.00;0.00;0;0;0
1;9;-0.01;0.02;0;0;1
1;8;0.00;0.00;0;0;0
1;8;0.00;0.00;0;0;0
1;13;0.00;0.00;0;0;0
1;8;-0.02;0.00;-1;0;0
1;8;0.00;0.00;0;0;0
1;11;-0.01;0.02;0;0;1
1;8;0.00;0.00;0;0;0
1;5;0.00;0.00;0;0;0
1;8;0.00;0.00;0;0;0
1;9;-0.02;0.00;-1;0;0
1;8;0.00;0.00;0;0;0
1;8;-0.01;0.02;0;0;1
1;8;0.00;0.00;0;0;0
1;8;0.00;0.00;0;0;0
1;9;0.00;0.00;0;0;0
1;8;0.00;0.00;0;0;0
1;8;-0.02;0.00;-1;0;0
1;8;-0.01;0.02;0;0;1
1;8;0.00;0.00;0;0;0
1;16;0.00;0.00;0;0;0
1;5;0.00;0.00;0;0;0
1;8;0.00;0.00;0;0;0
1;9;-0.04;0.02;-1;0;1
1;7;0.00;0.00;0;0;0
1;9;0.00;0.00;0;0;0
1;8;0.00;0.00;0;0;0
1;11;0.00;0.00;0;0;0
1;9;0.00;0.00;0;0;0
1;9;-0.04;0.02;-1;0;1
1;11;0.00;0.00;0;0;0
1;7;0.00;0.00;0;0;0
1;6;0.00;0.00;0;0;0
1;8;0.00;0.00;0;0;0
1;8;0.00;0.00;0;0;0
1;9;0.00;0.00;0;0;0
1;8;-0.01;0.02;0;0;1
1;8;0.00;0.00;0;0;0
1;11;0.00;0.00;0;0;0
1;5;0.00;0.00;0;0;0
1;9;0.00;0.00;0;0;0
1;8;0.00;0.00;0;0;0
1;11;-0.01;0.02;0;0;1
1;5;0.00;0.00;0;0;0
1;8;0.00;0.00;0;0;0
1;9;0.00;0.00;0;0;0
1;10;0.00;0.00;0;0;0
1;6;0.00;0.00;0;0;0
1;8;0.00;0.00;0;0;0
1;8;-0.01;0.02;0;0;1
1;11;0.00;0.00;0;0;0
1;6;0.00;0.00;0;0;0
1;8;0.00;0.00;0;0;0
1;7;0.01;0.02;0;-1;0
1;9;0.00;0.00;0;0;0
1;9;0.00;0.00;0;0;0
1;8;-0.01;0.02;0;0;1
1;8;-0.02;0.00;-1;0;0
1;8;0.00;0.00;0;0;0
1;8;-0.01;0.02;0;0;1
1;8;0.01;0.02;0;-1;0
1;9;0.00;0.00;0;0;0
1;8;-0.01;0.02;0;0;1
1;8;0.00;0.00;0;0;0
1;10;-0.01;0.02;0;0;1
1;6;0.00;0.00;0;0;0
1;9;0.00;0.00;0;0;0
1;8;-0.01;0.02;0;0;1
1;8;0.00;0.00;0;0;0
1;8;0.00;0.04;0;-1;1
1;8;0.00;0.00;0;0;0
1;9;-0.01;0.02;0;0;1
1;8;-0.01;0.02;0;0;1
1;9;0.00;0.00;0;0;0
1;7;-0.01;0.02;0;0;1
1;8;0.00;0.00;0;0;0
1;9;0.00;0.04;0;-1;1
1;8;0.00;0.00;0;0;0
1;8;-0.01;0.02;0;0;1
1;10;0.00;0.00;0;0;0
1;7;-0.01;0.02;0;0;1
1;8;0.00;0.00;0;0;0
1;8;0.00;0.04;0;-1;1
1;7;0.00;0.00;0;0;0
1;9;0.00;0.00;0;0;0
1;8;0.00;0.00;0;0;0
1;12;0.00;0.04;0;-1;1
1;8;0.00;0.00;0;0;0
1;5;0.00;0.00;0;0;0
1;8;0.00;0.00;0;0;0
1;8;0.00;0.00;0;0;0
1;11;0.00;0.00;0;0;0
1;6;0.00;0.00;0;0;0
1;8;0.00;0.04;0;-1;1
1;8;0.00;0.00;0;0;0
1;10;0.00;0.00;0;0;0
1;6;0.00;0.00;0;0;0
1;9;0.00;0.00;0;0;0
1;8;-0.02;0.00;-1;0;0
1;13;0.01;0.02;0;-1;0
1;7;-0.01;0.02;0;0;1
1;9;0.00;0.00;0;0;0
1;13;0.00;0.00;0;0;0
1;12;0.00;0.00;0;0;0
1;8;0.00;0.00;0;0;0
1;7;0.00;0.00;0;0;0
1;10;0.01;0.02;0;-1;0
1;11;0.00;0.00;0;0;0
1;8;-0.01;0.02;0;0;1
1;7;0.00;0.00;0;0;0
1;9;0.00;0.00;0;0;0
1;15;0.00;0.00;0;0;0
1;6;0.00;0.00;0;0;0
1;8;0.01;0.02;0;-1;0
1;11;-0.01;0.02;0;0;1
1;6;0.00;0.00;0;0;0
1;8;0.00;0.00;0;0;0
1;8;0.00;0.00;0;0;0
1;8;0.00;0.00;0;0;0
1;8;0.00;0.00;0;0;0
1;8;0.01;0.02;0;-1;0
1;8;0.00;0.00;0;0;0
1;8;-0.01;0.02;0;0;1
1;9;0.00;0.00;0;0;0
1;8;0.00;0.00;0;0;0
1;8;0.00;0.00;0;0;0
1;10;0.00;0.04;0;-1;1
1;7;0.00;0.00;0;0;0
1;8;0.00;0.00;0;0;0
1;8;-0.01;0.02;0;0;1
1;7;0.00;0.00;0;0;0
1;9;0.00;0.00;0;0;0
1;9;-0.01;0.02;0;0;1
1;8;0.00;0.00;0;0;0
1;7;0.00;0.04;0;-1;1
1;8;0.00;0.00;0;0;0
1;9;-0.01;0.02;0;0;1
1;12;0.00;0.00;0;0;0
1;6;0.00;0.00;0;0;0
1;10;-0.01;0.02;0;0;1
1;5;0.01;0.02;0;-1;0
1;9;-0.01;0.02;0;0;1
1;9;0.00;0.00;0;0;0
1;7;-0.01;0.02;0;0;1
1;8;0.00;0.00;0;0;0
1;11;0.00;0.04;0;-1;1
1;5;0.00;0.00;0;0;0
1;9;0.00;0.00;0;0;0
1;7;-0.01;0.02;0;0;1
1;8;0.00;0.00;0;0;0
1;9;0.01;0.02;0;-1;0
1;7;-0.01;0.02;0;0;1
1;9;0.00;0.00;0;0;0
1;9;-0.01;0.02;0;0;1
1;8;0.00;0.00;0;0;0
1;8;0.01;0.02;0;-1;0
1;7;-0.01;0.02;0;0;1
1;9;0.00;0.00;0;0;0
1;8;-0.01;0.02;0;0;1
1;9;0.00;0.00;0;0;0
1;7;0.00;0.00;0;0;0
1;9;-0.01;0.02;0;0;1
1;8;0.00;0.00;0;0;0
1;9;-0.01;0.02;0;0;1
1;11;0.01;0.02;0;-1;0
1;5;0.00;0.00;0;0;0
1;8;-0.01;0.02;0;0;1
1;7;0.00;0.00;0;0;0
1;10;-0.01;0.02;0;0;1
1;7;0.00;0.00;0;0;0
1;9;-0.01;0.02;0;0;1
1;8;0.01;0.02;0;-1;0
1;8;0.00;0.00;0;0;0
1;8;-0.01;0.02;0;0;1
1;13;0.00;0.00;0;0;0
1;9;0.00;0.00;0;0;0
1;7;-0.01;0.02;0;0;1
1;9;0.01;0.02;0;-1;0
1;8;0.00;0.00;0;0;0
1;8;0.00;0.00;0;0;0
1;8;0.00;0.00;0;0;0
1;8;-0.01;0.02;0;0;1
1;9;0.00;0.00;0;0;0
1;8;0.00;0.00;0;0;0
1;8;0.00;0.00;0;0;0
1;7;0.01;0.02;0;-1;0
1;9;0.00;0.00;0;0;0
1;8;0.00;0.00;0;0;0
1;8;0.00;0.00;0;0;0
1;9;0.00;0.00;0;0;0
1;8;-0.01;0.02;0;0;1
1;8;0.00;0.00;0;0;0
1;7;0.00;0.00;0;0;0
1;9;0.00;0.00;0;0;0
1;9;0.00;0.00;0;0;0
1;7;0.00;0.00;0;0;0
1;8;0.00;0.00;0;0;0
1;11;-0.02;0.00;-1;0;0
1;7;0.00;0.00;0;0;0
1;8;0.00;0.00;0;0;0
1;7;-0.01;0.02;0;0;1
1;8;0.00;0.00;0;0;0
1;8;0.00;0.00;0;0;0
1;21;-0.04;0.02;-1;0;1
1;8;-0.01;0.02;0;0;1
1;5;0.00;0.00;0;0;0
1;11;-0.01;0.02;0;0;1
1;5;0.00;0.00;0;0;0
1;9;0.01;0.02;0;-1;0
1;8;-0.01;0.02;0;0;1
1;11;-0.01;0.02;0;0;1
1;5;0.00;0.00;0;0;0
1;9;-0.01;0.02;0;0;1
1;8;0.00;0.00;0;0;0
1;9;-0.04;0.02;-1;0;1
1;10;0.00;0.04;0;-1;1
1;5;0.00;0.00;0;0;0
1;8;-0.01;0.02;0;0;1
1;11;0.00;0.00;0;0;0
1;6;-0.01;0.02;0;0;1
1;8;0.00;0.00;0;0;0
1;8;-0.01;0.02;0;0;1
1;8;0.00;0.04;0;-1;1
1;8;0.00;0.00;0;0;0
1;8;-0.01;0.02;0;0;1
1;8;0.00;0.00;0;0;0
1;10;0.00;0.00;0;0;0
1;7;-0.01;0.02;0;0;1
1;8;0.01;0.02;0;-1;0
1;10;0.00;0.00;0;0;0
1;8;0.00;0.00;0;0;0
1;7;-0.01;0.02;0;0;1
1;8;0.00;0.00;0;0;0
1;8;0.00;0.00;0;0;0
1;8;0.01;0.02;0;-1;0
1;9;0.00;0.00;0;0;0
1;7;0.00;0.00;0;0;0
1;8;0.00;0.00;0;0;0
1;8;0.00;0.00;0;0;0
1;10;0.00;0.00;0;0;0
1;8;0.00;0.00;0;0;0
1;7;-0.01;0.02;0;0;1
1;11;0.01;0.02;0;-1;0
1;6;0.00;0.00;0;0;0
1;9;0.00;0.00;0;0;0
1;14;0.00;0.00;0;0;0
1;9;0.00;0.00;0;0;0
1;8;0.00;0.00;0;0;0
1;9;-0.01;0.02;0;0;1
1;8;0.01;0.02;0;-1;0
1;8;0.00;0.00;0;0;0
1;8;0.00;0.00;0;0;0
1;8;0.00;0.00;0;0;0
1;8;0.00;0.00;0;0;0
1;9;-0.01;0.02;0;0;1
1;10;0.00;0.00;0;0;0
1;7;0.01;0.02;0;-1;0
1;8;0.00;0.00;0;0;0
1;10;0.00;0.00;0;0;0
1;8;0.00;0.00;0;0;0
1;7;-0.01;0.02;0;0;1
1;8;0.00;0.00;0;0;0
1;9;0.00;0.00;0;0;0
1;7;0.00;0.00;0;0;0
1;8;0.01;0.02;0;-1;0
1;8;0.00;0.00;0;0;0
1;9;-0.01;0.02;0;0;1
1;8;0.00;0.00;0;0;0
1;8;0.00;0.00;0;0;0
1;8;0.00;0.00;0;0;0
1;9;0.00;0.00;0;0;0
1;7;0.01;0.02;0;-1;0
1;8;0.00;0.00;0;0;0
1;9;-0.01;0.02;0;0;1
1;9;0.00;0.00;0;0;0
1;8;0.00;0.00;0;0;0
1;9;0.00;0.00;0;0;0
1;7;0.00;0.00;0;0;0
1;8;0.00;0.00;0;0;0
1;8;0.01;0.02;0;-1;0
1;8;-0.01;0.02;0;0;1
1;16;0.00;0.00;0;0;0
1;5;0.00;0.00;0;0;0
1;8;0.00;0.00;0;0;0
1;8;0.00;0.00;0;0;0
1;10;-0.01;0.02;0;0;1
1;7;0.01;0.02;0;-1;0
1;8;0.00;0.00;0;0;0
1;32;-0.02;0.04;0;0;2
1;5;-0.01;0.02;0;0;1
1;11;0.00;0.00;0;0;0
1;8;0.00;0.04;0;-1;1
1;9;0.00;0.00;0;0;0
1;8;-0.01;0.02;0;0;1
1;8;-0.01;0.02;0;0;1
1;8;0.00;0.00;0;0;0
1;8;-0.01;0.02;0;0;1
1;10;0.01;0.02;0;-1;0
1;9;-0.01;0.02;0;0;1
1;7;-0.01;0.02;0;0;1
1;8;0.00;0.00;0;0;0
1;8;-0.01;0.02;0;0;1
1;8;0.00;0.00;0;0;0
1;11;-0.01;0.02;0;0;1
1;9;0.01;0.02;0;-1;0
1;5;0.00;0.00;0;0;0
1;8;-0.01;0.02;0;0;1
1;8;0.00;0.00;0;0;0
1;9;0.00;0.00;0;0;0
1;8;0.00;0.00;0;0;0
1;8;0.00;0.00;0;0;0
1;15;0.00;0.04;0;-1;1
1;9;0.00;0.00;0;0;0
1;8;0.00;0.00;0;0;0
1;9;0.00;0.00;0;0;0
1;7;0.00;0.00;0;0;0
1;8;0.00;0.00;0;0;0
1;9;0.00;0.00;0;0;0
1;9;0.00;0.00;0;0;0
1;7;0.00;0.00;0;0;0
1;8;0.01;0.02;0;-1;0
1;8;0.00;0.00;0;0;0
1;9;0.00;0.00;0;0;0
1;8;0.00;0.00;0;0;0
1;8;-0.01;0.02;0;0;1
1;8;0.00;0.00;0;0;0
1;8;0.00;0.00;0;0;0
1;9;0.00;0.00;0;0;0
1;8;0.00;0.00;0;0;0
1;8;0.00;0.00;0;0;0
1;10;0.00;0.04;0;-1;1
1;7;0.00;0.00;0;0;0
1;7;0.00;0.00;0;0;0
1;9;0.00;0.00;0;0;0
1;8;0.00;0.00;0;0;0
1;8;0.00;0.00;0;0;0
1;8;0.00;0.00;0;0;0
1;12;0.00;0.04;0;-1;1
1;7;0.00;0.00;0;0;0
1;7;0.00;0.00;0;0;0
1;7;0.00;0.00;0;0;0
1;8;0.00;0.00;0;0;0
1;9;0.00;0.00;0;0;0
1;9;0.00;0.00;0;0;0
1;9;0.01;0.02;0;-1;0
1;7;-0.01;0.02;0;0;1
1;7;0.00;0.00;0;0;0
1;12;0.00;0.00;0;0;0
1;6;0.00;0.00;0;0;0
1;7;0.00;0.00;0;0;0
1;8;0.00;0.00;0;0;0
1;8;-0.01;0.02;0;0;1
1;8;0.01;0.02;0;-1;0
1;9;0.00;0.00;0;0;0
1;8;0.00;0.00;0;0;0
1;8;0.00;0.00;0;0;0
1;8;0.00;0.00;0;0;0
1;10;0.00;0.00;0;0;0
1;8;-0.01;0.02;0;0;1
1;11;0.01;0.02;0;-1;0
1;5;0.00;0.00;0;0;0
1;7;0.00;0.00;0;0;0
1;8;0.00;0.00;0;0;0
1;12;0.00;0.00;0;0;0
1;6;0.00;0.00;0;0;0
1;8;-0.01;0.02;0;0;1
1;7;0.00;0.00;0;0;0
1;10;0.00;0.00;0;0;0
1;7;0.01;0.02;0;-1;0
1;9;0.00;0.00;0;0;0
1;11;0.00;0.00;0;0;0
1;9;-0.01;0.02;0;0;1
1;8;0.00;0.00;0;0;0
1;7;0.00;0.00;0;0;0
1;9;0.00;0.00;0;0;0
1;8;0.01;0.02;0;-1;0
1;8;0.00;0.00;0;0;0
1;8;0.00;0.00;0;0;0
1;8;-0.01;0.02;0;0;1
1;9;0.00;0.00;0;0;0
1;8;0.00;0.00;0;0;0
1;8;0.01;0.02;0;-1;0
1;11;0.00;0.00;0;0;0
1;9;0.00;0.00;0;0;0
1;9;-0.01;0.02;0;0;1
1;14;0.00;0.00;0;0;0
1;10;0.01;0.02;0;-1;0
1;8;0.00;0.00;0;0;0
1;9;0.00;0.00;0;0;0
1;8;-0.01;0.02;0;0;1
1;11;0.00;0.00;0;0;0
1;6;0.00;0.00;0;0;0
1;11;0.01;0.02;0;-1;0
1;6;0.00;0.00;0;0;0
1;8;0.00;0.00;0;0;0
1;7;0.00;0.00;0;0;0
1;8;-0.01;0.02;0;0;1
1;8;0.00;0.00;0;0;0
1;12;0.01;0.02;0;-1;0
1;6;0.00;0.00;0;0;0
1;7;0.00;0.00;0;0;0
1;8;0.00;0.00;0;0;0
1;9;0.00;0.00;0;0;0
1;9;0.00;0.00;0;0;0
1;7;-0.01;0.02;0;0;1
1;8;0.01;0.02;0;-1;0
1;9;0.00;0.00;0;0;0
1;7;0.00;0.00;0;0;0
1;11;0.00;0.00;0;0;0
1;7;0.00;0.00;0;0;0
1;7;0.00;0.00;0;0;0
1;8;0.00;0.04;0;-1;1
1;8;0.00;0.00;0;0;0
1;8;0.00;0.00;0;0;0
1;9;0.00;0.00;0;0;0
1;8;0.00;0.00;0;0;0
1;8;0.00;0.00;0;0;0
1;8;0.00;0.04;0;-1;1
1;8;0.00;0.00;0;0;0
1;9;0.00;0.00;0;0;0
1;8;0.00;0.00;0;0;0
1;8;0.00;0.00;0;0;0
1;10;0.00;0.00;0;0;0
1;7;0.00;0.00;0;0;0
1;9;-0.01;0.02;0;0;1
1;10;0.01;0.02;0;-1;0
1;6;0.00;0.00;0;0;0
1;7;0.00;0.00;0;0;0
1;8;0.00;0.00;0;0;0
1;12;0.00;0.00;0;0;0
1;6;0.00;0.00;0;0;0
1;8;-0.01;0.02;0;0;1
1;7;0.01;0.02;0;-1;0
1;9;0.00;0.00;0;0;0
1;7;0.00;0.00;0;0;0
1;9;0.00;0.00;0;0;0
1;8;0.00;0.00;0;0;0
1;8;0.00;0.00;0;0;0
1;8;0.01;0.02;0;-1;0
1;11;-0.01;0.02;0;0;1
1;7;0.00;0.00;0;0;0
1;7;0.00;0.00;0;0;0
1;8;0.00;0.00;0;0;0
1;10;0.00;0.00;0;0;0
1;7;0.01;0.02;0;-1;0
1;8;0.00;0.00;0;0;0
1;8;-0.01;0.02;0;0;1
1;9;0.00;0.00;0;0;0
1;11;0.00;0.00;0;0;0
1;5;0.00;0.00;0;0;0
1;8;0.00;0.00;0;0;0
1;8;0.00;0.00;0;0;0
1;8;0.00;0.04;0;-1;1
1;8;0.00;0.00;0;0;0
1;8;0.00;0.00;0;0;0
1;8;0.00;0.00;0;0;0
1;9;0.00;0.00;0;0;0
1;8;0.00;0.00;0;0;0
1;16;0.01;0.02;0;-1;0
1;8;0.00;0.00;0;0;0
1;9;-0.01;0.02;0;0;1
1;9;0.00;0.00;0;0;0
1;7;0.00;0.00;0;0;0
1;8;0.00;0.00;0;0;0
1;8;0.01;0.02;0;-1;0
1;12;0.00;0.00;0;0;0
1;6;0.00;0.00;0;0;0
1;7;0.00;0.00;0;0;0
1;8;-0.01;0.02;0;0;1
1;13;0.00;0.00;0;0;0
1;8;0.01;0.02;0;-1;0
1;8;0.00;0.00;0;0;0
1;8;0.00;0.00;0;0;0
1;9;0.00;0.00;0;0;0
1;7;-0.01;0.02;0;0;1
1;9;0.00;0.00;0;0;0
1;8;0.01;0.02;0;-1;0
1;8;0.00;0.00;0;0;0
1;8;0.00;0.00;0;0;0
1;8;0.00;0.00;0;0;0
1;10;-0.01;0.02;0;0;1
1;9;0.00;0.00;0;0;0
1;6;0.00;0.00;0;0;0
1;8;0.01;0.02;0;-1;0
1;8;0.00;0.00;0;0;0
1;9;0.00;0.00;0;0;0
1;9;0.00;0.00;0;0;0
1;22;0.00;0.04;0;-1;1
1;6;0.00;0.00;0;0;0
1;9;0.00;0.00;0;0;0
1;8;0.00;0.00;0;0;0
1;7;0.00;0.00;0;0;0
1;8;0.00;0.00;0;0;0
1;8;0.01;0.02;0;-1;0
1;9;-0.01;0.02;0;0;1
1;8;0.00;0.00;0;0;0
1;8;0.00;0.00;0;0;0
1;8;0.00;0.00;0;0;0
1;8;0.00;0.00;0;0;0
1;9;0.00;0.00;0;0;0
1;8;0.00;0.04;0;-1;1
1;8;0.00;0.00;0;0;0
1;8;0.00;0.00;0;0;0
1;8;0.00;0.00;0;0;0
1;12;0.00;0.00;0;0;0
1;6;0.00;0.00;0;0;0
1;8;-0.01;0.02;0;0;1
1;7;0.01;0.02;0;-1;0
1;8;0.00;0.00;0;0;0
1;8;0.00;0.00;0;0;0
1;9;0.00;0.00;0;0;0
1;8;0.00;0.00;0;0;0
1;8;-0.01;0.02;0;0;1
1;11;0.01;0.02;0;-1;0
1;8;0.00;0.00;0;0;0
1;7;0.00;0.00;0;0;0
1;10;0.00;0.00;0;0;0
1;6;0.00;0.00;0;0;0
1;7;0.01;0.02;0;-1;0
1;8;-0.01;0.02;0;0;1
1;12;0.00;0.00;0;0;0
1;6;0.00;0.00;0;0;0
1;7;0.00;0.00;0;0;0
1;8;0.00;0.00;0;0;0
1;11;0.01;0.02;0;-1;0
1;7;0.00;0.00;0;0;0
1;7;-0.01;0.02;0;0;1
1;12;0.00;0.00;0;0;0
1;12;0.00;0.00;0;0;0
1;8;0.00;0.00;0;0;0
1;9;0.00;0.00;0;0;0
1;8;0.00;0.00;0;0;0
1;8;0.00;0.04;0;-1;1
1;8;0.00;0.00;0;0;0
1;8;0.00;0.00;0;0;0
1;9;0.00;0.00;0;0;0
1;8;0.00;0.00;0;0;0
1;8;0.00;0.00;0;0;0
1;8;0.00;0.00;0;0;0
1;9;0.00;0.04;0;-1;1
1;9;0.00;0.00;0;0;0
1;8;0.00;0.00;0;0;0
1;7;0.00;0.00;0;0;0
1;8;0.00;0.00;0;0;0
1;11;0.00;0.00;0;0;0
1;7;0.01;0.02;0;-1;0
1;7;0.00;0.00;0;0;0
1;8;0.00;0.00;0;0;0
1;8;-0.04;0.02;-1;0;1
1;8;0.00;0.00;0;0;0
1;9;0.00;0.00;0;0;0
1;8;0.01;0.02;0;-1;0
1;12;0.00;0.00;0;0;0
1;8;0.00;0.00;0;0;0
1;8;-0.01;0.02;0;0;1
1;9;0.00;0.00;0;0;0
1;8;0.00;0.00;0;0;0
1;8;0.01;0.02;0;-1;0
1;8;0.00;0.00;0;0;0
1;11;-0.01;0.02;0;0;1
1;7;0.00;0.00;0;0;0
1;7;0.00;0.00;0;0;0
1;9;0.00;0.00;0;0;0
1;8;0.00;0.00;0;0;0
1;7;0.01;0.02;0;-1;0
1;8;0.00;0.00;0;0;0
1;9;-0.01;0.02;0;0;1
1;11;0.00;0.00;0;0;0
1;6;0.00;0.00;0;0;0
1;7;0.00;0.00;0;0;0
1;8;0.01;0.02;0;-1;0
1;12;0.00;0.00;0;0;0
1;6;-0.01;0.02;0;0;1
1;7;0.00;0.00;0;0;0
1;8;0.00;0.00;0;0;0
1;9;0.01;0.02;0;-1;0
1;8;0.00;0.00;0;0;0
1;8;0.00;0.00;0;0;0
1;11;0.00;0.00;0;0;0
1;6;-0.01;0.02;0;0;1
1;8;0.00;0.00;0;0;0
1;10;0.01;0.02;0;-1;0
1;6;0.00;0.00;0;0;0
1;8;0.00;0.00;0;0;0
1;8;0.00;0.00;0;0;0
1;9;-0.01;0.02;0;0;1
1;8;0.00;0.00;0;0;0
1;8;0.01;0.02;0;-1;0
1;8;0.00;0.00;0;0;0
1;8;0.00;0.00;0;0;0
1;8;0.00;0.00;0;0;0
1;8;-0.01;0.02;0;0;1
1;12;0.00;0.00;0;0;0
1;6;0.00;0.00;0;0;0
1;7;0.01;0.02;0;-1;0
1;8;0.00;0.00;0;0;0
1;8;0.00;0.00;0;0;0
1;9;-0.01;0.02;0;0;1
1;8;0.00;0.00;0;0;0
1;8;0.00;0.00;0;0;0
1;8;0.01;0.02;0;-1;0
1;11;0.00;0.00;0;0;0
1;7;0.00;0.00;0;0;0
1;7;0.00;0.00;0;0;0
1;11;-0.01;0.02;0;0;1
1;7;0.00;0.00;0;0;0
1;8;0.01;0.02;0;-1;0
1;8;0.00;0.00;0;0;0
1;7;0.00;0.00;0;0;0
1;8;-0.01;0.02;0;0;1
1;8;0.00;0.00;0;0;0
1;8;0.00;0.00;0;0;0
1;9;0.00;0.00;0;0;0
1;8;0.00;0.00;0;0;0
1;8;0.00;0.00;0;0;0
1;8;0.00;0.04;0;-1;1
1;12;0.00;0.00;0;0;0
1;9;0.00;0.00;0;0;0
1;11;0.00;0.00;0;0;0
1;6;0.00;0.00;0;0;0
1;7;-0.01;0.02;0;0;1
1;8;0.01;0.02;0;-1;0
1;9;0.00;0.00;0;0;0
1;9;0.00;0.00;0;0;0
1;7;0.00;0.00;0;0;0
1;8;0.00;0.00;0;0;0
1;8;0.00;0.00;0;0;0
1;8;0.01;0.02;0;-1;0
1;9;-0.01;0.02;0;0;1
1;8;0.00;0.00;0;0;0
1;8;0.00;0.00;0;0;0
1;8;0.00;0.00;0;0;0
1;9;0.01;0.02;0;-1;0
1;8;0.00;0.00;0;0;0
1;8;0.00;0.00;0;0;0
1;8;0.00;0.00;0;0;0
1;8;0.00;0.00;0;0;0
1;12;0.00;0.00;0;0;0
1;5;0.01;0.02;0;-1;0
1;8;0.00;0.00;0;0;0
1;8;0.00;0.00;0;0;0
1;10;0.00;0.00;0;0;0
1;6;0.00;0.00;0;0;0
1;9;0.00;0.00;0;0;0
1;8;0.00;0.00;0;0;0
1;11;0.00;0.00;0;0;0
1;6;0.01;0.02;0;-1;0
1;7;0.00;0.00;0;0;0
1;9;0.00;0.00;0;0;0
1;9;0.00;0.00;0;0;0
1;7;0.00;0.00;0;0;0
1;8;0.00;0.00;0;0;0
1;8;0.00;0.00;0;0;0
1;11;0.01;0.02;0;-1;0
1;6;0.00;0.00;0;0;0
1;8;0.00;0.00;0;0;0
1;8;0.00;0.00;0;0;0
1;8;0.00;0.00;0;0;0
1;13;0.01;0.02;0;-1;0
1;4;0.00;0.00;0;0;0
1;8;0.00;0.00;0;0;0
1;9;-0.01;0.02;0;0;1
1;8;0.00;0.00;0;0;0
1;7;0.00;0.00;0;0;0
1;10;0.01;0.02;0;-1;0
1;7;0.00;0.00;0;0;0
1;8;0.00;0.00;0;0;0
1;8;0.00;0.00;0;0;0
1;11;-0.01;0.02;0;0;1
1;7;0.00;0.00;0;0;0
1;7;0.00;0.00;0;0;0
1;8;0.00;0.00;0;0;0
1;11;0.00;0.00;0;0;0
1;9;0.01;0.02;0;-1;0
1;6;-0.01;0.02;0;0;1
1;7;0.00;0.00;0;0;0
1;8;0.00;0.00;0;0;0
1;8;0.00;0.00;0;0;0
1;8;0.00;0.00;0;0;0
1;8;0.01;0.02;0;-1;0
1;9;0.00;0.00;0;0;0
1;8;0.00;0.00;0;0;0
1;10;0.00;0.00;0;0;0
1;6;0.00;0.00;0;0;0
1;8;0.01;0.02;0;-1;0
1;9;0.00;0.00;0;0;0
1;10;0.00;0.00;0;0;0
1;6;0.00;0.00;0;0;0
1;8;0.00;0.00;0;0;0
1;8;0.00;0.00;0;0;0
1;10;0.00;0.00;0;0;0
1;7;0.01;0.02;0;-1;0
1;8;0.00;0.00;0;0;0
1;8;0.00;0.00;0;0;0
1;10;0.00;0.00;0;0;0
1;7;0.00;0.00;0;0;0
1;8;0.00;0.00;0;0;0
1;8;0.00;0.00;0;0;0
1;14;0.01;0.02;0;-1;0
1;7;0.00;0.00;0;0;0
1;8;0.00;0.00;0;0;0
1;9;0.00;0.00;0;0;0
1;7;0.00;0.00;0;0;0
1;8;0.00;0.00;0;0;0
1;8;0.00;0.00;0;0;0
1;9;0.01;0.02;0;-1;0
1;8;0.00;0.00;0;0;0
1;8;0.00;0.00;0;0;0
1;8;0.00;0.00;0;0;0
1;10;0.00;0.00;0;0;0
1;7;0.00;0.00;0;0;0
1;9;0.00;0.00;0;0;0
1;7;0.01;0.02;0;-1;0
1;8;0.00;0.00;0;0;0
1;8;0.00;0.00;0;0;0
1;8;0.00;0.00;0;0;0
1;9;0.00;0.00;0;0;0
1;8;0.01;0.02;0;-1;0
1;8;0.02;0.00;1;0;0
1;8;0.00;0.00;0;0;0
1;8;0.01;0.02;0;-1;0
1;9;0.00;0.00;0;0;0
1;8;0.01;0.02;0;-1;0
1;8;0.00;0.00;0;0;0
1;8;0.01;0.02;0;-1;0
1;9;0.00;0.00;0;0;0
1;11;0.01;0.02;0;-1;0
1;6;0.00;0.00;0;0;0
1;7;0.01;0.02;0;-1;0
1;8;0.00;0.00;0;0;0
1;11;0.04;0.02;1;-1;0
1;6;0.00;0.00;0;0;0
1;8;0.00;0.00;0;0;0
1;8;0.01;0.02;0;-1;0
1;11;0.01;0.02;0;-1;0
1;6;0.00;0.00;0;0;0
1;8;0.00;0.00;0;0;0
1;8;0.01;0.02;0;-1;0
1;9;0.02;0.00;1;0;0
1;8;0.00;0.00;0;0;0
1;7;0.00;0.00;0;0;0
1;8;0.00;0.00;0;0;0
1;12;0.01;0.02;0;-1;0
1;5;0.00;0.00;0;0;0
1;9;0.02;0.00;1;0;0
1;7;0.00;0.00;0;0;0
1;16;0.00;0.00;0;0;0
1;6;0.00;0.00;0;0;0
1;7;0.00;0.00;0;0;0
1;11;-0.01;0.02;0;0;1
1;5;0.00;0.00;0;0;0
1;12;0.01;0.02;0;-1;0
1;5;0.00;0.00;0;0;0
1;10;0.00;0.00;0;0;0
1;6;0.00;0.00;0;0;0
1;8;0.00;0.00;0;0;0
1;8;0.00;0.00;0;0;0
1;9;0.01;0.02;0;-1;0
1;8;0.00;0.00;0;0;0
1;8;0.00;0.00;0;0;0
1;8;0.00;0.00;0;0;0
1;14;0.00;0.00;0;0;0
1;7;0.00;0.00;0;0;0
1;8;0.00;0.00;0;0;0
1;8;0.01;0.02;0;-1;0
1;10;0.00;0.00;0;0;0
1;7;0.00;0.00;0;0;0
1;8;0.00;0.00;0;0;0
1;11;0.00;0.00;0;0;0
1;6;0.00;0.00;0;0;0
1;7;0.00;0.00;0;0;0
1;8;0.00;0.00;0;0;0
1;9;0.01;0.02;0;-1;0
1;8;0.00;0.00;0;0;0
1;15;0.00;0.00;0;0;0
1;6;0.00;0.00;0;0;0
1;10;0.00;0.00;0;0;0
1;7;0.00;0.00;0;0;0
1;8;0.00;0.00;0;0;0
1;7;0.00;0.00;0;0;0
1;8;0.01;0.02;0;-1;0
1;8;0.02;0.00;1;0;0
1;11;0.00;0.00;0;0;0
1;7;0.00;0.00;0;0;0
1;7;0.00;0.00;0;0;0
1;8;0.00;0.00;0;0;0
1;8;0.00;0.00;0;0;0
1;9;0.00;0.00;0;0;0
1;8;0.01;0.02;0;-1;0
1;9;0.00;0.00;0;0;0
1;10;0.02;0.00;1;0;0
1;6;0.00;0.00;0;0;0
1;8;0.00;0.00;0;0;0
1;12;0.00;0.00;0;0;0
1;8;0.01;0.02;0;-1;0
1;8;0.00;0.00;0;0;0
1;9;0.00;0.00;0;0;0
1;10;0.02;0.00;1;0;0
1;6;0.00;0.00;0;0;0
1;8;0.00;0.00;0;0;0
1;8;0.00;0.00;0;0;0
1;11;0.01;0.02;0;-1;0
1;7;0.00;0.00;0;0;0
1;8;0.00;0.00;0;0;0
1;7;0.02;0.00;1;0;0
1;9;0.00;0.00;0;0;0
1;7;0.00;0.00;0;0;0
1;9;0.00;0.00;0;0;0
1;9;0.00;0.00;0;0;0
1;7;0.01;0.02;0;-1;0
1;8;0.00;0.00;0;0;0
1;8;0.02;0.00;1;0;0
1;10;0.00;0.00;0;0;0
1;7;0.00;0.00;0;0;0
1;8;0.00;0.00;0;0;0
1;8;0.00;0.00;0;0;0
1;10;0.00;0.00;0;0;0
1;7;0.01;0.02;0;-1;0
1;11;0.02;0.00;1;0;0
1;6;0.00;0.00;0;0;0
1;7;0.00;0.00;0;0;0
1;8;0.00;0.00;0;0;0
1;11;0.00;0.00;0;0;0
1;6;0.00;0.00;0;0;0
1;7;0.01;0.02;0;-1;0
1;8;0.02;0.00;1;0;0
1;10;0.00;0.00;0;0;0
1;7;0.00;0.00;0;0;0
1;8;0.00;0.00;0;0;0
1;8;0.00;0.00;0;0;0
1;10;0.00;0.00;0;0;0
1;6;0.00;0.00;0;0;0
1;8;0.04;0.02;1;-1;0
1;9;0.00;0.00;0;0;0
1;9;0.00;0.00;0;0;0
1;7;0.00;0.00;0;0;0
1;9;0.00;0.00;0;0;0
1;7;0.00;0.00;0;0;0
1;13;0.02;0.00;1;0;0
1;8;0.01;0.02;0;-1;0
1;8;0.00;0.00;0;0;0
1;9;0.00;0.00;0;0;0
1;10;0.00;0.00;0;0;0
1;7;0.02;0.00;1;0;0
1;7;0.00;0.00;0;0;0
1;8;0.00;0.00;0;0;0
1;8;0.00;0.00;0;0;0
1;8;0.01;0.02;0;-1;0
1;8;0.00;0.00;0;0;0
1;12;0.00;0.00;0;0;0
1;5;0.02;0.00;1;0;0
1;8;0.00;0.00;0;0;0
1;8;0.00;0.00;0;0;0
1;10;0.00;0.00;0;0;0
1;7;0.01;0.02;0;-1;0
1;11;0.00;0.00;0;0;0
1;6;0.00;0.00;0;0;0
1;11;0.00;0.00;0;0;0
1;9;0.02;0.00;1;0;0
1;8;0.01;0.02;0;-1;0
1;10;0.00;0.00;0;0;0
1;6;0.00;0.00;0;0;0
1;8;0.00;0.00;0;0;0
1;8;0.00;0.00;0;0;0
1;11;0.02;0.00;1;0;0
1;6;0.00;0.00;0;0;0
1;8;0.01;0.02;0;-1;0
1;8;0.00;0.00;0;0;0
1;11;0.00;0.00;0;0;0
1;6;0.00;0.00;0;0;0
1;10;0.02;0.00;1;0;0
1;6;0.00;0.00;0;0;0
1;8;0.00;0.00;0;0;0
1;8;0.00;0.00;0;0;0
1;11;0.01;0.02;0;-1;0
1;6;0.00;0.00;0;0;0
1;8;0.00;0.00;0;0;0
1;8;0.02;0.00;1;0;0
1;8;0.00;0.00;0;0;0
1;9;0.00;0.00;0;0;0
1;11;0.01;0.02;0;-1;0
1;5;0.00;0.00;0;0;0
1;10;0.00;0.00;0;0;0
1;6;0.00;0.00;0;0;0
1;8;0.00;0.00;0;0;0
1;9;0.02;0.00;1;0;0
1;8;0.01;0.02;0;-1;0
1;8;0.00;0.00;0;0;0
1;8;0.00;0.00;0;0;0
1;18;0.00;0.00;0;0;0
1;7;0.00;0.00;0;0;0
1;8;0.04;0.02;1;-1;0
1;11;0.00;0.00;0;0;0
1;5;0.00;0.00;0;0;0
1;9;0.00;0.00;0;0;0
1;8;0.00;0.00;0;0;0
1;9;0.00;0.00;0;0;0
1;8;0.02;0.00;1;0;0
1;7;0.01;0.02;0;-1;0
1;9;0.00;0.00;0;0;0
1;11;0.00;0.00;0;0;0
1;5;0.00;0.00;0;0;0
1;8;0.00;0.00;0;0;0
1;8;0.00;0.00;0;0;0
1;10;0.02;0.00;1;0;0
1;7;0.01;0.02;0;-1;0
1;8;0.00;0.00;0;0;0
1;9;0.00;0.00;0;0;0
1;9;0.00;0.00;0;0;0
1;8;0.00;0.00;0;0;0
1;7;0.01;0.02;0;-1;0
1;8;0.00;0.00;0;0;0
1;10;0.00;0.00;0;0;0
1;6;0.00;0.00;0;0;0
1;8;0.02;0.00;1;0;0
1;9;0.01;0.02;0;-1;0
1;8;0.00;0.00;0;0;0
1;9;0.00;0.00;0;0;0
1;16;0.00;0.00;0;0;0
1;8;0.00;0.00;0;0;0
1;9;0.04;0.02;1;-1;0
1;7;0.00;0.00;0;0;0
1;8;0.00;0.00;0;0;0
1;8;0.00;0.00;0;0;0
1;9;0.00;0.00;0;0;0
1;8;0.00;0.00;0;0;0
1;8;0.02;0.00;1;0;0
1;8;0.00;0.00;0;0;0
1;8;0.01;0.02;0;-1;0
1;9;0.00;0.00;0;0;0
1;8;0.00;0.00;0;0;0
1;8;0.00;0.00;0;0;0
1;17;0.02;0.00;1;0;0
1;7;0.01;0.02;0;-1;0
1;9;0.00;0.00;0;0;0
1;8;0.00;0.00;0;0;0
1;8;0.00;0.00;0;0;0
1;8;0.00;0.00;0;0;0
1;8;0.01;0.02;0;-1;0
1;9;0.00;0.00;0;0;0
1;8;0.00;0.00;0;0;0
1;8;0.02;0.00;1;0;0
1;8;0.00;0.00;0;0;0
1;11;0.00;0.00;0;0;0
1;6;0.01;0.02;0;-1;0
1;9;0.00;0.00;0;0;0
1;7;0.00;0.00;0;0;0
1;10;0.00;0.00;0;0;0
1;6;0.00;0.00;0;0;0
1;9;0.02;0.00;1;0;0
1;8;0.00;0.00;0;0;0
1;10;0.00;0.00;0;0;0
1;6;0.01;0.02;0;-1;0
1;8;0.00;0.00;0;0;0
1;9;0.00;0.00;0;0;0
1;9;0.02;0.00;1;0;0
1;7;0.00;0.00;0;0;0
1;8;0.00;0.00;0;0;0
1;8;0.00;0.00;0;0;0
1;11;0.01;0.02;0;-1;0
1;7;0.00;0.00;0;0;0
1;7;0.00;0.00;0;0;0
1;8;0.00;0.00;0;0;0
1;8;0.02;0.00;1;0;0
1;8;0.01;0.02;0;-1;0
1;9;0.00;0.00;0;0;0
1;8;0.00;0.00;0;0;0
1;8;0.00;0.00;0;0;0
1;8;0.00;0.00;0;0;0
1;8;0.00;0.00;0;0;0
1;9;0.01;0.02;0;-1;0
1;9;0.02;0.00;1;0;0
1;7;0.00;0.00;0;0;0
1;12;0.00;0.00;0;0;0
1;8;0.00;0.00;0;0;0
1;9;0.00;0.00;0;0;0
1;8;0.01;0.02;0;-1;0
1;8;0.00;0.00;0;0;0
1;8;0.02;0.00;1;0;0
1;8;0.00;0.00;0;0;0
1;10;0.00;0.00;0;0;0
1;7;0.00;0.00;0;0;0
1;8;0.00;0.00;0;0;0
1;8;0.01;0.02;0;-1;0
1;8;0.00;0.00;0;0;0
1;9;0.00;0.00;0;0;0
1;8;0.02;0.00;1;0;0
1;8;0.00;0.00;0;0;0
1;8;0.01;0.02;0;-1;0
1;8;0.00;0.00;0;0;0
1;9;0.00;0.00;0;0;0
1;8;0.00;0.00;0;0;0
1;8;0.00;0.00;0;0;0
1;8;0.04;0.02;1;-1;0
1;8;0.00;0.00;0;0;0
1;13;0.00;0.00;0;0;0
1;8;0.00;0.00;0;0;0
1;11;0.00;0.00;0;0;0
1;5;0.00;0.00;0;0;0
1;10;0.04;0.02;1;-1;0
1;7;0.00;0.00;0;0;0
1;8;0.00;0.00;0;0;0
1;8;0.00;0.00;0;0;0
1;8;0.00;0.00;0;0;0
1;8;0.00;0.00;0;0;0
1;8;0.00;0.00;0;0;0
1;9;0.02;0.00;1;0;0
1;8;0.00;0.00;0;0;0
1;8;0.01;0.02;0;-1;0
1;8;0.00;0.00;0;0;0
1;8;0.00;0.00;0;0;0
1;9;0.00;0.00;0;0;0
1;8;0.00;0.00;0;0;0
1;8;0.02;0.00;1;0;0
1;8;0.00;0.00;0;0;0
1;8;0.01;0.02;0;-1;0
1;12;0.00;0.00;0;0;0
1;5;0.00;0.00;0;0;0
1;8;0.00;0.00;0;0;0
1;8;0.02;0.00;1;0;0
1;10;0.00;0.00;0;0;0
1;7;0.00;0.00;0;0;0
1;8;0.01;0.02;0;-1;0
1;8;0.00;0.00;0;0;0
1;13;0.00;0.00;0;0;0
1;7;0.00;0.00;0;0;0
1;9;0.04;0.02;1;-1;0
1;8;0.00;0.00;0;0;0
1;8;0.00;0.00;0;0;0
1;8;-0.01;0.02;0;0;1
1;8;0.00;0.00;0;0;0
1;17;0.01;0.02;0;-1;0
1;8;0.00;0.00;0;0;0
1;8;0.02;0.00;1;0;0
1;8;0.00;0.00;0;0;0
1;10;0.00;0.00;0;0;0
1;9;0.01;0.02;0;-1;0
1;6;0.00;0.00;0;0;0
1;11;0.00;0.00;0;0;0
1;5;0.00;0.00;0;0;0
1;9;0.02;0.00;1;0;0
1;8;0.00;0.00;0;0;0
1;10;0.00;0.00;0;0;0
1;6;0.01;0.02;0;-1;0
1;8;0.00;0.00;0;0;0
1;8;0.00;0.00;0;0;0
1;11;0.02;0.00;1;0;0
1;6;0.00;0.00;0;0;0
1;8;0.00;0.00;0;0;0
1;11;0.01;0.02;0;-1;0
1;6;0.00;0.00;0;0;0
1;8;0.00;0.00;0;0;0
1;8;0.00;0.00;0;0;0
1;8;0.02;0.00;1;0;0
1;9;0.00;0.00;0;0;0
1;7;0.01;0.02;0;-1;0
1;9;0.00;0.00;0;0;0
1;8;0.00;0.00;0;0;0
1;8;0.00;0.00;0;0;0
1;8;0.00;0.00;0;0;0
1;8;0.02;0.00;1;0;0
1;9;0.01;0.02;0;-1;0
1;8;0.00;0.00;0;0;0
1;8;0.00;0.00;0;0;0
1;8;0.00;0.00;0;0;0
1;8;0.00;0.00;0;0;0
1;8;0.00;0.00;0;0;0
1;9;0.00;0.00;0;0;0
1;8;0.04;0.02;1;-1;0
1;8;0.00;0.00;0;0;0
1;8;0.00;0.00;0;0;0
1;8;0.00;0.00;0;0;0
1;9;0.00;0.00;0;0;0
1;8;0.00;0.00;0;0;0
1;8;0.01;0.02;0;-1;0
1;15;0.02;0.00;1;0;0
1;6;0.00;0.00;0;0;0
1;11;0.00;0.00;0;0;0
1;14;0.01;0.02;0;-1;0
1;8;0.00;0.00;0;0;0
1;7;0.02;0.00;1;0;0
1;9;0.00;0.00;0;0;0
1;9;0.00;0.00;0;0;0
1;7;0.00;0.00;0;0;0
1;11;0.00;0.00;0;0;0
1;5;0.01;0.02;0;-1;0
1;9;0.02;0.00;1;0;0
1;8;0.00;0.00;0;0;0
1;8;0.00;0.00;0;0;0
1;8;0.00;0.00;0;0;0
1;8;0.00;0.00;0;0;0
1;9;0.00;0.00;0;0;0
1;11;0.01;0.02;0;-1;0
1;6;0.02;0.00;1;0;0
1;15;0.00;0.00;0;0;0
1;9;0.00;0.00;0;0;0
1;8;0.00;0.00;0;0;0
1;8;0.00;0.00;0;0;0
1;8;0.01;0.02;0;-1;0
1;8;0.02;0.00;1;0;0
1;17;0.00;0.00;0;0;0
1;9;0.00;0.00;0;0;0
1;7;0.00;0.00;0;0;0
1;8;0.00;0.00;0;0;0
1;8;0.04;0.02;1;-1;0
1;10;0.00;0.00;0;0;0
1;7;0.00;0.00;0;0;0
1;8;0.00;0.00;0;0;0
1;11;0.02;0.00;1;0;0
1;7;0.00;0.00;0;0;0
1;7;0.01;0.02;0;-1;0
1;8;0.00;0.00;0;0;0
1;10;0.00;0.00;0;0;0
1;8;0.00;0.00;0;0;0
1;6;0.00;0.00;0;0;0
1;9;0.02;0.00;1;0;0
1;8;0.00;0.00;0;0;0
1;8;0.00;0.00;0;0;0
1;8;0.00;0.00;0;0;0
1;8;0.01;0.02;0;-1;0
1;9;0.00;0.00;0;0;0
1;8;0.00;0.00;0;0;0
1;8;0.02;0.00;1;0;0
1;8;0.00;0.00;0;0;0
1;8;0.00;0.00;0;0;0
1;13;0.00;0.00;0;0;0
1;5;0.00;0.00;0;0;0
1;7;0.02;0.00;1;0;0
1;8;0.00;0.00;0;0;0
1;8;0.00;0.00;0;0;0
1;8;0.00;0.00;0;0;0
1;9;0.00;0.00;0;0;0
1;8;0.00;0.00;0;0;0
1;8;0.00;0.00;0;0;0
1;8;0.02;0.00;1;0;0
1;8;0.00;0.00;0;0;0
1;9;0.00;0.00;0;0;0
1;8;0.00;0.00;0;0;0
1;8;0.00;0.00;0;0;0
1;8;0.00;0.00;0;0;0
1;8;0.02;0.00;1;0;0
1;9;0.00;0.00;0;0;0
1;8;0.00;0.00;0;0;0
1;8;0.00;0.00;0;0;0
1;11;0.00;0.00;0;0;0
1;5;0.00;0.00;0;0;0
1;9;0.00;0.00;0;0;0
1;8;0.02;0.00;1;0;0
1;11;0.00;0.00;0;0;0
1;5;0.00;0.00;0;0;0
1;8;0.00;0.00;0;0;0
1;8;0.00;0.00;0;0;0
1;9;0.00;0.00;0;0;0
1;8;0.00;0.00;0;0;0
1;8;0.02;0.00;1;0;0
1;8;0.00;0.00;0;0;0
1;8;0.00;0.00;0;0;0
1;9;0.00;0.00;0;0;0
1;8;0.00;0.00;0;0;0
1;8;0.00;0.00;0;0;0
1;8;0.02;0.00;1;0;0
1;8;0.00;0.00;0;0;0
1;9;0.00;0.00;0;0;0
1;8;0.00;0.00;0;0;0
1;8;0.00;0.00;0;0;0
1;8;0.02;0.00;1;0;0
1;8;0.00;0.00;0;0;0
1;9;0.00;0.00;0;0;0
1;8;0.00;0.00;0;0;0
1;8;0.00;0.00;0;0;0
1;8;0.00;0.00;0;0;0
1;8;0.02;0.00;1;0;0
1;9;0.00;0.00;0;0;0
1;8;0.00;0.00;0;0;0
1;10;0.00;0.00;0;0;0
1;6;0.00;0.00;0;0;0
1;8;0.00;0.00;0;0;0
1;12;0.02;0.00;1;0;0
1;6;0.00;0.00;0;0;0
1;10;0.00;0.00;0;0;0
1;5;0.00;0.00;0;0;0
1;11;0.00;0.00;0;0;0
1;5;0.02;0.00;1;0;0
1;9;0.00;0.00;0;0;0
1;8;0.00;0.00;0;0;0
1;11;0.00;0.00;0;0;0
1;5;0.00;0.00;0;0;0
1;8;0.00;0.00;0;0;0
1;9;0.02;0.00;1;0;0
1;8;0.00;0.00;0;0;0
1;8;0.00;0.00;0;0;0
1;8;0.00;0.00;0;0;0
1;8;0.00;0.00;0;0;0
1;12;0.00;0.00;0;0;0
1;5;0.02;0.00;1;0;0
1;8;0.00;0.00;0;0;0
1;8;0.00;0.00;0;0;0
1;9;0.00;0.00;0;0;0
1;8;0.00;0.00;0;0;0
1;8;0.00;0.00;0;0;0
1;8;0.00;0.00;0;0;0
1;8;0.02;0.00;1;0;0
1;11;0.00;0.00;0;0;0
1;6;0.00;0.00;0;0;0
1;8;0.00;0.00;0;0;0
1;8;0.00;0.00;0;0;0
1;11;0.00;0.00;0;0;0
1;8;0.02;0.00;1;0;0
1;5;0.00;0.00;0;0;0
1;9;0.00;0.00;0;0;0
1;8;0.00;0.00;0;0;0
1;8;0.00;0.00;0;0;0
1;8;0.00;0.00;0;0;0
1;8;0.02;0.00;1;0;0
1;9;0.00;0.00;0;0;0
1;8;0.00;0.00;0;0;0
1;8;0.00;0.00;0;0;0
1;8;0.00;0.00;0;0;0
1;11;0.00;0.00;0;0;0
1;7;0.02;0.00;1;0;0
1;7;0.00;0.00;0;0;0
1;8;0.00;0.00;0;0;0
1;11;0.00;0.00;0;0;0
1;5;0.00;0.00;0;0;0
1;9;0.00;0.00;0;0;0
1;8;0.00;0.00;0;0;0
1;11;0.02;0.00;1;0;0
1;5;0.00;0.00;0;0;0
1;8;0.00;0.00;0;0;0
1;8;0.00;0.00;0;0;0
1;9;0.00;0.00;0;0;0
1;8;0.00;0.00;0;0;0
1;10;0.02;0.00;1;0;0
1;6;0.00;0.00;0;0;0
1;10;0.00;0.00;0;0;0
1;7;0.00;0.00;0;0;0
1;8;0.00;0.00;0;0;0
1;8;0.00;0.00;0;0;0
1;9;0.02;0.00;1;0;0
1;7;0.00;0.00;0;0;0
1;9;0.00;0.00;0;0;0
1;8;0.00;0.00;0;0;0
1;9;0.00;0.00;0;0;0
1;7;0.00;0.00;0;0;0
1;8;0.00;0.00;0;0;0
1;9;0.02;0.00;1;0;0
1;10;0.00;0.00;0;0;0
1;10;0.00;0.00;0;0;0
1;8;0.00;0.00;0;0;0
1;8;0.01;-0.02;0;0;-1
1;9;0.00;0.00;0;0;0
1;8;0.02;0.00;1;0;0
1;8;0.00;0.00;0;0;0
1;8;0.00;0.00;0;0;0
1;8;0.00;0.00;0;0;0
1;11;0.00;0.00;0;0;0
1;6;0.01;-0.02;0;0;-1
1;8;0.00;0.00;0;0;0
1;8;0.00;0.00;0;0;0
1;14;0.04;0.02;1;-1;0
1;7;0.00;0.00;0;0;0
1;8;0.00;0.00;0;0;0
1;12;0.01;-0.02;0;0;-1
1;8;0.00;0.00;0;0;0
1;8;0.02;0.00;1;0;0
1;9;0.00;0.00;0;0;0
1;8;0.00;0.00;0;0;0
1;8;0.00;0.00;0;0;0
1;8;0.04;-0.02;1;0;-1
1;8;0.00;0.00;0;0;0
1;9;0.00;0.00;0;0;0
1;8;0.02;0.00;1;0;0
1;8;0.00;0.00;0;0;0
1;8;0.00;0.00;0;0;0
1;8;0.00;0.00;0;0;0
1;9;0.02;0.00;1;0;0
1;8;0.01;-0.02;0;0;-1
1;11;0.00;0.00;0;0;0
1;5;0.00;0.00;0;0;0
1;8;0.02;0.00;1;0;0
1;9;0.00;0.00;0;0;0
1;11;0.01;-0.02;0;0;-1
1;5;0.00;0.00;0;0;0
1;8;0.00;0.00;0;0;0
1;10;0.02;0.00;1;0;0
1;10;0.00;0.00;0;0;0
1;5;0.00;0.00;0;0;0
1;8;0.01;-0.02;0;0;-1
1;11;0.00;0.00;0;0;0
1;8;0.00;0.00;0;0;0
1;5;0.00;0.00;0;0;0
1;9;0.02;0.00;1;0;0
1;8;0.00;0.00;0;0;0
1;11;0.00;0.00;0;0;0
1;5;0.01;-0.02;0;0;-1
1;8;0.00;0.00;0;0;0
1;9;0.00;0.00;0;0;0
1;8;0.00;0.00;0;0;0
1;10;0.02;0.00;1;0;0
1;6;0.00;0.00;0;0;0
1;8;0.00;0.00;0;0;0
1;9;0.00;0.00;0;0;0
1;8;0.01;-0.02;0;0;-1
1;10;0.00;0.00;0;0;0
1;6;0.00;0.00;0;0;0
1;8;0.02;0.00;1;0;0
1;9;0.00;0.00;0;0;0
1;8;0.00;0.00;0;0;0
1;8;0.01;-0.02;0;0;-1
1;8;0.00;0.00;0;0;0
1;8;0.00;0.00;0;0;0
1;16;0.02;0.00;1;0;0
1;5;0.00;0.00;0;0;0
1;11;0.01;-0.02;0;0;-1
1;8;0.00;0.00;0;0;0
1;8;0.00;0.00;0;0;0
1;6;0.00;0.00;0;0;0
1;8;0.02;0.00;1;0;0
1;8;0.00;0.00;0;0;0
1;8;0.00;0.00;0;0;0
1;11;0.01;-0.02;0;0;-1
1;13;0.00;0.00;0;0;0
1;5;0.02;0.00;1;0;0
1;11;0.00;0.00;0;0;0
1;6;0.00;0.00;0;0;0
1;16;0.01;-0.02;0;0;-1
1;8;0.00;0.00;0;0;0
1;8;0.00;0.00;0;0;0
1;14;0.02;0.00;1;0;0
1;6;0.00;0.00;0;0;0
1;11;0.01;-0.02;0;0;-1
1;11;0.00;0.00;0;0;0
1;7;0.00;0.00;0;0;0
1;8;0.00;0.00;0;0;0
1;8;0.02;0.00;1;0;0
1;13;0.00;0.00;0;0;0
1;8;0.01;-0.02;0;0;-1
1;8;0.02;0.00;1;0;0
1;8;0.00;0.00;0;0;0
1;9;0.02;0.00;1;0;0
1;8;0.00;0.00;0;0;0
1;8;0.02;0.00;1;0;0
1;8;0.01;-0.02;0;0;-1
1;8;0.00;0.00;0;0;0
1;12;0.02;0.00;1;0;0
1;5;0.00;0.00;0;0;0
1;8;0.02;0.00;1;0;0
1;8;0.00;0.00;0;0;0
1;8;0.04;-0.02;1;0;-1
1;8;0.00;0.00;0;0;0
1;9;0.00;0.00;0;0;0
1;8;0.00;0.00;0;0;0
1;10;0.02;0.00;1;0;0
1;6;0.01;-0.02;0;0;-1
1;8;0.00;0.00;0;0;0
1;9;0.00;0.00;0;0;0
1;8;0.00;0.00;0;0;0
1;8;0.01;-0.02;0;0;-1
1;8;0.00;0.00;0;0;0
1;8;0.00;0.00;0;0;0
1;15;0.00;0.00;0;0;0
1;6;0.02;0.00;1;0;0
1;8;0.00;0.00;0;0;0
1;13;0.01;-0.02;0;0;-1
1;8;0.00;0.00;0;0;0
1;8;0.00;0.00;0;0;0
1;8;0.00;0.00;0;0;0
1;8;0.00;0.00;0;0;0
1;8;0.00;0.00;0;0;0
1;8;0.02;0.00;1;0;0
1;9;0.00;0.00;0;0;0
1;8;0.00;0.00;0;0;0
1;8;0.01;-0.02;0;0;-1
1;9;0.00;0.00;0;0;0
1;10;0.00;0.00;0;0;0
1;8;0.00;0.00;0;0;0
1;6;0.02;0.00;1;0;0
1;8;0.00;0.00;0;0;0
1;11;0.00;0.00;0;0;0
1;5;0.01;-0.02;0;0;-1
1;10;0.00;0.00;0;0;0
1;7;0.00;0.00;0;0;0
1;11;0.00;0.00;0;0;0
1;5;0.00;0.00;0;0;0
1;8;0.02;0.00;1;0;0
1;9;0.01;-0.02;0;0;-1
1;10;0.00;0.00;0;0;0
1;6;0.00;0.00;0;0;0
1;8;0.02;0.00;1;0;0
1;11;0.00;0.00;0;0;0
1;9;0.02;0.00;1;0;0
1;5;0.01;-0.02;0;0;-1
1;8;0.00;0.00;0;0;0
1;17;0.02;0.00;1;0;0
1;7;0.02;0.00;1;0;0
1;15;0.02;0.00;1;0;0
1;6;0.00;0.00;0;0;0
1;12;0.02;0.00;1;0;0
1;9;0.01;-0.02;0;0;-1
1;9;0.02;0.00;1;0;0
1;7;0.00;0.00;0;0;0
1;8;0.00;0.00;0;0;0
1;8;0.02;0.00;1;0;0
1;9;0.01;-0.02;0;0;-1
1;8;0.00;0.00;0;0;0
1;8;0.00;0.00;0;0;0
1;12;0.02;0.00;1;0;0
1;8;0.01;-0.02;0;0;-1
1;8;0.00;0.00;0;0;0
1;12;0.00;0.00;0;0;0
1;5;0.00;0.00;0;0;0
1;13;0.01;-0.02;0;0;-1
1;10;0.00;0.00;0;0;0
1;6;0.00;0.00;0;0;0
1;8;0.02;0.00;1;0;0
1;8;0.00;0.00;0;0;0
1;8;0.00;0.00;0;0;0
1;8;0.00;0.00;0;0;0
1;7;0.00;0.00;0;0;0
1;10;0.01;-0.02;0;0;-1
1;8;0.00;0.00;0;0;0
1;8;0.00;0.00;0;0;0
1;8;0.02;0.00;1;0;0
1;8;0.00;0.00;0;0;0
1;9;0.00;0.00;0;0;0
1;8;0.00;0.00;0;0;0
1;8;0.00;0.00;0;0;0
1;8;0.00;0.00;0;0;0
1;8;0.01;-0.02;0;0;-1
1;9;0.02;0.00;1;0;0
1;8;0.00;0.00;0;0;0
1;8;0.00;0.00;0;0;0
1;8;0.00;0.00;0;0;0
1;8;0.00;0.00;0;0;0
1;9;0.02;0.00;1;0;0
1;8;0.01;-0.02;0;0;-1
1;10;0.00;0.00;0;0;0
1;6;0.00;0.00;0;0;0
1;8;0.00;0.00;0;0;0
1;9;0.00;0.00;0;0;0
1;8;0.00;0.00;0;0;0
1;8;0.04;-0.02;1;0;-1
1;8;0.00;0.00;0;0;0
1;8;0.00;0.00;0;0;0
1;8;0.00;0.00;0;0;0
1;9;0.00;0.00;0;0;0
1;8;0.00;0.00;0;0;0
1;8;0.01;-0.02;0;0;-1
1;8;0.02;0.00;1;0;0
1;8;0.00;0.00;0;0;0
1;8;0.00;0.00;0;0;0
1;9;0.00;0.00;0;0;0
1;8;0.00;0.00;0;0;0
1;8;0.02;0.00;1;0;0
1;8;0.00;0.00;0;0;0
1;9;0.01;-0.02;0;0;-1
1;8;0.00;0.00;0;0;0
1;8;0.00;0.00;0;0;0
1;8;0.00;0.00;0;0;0
1;8;0.02;0.00;1;0;0
1;9;0.00;0.00;0;0;0
1;9;0.00;0.00;0;0;0
1;7;0.01;-0.02;0;0;-1
1;8;0.00;0.00;0;0;0
1;8;0.00;0.00;0;0;0
1;10;0.00;0.00;0;0;0
1;7;0.02;0.00;1;0;0
1;8;0.00;0.00;0;0;0
1;8;0.01;-0.02;0;0;-1
1;8;0.00;0.00;0;0;0
1;8;0.00;0.00;0;0;0
1;9;0.00;0.00;0;0;0
1;8;0.00;0.00;0;0;0
1;7;0.02;0.00;1;0;0
1;8;0.00;0.00;0;0;0
1;9;0.01;-0.02;0;0;-1
1;8;0.00;0.00;0;0;0
1;10;0.00;0.00;0;0;0
1;7;0.00;0.00;0;0;0
1;8;0.02;0.00;1;0;0
1;7;0.00;0.00;0;0;0
1;10;0.00;0.00;0;0;0
1;7;0.01;-0.02;0;0;-1
1;9;0.00;0.00;0;0;0
1;7;0.02;0.00;1;0;0
1;9;0.00;0.00;0;0;0
1;9;0.00;0.00;0;0;0
1;8;0.00;0.00;0;0;0
1;8;0.00;0.00;0;0;0
1;7;0.00;0.00;0;0;0
1;12;0.04;-0.02;1;0;-1
1;10;0.00;0.00;0;0;0
1;8;0.00;0.00;0;0;0
1;7;0.00;0.00;0;0;0
1;14;0.00;0.00;0;0;0
1;7;0.00;0.00;0;0;0
1;8;0.01;-0.02;0;0;-1
1;9;0.02;0.00;1;0;0
1;7;0.01;0.02;0;-1;0
1;8;0.00;0.00;0;0;0
1;8;0.00;0.00;0;0;0
1;11;0.00;0.00;0;0;0
1;10;0.01;-0.02;0;0;-1
1;7;0.02;0.00;1;0;0
1;9;0.00;0.00;0;0;0
1;8;0.00;0.00;0;0;0
1;9;0.00;0.00;0;0;0
1;8;0.00;0.00;0;0;0
1;8;0.02;0.00;1;0;0
1;8;0.01;-0.02;0;0;-1
1;8;0.00;0.00;0;0;0
1;8;0.00;0.00;0;0;0
1;8;0.00;0.00;0;0;0
1;13;0.00;0.00;0;0;0
1;8;0.02;0.00;1;0;0
1;10;0.00;0.00;0;0;0
1;10;0.01;-0.02;0;0;-1
1;5;0.00;0.00;0;0;0
1;8;0.01;-0.02;0;0;-1
1;8;0.00;0.00;0;0;0
1;8;0.00;0.00;0;0;0
1;8;0.01;-0.02;0;0;-1
1;9;0.02;0.00;1;0;0
1;7;0.01;-0.02;0;0;-1
1;9;0.00;0.00;0;0;0
1;7;0.00;0.00;0;0;0
1;9;0.00;0.00;0;0;0
1;8;0.01;-0.02;0;0;-1
1;9;0.00;0.00;0;0;0
1;11;0.01;-0.02;0;0;-1
1;5;0.02;0.00;1;0;0
1;9;0.00;0.00;0;0;0
1;8;0.01;-0.02;0;0;-1
1;8;0.00;0.00;0;0;0
1;7;0.04;-0.02;1;0;-1
1;8;0.00;0.00;0;0;0
1;8;0.00;0.00;0;0;0
1;9;0.00;0.00;0;0;0
1;8;0.00;0.00;0;0;0
1;9;0.02;0.00;1;0;0
1;8;0.01;-0.02;0;0;-1
1;14;0.00;0.00;0;0;0
1;7;0.00;0.00;0;0;0
1;8;0.02;0.00;1;0;0
1;7;0.00;0.00;0;0;0
1;9;0.00;0.00;0;0;0
1;9;0.00;0.00;0;0;0
1;7;0.00;0.00;0;0;0
1;9;0.01;-0.02;0;0;-1
1;8;0.02;0.00;1;0;0
1;8;0.00;0.00;0;0;0
1;8;0.00;0.00;0;0;0
1;9;0.00;0.00;0;0;0
1;9;0.01;-0.02;0;0;-1
1;9;0.00;0.00;0;0;0
1;6;0.00;0.00;0;0;0
1;8;0.01;-0.02;0;0;-1
1;8;0.02;0.00;1;0;0
1;9;0.01;-0.02;0;0;-1
1;7;0.00;0.00;0;0;0
1;12;0.01;-0.02;0;0;-1
1;5;0.00;0.00;0;0;0
1;9;0.01;-0.02;0;0;-1
1;7;0.00;0.00;0;0;0
1;11;0.01;-0.02;0;0;-1
1;6;0.00;0.00;0;0;0
1;8;0.04;-0.02;1;0;-1
1;8;0.00;0.00;0;0;0
1;9;0.01;-0.02;0;0;-1
1;8;0.00;0.00;0;0;0
1;7;0.01;-0.02;0;0;-1
1;9;0.02;0.00;1;0;0
1;10;0.01;-0.02;0;0;-1
1;7;0.01;-0.02;0;0;-1
1;8;0.00;0.00;0;0;0
1;7;0.01;-0.02;0;0;-1
1;11;0.02;0.00;1;0;0
1;6;0.01;-0.02;0;0;-1
1;9;0.00;0.00;0;0;0
1;8;0.01;-0.02;0;0;-1
1;8;0.00;0.00;0;0;0
1;8;0.01;-0.02;0;0;-1
1;8;0.02;0.00;1;0;0
1;9;0.01;-0.02;0;0;-1
1;8;0.00;0.00;0;0;0
1;7;0.01;-0.02;0;0;-1
1;12;0.00;0.00;0;0;0
1;5;0.01;-0.02;0;0;-1
1;9;0.02;0.00;1;0;0
1;7;0.01;-0.02;0;0;-1
1;9;0.00;0.00;0;0;0
1;8;0.00;0.00;0;0;0
1;8;0.01;-0.02;0;0;-1
1;8;0.00;0.00;0;0;0
1;11;0.02;0.00;1;0;0
1;6;0.00;0.00;0;0;0
1;8;0.01;-0.02;0;0;-1
1;8;0.00;0.00;0;0;0
1;9;0.02;0.00;1;0;0
1;7;0.00;0.00;0;0;0
1;9;0.00;0.00;0;0;0
1;11;0.00;0.00;0;0;0
1;5;0.00;0.00;0;0;0
1;8;0.04;-0.02;1;0;-1
1;10;0.00;0.00;0;0;0
1;10;0.00;0.00;0;0;0
1;5;0.00;0.00;0;0;0
1;8;0.00;0.00;0;0;0
1;8;0.00;0.00;0;0;0
1;11;0.00;0.00;0;0;0
1;6;0.02;0.00;1;0;0
1;7;0.00;0.00;0;0;0
1;8;0.01;-0.02;0;0;-1
1;8;0.00;0.00;0;0;0
1;9;0.00;0.00;0;0;0
1;8;0.00;0.00;0;0;0
1;8;0.00;0.00;0;0;0
1;8;0.00;0.00;0;0;0
1;9;0.04;-0.02;1;0;-1
1;8;0.00;0.00;0;0;0
1;8;0.00;0.00;0;0;0
1;13;0.00;0.00;0;0;0
1;8;0.00;0.00;0;0;0
1;14;0.01;-0.02;0;0;-1
1;7;0.02;0.00;1;0;0
1;8;0.00;0.00;0;0;0
1;10;0.00;0.00;0;0;0
1;11;0.00;0.00;0;0;0
1;9;0.01;-0.02;0;0;-1
1;7;0.00;0.00;0;0;0
1;8;0.02;0.00;1;0;0
1;7;0.00;0.00;0;0;0
1;8;0.00;0.00;0;0;0
1;9;0.01;-0.02;0;0;-1
1;8;0.00;0.00;0;0;0
1;8;0.01;-0.02;0;0;-1
1;8;0.00;0.00;0;0;0
1;12;0.04;-0.02;1;0;-1
1;5;0.00;0.00;0;0;0
1;9;0.00;0.00;0;0;0
1;8;0.01;-0.02;0;0;-1
1;13;0.01;-0.02;0;0;-1
1;7;0.00;0.00;0;0;0
1;9;0.01;-0.02;0;0;-1
1;8;0.04;-0.02;1;0;-1
1;9;0.00;0.00;0;0;0
1;7;0.01;-0.02;0;0;-1
1;8;0.00;0.00;0;0;0
1;7;0.01;-0.02;0;0;-1
1;9;0.02;0.00;1;0;0
1;8;0.00;0.00;0;0;0
1;8;0.00;0.00;0;0;0
1;8;0.01;-0.02;0;0;-1
1;8;0.00;0.00;0;0;0
1;9;0.02;0.00;1;0;0
1;8;0.00;0.00;0;0;0
1;8;0.00;0.00;0;0;0
1;8;0.01;-0.02;0;0;-1
1;8;0.00;0.00;0;0;0
1;9;0.02;0.00;1;0;0
1;8;0.00;0.00;0;0;0
1;8;0.00;0.00;0;0;0
1;8;0.00;0.00;0;0;0
1;8;0.00;0.00;0;0;0
1;9;0.00;0.00;0;0;0
1;8;0.02;0.00;1;0;0
1;8;0.00;0.00;0;0;0
1;8;0.01;-0.02;0;0;-1
1;10;0.00;0.00;0;0;0
1;8;0.00;0.00;0;0;0
1;7;0.00;0.00;0;0;0
1;8;0.00;0.00;0;0;0
1;12;0.02;0.00;1;0;0
1;8;0.00;0.00;0;0;0
1;5;0.00;0.00;0;0;0
1;9;0.01;-0.02;0;0;-1
1;7;0.00;0.00;0;0;0
1;8;0.00;0.00;0;0;0
1;8;0.00;0.00;0;0;0
1;13;0.01;-0.02;0;0;-1
1;5;0.02;0.00;1;0;0
1;10;0.00;0.00;0;0;0
1;7;0.01;-0.02;0;0;-1
1;7;0.00;0.00;0;0;0
1;7;0.01;-0.02;0;0;-1
1;15;0.00;0.00;0;0;0
1;7;0.01;-0.02;0;0;-1
1;7;0.02;0.00;1;0;0
1;8;0.01;-0.02;0;0;-1
1;9;0.00;0.00;0;0;0
1;9;0.01;-0.02;0;0;-1
1;10;0.01;-0.02;0;0;-1
1;6;0.00;0.00;0;0;0
1;11;0.04;-0.02;1;0;-1
1;9;0.01;-0.02;0;0;-1
1;8;0.00;0.00;0;0;0
1;18;0.04;-0.02;1;0;-1
1;7;0.01;-0.02;0;0;-1
1;15;0.00;0.00;0;0;0
1;7;0.01;-0.02;0;0;-1
1;7;0.00;0.00;0;0;0
1;8;0.04;-0.02;1;0;-1
1;8;0.00;0.00;0;0;0
1;9;0.00;0.00;0;0;0
1;8;0.00;0.00;0;0;0
1;8;0.00;0.00;0;0;0
1;12;0.01;-0.02;0;0;-1
1;9;0.02;0.00;1;0;0
1;8;0.00;0.00;0;0;0
1;16;0.00;0.00;0;0;0
1;8;0.00;0.00;0;0;0
1;7;0.00;0.00;0;0;0
1;9;0.00;0.00;0;0;0
1;12;0.00;0.00;0;0;0
1;5;0.00;0.00;0;0;0
1;7;0.00;0.00;0;0;0
1;8;0.01;-0.02;0;0;-1
1;8;0.00;0.00;0;0;0
1;9;0.00;0.00;0;0;0
1;8;0.00;0.00;0;0;0
1;8;0.00;0.00;0;0;0
1;8;0.00;0.00;0;0;0
1;8;0.00;0.00;0;0;0
1;9;-0.01;-0.02;0;1;0
1;8;0.01;-0.02;0;0;-1
1;8;0.00;0.00;0;0;0
1;8;0.00;0.00;0;0;0
1;8;0.00;0.00;0;0;0
1;9;0.00;0.00;0;0;0
1;8;0.00;0.00;0;0;0
1;9;0.01;-0.02;0;0;-1
1;8;-0.01;-0.02;0;1;0
1;7;0.00;0.00;0;0;0
1;9;0.01;-0.02;0;0;-1
1;12;0.00;0.00;0;0;0
1;8;0.01;-0.02;0;0;-1
1;10;0.00;0.00;0;0;0
1;11;0.01;-0.02;0;0;-1
1;7;0.00;0.00;0;0;0
1;6;0.01;-0.02;0;0;-1
1;10;0.00;0.00;0;0;0
1;9;0.00;-0.04;0;1;-1
1;10;0.00;0.00;0;0;0
1;8;0.00;0.00;0;0;0
1;8;0.01;-0.02;0;0;-1
1;10;0.00;0.00;0;0;0
1;6;0.01;-0.02;0;0;-1
1;9;0.00;0.00;0;0;0
1;8;0.00;-0.04;0;1;-1
1;8;0.00;0.00;0;0;0
1;7;0.00;0.00;0;0;0
1;8;0.01;-0.02;0;0;-1
1;9;0.00;0.00;0;0;0
1;12;0.01;-0.02;0;0;-1
1;5;0.00;0.00;0;0;0
1;7;0.00;-0.04;0;1;-1
1;8;0.00;0.00;0;0;0
1;8;0.00;0.00;0;0;0
1;9;0.01;-0.02;0;0;-1
1;8;0.00;0.00;0;0;0
1;12;0.01;-0.02;0;0;-1
1;9;0.00;-0.04;0;1;-1
1;7;0.00;0.00;0;0;0
1;9;0.00;0.00;0;0;0
1;10;0.01;-0.02;0;0;-1
1;7;0.00;0.00;0;0;0
1;7;0.01;-0.02;0;0;-1
1;8;0.00;0.00;0;0;0
1;13;0.01;-0.02;0;0;-1
1;5;-0.01;-0.02;0;1;0
1;7;0.00;0.00;0;0;0
1;8;0.01;-0.02;0;0;-1
1;9;0.00;0.00;0;0;0
1;8;0.01;-0.02;0;0;-1
1;8;0.00;0.00;0;0;0
1;8;0.01;-0.02;0;0;-1
1;8;-0.01;-0.02;0;1;0
1;8;0.00;0.00;0;0;0
1;8;0.01;-0.02;0;0;-1
1;9;0.00;0.00;0;0;0
1;8;0.01;-0.02;0;0;-1
1;9;0.00;0.00;0;0;0
1;8;0.01;-0.02;0;0;-1
1;7;-0.01;-0.02;0;1;0
1;9;0.01;-0.02;0;0;-1
1;14;0.00;0.00;0;0;0
1;10;0.00;0.00;0;0;0
1;5;0.01;-0.02;0;0;-1
1;9;0.00;0.00;0;0;0
1;9;-0.01;-0.02;0;1;0
1;7;0.00;0.00;0;0;0
1;7;0.00;0.00;0;0;0
1;8;0.01;-0.02;0;0;-1
1;8;0.00;0.00;0;0;0
1;9;0.00;0.00;0;0;0
1;8;0.01;-0.02;1;1;0
1;8;0.00;0.00;0;0;0
1;8;0.00;0.00;0;0;0
1;8;0.00;0.00;0;0;0
1;10;0.00;0.00;0;0;0
1;7;0.00;0.00;0;0;0
1;8;0.00;0.00;0;0;0
1;8;0.00;0.00;0;0;0
1;8;-0.01;-0.02;0;1;0
1;12;0.00;0.00;0;0;0
1;6;0.00;0.00;0;0;0
1;7;0.01;-0.02;0;0;-1
1;8;0.00;0.00;0;0;0
1;11;0.00;0.00;0;0;0
1;7;0.01;-0.02;0;0;-1
1;7;0.00;0.00;0;0;0
1;8;0.00;0.00;0;0;0
1;12;0.00;-0.04;0;1;-1
1;5;0.01;-0.02;0;0;-1
1;9;0.00;0.00;0;0;0
1;8;0.01;-0.02;0;0;-1
1;10;0.00;0.00;0;0;0
1;6;0.01;-0.02;0;0;-1
1;7;0.00;0.00;0;0;0
1;8;0.01;-0.02;0;0;-1
1;9;0.00;0.00;0;0;0
1;8;0.00;-0.04;0;1;-1
1;10;0.01;-0.02;0;0;-1
1;7;0.00;0.00;0;0;0
1;7;0.01;-0.02;0;0;-1
1;9;0.00;0.00;0;0;0
1;9;0.01;-0.02;0;0;-1
1;7;-0.01;-0.02;0;1;0
1;8;0.01;-0.02;0;0;-1
1;8;0.00;0.00;0;0;0
1;11;0.01;-0.02;0;0;-1
1;7;0.00;0.00;0;0;0
1;7;0.01;-0.02;0;0;-1
1;8;-0.01;-0.02;0;1;0
1;8;0.01;-0.02;0;0;-1
1;9;0.00;0.00;0;0;0
1;8;0.00;0.00;0;0;0
1;8;0.00;0.00;0;0;0
1;8;0.01;-0.02;0;0;-1
1;11;-0.01;-0.02;0;1;0
1;7;0.00;0.00;0;0;0
1;7;0.00;0.00;0;0;0
1;8;0.00;0.00;0;0;0
1;8;-0.01;-0.02;0;1;0
1;8;0.01;-0.02;0;0;-1
1;8;0.00;0.00;0;0;0
1;9;0.00;0.00;0;0;0
1;8;0.00;0.00;0;0;0
1;8;0.00;0.00;0;0;0
1;11;0.00;0.00;0;0;0
1;6;-0.01;-0.02;0;1;0
1;8;0.00;0.00;0;0;0
1;8;0.00;0.00;0;0;0
1;13;0.00;0.00;0;0;0
1;7;0.00;0.00;0;0;0
1;8;0.01;-0.02;0;0;-1
1;9;0.00;0.00;0;0;0
1;8;0.00;0.00;0;0;0
1;8;0.00;0.00;0;0;0
1;8;-0.01;-0.02;0;1;0
1;8;0.00;0.00;0;0;0
1;9;0.00;0.00;0;0;0
1;8;0.01;-0.02;0;0;-1
1;8;0.00;0.00;0;0;0
1;11;0.00;0.00;0;0;0
1;6;-0.01;-0.02;0;1;0
1;8;0.00;0.00;0;0;0
1;8;0.01;-0.02;0;0;-1
1;8;0.00;0.00;0;0;0
1;8;0.00;0.00;0;0;0
1;11;-0.01;-0.02;0;1;0
1;7;0.00;0.00;0;0;0
1;7;0.00;0.00;0;0;0
1;8;0.01;-0.02;0;0;-1
1;10;0.00;0.00;0;0;0
1;7;0.00;0.00;0;0;0
1;8;0.00;0.00;0;0;0
1;8;-0.01;-0.02;0;1;0
1;11;0.01;-0.02;0;0;-1
1;8;0.00;0.00;0;0;0
1;8;0.00;0.00;0;0;0
1;6;0.00;0.00;0;0;0
1;11;0.00;0.00;0;0;0
1;6;0.00;0.00;0;0;0
1;7;-0.01;-0.02;0;1;0
1;8;0.01;-0.02;0;0;-1
1;16;0.00;0.00;0;0;0
1;6;0.00;0.00;0;0;0
1;7;0.00;0.00;0;0;0
1;8;-0.01;-0.02;0;1;0
1;8;0.00;0.00;0;0;0
1;8;0.01;-0.02;0;0;-1
1;12;0.00;0.00;0;0;0
1;9;0.00;0.00;0;0;0
1;5;0.00;0.00;0;0;0
1;7;0.00;0.00;0;0;0
1;8;-0.01;-0.02;0;1;0
1;10;0.00;0.00;0;0;0
1;7;0.01;-0.02;0;0;-1
1;8;0.00;0.00;0;0;0
1;8;0.00;0.00;0;0;0
1;10;0.00;0.00;0;0;0
1;7;-0.01;-0.02;0;1;0
1;8;0.00;0.00;0;0;0
1;8;0.00;0.00;0;0;0
1;12;0.01;-0.02;0;0;-1
1;5;0.00;0.00;0;0;0
1;8;0.00;0.00;0;0;0
1;8;0.00;0.00;0;0;0
1;11;-0.01;-0.02;0;1;0
1;6;0.00;0.00;0;0;0
1;7;0.01;-0.02;0;0;-1
1;9;0.00;0.00;0;0;0
1;10;0.00;0.00;0;0;0
1;7;0.00;0.00;0;0;0
1;7;-0.01;-0.02;0;1;0
1;8;0.00;0.00;0;0;0
1;8;0.00;0.00;0;0;0
1;9;0.01;-0.02;0;0;-1
1;11;0.00;0.00;0;0;0
1;6;0.00;0.00;0;0;0
1;7;-0.01;-0.02;0;1;0
1;8;0.00;0.00;0;0;0
1;10;0.00;0.00;0;0;0
1;7;0.00;0.00;0;0;0
1;8;0.01;-0.02;0;0;-1
1;12;0.00;0.00;0;0;0
1;5;0.00;0.00;0;0;0
1;8;0.00;0.00;0;0;0
1;8;-0.01;-0.02;0;1;0
1;11;0.00;0.00;0;0;0
1;6;0.01;-0.02;0;0;-1
1;8;0.00;0.00;0;0;0
1;9;0.00;0.00;0;0;0
1;11;0.00;0.00;0;0;0
1;5;0.00;0.00;0;0;0
1;7;-0.01;-0.02;0;1;0
1;8;0.00;0.00;0;0;0
1;9;0.01;-0.02;0;0;-1
1;9;0.00;0.00;0;0;0
1;7;0.00;0.00;0;0;0
1;8;0.00;0.00;0;0;0
1;11;-0.01;-0.02;0;1;0
1;6;0.00;0.00;0;0;0
1;8;0.00;0.00;0;0;0
1;8;0.01;-0.02;0;0;-1
1;9;0.00;0.00;0;0;0
1;7;0.00;0.00;0;0;0
1;8;-0.01;-0.02;0;1;0
1;9;0.00;0.00;0;0;0
1;8;0.00;0.00;0;0;0
1;8;0.00;0.00;0;0;0
1;8;0.01;-0.02;0;0;-1
1;8;0.00;0.00;0;0;0
1;9;-0.01;-0.02;0;1;0
1;8;0.00;0.00;0;0;0
1;8;0.00;0.00;0;0;0
1;8;0.01;-0.02;0;0;-1
1;14;0.00;0.00;0;0;0
1;14;-0.01;-0.02;0;1;0
1;6;0.00;0.00;0;0;0
1;7;0.00;0.00;0;0;0
1;8;0.01;-0.02;0;0;-1
1;8;0.00;0.00;0;0;0
1;9;0.00;0.00;0;0;0
1;8;-0.01;-0.02;0;1;0
1;8;0.00;0.00;0;0;0
1;8;0.00;0.00;0;0;0
1;8;0.00;0.00;0;0;0
1;9;0.01;-0.02;0;0;-1
1;11;-0.01;-0.02;0;1;0
1;6;0.00;0.00;0;0;0
1;7;0.00;0.00;0;0;0
1;8;0.00;0.00;0;0;0
1;13;0.01;-0.02;0;0;-1
1;8;0.00;0.00;0;0;0
1;8;0.00;0.00;0;0;0
1;8;-0.01;-0.02;0;1;0
1;9;0.00;0.00;0;0;0
1;8;0.00;0.00;0;0;0
1;8;0.00;0.00;0;0;0
1;8;0.01;-0.02;0;0;-1
1;8;0.00;0.00;0;0;0
1;12;-0.01;-0.02;0;1;0
1;6;0.00;0.00;0;0;0
1;7;0.00;0.00;0;0;0
1;8;0.01;-0.02;0;0;-1
1;8;0.00;0.00;0;0;0
1;8;0.00;0.00;0;0;0
1;12;-0.01;-0.02;0;1;0
1;6;0.00;0.00;0;0;0
1;7;0.00;0.00;0;0;0
1;8;0.00;0.00;0;0;0
1;11;0.01;-0.02;0;0;-1
1;7;0.00;0.00;0;0;0
1;7;0.00;0.00;0;0;0
1;8;-0.01;-0.02;0;1;0
1;10;0.00;0.00;0;0;0
1;7;0.00;0.00;0;0;0
1;8;0.01;-0.02;0;0;-1
1;8;0.00;0.00;0;0;0
1;11;0.00;0.00;0;0;0
1;5;-0.01;-0.02;0;1;0
1;8;0.00;0.00;0;0;0
1;8;0.00;0.00;0;0;0
1;11;0.00;0.00;0;0;0
1;6;0.01;-0.02;0;0;-1
1;8;0.00;0.00;0;0;0
1;8;0.00;0.00;0;0;0
1;10;-0.01;-0.02;0;1;0
1;11;0.00;0.00;0;0;0
1;5;0.00;0.00;0;0;0
1;7;0.00;0.00;0;0;0
1;8;0.01;-0.02;0;0;-1
1;9;0.00;0.00;0;0;0
1;10;0.00;0.00;0;0;0
1;7;-0.01;-0.02;0;1;0
1;7;0.00;0.00;0;0;0
1;8;0.00;0.00;0;0;0
1;8;0.00;0.00;0;0;0
1;9;0.00;0.00;0;0;0
1;8;0.01;-0.02;0;0;-1
1;8;0.00;0.00;0;0;0
1;14;-0.01;-0.02;0;1;0
1;7;0.00;0.00;0;0;0
1;8;0.00;0.00;0;0;0
1;10;0.00;0.00;0;0;0
1;6;0.00;0.00;0;0;0
1;8;0.01;-0.02;0;0;-1
1;8;0.00;0.00;0;0;0
1;10;-0.01;-0.02;0;1;0
1;12;0.00;0.00;0;0;0
1;8;0.00;0.00;0;0;0
1;10;0.00;0.00;0;0;0
1;6;0.01;-0.02;0;0;-1
1;8;0.00;0.00;0;0;0
1;11;-0.01;-0.02;0;1;0
1;8;0.00;0.00;0;0;0
1;6;0.00;0.00;0;0;0
1;7;0.00;0.00;0;0;0
1;9;0.00;0.00;0;0;0
1;12;0.01;-0.02;0;0;-1
1;5;0.00;0.00;0;0;0
1;7;0.00;0.00;0;0;0
1;8;-0.01;-0.02;0;1;0
1;11;0.00;0.00;0;0;0
1;7;0.00;0.00;0;0;0
1;7;0.01;-0.02;0;0;-1
1;8;0.00;0.00;0;0;0
1;15;0.00;0.00;0;0;0
1;6;-0.01;-0.02;0;1;0
1;8;0.00;0.00;0;0;0
1;11;0.00;0.00;0;0;0
1;6;0.00;0.00;0;0;0
1;7;0.01;-0.02;0;0;-1
1;9;0.00;0.00;0;0;0
1;11;-0.01;-0.02;0;1;0
1;5;0.00;0.00;0;0;0
1;8;0.00;0.00;0;0;0
1;8;0.00;0.00;0;0;0
1;9;0.00;0.00;0;0;0
1;8;0.01;-0.02;0;0;-1
1;9;0.00;0.00;0;0;0
1;8;-0.01;-0.02;0;1;0
1;7;0.00;0.00;0;0;0
1;8;0.00;0.00;0;0;0
1;9;0.00;0.00;0;0;0
1;8;0.01;-0.02;0;0;-1
1;8;0.00;0.00;0;0;0
1;8;0.00;0.00;0;0;0
1;9;0.00;0.00;0;0;0
1;8;-0.01;-0.02;0;1;0
1;8;0.00;0.00;0;0;0
1;8;0.00;0.00;0;0;0
1;8;0.01;-0.02;0;0;-1
1;8;0.00;0.00;0;0;0
1;9;0.00;0.00;0;0;0
1;8;0.00;0.00;0;0;0
1;8;-0.01;-0.02;0;1;0
1;8;0.00;0.00;0;0;0
1;8;0.00;0.00;0;0;0
1;9;0.00;0.00;0;0;0
1;9;0.01;-0.02;0;0;-1
1;7;0.00;0.00;0;0;0
1;8;0.00;0.00;0;0;0
1;8;-0.01;-0.02;0;1;0
1;10;0.00;0.00;0;0;0
1;7;0.00;0.00;0;0;0
1;8;0.00;0.00;0;0;0
1;12;0.01;-0.02;0;0;-1
1;4;0.00;0.00;0;0;0
1;8;0.00;0.00;0;0;0
1;9;0.00;0.00;0;0;0
1;11;-0.01;-0.02;0;1;0
1;6;0.00;0.00;0;0;0
1;7;0.01;-0.02;0;0;-1
1;8;0.00;0.00;0;0;0
1;12;0.00;0.00;0;0;0
1;6;0.00;0.00;0;0;0
1;7;0.00;0.00;0;0;0
1;8;-0.01;-0.02;0;1;0
1;12;0.01;-0.02;0;0;-1
1;9;-0.01;-0.02;0;1;0
1;10;0.00;0.00;0;0;0
1;6;0.00;0.00;0;0;0
1;8;0.00;0.00;0;0;0
1;8;-0.01;-0.02;0;1;0
1;9;0.00;0.00;0;0;0
1;8;0.00;0.00;0;0;0
1;8;0.01;-0.02;0;0;-1
1;8;0.00;0.00;0;0;0
1;8;-0.01;-0.02;0;1;0
1;9;0.00;0.00;0;0;0
1;8;0.00;0.00;0;0;0
1;9;0.00;0.00;0;0;0
1;8;0.01;-0.02;0;0;-1
1;7;0.00;0.00;0;0;0
1;9;0.00;0.00;0;0;0
1;11;0.00;0.00;0;0;0
1;6;0.00;0.00;0;0;0
1;7;-0.01;-0.02;0;1;0
1;8;0.01;-0.02;0;0;-1
1;11;0.00;0.00;0;0;0
1;6;0.00;0.00;0;0;0
1;8;0.00;0.00;0;0;0
1;8;0.00;0.00;0;0;0
1;9;0.00;0.00;0;0;0
1;7;-0.01;-0.02;0;1;0
1;12;0.00;0.00;0;0;0
1;6;0.01;-0.02;0;0;-1
1;9;0.00;0.00;0;0;0
1;6;0.00;0.00;0;0;0
1;8;0.00;0.00;0;0;0
1;9;-0.01;-0.02;0;1;0
1;9;0.00;0.00;0;0;0
1;7;0.00;0.00;0;0;0
1;8;0.01;-0.02;0;0;-1
1;8;-0.01;-0.02;0;1;0
1;11;0.00;0.00;0;0;0
1;7;-0.01;-0.02;0;1;0
1;7;0.00;0.00;0;0;0
1;14;-0.01;-0.02;0;1;0
1;7;0.00;0.00;0;0;0
1;8;-0.01;-0.02;0;1;0
1;8;0.00;0.00;0;0;0
1;8;0.00;-0.04;0;1;-1
1;8;0.00;0.00;0;0;0
1;8;-0.01;-0.02;0;1;0
1;9;0.00;0.00;0;0;0
1;10;-0.01;-0.02;0;1;0
1;6;0.00;0.00;0;0;0
1;8;0.00;-0.04;0;1;-1
1;8;0.00;0.00;0;0;0
1;10;-0.01;-0.02;0;1;0
1;11;0.00;0.00;0;0;0
1;5;-0.01;-0.02;0;1;0
1;7;0.01;-0.02;0;0;-1
1;8;0.00;0.00;0;0;0
1;9;-0.01;-0.02;0;1;0
1;9;0.00;0.00;0;0;0
1;7;-0.01;-0.02;0;1;0
1;8;0.01;-0.02;0;0;-1
1;9;0.00;0.00;0;0;0
1;8;-0.01;-0.02;0;1;0
1;8;0.00;0.00;0;0;0
1;8;0.00;0.00;0;0;0
1;8;0.00;0.00;0;0;0
1;9;0.00;-0.04;0;1;-1
1;8;0.00;0.00;0;0;0
1;8;0.00;0.00;0;0;0
1;10;0.00;0.00;0;0;0
1;6;0.00;0.00;0;0;0
1;8;0.00;0.00;0;0;0
1;8;0.01;-0.02;0;0;-1
1;12;0.00;0.00;0;0;0
1;8;0.00;0.00;0;0;0
1;5;0.00;0.00;0;0;0
1;8;-0.01;-0.02;0;1;0
1;8;0.00;0.00;0;0;0
1;9;0.00;0.00;0;0;0
1;8;0.00;0.00;0;0;0
1;8;0.00;0.00;0;0;0
1;8;0.00;0.00;0;0;0
1;8;0.00;-0.04;0;1;-1
1;9;0.00;0.00;0;0;0
1;8;0.00;0.00;0;0;0
1;10;0.00;0.00;0;0;0
1;6;0.00;0.00;0;0;0
1;8;0.00;0.00;0;0;0
1;8;0.00;0.00;0;0;0
1;12;0.00;-0.04;0;1;-1
1;5;0.00;0.00;0;0;0
1;8;0.00;0.00;0;0;0
1;8;0.00;0.00;0;0;0
1;9;0.00;0.00;0;0;0
1;9;0.00;0.00;0;0;0
1;7;0.00;0.00;0;0;0
1;8;0.01;-0.02;0;0;-1
1;8;-0.01;-0.02;0;1;0
1;8;0.00;0.00;0;0;0
1;9;0.00;0.00;0;0;0
1;8;0.00;0.00;0;0;0
1;9;0.00;0.00;0;0;0
1;7;0.00;0.00;0;0;0
1;8;-0.01;-0.02;0;1;0
1;9;0.01;-0.02;0;0;-1
1;8;0.00;0.00;0;0;0
1;8;0.00;0.00;0;0;0
1;11;0.00;0.00;0;0;0
1;13;-0.01;-0.02;0;1;0
1;9;0.00;0.00;0;0;0
1;8;0.01;-0.02;0;0;-1
1;8;0.00;0.00;0;0;0
1;8;0.00;0.00;0;0;0
1;12;0.00;0.00;0;0;0
1;5;0.00;0.00;0;0;0
1;8;0.00;0.00;0;0;0
1;8;0.00;-0.04;0;1;-1
1;8;0.00;0.00;0;0;0
1;8;0.00;0.00;0;0;0
1;9;-0.01;-0.02;0;1;0
1;8;0.00;0.00;0;0;0
1;8;-0.01;-0.02;0;1;0
1;8;0.01;-0.02;0;0;-1
1;8;-0.01;-0.02;0;1;0
1;9;0.00;0.00;0;0;0
1;11;-0.01;-0.02;0;1;0
1;5;0.00;0.00;0;0;0
1;8;-0.01;-0.02;0;1;0
1;8;-0.01;-0.02;0;1;0
1;15;-0.01;-0.02;0;1;0
1;6;0.01;-0.02;0;0;-1
1;8;-0.01;-0.02;0;1;0
1;13;0.00;0.00;0;0;0
1;7;-0.01;-0.02;0;1;0
1;9;0.01;-0.02;0;0;-1
1;8;-0.01;-0.02;0;1;0
1;10;0.00;0.00;0;0;0
1;6;0.00;0.00;0;0;0
1;8;-0.01;-0.02;0;1;0
1;9;0.01;-0.02;0;0;-1
1;8;0.00;0.00;0;0;0
1;8;0.00;0.00;0;0;0
1;8;0.00;0.00;0;0;0
1;8;0.01;-0.02;0;0;-1
1;11;0.00;0.00;0;0;0
1;8;-0.01;-0.02;0;1;0
1;10;0.00;0.00;0;0;0
1;8;0.00;0.00;0;0;0
1;8;0.00;0.00;0;0;0
1;9;0.01;-0.02;0;0;-1
1;8;0.00;0.00;0;0;0
1;9;0.00;0.00;0;0;0
1;7;0.00;0.00;0;0;0
1;11;0.00;0.00;0;0;0
1;7;0.00;0.00;0;0;0
1;7;-0.01;-0.02;0;1;0
1;8;0.00;0.00;0;0;0
1;12;0.00;0.00;0;0;0
1;8;0.00;0.00;0;0;0
1;9;0.00;0.00;0;0;0
1;11;0.00;-0.04;0;1;-1
1;5;0.00;0.00;0;0;0
1;8;0.00;0.00;0;0;0
1;8;0.00;0.00;0;0;0
1;12;0.00;0.00;0;0;0
1;5;0.00;0.00;0;0;0
1;8;0.00;-0.04;0;1;-1
1;8;0.00;0.00;0;0;0
1;8;0.00;0.00;0;0;0
1;9;0.00;0.00;0;0;0
1;8;0.00;0.00;0;0;0
1;8;0.01;-0.02;0;0;-1
1;10;-0.01;-0.02;0;1;0
1;6;0.00;0.00;0;0;0
1;9;0.00;0.00;0;0;0
1;8;0.00;0.00;0;0;0
1;8;0.00;0.00;0;0;0
1;8;0.01;-0.02;0;0;-1
1;8;0.00;0.00;0;0;0
1;9;-0.01;-0.02;0;1;0
1;9;0.00;0.00;0;0;0
1;7;0.00;0.00;0;0;0
1;8;0.00;0.00;0;0;0
1;8;0.00;0.00;0;0;0
1;12;0.01;-0.02;0;0;-1
1;5;-0.01;-0.02;0;1;0
1;8;0.00;0.00;0;0;0
1;8;0.00;0.00;0;0;0
1;8;0.00;0.00;0;0;0
1;8;-0.01;-0.02;0;1;0
1;9;0.00;0.00;0;0;0
1;8;0.01;-0.02;0;0;-1
1;8;-0.01;-0.02;0;1;0
1;8;0.00;0.00;0;0;0
1;8;-0.01;-0.02;0;1;0
1;12;-0.01;-0.02;0;1;0
1;5;0.00;0.00;0;0;0
1;8;0.00;0.00;0;0;0
1;8;-0.01;-0.02;0;1;0
1;8;0.00;-0.04;0;1;-1
1;9;0.00;0.00;0;0;0
1;10;-0.01;-0.02;0;1;0
1;6;0.00;0.00;0;0;0
1;11;-0.01;-0.02;0;1;0
1;7;0.01;-0.02;0;0;-1
1;10;-0.01;-0.02;0;1;0
1;5;0.00;0.00;0;0;0
1;8;0.00;0.00;0;0;0
1;8;0.00;0.00;0;0;0
1;11;0.00;-0.04;0;1;-1
1;9;0.00;0.00;0;0;0
1;5;0.00;0.00;0;0;0
1;8;0.00;0.00;0;0;0
1;9;0.01;-0.02;0;0;-1
1;7;0.00;0.00;0;0;0
1;8;0.00;0.00;0;0;0
1;9;-0.01;-0.02;0;1;0
1;9;0.01;-0.02;0;0;-1
1;8;0.00;0.00;0;0;0
1;8;0.00;0.00;0;0;0
1;7;0.00;0.00;0;0;0
1;9;0.00;0.00;0;0;0
1;8;0.00;0.00;0;0;0
1;8;0.00;0.00;0;0;0
1;11;0.01;-0.02;0;0;-1
1;7;-0.01;-0.02;0;1;0
1;7;0.00;0.00;0;0;0
1;8;0.00;0.00;0;0;0
1;8;0.00;0.00;0;0;0
1;8;0.00;0.00;0;0;0
1;8;0.00;0.00;0;0;0
1;8;-0.01;-0.02;0;1;0
1;9;0.00;0.00;0;0;0
1;8;0.00;0.00;0;0;0
1;8;0.01;-0.02;0;0;-1
1;8;0.00;0.00;0;0;0
1;8;0.00;0.00;0;0;0
1;12;-0.01;-0.02;0;1;0
1;5;0.00;0.00;0;0;0
1;8;0.00;0.00;0;0;0
1;11;0.01;-0.02;0;0;-1
1;5;0.00;0.00;0;0;0
1;9;0.00;0.00;0;0;0
1;8;0.00;0.00;0;0;0
1;11;-0.01;-0.02;0;1;0
1;5;0.01;-0.02;0;0;-1
1;8;0.00;0.00;0;0;0
1;9;0.00;0.00;0;0;0
1;8;0.00;0.00;0;0;0
1;8;0.00;0.00;0;0;0
1;14;0.00;-0.04;0;1;-1
1;8;0.00;0.00;0;0;0
1;7;0.00;0.00;0;0;0
1;8;0.00;0.00;0;0;0
1;8;0.00;0.00;0;0;0
1;8;0.00;0.00;0;0;0
1;8;-0.01;-0.02;0;1;0
1;12;0.01;-0.02;0;0;-1
1;6;0.00;0.00;0;0;0
1;7;0.00;0.00;0;0;0
1;8;0.00;0.00;0;0;0
1;11;0.00;0.00;0;0;0
1;6;0.00;0.00;0;0;0
1;11;0.00;-0.04;0;1;-1
1;6;0.00;0.00;0;0;0
1;10;0.00;0.00;0;0;0
1;5;0.00;0.00;0;0;0
1;9;0.00;0.00;0;0;0
1;8;0.00;0.00;0;0;0
1;8;-0.01;-0.02;0;1;0
1;8;0.01;-0.02;0;0;-1
1;8;0.00;0.00;0;0;0
1;8;0.00;0.00;0;0;0
1;9;0.00;0.00;0;0;0
1;8;0.00;0.00;0;0;0
1;8;-0.01;-0.02;0;1;0
1;9;0.01;-0.02;0;0;-1
1;10;0.00;0.00;0;0;0
1;6;0.00;0.00;0;0;0
1;8;0.00;0.00;0;0;0
1;8;0.00;0.00;0;0;0
1;9;0.00;0.00;0;0;0
1;7;0.00;-0.04;0;1;-1
1;9;0.00;0.00;0;0;0
1;8;0.00;0.00;0;0;0
1;8;0.00;0.00;0;0;0
1;8;0.00;0.00;0;0;0
1;8;0.00;0.00;0;0;0
1;9;0.00;-0.04;0;1;-1
1;8;0.00;0.00;0;0;0
1;12;0.00;0.00;0;0;0
1;9;0.00;0.00;0;0;0
1;10;0.00;0.00;0;0;0
1;6;0.00;0.00;0;0;0
1;8;0.00;-0.04;0;1;-1
1;8;0.00;0.00;0;0;0
1;8;0.00;0.00;0;0;0
1;8;0.00;0.00;0;0;0
1;11;0.00;0.00;0;0;0
1;6;0.00;0.00;0;0;0
1;8;0.01;-0.02;0;0;-1
1;8;-0.01;-0.02;0;1;0
1;10;0.00;0.00;0;0;0
1;10;0.00;0.00;0;0;0
1;5;0.00;0.00;0;0;0
1;8;0.00;0.00;0;0;0
1;8;0.01;-0.02;0;0;-1
1;8;-0.01;-0.02;0;1;0
1;8;0.00;0.00;0;0;0
1;9;0.00;0.00;0;0;0
1;8;0.00;0.00;0;0;0
1;8;0.01;-0.02;0;0;-1
1;8;0.00;0.00;0;0;0
1;8;0.00;0.00;0;0;0
1;10;-0.01;-0.02;0;1;0
1;7;0.00;0.00;0;0;0
1;9;0.00;0.00;0;0;0
1;10;0.01;-0.02;0;0;-1
1;5;0.00;0.00;0;0;0
1;9;0.00;0.00;0;0;0
1;8;0.00;0.00;0;0;0
1;11;-0.01;-0.02;0;1;0
1;6;0.00;0.00;0;0;0
1;7;0.00;0.00;0;0;0
1;9;0.01;-0.02;0;0;-1
1;12;0.00;0.00;0;0;0
1;9;0.00;0.00;0;0;0
1;10;-0.01;-0.02;0;1;0
1;5;0.00;0.00;0;0;0
1;21;0.01;-0.02;0;0;-1
1;9;0.00;0.00;0;0;0
1;7;0.00;0.00;0;0;0
1;9;-0.01;-0.02;0;1;0
1;9;0.00;0.00;0;0;0
1;9;0.00;0.00;0;0;0
1;6;0.01;-0.02;0;0;-1
1;10;0.00;0.00;0;0;0
1;8;0.00;0.00;0;0;0
1;9;0.00;0.00;0;0;0
1;9;-0.01;-0.02;0;1;0
1;7;0.00;0.00;0;0;0
1;7;0.00;0.00;0;0;0
1;7;0.01;-0.02;0;0;-1
1;9;0.00;0.00;0;0;0
1;8;0.00;0.00;0;0;0
1;8;0.00;0.00;0;0;0
1;8;0.00;0.00;0;0;0
1;8;-0.01;-0.02;0;1;0
1;9;0.00;0.00;0;0;0
1;8;0.01;-0.02;0;0;-1
1;8;0.00;0.00;0;0;0
1;8;0.00;0.00;0;0;0
1;8;0.00;0.00;0;0;0
1;8;0.00;0.00;0;0;0
1;9;-0.01;-0.02;0;1;0
1;8;0.00;0.00;0;0;0
1;8;0.01;-0.02;0;0;-1
1;8;0.00;0.00;0;0;0
1;8;0.00;0.00;0;0;0
1;9;0.00;0.00;0;0;0
1;8;0.00;0.00;0;0;0
1;8;0.00;0.00;0;0;0
1;8;-0.01;-0.02;0;1;0
1;8;0.00;0.00;0;0;0
1;9;0.00;0.00;0;0;0
1;8;0.00;0.00;0;0;0
1;8;0.00;0.00;0;0;0
1;8;0.01;-0.02;0;0;-1
1;8;0.00;0.00;0;0;0
1;9;-0.01;-0.02;0;1;0
1;8;0.00;0.00;0;0;0
1;8;0.00;0.00;0;0;0
1;8;0.00;0.00;0;0;0
1;8;0.00;0.00;0;0;0
1;9;0.00;0.00;0;0;0
1;8;-0.01;-0.02;0;1;0
1;8;-0.02;0.00;-1;0;0
1;8;0.00;0.00;0;0;0
1;8;-0.01;-0.02;0;1;0
1;8;0.00;0.00;0;0;0
1;10;-0.01;-0.02;0;1;0
1;8;0.00;0.00;0;0;0
1;7;0.00;0.00;0;0;0
1;8;-0.04;-0.02;-1;1;0
1;8;0.00;0.00;0;0;0
1;9;-0.01;-0.02;0;1;0
1;8;0.00;0.00;0;0;0
1;8;0.00;0.00;0;0;0
1;8;-0.01;-0.02;0;1;0
1;8;0.00;0.00;0;0;0
1;9;-0.01;-0.02;0;1;0
1;8;0.00;0.00;0;0;0
1;8;-0.04;-0.02;-1;1;0
1;8;0.00;0.00;0;0;0
1;11;-0.01;-0.02;0;1;0
1;8;0.01;-0.02;0;0;-1
1;6;0.00;0.00;0;0;0
1;8;-0.01;-0.02;0;1;0
1;8;0.00;0.00;0;0;0
1;8;-0.04;-0.02;-1;1;0
1;9;0.00;0.00;0;0;0
1;11;-0.01;-0.02;0;1;0
1;5;0.00;0.00;0;0;0
1;8;0.00;0.00;0;0;0
1;8;-0.01;-0.02;0;1;0
1;12;-0.02;0.00;-1;0;0
1;5;-0.01;-0.02;0;1;0
1;11;0.00;0.00;0;0;0
1;5;-0.01;-0.02;0;1;0
1;10;0.00;0.00;0;0;0
1;6;0.00;0.00;0;0;0
1;10;0.00;0.00;0;0;0
1;7;-0.01;-0.02;0;1;0
1;8;0.00;0.00;0;0;0
1;8;-0.02;0.00;-1;0;0
1;8;0.00;0.00;0;0;0
1;13;0.00;0.00;0;0;0
1;9;0.00;0.00;0;0;0
1;7;0.00;0.00;0;0;0
1;11;0.00;0.00;0;0;0
1;18;-0.01;-0.02;0;1;0
1;11;-0.02;0.00;-1;0;0
1;5;0.00;0.00;0;0;0
1;9;0.00;0.00;0;0;0
1;8;0.00;0.00;0;0;0
1;8;0.00;0.00;0;0;0
1;8;0.00;0.00;0;0;0
1;8;-0.01;-0.02;0;1;0
1;9;0.00;0.00;0;0;0
1;7;0.00;0.00;0;0;0
1;9;0.00;0.00;0;0;0
1;10;0.00;0.00;0;0;0
1;10;0.00;0.00;0;0;0
1;10;-0.04;-0.02;-1;1;0
1;11;0.00;0.00;0;0;0
1;8;0.00;0.00;0;0;0
1;8;0.00;0.00;0;0;0
1;8;0.00;0.00;0;0;0
1;8;0.00;0.00;0;0;0
1;9;-0.04;-0.02;-1;1;0
1;9;0.00;0.00;0;0;0
1;7;0.00;0.00;0;0;0
1;8;0.00;0.00;0;0;0
1;8;0.00;0.00;0;0;0
1;12;0.00;0.00;0;0;0
1;9;-0.04;-0.02;-1;1;0
1;8;0.00;0.00;0;0;0
1;8;0.00;0.00;0;0;0
1;8;0.00;0.00;0;0;0
1;9;0.00;0.00;0;0;0
1;8;-0.01;-0.02;0;1;0
1;9;0.00;0.00;0;0;0
1;8;-0.02;0.00;-1;0;0
1;7;0.00;0.00;0;0;0
1;9;0.00;0.00;0;0;0
1;8;0.00;0.00;0;0;0
1;8;0.00;0.00;0;0;0
1;9;-0.01;-0.02;0;1;0
1;7;-0.02;0.00;-1;0;0
1;10;0.00;0.00;0;0;0
1;7;0.00;0.00;0;0;0
1;8;0.00;0.00;0;0;0
1;8;-0.01;-0.02;0;1;0
1;8;0.00;0.00;0;0;0
1;8;0.00;0.00;0;0;0
1;9;-0.04;-0.02;-1;1;0
1;11;0.00;0.00;0;0;0
1;5;-0.01;-0.02;0;1;0
1;8;0.00;0.00;0;0;0
1;8;-0.01;-0.02;0;1;0
1;9;0.00;0.00;0;0;0
1;8;-0.01;-0.02;0;1;0
1;8;-0.01;-0.02;0;1;0
1;8;0.00;0.00;0;0;0
1;9;-0.04;-0.02;-1;1;0
1;8;0.00;0.00;0;0;0
1;8;-0.01;-0.02;0;1;0
1;8;0.00;0.00;0;0;0
1;10;-0.01;-0.02;0;1;0
1;6;-0.02;0.00;-1;0;0
1;9;0.00;0.00;0;0;0
1;8;0.00;0.00;0;0;0
1;9;0.00;0.00;0;0;0
1;9;0.00;0.00;0;0;0
1;8;0.00;0.00;0;0;0
1;11;0.00;0.00;0;0;0
1;8;-0.04;-0.02;-1;1;0
1;12;0.00;0.00;0;0;0
1;9;0.00;0.00;0;0;0
1;7;0.00;0.00;0;0;0
1;11;0.00;0.00;0;0;0
1;7;0.00;0.00;0;0;0
1;8;0.00;0.00;0;0;0
1;7;0.00;0.00;0;0;0
1;8;0.00;0.00;0;0;0
1;19;-0.01;-0.02;0;1;0
1;7;0.00;0.00;0;0;0
1;13;0.00;0.00;0;0;0
1;6;0.00;0.00;0;0;0
1;9;0.00;0.00;0;0;0
1;8;0.00;0.00;0;0;0
1;13;-0.01;-0.02;0;1;0
1;7;0.00;0.00;0;0;0
1;11;0.00;0.00;0;0;0
1;7;0.00;0.00;0;0;0
1;7;0.00;0.00;0;0;0
1;8;0.00;0.00;0;0;0
1;8;0.00;0.00;0;0;0
1;21;-0.01;-0.02;0;1;0
1;8;0.00;0.00;0;0;0
1;8;0.00;0.00;0;0;0
1;18;0.00;0.00;0;0;0
1;9;-0.01;-0.02;0;1;0
1;6;0.00;0.00;0;0;0
1;9;0.00;0.00;0;0;0
1;7;0.00;0.00;0;0;0
1;9;0.00;0.00;0;0;0
1;8;0.00;0.00;0;0;0
1;10;-0.01;-0.02;0;1;0
1;13;0.00;0.00;0;0;0
1;5;0.00;0.00;0;0;0
1;9;0.00;0.00;0;0;0
1;8;0.00;0.00;0;0;0
1;8;0.00;0.00;0;0;0
1;8;-0.01;-0.02;0;1;0
1;8;0.00;0.00;0;0;0
1;9;0.00;0.00;0;0;0
1;8;0.00;0.00;0;0;0
1;8;0.00;0.00;0;0;0
1;8;0.00;0.00;0;0;0
1;8;-0.02;0.00;-1;0;0
1;10;0.00;0.00;0;0;0
1;7;-0.01;-0.02;0;1;0
1;8;0.00;0.00;0;0;0
1;10;0.00;0.00;0;0;0
1;6;0.00;0.00;0;0;0
1;8;-0.02;0.00;-1;0;0
1;9;0.00;0.00;0;0;0
1;8;0.00;0.00;0;0;0
1;8;-0.01;-0.02;0;1;0
1;8;0.00;0.00;0;0;0
1;8;0.00;0.00;0;0;0
1;9;0.00;0.00;0;0;0
1;8;-0.02;0.00;-1;0;0
1;8;0.00;0.00;0;0;0
1;11;-0.01;-0.02;0;1;0
1;9;0.00;0.00;0;0;0
1;9;0.00;0.00;0;0;0
1;8;0.00;0.00;0;0;0
1;8;-0.02;0.00;-1;0;0
1;8;-0.01;-0.02;0;1;0
1;8;0.00;0.00;0;0;0
1;9;0.00;0.00;0;0;0
1;8;0.00;0.00;0;0;0
1;8;0.00;0.00;0;0;0
1;11;-0.02;0.00;-1;0;0
1;5;0.00;0.00;0;0;0
1;14;-0.01;-0.02;0;1;0
1;7;0.00;0.00;0;0;0
1;8;0.00;0.00;0;0;0
1;8;0.00;0.00;0;0;0
1;9;-0.02;0.00;-1;0;0
1;8;0.00;0.00;0;0;0
1;8;-0.01;-0.02;0;1;0
1;9;0.00;0.00;0;0;0
1;9;0.00;0.00;0;0;0
1;6;0.00;0.00;0;0;0
1;9;0.00;0.00;0;0;0
1;8;-0.02;0.00;-1;0;0
1;9;-0.01;-0.02;0;1;0
1;9;0.00;0.00;0;0;0
1;6;0.00;0.00;0;0;0
1;9;0.00;0.00;0;0;0
1;12;0.00;0.00;0;0;0
1;8;-0.04;-0.02;-1;1;0
1;8;0.00;0.00;0;0;0
1;8;0.00;0.00;0;0;0
1;12;0.00;0.00;0;0;0
1;13;0.00;0.00;0;0;0
1;8;-0.02;0.00;-1;0;0
1;21;-0.01;-0.02;0;1;0
1;9;0.00;0.00;0;0;0
1;7;0.00;0.00;0;0;0
1;11;-0.02;0.00;-1;0;0
1;5;0.00;0.00;0;0;0
1;9;-0.01;-0.02;0;1;0
1;8;0.00;0.00;0;0;0
1;11;0.00;0.00;0;0;0
1;5;0.00;0.00;0;0;0
1;8;0.00;0.00;0;0;0
1;9;-0.02;0.00;-1;0;0
1;11;-0.01;-0.02;0;1;0
1;5;0.00;0.00;0;0;0
1;8;0.00;0.00;0;0;0
1;12;0.00;0.00;0;0;0
1;19;-0.02;0.00;-1;0;0
1;8;0.00;0.00;0;0;0
1;7;-0.01;-0.02;0;1;0
1;7;0.00;0.00;0;0;0
1;9;0.00;0.00;0;0;0
1;8;0.00;0.00;0;0;0
1;8;0.00;0.00;0;0;0
1;8;-0.02;0.00;-1;0;0
1;8;0.00;0.00;0;0;0
1;9;-0.01;-0.02;0;1;0
1;13;0.00;0.00;0;0;0
1;7;0.00;0.00;0;0;0
1;8;0.00;0.00;0;0;0
1;8;-0.02;0.00;-1;0;0
1;9;0.00;0.00;0;0;0
1;8;0.00;0.00;0;0;0
1;8;-0.01;-0.02;0;1;0
1;7;0.00;0.00;0;0;0
1;9;0.00;0.00;0;0;0
1;9;0.00;0.00;0;0;0
1;8;-0.02;0.00;-1;0;0
1;8;0.00;0.00;0;0;0
1;8;-0.01;-0.02;0;1;0
1;8;0.00;0.00;0;0;0
1;9;0.00;0.00;0;0;0
1;8;0.00;0.00;0;0;0
1;8;-0.02;0.00;-1;0;0
1;8;0.00;0.00;0;0;0
1;8;0.00;0.00;0;0;0
1;9;-0.01;-0.02;0;1;0
1;8;0.00;0.00;0;0;0
1;8;0.00;0.00;0;0;0
1;8;-0.02;0.00;-1;0;0
1;8;0.00;0.00;0;0;0
1;8;0.00;0.00;0;0;0
1;9;-0.01;-0.02;0;1;0
1;8;0.00;0.00;0;0;0
1;8;0.00;0.00;0;0;0
1;8;-0.02;0.00;-1;0;0
1;8;0.00;0.00;0;0;0
1;9;0.00;0.00;0;0;0
1;8;0.00;0.00;0;0;0
1;8;-0.01;-0.02;0;1;0
1;8;0.00;0.00;0;0;0
1;8;-0.02;0.00;-1;0;0
1;9;0.00;0.00;0;0;0
1;8;0.00;0.00;0;0;0
1;8;0.00;0.00;0;0;0
1;8;-0.01;-0.02;0;1;0
1;8;0.00;0.00;0;0;0
1;9;-0.02;0.00;-1;0;0
1;8;0.00;0.00;0;0;0
1;8;0.00;0.00;0;0;0
1;8;0.00;0.00;0;0;0
1;8;0.00;0.00;0;0;0
1;8;-0.01;-0.02;0;1;0
1;9;-0.02;0.00;-1;0;0
1;8;0.00;0.00;0;0;0
1;8;0.00;0.00;0;0;0
1;9;0.00;0.00;0;0;0
1;7;0.00;0.00;0;0;0
1;9;-0.01;-0.02;0;1;0
1;7;-0.02;0.00;-1;0;0
1;9;0.00;0.00;0;0;0
1;8;0.00;0.00;0;0;0
1;8;0.00;0.00;0;0;0
1;8;0.00;0.00;0;0;0
1;9;0.00;0.00;0;0;0
1;8;-0.04;-0.02;-1;1;0
1;8;0.00;0.00;0;0;0
1;8;0.00;0.00;0;0;0
1;9;0.00;0.00;0;0;0
1;8;0.00;0.00;0;0;0
1;8;0.00;0.00;0;0;0
1;8;-0.02;0.00;-1;0;0
1;8;0.00;0.00;0;0;0
1;17;-0.01;-0.02;0;1;0
1;13;0.00;0.00;0;0;0
1;11;0.00;0.00;0;0;0
1;7;-0.02;0.00;-1;0;0
1;10;0.00;0.00;0;0;0
1;8;-0.01;-0.02;0;1;0
1;9;0.00;0.00;0;0;0
1;7;0.00;0.00;0;0;0
1;8;0.00;0.00;0;0;0
1;9;-0.02;0.00;-1;0;0
1;10;0.00;0.00;0;0;0
1;6;0.00;0.00;0;0;0
1;8;-0.01;-0.02;0;1;0
1;8;0.00;0.00;0;0;0
1;9;0.00;0.00;0;0;0
1;7;-0.02;0.00;-1;0;0
1;8;0.00;0.00;0;0;0
1;9;0.00;0.00;0;0;0
1;8;0.00;0.00;0;0;0
1;9;-0.01;-0.02;0;1;0
1;8;0.00;0.00;0;0;0
1;8;0.00;0.00;0;0;0
1;8;-0.02;0.00;-1;0;0
1;8;0.00;0.00;0;0;0
1;9;0.00;0.00;0;0;0
1;8;0.00;0.00;0;0;0
1;9;0.00;0.00;0;0;0
1;7;-0.01;-0.02;0;1;0
1;8;-0.02;0.00;-1;0;0
1;12;0.00;0.00;0;0;0
1;5;0.00;0.00;0;0;0
1;8;0.00;0.00;0;0;0
1;8;0.00;0.00;0;0;0
1;11;-0.01;-0.02;0;1;0
1;10;-0.02;0.00;-1;0;0
1;8;0.00;0.00;0;0;0
1;8;0.00;0.00;0;0;0
1;8;0.00;0.00;0;0;0
1;8;0.00;0.00;0;0;0
1;8;0.00;0.00;0;0;0
1;9;-0.04;-0.02;-1;1;0
1;8;0.00;0.00;0;0;0
1;8;0.00;0.00;0;0;0
1;11;0.00;0.00;0;0;0
1;5;0.00;0.00;0;0;0
1;9;0.00;0.00;0;0;0
1;7;0.00;0.00;0;0;0
1;9;-0.04;-0.02;-1;1;0
1;8;0.00;0.00;0;0;0
1;8;0.00;0.00;0;0;0
1;9;0.00;0.00;0;0;0
1;8;0.00;0.00;0;0;0
1;8;0.00;0.00;0;0;0
1;8;-0.02;0.00;-1;0;0
1;11;0.00;0.00;0;0;0
1;6;-0.01;-0.02;0;1;0
1;8;0.00;0.00;0;0;0
1;8;0.00;0.00;0;0;0
1;11;0.00;0.00;0;0;0
1;5;0.00;0.00;0;0;0
1;9;-0.02;0.00;-1;0;0
1;8;0.00;0.00;0;0;0
1;10;-0.01;-0.02;0;1;0
1;6;0.00;0.00;0;0;0
1;8;0.00;0.00;0;0;0
1;12;0.00;0.00;0;0;0
1;7;-0.02;0.00;-1;0;0
1;6;0.00;0.00;0;0;0
1;8;0.00;0.00;0;0;0
1;8;-0.01;-0.02;0;1;0
1;8;0.00;0.00;0;0;0
1;9;0.00;0.00;0;0;0
1;7;0.00;0.00;0;0;0
1;9;-0.02;0.00;-1;0;0
1;8;0.00;0.00;0;0;0
1;8;0.00;0.00;0;0;0
1;8;-0.01;-0.02;0;1;0
1;8;0.00;0.00;0;0;0
1;12;0.00;0.00;0;0;0
1;9;-0.02;0.00;-1;0;0
1;8;0.00;0.00;0;0;0
1;9;0.00;0.00;0;0;0
1;7;0.00;0.00;0;0;0
1;9;-0.01;-0.02;0;1;0
1;7;0.00;0.00;0;0;0
1;10;0.00;0.00;0;0;0
1;8;-0.02;0.00;-1;0;0
1;8;0.00;0.00;0;0;0
1;8;0.00;0.00;0;0;0
1;10;-0.01;-0.02;0;1;0
1;6;0.00;0.00;0;0;0
1;12;0.00;0.00;0;0;0
1;5;-0.02;0.00;-1;0;0
1;8;0.00;0.00;0;0;0
1;8;0.00;0.00;0;0;0
1;8;0.00;0.00;0;0;0
1;9;-0.01;-0.02;0;1;0
1;8;0.00;0.00;0;0;0
1;8;0.00;0.00;0;0;0
1;7;-0.02;0.00;-1;0;0
1;8;0.00;0.00;0;0;0
1;8;0.00;0.00;0;0;0
1;10;0.00;0.00;0;0;0
1;8;0.00;0.00;0;0;0
1;8;-0.01;-0.02;0;1;0
1;7;0.00;0.00;0;0;0
1;12;-0.02;0.00;-1;0;0
1;6;0.00;0.00;0;0;0
1;7;0.00;0.00;0;0;0
1;8;0.00;0.00;0;0;0
1;11;0.00;0.00;0;0;0
1;6;-0.01;-0.02;0;1;0
1;9;-0.02;0.00;-1;0;0
1;8;0.00;0.00;0;0;0
1;10;0.00;0.00;0;0;0
1;6;0.00;0.00;0;0;0
1;11;0.00;0.00;0;0;0
1;6;0.00;0.00;0;0;0
1;14;-0.02;0.00;-1;0;0
1;6;-0.01;-0.02;0;1;0
1;8;0.00;0.00;0;0;0
1;8;0.00;0.00;0;0;0
1;12;0.00;0.00;0;0;0
1;5;0.00;0.00;0;0;0
1;8;0.00;0.00;0;0;0
1;8;-0.02;0.00;-1;0;0
1;8;-0.01;-0.02;0;1;0
1;9;0.00;0.00;0;0;0
1;8;0.00;0.00;0;0;0
1;7;0.00;0.00;0;0;0
1;11;0.00;0.00;0;0;0
1;6;0.00;0.00;0;0;0
1;9;-0.02;0.00;-1;0;0
1;11;-0.01;-0.02;0;1;0
1;5;0.00;0.00;0;0;0
1;8;0.00;0.00;0;0;0
1;8;0.00;0.00;0;0;0
1;9;0.00;0.00;0;0;0
1;8;0.00;0.00;0;0;0
1;7;-0.02;0.00;-1;0;0
1;8;-0.01;-0.02;0;1;0
1;8;0.00;0.00;0;0;0
1;9;0.00;0.00;0;0;0
1;18;0.00;0.00;0;0;0
1;11;0.00;0.00;0;0;0
1;12;-0.02;0.00;-1;0;0
1;8;-0.01;-0.02;0;1;0
1;9;0.00;0.00;0;0;0
1;7;0.00;0.00;0;0;0
1;9;0.00;0.00;0;0;0
1;8;0.00;0.00;0;0;0
1;9;0.00;0.00;0;0;0
1;8;-0.04;-0.02;-1;1;0
1;9;0.00;0.00;0;0;0
1;7;0.00;0.00;0;0;0
1;8;0.00;0.00;0;0;0
1;9;0.00;0.00;0;0;0
1;8;0.00;0.00;0;0;0
1;8;-0.01;-0.02;0;1;0
1;8;-0.02;0.00;-1;0;0
1;8;0.00;0.00;0;0;0
1;8;0.00;0.00;0;0;0
1;8;0.00;0.00;0;0;0
1;8;0.00;0.00;0;0;0
1;9;-0.01;-0.02;0;1;0
1;10;0.00;0.00;0;0;0
1;6;-0.02;0.00;-1;0;0
1;9;0.00;0.00;0;0;0
1;14;0.00;0.00;0;0;0
1;6;0.00;0.00;0;0;0
1;8;0.00;0.00;0;0;0
1;9;-0.01;-0.02;0;1;0
1;8;-0.02;0.00;-1;0;0
1;8;0.00;0.00;0;0;0
1;8;0.00;0.00;0;0;0
1;7;0.00;0.00;0;0;0
1;9;0.00;0.00;0;0;0
1;9;0.00;0.00;0;0;0
1;7;-0.01;-0.02;0;1;0
1;8;0.00;0.00;0;0;0
1;8;-0.02;0.00;-1;0;0
1;9;0.00;0.00;0;0;0
1;9;0.00;0.00;0;0;0
1;7;0.00;0.00;0;0;0
1;9;-0.01;-0.02;0;1;0
1;8;0.00;0.00;0;0;0
1;7;0.00;0.00;0;0;0
1;11;0.00;0.00;0;0;0
1;7;-0.02;0.00;-1;0;0
1;12;-0.01;-0.02;0;1;0
1;8;0.00;0.00;0;0;0
1;8;0.00;0.00;0;0;0
1;8;0.00;0.00;0;0;0
1;9;0.00;0.00;0;0;0
1;9;0.00;0.00;0;0;0
1;7;-0.04;-0.02;-1;1;0
1;8;0.00;0.00;0;0;0
1;9;0.00;0.00;0;0;0
1;8;0.00;0.00;0;0;0
1;8;0.00;0.00;0;0;0
1;7;0.00;0.00;0;0;0
1;12;-0.01;-0.02;0;1;0
1;6;0.00;0.00;0;0;0
1;8;-0.02;0.00;-1;0;0
1;8;0.00;0.00;0;0;0
1;8;0.00;0.00;0;0;0
1;7;0.00;0.00;0;0;0
1;8;0.00;0.00;0;0;0
1;13;-0.01;-0.02;0;1;0
1;5;0.00;0.00;0;0;0
1;8;-0.02;0.00;-1;0;0
1;7;0.00;0.00;0;0;0
1;13;0.00;0.00;0;0;0
1;7;0.00;0.00;0;0;0
1;6;-0.01;-0.02;0;1;0
1;7;0.00;0.00;0;0;0
1;11;0.00;0.00;0;0;0
1;6;-0.02;0.00;-1;0;0
1;9;0.00;0.00;0;0;0
1;8;0.00;0.00;0;0;0
1;11;0.00;0.00;0;0;0
1;5;-0.01;-0.02;0;1;0
1;8;0.00;0.00;0;0;0
1;9;0.00;0.00;0;0;0
1;9;0.00;0.00;0;0;0
1;7;-0.02;0.00;-1;0;0
1;8;0.00;0.00;0;0;0
1;7;0.00;0.00;0;0;0
1;10;-0.01;-0.02;0;1;0
1;8;0.00;0.00;0;0;0
1;7;0.00;0.00;0;0;0
1;8;0.00;0.00;0;0;0
1;8;0.00;0.00;0;0;0
1;8;-0.02;0.00;-1;0;0
1;13;-0.01;-0.02;0;1;0
1;5;0.00;0.00;0;0;0
1;8;0.00;0.00;0;0;0
1;8;0.00;0.00;0;0;0
1;8;0.00;0.00;0;0;0
1;14;-0.04;-0.02;-1;1;0
1;7;0.00;0.00;0;0;0
1;12;0.00;0.00;0;0;0
1;8;0.00;0.00;0;0;0
1;31;-0.04;-0.02;-1;1;0
1;11;0.00;0.00;0;0;0
1;11;0.00;0.00;0;0;0
1;5;0.00;0.00;0;0;0
1;8;0.00;0.00;0;0;0
1;7;-0.01;-0.02;0;1;0
1;8;0.00;0.00;0;0;0
1;9;-0.02;0.00;-1;0;0
1;8;0.00;0.00;0;0;0
1;8;0.00;0.00;0;0;0
1;8;0.00;0.00;0;0;0
1;9;0.00;0.00;0;0;0
1;9;-0.01;-0.02;0;1;0
1;11;-0.02;0.00;-1;0;0
1;14;0.00;0.00;0;0;0
1;7;0.00;0.00;0;0;0
1;8;0.00;0.00;0;0;0
1;9;-0.01;-0.02;0;1;0
1;8;0.00;0.00;0;0;0
1;7;-0.02;0.00;-1;0;0
1;9;0.00;0.00;0;0;0
1;8;0.00;0.00;0;0;0
1;9;0.00;0.00;0;0;0
1;7;-0.01;-0.02;0;1;0
1;8;0.00;0.00;0;0;0
1;8;-0.02;0.00;-1;0;0
1;8;0.00;0.00;0;0;0
1;9;0.00;0.00;0;0;0
1;8;0.00;0.00;0;0;0
1;8;-0.01;-0.02;0;1;0
1;8;0.00;0.00;0;0;0
1;8;0.00;0.00;0;0;0
1;9;-0.02;0.00;-1;0;0
1;9;0.00;0.00;0;0;0
1;8;0.00;0.00;0;0;0
1;8;-0.01;-0.02;0;1;0
1;7;0.00;0.00;0;0;0
1;8;0.00;0.00;0;0;0
1;9;0.00;0.00;0;0;0
1;12;-0.02;0.00;-1;0;0
1;5;0.00;0.00;0;0;0
1;7;0.00;0.00;0;0;0
1;9;-0.01;-0.02;0;1;0
1;8;0.00;0.00;0;0;0
1;8;0.00;0.00;0;0;0
1;8;0.00;0.00;0;0;0
1;9;-0.02;0.00;-1;0;0
1;8;0.00;0.00;0;0;0
1;8;-0.01;-0.02;0;1;0
1;8;0.00;0.00;0;0;0
1;9;0.00;0.00;0;0;0
1;14;-0.02;0.00;-1;0;0
1;10;0.00;0.00;0;0;0
1;9;-0.01;-0.02;0;1;0
1;8;0.00;0.00;0;0;0
1;7;0.00;0.00;0;0;0
1;8;0.00;0.00;0;0;0
1;12;-0.02;0.00;-1;0;0
1;6;0.00;0.00;0;0;0
1;7;-0.01;-0.02;0;1;0
1;8;0.00;0.00;0;0;0
1;9;0.00;0.00;0;0;0
1;8;0.00;0.00;0;0;0
1;8;-0.02;0.00;-1;0;0
1;9;0.00;0.00;0;0;0
1;9;0.00;0.00;0;0;0
1;9;-0.01;-0.02;0;1;0
1;10;0.00;0.00;0;0;0
1;5;0.00;0.00;0;0;0
1;8;-0.02;0.00;-1;0;0
1;9;0.00;0.00;0;0;0
1;7;0.00;0.00;0;0;0
1;8;-0.01;-0.02;0;1;0
1;11;0.00;0.00;0;0;0
1;6;0.00;0.00;0;0;0
1;8;-0.02;0.00;-1;0;0
1;11;0.00;0.00;0;0;0
1;6;0.00;0.00;0;0;0
1;18;-0.01;-0.02;0;1;0
1;15;-0.02;0.00;-1;0;0
1;7;0.00;0.00;0;0;0
1;9;0.00;0.00;0;0;0
1;8;0.00;0.00;0;0;0
1;8;-0.01;-0.02;0;1;0
1;8;0.00;0.00;0;0;0
1;8;0.00;0.00;0;0;0
1;8;-0.02;0.00;-1;0;0
1;8;0.00;0.00;0;0;0
1;8;0.00;0.00;0;0;0
1;9;-0.01;-0.02;0;1;0
1;8;0.00;0.00;0;0;0
1;8;0.00;0.00;0;0;0
1;8;-0.02;0.00;-1;0;0
1;8;0.00;0.00;0;0;0
1;8;0.00;0.00;0;0;0
1;8;0.00;0.00;0;0;0
1;8;-0.01;-0.02;0;1;0
1;9;0.00;0.00;0;0;0
1;8;-0.02;0.00;-1;0;0
1;8;0.00;0.00;0;0;0
1;9;0.00;0.00;0;0;0
1;8;0.00;0.00;0;0;0
1;8;-0.01;-0.02;0;1;0
1;8;0.00;0.00;0;0;0
1;8;-0.02;0.00;-1;0;0
1;8;0.00;0.00;0;0;0
1;8;0.00;0.00;0;0;0
1;8;0.00;0.00;0;0;0
1;9;-0.01;-0.02;0;1;0
1;8;0.00;0.00;0;0;0
1;8;0.00;0.00;0;0;0
1;8;-0.02;0.00;-1;0;0
1;8;0.00;0.00;0;0;0
1;12;0.00;0.00;0;0;0
1;6;-0.01;-0.02;0;1;0
1;7;0.00;0.00;0;0;0
1;8;0.00;0.00;0;0;0
1;9;-0.02;0.00;-1;0;0
1;9;0.00;0.00;0;0;0
1;11;0.00;0.00;0;0;0
1;6;-0.01;-0.02;0;1;0
1;7;0.00;0.00;0;0;0
1;8;0.00;0.00;0;0;0
1;9;0.00;0.00;0;0;0
1;7;-0.02;0.00;-1;0;0
1;8;0.00;0.00;0;0;0
1;8;-0.01;-0.02;0;1;0
1;12;0.00;0.00;0;0;0
1;6;0.00;0.00;0;0;0
1;7;0.00;0.00;0;0;0
1;8;-0.02;0.00;-1;0;0
1;10;0.00;0.00;0;0;0
1;6;0.00;0.00;0;0;0
1;8;-0.01;-0.02;0;1;0
1;9;0.00;0.00;0;0;0
1;11;0.00;0.00;0;0;0
1;6;-0.02;0.00;-1;0;0
1;11;0.00;0.00;0;0;0
1;9;0.00;0.00;0;0;0
1;8;-0.01;-0.02;0;1;0
1;9;0.00;0.00;0;0;0
1;9;-0.02;0.00;-1;0;0
1;8;0.00;0.00;0;0;0
1;8;0.00;0.00;0;0;0
1;11;0.00;0.00;0;0;0
1;5;0.00;0.00;0;0;0
1;7;-0.01;-0.02;0;1;0
1;11;0.00;0.00;0;0;0
1;10;-0.02;0.00;-1;0;0
1;5;0.00;0.00;0;0;0
1;8;0.00;0.00;0;0;0
1;7;0.00;0.00;0;0;0
1;8;0.00;0.00;0;0;0
1;8;-0.01;-0.02;0;1;0
1;9;-0.02;0.00;-1;0;0
1;8;0.00;0.00;0;0;0
1;12;0.00;0.00;0;0;0
1;8;0.00;0.00;0;0;0
1;8;0.00;0.00;0;0;0
1;15;-0.04;-0.02;-1;1;0
1;7;0.00;0.00;0;0;0
1;8;0.00;0.00;0;0;0
1;7;0.00;0.00;0;0;0
1;12;0.00;0.00;0;0;0
1;6;0.00;0.00;0;0;0
1;8;-0.04;-0.02;-1;1;0
1;7;0.00;0.00;0;0;0
1;9;0.00;0.00;0;0;0
1;9;0.00;0.00;0;0;0
1;7;0.00;0.00;0;0;0
1;9;0.00;0.00;0;0;0
1;8;-0.02;0.00;-1;0;0
1;8;-0.01;-0.02;0;1;0
1;7;0.00;0.00;0;0;0
1;9;0.00;0.00;0;0;0
1;8;0.00;0.00;0;0;0
1;8;0.00;0.00;0;0;0
1;8;-0.02;0.00;-1;0;0
1;8;0.00;0.00;0;0;0
1;9;-0.01;-0.02;0;1;0
1;8;0.00;0.00;0;0;0
1;8;0.00;0.00;0;0;0
1;10;0.00;0.00;0;0;0
1;7;-0.02;0.00;-1;0;0
1;15;0.00;0.00;0;0;0
1;6;-0.01;-0.02;0;1;0
1;7;0.00;0.00;0;0;0
1;8;0.00;0.00;0;0;0
1;8;0.00;0.00;0;0;0
1;9;-0.02;0.00;-1;0;0
1;8;0.00;0.00;0;0;0
1;8;0.00;0.00;0;0;0
1;9;-0.01;-0.02;0;1;0
1;8;0.00;0.00;0;0;0
1;8;0.00;0.00;0;0;0
1;9;-0.02;0.00;-1;0;0
1;12;0.00;0.00;0;0;0
1;7;0.00;0.00;0;0;0
1;8;-0.01;-0.02;0;1;0
1;13;0.00;0.00;0;0;0
1;5;-0.02;0.00;-1;0;0
1;7;0.00;0.00;0;0;0
1;8;0.00;0.00;0;0;0
1;8;0.00;0.00;0;0;0
1;9;0.00;0.00;0;0;0
1;8;-0.01;-0.02;0;1;0
1;8;-0.02;0.00;-1;0;0
1;12;0.00;0.00;0;0;0
1;5;0.00;0.00;0;0;0
1;8;0.00;0.00;0;0;0
1;8;0.00;0.00;0;0;0
1;12;0.00;0.00;0;0;0
1;8;-0.04;-0.02;-1;1;0
1;8;0.00;0.00;0;0;0
1;12;0.00;0.00;0;0;0
1;6;0.00;0.00;0;0;0
1;7;0.00;0.00;0;0;0
1;8;0.00;0.00;0;0;0
1;11;-0.02;0.00;-1;0;0
1;7;-0.01;-0.02;0;1;0
1;10;0.00;0.00;0;0;0
1;6;0.00;0.00;0;0;0
1;9;0.00;0.00;0;0;0
1;7;0.00;0.00;0;0;0
1;8;-0.02;0.00;-1;0;0
1;8;0.00;0.00;0;0;0
1;8;0.00;0.00;0;0;0
1;8;-0.01;-0.02;0;1;0
1;9;0.00;0.00;0;0;0
1;7;0.00;0.00;0;0;0
1;10;0.00;0.00;0;0;0
1;8;-0.02;0.00;-1;0;0
1;9;0.00;0.00;0;0;0
1;7;0.00;0.00;0;0;0
1;7;-0.01;-0.02;0;1;0
1;9;0.00;0.00;0;0;0
1;9;0.00;0.00;0;0;0
1;7;-0.02;0.00;-1;0;0
1;8;0.00;0.00;0;0;0
1;8;0.00;0.00;0;0;0
1;10;0.00;0.00;0;0;0
1;7;-0.01;-0.02;0;1;0
1;8;0.00;0.00;0;0;0
1;8;-0.02;0.00;-1;0;0
1;8;0.00;0.00;0;0;0
1;9;0.00;0.00;0;0;0
1;8;0.00;0.00;0;0;0
1;8;0.00;0.00;0;0;0
1;8;-0.01;-0.02;0;1;0
1;8;-0.02;0.00;-1;0;0
1;9;0.00;0.00;0;0;0
1;11;0.00;0.00;0;0;0
1;6;0.00;0.00;0;0;0
1;7;0.00;0.00;0;0;0
1;8;0.00;0.00;0;0;0
1;8;-0.04;-0.02;-1;1;0
1;9;0.00;0.00;0;0;0
1;8;0.00;0.00;0;0;0
1;8;0.00;0.00;0;0;0
1;11;0.00;0.00;0;0;0
1;10;-0.02;0.00;-1;0;0
1;5;0.00;0.00;0;0;0
1;7;-0.01;-0.02;0;1;0
1;11;0.00;0.00;0;0;0
1;6;0.00;0.00;0;0;0
1;7;0.00;0.00;0;0;0
1;9;0.00;0.00;0;0;0
1;10;-0.02;0.00;-1;0;0
1;7;0.00;0.00;0;0;0
1;7;0.00;0.00;0;0;0
1;8;-0.01;-0.02;0;1;0
1;10;0.00;0.00;0;0;0
1;7;0.00;0.00;0;0;0
1;8;-0.02;0.00;-1;0;0
1;9;0.00;0.00;0;0;0
1;7;0.00;0.00;0;0;0
1;9;0.00;0.00;0;0;0
1;12;-0.01;-0.02;0;1;0
1;5;0.00;0.00;0;0;0
1;7;0.00;0.00;0;0;0
1;8;-0.02;0.00;-1;0;0
1;8;0.00;0.00;0;0;0
1;9;0.00;0.00;0;0;0
1;8;0.00;0.00;0;0;0
1;8;0.00;0.00;0;0;0
1;8;0.00;0.00;0;0;0
1;8;-0.01;-0.02;0;1;0
1;10;-0.02;0.00;-1;0;0
1;10;0.00;0.00;0;0;0
1;7;0.00;0.00;0;0;0
1;6;0.00;0.00;0;0;0
1;8;0.00;0.00;0;0;0
1;9;0.00;0.00;0;0;0
1;8;-0.01;-0.02;0;1;0
1;8;-0.02;0.00;-1;0;0
1;8;0.00;0.00;0;0;0
1;10;0.00;0.00;0;0;0
1;8;0.00;0.00;0;0;0
1;7;0.00;0.00;0;0;0
1;8;0.00;0.00;0;0;0
1;11;-0.02;0.00;-1;0;0
1;6;-0.01;-0.02;0;1;0
1;8;0.00;0.00;0;0;0
1;11;0.00;0.00;0;0;0
1;6;0.00;0.00;0;0;0
1;7;0.00;0.00;0;0;0
1;8;0.00;0.00;0;0;0
1;8;0.00;0.00;0;0;0
1;11;-0.04;-0.02;-1;1;0
1;6;0.00;0.00;0;0;0
1;8;0.00;0.00;0;0;0
1;8;0.00;0.00;0;0;0
1;9;0.00;0.00;0;0;0
1;12;0.00;0.00;0;0;0
1;4;-0.02;0.00;-1;0;0
1;8;-0.01;-0.02;0;1;0
1;8;0.00;0.00;0;0;0
1;8;0.00;0.00;0;0;0
1;9;0.00;0.00;0;0;0
1;8;0.00;0.00;0;0;0
1;8;0.00;0.00;0;0;0
1;8;-0.02;0.00;-1;0;0
1;8;-0.01;-0.02;0;1;0
1;9;0.00;0.00;0;0;0
1;8;0.00;0.00;0;0;0
1;8;0.00;0.00;0;0;0
1;20;0.00;0.00;0;0;0
1;9;-0.02;0.00;-1;0;0
1;8;0.00;0.00;0;0;0
1;8;-0.01;-0.02;0;1;0
1;8;0.00;0.00;0;0;0
1;8;0.00;0.00;0;0;0
1;10;0.00;0.00;0;0;0
1;7;0.00;0.00;0;0;0
1;8;-0.02;0.00;-1;0;0
1;8;0.00;0.00;0;0;0
1;9;-0.01;-0.02;0;1;0
1;8;0.00;0.00;0;0;0
1;8;0.00;0.00;0;0;0
1;8;0.00;0.00;0;0;0
1;9;0.00;0.00;0;0;0
1;7;-0.02;0.00;-1;0;0
1;8;-0.01;-0.02;0;1;0
1;9;0.00;0.00;0;0;0
1;8;0.00;0.00;0;0;0
1;8;0.00;0.00;0;0;0
1;8;0.00;0.00;0;0;0
1;8;0.00;0.00;0;0;0
1;9;-0.02;0.00;-1;0;0
1;8;-0.01;-0.02;0;1;0
1;8;0.00;0.00;0;0;0
1;15;0.00;0.00;0;0;0
1;7;0.00;0.00;0;0;0
1;7;0.00;0.00;0;0;0
1;8;-0.02;0.00;-1;0;0
1;9;0.00;0.00;0;0;0
1;7;-0.01;-0.02;0;1;0
1;8;0.00;0.00;0;0;0
1;9;0.00;0.00;0;0;0
1;8;0.00;0.00;0;0;0
1;8;0.00;0.00;0;0;0
1;8;-0.02;0.00;-1;0;0
1;8;0.00;0.00;0;0;0
1;10;-0.01;-0.02;0;1;0
1;11;0.00;0.00;0;0;0
1;4;0.00;0.00;0;0;0
1;11;0.00;0.00;0;0;0
1;6;0.00;0.00;0;0;0
1;8;-0.02;0.00;-1;0;0
1;8;0.00;0.00;0;0;0
1;8;-0.01;-0.02;0;1;0
1;8;0.00;0.00;0;0;0
1;11;0.00;0.00;0;0;0
1;7;0.00;0.00;0;0;0
1;11;-0.02;0.00;-1;0;0
1;5;0.00;0.00;0;0;0
1;10;-0.01;-0.02;0;1;0
1;5;0.00;0.00;0;0;0
1;12;0.00;0.00;0;0;0
1;6;0.00;0.00;0;0;0
1;10;0.00;0.00;0;0;0
1;6;-0.02;0.00;-1;0;0
1;7;0.00;0.00;0;0;0
1;8;-0.01;-0.02;0;1;0
1;12;0.00;0.00;0;0;0
1;5;0.00;0.00;0;0;0
1;8;0.00;0.00;0;0;0
1;8;0.00;0.00;0;0;0
1;8;-0.02;0.00;-1;0;0
1;9;0.00;0.00;0;0;0
1;8;-0.01;-0.02;0;1;0
1;8;0.00;0.00;0;0;0
1;13;0.00;0.00;0;0;0
1;7;0.00;0.00;0;0;0
1;9;0.00;0.00;0;0;0
1;11;-0.02;0.00;-1;0;0
1;6;0.00;0.00;0;0;0
1;7;-0.01;-0.02;0;1;0
1;8;0.00;0.00;0;0;0
1;12;0.00;0.00;0;0;0
1;6;0.00;0.00;0;0;0
1;7;0.00;0.00;0;0;0
1;8;0.00;0.00;0;0;0
1;11;-0.01;-0.02;0;1;0
1;10;0.00;0.00;0;0;0
1;5;0.00;0.00;0;0;0
1;8;0.00;0.00;0;0;0
1;10;0.00;0.00;0;0;0
1;5;-0.01;-0.02;0;1;0
1;8;0.00;0.00;0;0;0
1;8;0.00;0.00;0;0;0
1;9;0.00;0.00;0;0;0
1;7;0.00;0.00;0;0;0
1;8;0.00;0.00;0;0;0
1;8;0.00;0.00;0;0;0
1;10;0.00;0.00;0;0;0
1;7;-0.01;-0.02;0;1;0
1;9;0.00;0.00;0;0;0
1;7;0.00;0.00;0;0;0
1;8;0.00;0.00;0;0;0
1;9;0.00;0.00;0;0;0
1;9;0.00;0.00;0;0;0
1;7;0.00;0.00;0;0;0
1;8;-0.01;-0.02;0;1;0
1;8;0.00;0.00;0;0;0
1;10;0.00;0.00;0;0;0
1;7;0.00;0.00;0;0;0
1;8;0.00;0.00;0;0;0
1;8;0.00;0.00;0;0;0
1;8;-0.01;-0.02;0;1;0
1;9;0.00;0.00;0;0;0
1;8;0.00;0.00;0;0;0
1;9;0.00;0.00;0;0;0
1;7;0.00;0.00;0;0;0
1;8;0.00;0.00;0;0;0
1;9;0.00;0.00;0;0;0
1;11;-0.01;-0.02;0;1;0
1;6;0.00;0.00;0;0;0
1;7;0.00;0.00;0;0;0
1;8;0.00;0.00;0;0;0
1;11;0.00;0.00;0;0;0
1;7;0.00;0.00;0;0;0
1;7;0.00;0.00;0;0;0
1;8;-0.01;-0.02;0;1;0
1;8;0.00;0.00;0;0;0
1;8;0.00;0.00;0;0;0
1;9;0.00;0.00;0;0;0
1;8;0.00;0.00;0;0;0
1;8;0.00;0.00;0;0;0
1;8;0.00;0.00;0;0;0
1;8;0.00;0.00;0;0;0
1;9;-0.01;-0.02;0;1;0
1;9;0.00;0.00;0;0;0
1;8;0.00;0.00;0;0;0
1;7;0.00;0.00;0;0;0
1;8;0.00;0.00;0;0;0
1;11;-0.01;-0.02;0;1;0
1;6;0.00;0.00;0;0;0
1;9;0.00;0.00;0;0;0
1;7;0.00;0.00;0;0;0
1;10;0.00;0.00;0;0;0
1;7;0.00;0.00;0;0;0
1;8;0.00;0.00;0;0;0
1;8;-0.01;-0.02;0;1;0
1;9;0.00;0.00;0;0;0
1;7;0.00;0.00;0;0;0
1;8;0.00;0.00;0;0;0
1;9;0.00;0.00;0;0;0
1;8;0.00;0.00;0;0;0
1;8;-0.01;-0.02;0;1;0
1;24;0.00;0.00;0;0;0
1;5;0.00;0.00;0;0;0
1;10;0.00;0.00;0;0;0
1;6;0.00;0.00;0;0;0
1;8;0.00;0.00;0;0;0
1;8;0.00;0.00;0;0;0
1;9;0.00;0.00;0;0;0
1;8;0.00;0.00;0;0;0
1;8;-0.01;-0.02;0;1;0
1;8;0.00;0.00;0;0;0
1;8;0.00;0.00;0;0;0
1;9;0.00;0.00;0;0;0
1;8;0.00;0.00;0;0;0
1;11;0.00;0.00;0;0;0
1;6;0.00;0.00;0;0;0
1;7;0.00;0.00;0;0;0
1;9;0.00;0.00;0;0;0
1;8;0.00;0.00;0;0;0
1;8;0.00;0.00;0;0;0
1;8;0.00;0.00;0;0;0
1;8;0.00;0.00;0;0;0
1;9;0.00;0.00;0;0;0
1;8;0.00;0.00;0;0;0
1;8;0.00;0.00;0;0;0
1;8;0.00;0.00;0;0;0
1;11;0.00;0.00;0;0;0
1;9;0.00;0.00;0;0;0
1;6;0.00;0.00;0;0;0
1;7;0.00;0.00;0;0;0
1;12;0.00;0.00;0;0;0
1;8;0.00;0.00;0;0;0
1;9;0.00;0.00;0;0;0
1;8;0.00;0.00;0;0;0
1;9;0.00;0.00;0;0;0
1;7;0.00;0.00;0;0;0
1;8;0.00;0.00;0;0;0
1;9;0.00;0.00;0;0;0
1;8;0.00;0.00;0;0;0
1;8;0.00;0.00;0;0;0
1;8;0.00;0.00;0;0;0
1;8;0.00;0.00;0;0;0
1;8;0.00;0.00;0;0;0
1;9;0.00;0.00;0;0;0
1;8;0.00;0.00;0;0;0
1;8;0.00;0.00;0;0;0
1;8;0.00;0.00;0;0;0
1;8;0.00;0.00;0;0;0
1;9;0.00;0.00;0;0;0
1;8;0.00;0.00;0;0;0
1;8;0.00;0.00;0;0;0
1;11;0.00;0.00;0;0;0
1;5;0.00;0.00;0;0;0
1;9;0.00;0.00;0;0;0
1;8;0.00;0.00;0;0;0
1;11;0.00;0.00;0;0;0
1;6;0.00;0.00;0;0;0
1;8;0.00;0.00;0;0;0
1;8;0.00;0.00;0;0;0
1;10;0.00;0.00;0;0;0
1;7;0.00;0.00;0;0;0
1;7;0.00;0.00;0;0;0
1;8;0.00;0.00;0;0;0
1;11;0.00;0.00;0;0;0
1;6;0.00;0.00;0;0;0
1;8;0.00;0.00;0;0;0
1;8;0.00;0.00;0;0;0
1;9;0.00;0.00;0;0;0
1;7;0.00;0.00;0;0;0
1;9;0.00;0.00;0;0;0
1;8;0.00;0.00;0;0;0
1;9;0.00;0.00;0;0;0
1;7;0.00;0.00;0;0;0
1;8;0.00;0.00;0;0;0
1;9;0.00;0.00;0;0;0
1;8;0.00;0.00;0;0;0
1;8;0.00;0.00;0;0;0
1;8;0.00;0.00;0;0;0
1;8;0.00;0.00;0;0;0
1;9;0.00;0.00;0;0;0
1;11;0.00;0.00;0;0;0
1;6;0.00;0.00;0;0;0
1;10;0.00;0.00;0;0;0
1;7;0.00;0.00;0;0;0
1;7;0.00;0.00;0;0;0
1;8;0.00;0.00;0;0;0
1;11;0.00;0.00;0;0;0
1;5;0.00;0.00;0;0;0
1;8;0.00;0.00;0;0;0
1;9;0.00;0.00;0;0;0
1;11;0.00;0.00;0;0;0
1;6;0.00;0.00;0;0;0
1;7;0.00;0.00;0;0;0
1;11;0.00;0.00;0;0;0
1;5;0.00;0.00;0;0;0
1;9;0.00;0.00;0;0;0
1;8;0.00;0.00;0;0;0
1;8;0.00;0.00;0;0;0
1;8;0.00;0.00;0;0;0
1;8;0.00;0.00;0;0;0
1;9;0.00;0.00;0;0;0
1;8;0.00;0.00;0;0;0
1;8;0.00;0.00;0;0;0
1;8;0.00;0.00;0;0;0
1;8;0.00;0.00;0;0;0
1;9;0.00;0.00;0;0;0
1;8;0.00;0.00;0;0;0
1;8;0.00;0.00;0;0;0
1;9;0.00;0.00;0;0;0
1;7;0.00;0.00;0;0;0
1;9;0.00;0.00;0;0;0
1;8;0.00;0.00;0;0;0
1;9;0.00;0.00;0;0;0
1;7;0.00;0.00;0;0;0
1;8;0.00;0.00;0;0;0
1;9;0.00;0.00;0;0;0
1;8;0.00;0.00;0;0;0
1;8;0.00;0.00;0;0;0
1;8;0.00;0.00;0;0;0
1;8;0.00;0.00;0;0;0
1;9;0.00;0.00;0;0;0
1;8;0.00;0.00;0;0;0
1;11;0.00;0.00;0;0;0
1;5;0.00;0.00;0;0;0
1;8;0.00;0.00;0;0;0
1;8;0.00;0.00;0;0;0
1;9;0.00;0.00;0;0;0
1;10;0.00;0.00;0;0;0
1;6;0.00;0.00;0;0;0
1;8;0.00;0.00;0;0;0
1;8;0.00;0.00;0;0;0
1;12;0.00;0.00;0;0;0
1;5;0.00;0.00;0;0;0
1;8;0.00;0.00;0;0;0
1;8;0.00;0.00;0;0;0
1;8;0.00;0.00;0;0;0
1;9;0.00;0.00;0;0;0
1;8;0.00;0.00;0;0;0
1;8;0.00;0.00;0;0;0
1;11;0.00;0.00;0;0;0
1;5;0.00;0.00;0;0;0
1;9;0.00;0.00;0;0;0
1;8;0.00;0.00;0;0;0
1;8;0.00;0.00;0;0;0
1;8;0.00;0.00;0;0;0
1;10;0.00;0.00;0;0;0
1;6;0.00;0.00;0;0;0
1;9;0.00;0.00;0;0;0
1;8;0.00;0.00;0;0;0
1;9;0.00;0.00;0;0;0
1;7;0.00;0.00;0;0;0
1;8;0.00;0.00;0;0;0
1;9;0.00;0.00;0;0;0
1;10;0.00;0.00;0;0;0
1;6;0.00;0.00;0;0;0
1;8;0.00;0.00;0;0;0
1;8;0.00;0.00;0;0;0
1;9;0.00;0.00;0;0;0
1;8;0.00;0.00;0;0;0
1;8;0.00;0.00;0;0;0
1;9;0.00;0.00;0;0;0
1;8;0.00;0.00;0;0;0
1;8;0.00;0.00;0;0;0
1;8;0.00;0.00;0;0;0
1;8;0.00;0.00;0;0;0
1;8;0.00;0.00;0;0;0
1;8;0.00;0.00;0;0;0
1;8;0.00;0.00;0;0;0
1;9;0.00;0.00;0;0;0
1;8;0.00;0.00;0;0;0
1;8;0.00;0.00;0;0;0
1;8;0.00;0.00;0;0;0
1;8;0.00;0.00;0;0;0
1;12;0.00;0.00;0;0;0
1;5;0.00;0.00;0;0;0
1;8;0.00;0.00;0;0;0
1;8;0.00;0.00;0;0;0
1;8;0.00;0.00;0;0;0
1;9;0.00;0.00;0;0;0
1;8;0.00;0.00;0;0;0
1;8;0.00;0.00;0;0;0
1;8;0.00;0.00;0;0;0
1;8;0.00;0.00;0;0;0
1;9;0.00;0.00;0;0;0
1;10;0.00;0.00;0;0;0
1;6;0.00;0.00;0;0;0
1;13;0.00;0.00;0;0;0
1;7;0.00;0.00;0;0;0
1;9;0.00;0.00;0;0;0
1;8;0.00;0.00;0;0;0
1;8;0.00;0.00;0;0;0
1;8;0.00;0.00;0;0;0
1;8;0.00;0.00;0;0;0
1;12;0.00;0.00;0;0;0
1;5;0.00;0.00;0;0;0
1;9;0.00;0.00;0;0;0
1;7;0.00;0.00;0;0;0
1;10;0.00;0.00;0;0;0
1;7;0.00;0.00;0;0;0
1;8;0.00;0.00;0;0;0
1;8;0.00;0.00;0;0;0
1;11;0.00;0.00;0;0;0
1;5;0.00;0.00;0;0;0
1;9;0.00;0.00;0;0;0
1;8;0.00;0.00;0;0;0
1;11;0.00;0.00;0;0;0
1;5;0.00;0.00;0;0;0
1;8;0.00;0.00;0;0;0
1;8;0.00;0.00;0;0;0
1;11;0.00;0.00;0;0;0
1;6;0.00;0.00;0;0;0
1;8;0.00;0.00;0;0;0
1;8;0.00;0.00;0;0;0
1;9;0.00;0.00;0;0;0
1;8;0.00;0.00;0;0;0
1;8;0.00;0.00;0;0;0
1;8;0.00;0.00;0;0;0
1;9;0.00;0.00;0;0;0
1;7;0.00;0.00;0;0;0
1;9;0.00;0.00;0;0;0
1;8;0.00;0.00;0;0;0
1;8;0.00;0.00;0;0;0
1;8;0.00;0.00;0;0;0
1;8;0.00;0.00;0;0;0
1;9;0.00;0.00;0;0;0
1;8;0.00;0.00;0;0;0
1;8;0.00;0.00;0;0;0
1;8;0.00;0.00;0;0;0
1;8;0.00;0.00;0;0;0
1;10;0.00;0.00;0;0;0
1;7;0.00;0.00;0;0;0
1;9;0.00;0.00;0;0;0
1;10;0.00;0.00;0;0;0
1;5;0.00;0.00;0;0;0
1;8;0.00;0.00;0;0;0
1;9;0.00;0.00;0;0;0
1;11;0.00;0.00;0;0;0
1;5;0.00;0.00;0;0;0
1;8;0.00;0.00;0;0;0
1;11;0.00;0.00;0;0;0
1;6;0.00;0.00;0;0;0
1;8;0.00;0.00;0;0;0
1;8;0.00;0.00;0;0;0
1;8;0.00;0.00;0;0;0
1;8;0.00;0.00;0;0;0
1;9;0.00;0.00;0;0;0
1;8;0.00;0.00;0;0;0
1;8;0.00;0.00;0;0;0
1;8;0.00;0.00;0;0;0
1;8;0.00;0.00;0;0;0
1;9;0.00;0.00;0;0;0
1;8;0.00;0.00;0;0;0
1;8;0.00;0.00;0;0;0
1;9;0.00;0.00;0;0;0
1;9;0.00;0.00;0;0;0
1;6;0.00;0.00;0;0;0
1;9;0.00;0.00;0;0;0
1;8;0.00;0.00;0;0;0
1;9;0.00;0.00;0;0;0
1;7;0.00;0.00;0;0;0
1;8;0.00;0.00;0;0;0
1;9;0.00;0.00;0;0;0
1;8;0.00;0.00;0;0;0
1;8;0.00;0.00;0;0;0
1;8;0.00;0.00;0;0;0
1;8;0.00;0.00;0;0;0
1;9;0.00;0.00;0;0;0
1;8;0.00;0.00;0;0;0
1;11;0.00;0.00;0;0;0
1;25;0.00;0.00;0;0;0
1;94;0.00;0.00;0;0;0
1;6;0.00;0.00;0;0;0
1;11;0.00;0.00;0;0;0
1;26;0.00;0.00;0;0;0
1;7;0.00;0.00;0;0;0
1;8;0.00;0.00;0;0;0
1;14;0.00;0.00;0;0;0
1;10;0.00;0.00;0;0;0
1;5;0.00;0.00;0;0;0
1;8;0.00;0.00;0;0;0
1;8;0.00;0.00;0;0;0
1;8;0.00;0.00;0;0;0
1;9;0.00;0.00;0;0;0
1;8;0.00;0.00;0;0;0
1;8;0.00;0.00;0;0;0
1;8;0.00;0.00;0;0;0
1;8;0.00;0.00;0;0;0
1;9;0.00;0.00;0;0;0
1;8;0.00;0.00;0;0;0
1;8;0.00;0.00;0;0;0
1;8;0.00;0.00;0;0;0
1;8;0.00;0.00;0;0;0
1;9;0.00;0.00;0;0;0
1;8;0.00;0.00;0;0;0
1;8;0.00;0.00;0;0;0
1;8;0.00;0.00;0;0;0
1;8;0.00;0.00;0;0;0
1;9;0.00;0.00;0;0;0
1;8;0.00;0.00;0;0;0
1;8;0.00;0.00;0;0;0
1;8;0.00;0.00;0;0;0
1;8;0.00;0.00;0;0;0
1;8;0.00;0.00;0;0;0
1;9;0.00;0.00;0;0;0
1;8;0.00;0.00;0;0;0
1;8;0.00;0.00;0;0;0
1;8;0.00;0.00;0;0;0
1;8;0.00;0.00;0;0;0
1;9;0.00;0.00;0;0;0
1;8;0.00;0.00;0;0;0
1;8;0.00;0.00;0;0;0
1;11;0.00;0.00;0;0;0
1;5;0.00;0.00;0;0;0
1;9;0.00;0.00;0;0;0
1;8;0.00;0.00;0;0;0
1;8;0.00;0.00;0;0;0
1;8;0.00;0.00;0;0;0
1;11;0.00;0.00;0;0;0
1;7;0.00;0.00;0;0;0
1;7;0.00;0.00;0;0;0
1;8;0.00;0.00;0;0;0
1;8;0.00;0.00;0;0;0
1;8;0.00;0.00;0;0;0
1;9;0.00;0.00;0;0;0
1;9;0.00;0.00;0;0;0
1;7;0.00;0.00;0;0;0
1;9;0.00;0.00;0;0;0
1;7;0.00;0.00;0;0;0
1;8;0.00;0.00;0;0;0
1;9;0.00;0.00;0;0;0
1;8;0.00;0.00;0;0;0
1;9;0.00;0.00;0;0;0
1;10;0.00;0.00;0;0;0
1;5;0.00;0.00;0;0;0
1;9;0.00;0.00;0;0;0
1;8;0.00;0.00;0;0;0
1;9;0.00;0.00;0;0;0
1;7;0.00;0.00;0;0;0
1;8;0.00;0.00;0;0;0
1;9;0.00;0.00;0;0;0
1;8;0.00;0.00;0;0;0
1;8;0.00;0.00;0;0;0
1;8;0.00;0.00;0;0;0
1;20;0.00;0.00;0;0;0
1;7;0.00;0.00;0;0;0
1;7;0.00;0.00;0;0;0
1;7;0.00;0.00;0;0;0
1;9;0.00;0.00;0;0;0
1;8;0.00;0.00;0;0;0
1;8;0.00;0.00;0;0;0
1;8;0.00;0.00;0;0;0
1;8;0.00;0.00;0;0;0
1;8;0.00;0.00;0;0;0
1;8;0.00;0.00;0;0;0
1;9;0.00;0.00;0;0;0
1;8;0.00;0.00;0;0;0
1;10;0.00;0.00;0;0;0
1;5;0.00;0.00;0;0;0
1;12;0.00;0.00;0;0;0
1;5;0.00;0.00;0;0;0
1;8;0.00;0.00;0;0;0
1;8;0.00;0.00;0;0;0
1;11;0.00;0.00;0;0;0
1;7;0.00;0.00;0;0;0
1;7;0.00;0.00;0;0;0
1;8;0.00;0.00;0;0;0
1;10;0.00;0.00;0;0;0
1;6;0.00;0.00;0;0;0
1;8;0.00;0.00;0;0;0
1;9;0.00;0.00;0;0;0
1;8;0.00;0.00;0;0;0
1;8;0.00;0.00;0;0;0
1;11;0.00;0.00;0;0;0
1;5;0.00;0.00;0;0;0
1;9;0.00;0.00;0;0;0
1;8;0.00;0.00;0;0;0
1;9;0.00;0.00;0;0;0
1;7;0.00;0.00;0;0;0
1;8;0.00;0.00;0;0;0
1;8;0.00;0.00;0;0;0
1;11;0.00;0.00;0;0;0
1;9;0.00;0.00;0;0;0
1;26;0.00;0.00;0;0;0
1;8;0.00;0.00;0;0;0
1;8;0.00;0.00;0;0;0
1;8;0.00;0.00;0;0;0
1;11;0.00;0.00;0;0;0
1;5;0.00;0.00;0;0;0
1;9;0.00;0.00;0;0;0
1;14;0.00;0.00;0;0;0
1;13;0.00;0.00;0;0;0
1;9;0.00;0.00;0;0;0
1;15;0.00;0.00;0;0;0
1;6;0.00;0.00;0;0;0
1;9;0.00;0.00;0;0;0
1;18;0.00;0.00;0;0;0
1;6;0.00;0.00;0;0;0
1;8;0.00;0.00;0;0;0
1;12;0.00;0.00;0;0;0
1;8;0.00;0.00;0;0;0
1;9;0.00;0.00;0;0;0
1;16;0.00;0.00;0;0;0
1;8;0.00;0.00;0;0;0
1;13;0.00;0.00;0;0;0
1;12;0.00;0.00;0;0;0
1;8;0.00;0.00;0;0;0
1;8;0.00;0.00;0;0;0
1;8;0.00;0.00;0;0;0
1;9;0.00;0.00;0;0;0
1;8;0.00;0.00;0;0;0
1;8;0.00;0.00;0;0;0
1;8;0.00;0.00;0;0;0
1;8;0.00;0.00;0;0;0
1;9;0.00;0.00;0;0;0
1;8;0.00;0.00;0;0;0
1;8;0.00;0.00;0;0;0
1;8;0.00;0.00;0;0;0
1;8;0.00;0.00;0;0;0
1;8;0.00;0.00;0;0;0
1;9;0.00;0.00;0;0;0
1;8;0.00;0.00;0;0;0
1;8;0.00;0.00;0;0;0
1;8;0.00;0.00;0;0;0
1;8;0.00;0.00;0;0;0
1;9;0.00;0.00;0;0;0
1;8;0.00;0.00;0;0;0
1;8;0.00;0.00;0;0;0
1;8;0.00;0.00;0;0;0
1;8;0.00;0.00;0;0;0
1;9;0.00;0.00;0;0;0
1;8;0.00;0.00;0;0;0
1;8;0.00;0.00;0;0;0
1;8;0.00;0.00;0;0;0
1;8;0.00;0.00;0;0;0
1;9;0.00;0.00;0;0;0
1;8;0.00;0.00;0;0;0
1;8;0.00;0.00;0;0;0
1;8;0.00;0.00;0;0;0
1;8;0.00;0.00;0;0;0
1;9;0.00;0.00;0;0;0
1;8;0.00;0.00;0;0;0
1;8;0.00;0.00;0;0;0
1;8;0.00;0.00;0;0;0
1;11;0.00;0.00;0;0;0
1;9;0.00;0.00;0;0;0
1;5;0.00;0.00;0;0;0
1;8;0.00;0.00;0;0;0
1;8;0.00;0.00;0;0;0
1;10;0.00;0.00;0;0;0
1;6;0.00;0.00;0;0;0
1;10;0.00;0.00;0;0;0
1;7;0.00;0.00;0;0;0
1;11;0.00;0.00;0;0;0
1;5;0.00;0.00;0;0;0
1;8;0.00;0.00;0;0;0
1;12;0.00;0.00;0;0;0
1;5;0.00;0.00;0;0;0
1;8;0.00;0.00;0;0;0
1;8;0.00;0.00;0;0;0
1;8;0.00;0.00;0;0;0
1;9;0.00;0.00;0;0;0
1;8;0.00;0.00;0;0;0
1;9;0.00;0.00;0;0;0
1;7;0.00;0.00;0;0;0
1;9;0.00;0.00;0;0;0
1;8;0.00;0.00;0;0;0
1;8;0.00;0.00;0;0;0
1;8;0.00;0.00;0;0;0
1;12;0.00;0.00;0;0;0
1;11;0.00;0.00;0;0;0
1;6;0.00;0.00;0;0;0
1;8;0.00;0.00;0;0;0
1;8;0.00;0.00;0;0;0
1;8;0.00;0.00;0;0;0
1;8;0.00;0.00;0;0;0
1;9;0.00;0.00;0;0;0
1;8;0.00;0.00;0;0;0
1;8;0.00;0.00;0;0;0
1;8;0.00;0.00;0;0;0
1;8;0.00;0.00;0;0;0
1;8;0.00;0.00;0;0;0
1;11;0.00;0.00;0;0;0
1;6;0.00;0.00;0;0;0
1;8;0.00;0.00;0;0;0
1;8;0.00;0.00;0;0;0
1;9;0.00;0.00;0;0;0
1;8;0.00;0.00;0;0;0
1;8;0.00;0.00;0;0;0
1;8;0.00;0.00;0;0;0
1;8;0.00;0.00;0;0;0
1;8;0.00;0.00;0;0;0
1;9;0.00;0.00;0;0;0
1;8;0.00;0.00;0;0;0
1;9;0.00;0.00;0;0;0
1;8;0.00;0.00;0;0;0
1;7;0.00;0.00;0;0;0
1;9;0.00;0.00;0;0;0
1;8;0.00;0.00;0;0;0
1;8;0.00;0.00;0;0;0
1;8;0.00;0.00;0;0;0
1;13;0.00;0.00;0;0;0
1;8;0.00;0.00;0;0;0
1;8;0.00;0.00;0;0;0
1;8;0.00;0.00;0;0;0
1;10;0.00;0.00;0;0;0
1;6;0.00;0.00;0;0;0
1;9;0.00;0.00;0;0;0
1;8;0.00;0.00;0;0;0
1;8;0.00;0.00;0;0;0
1;8;0.00;0.00;0;0;0
1;9;0.00;0.00;0;0;0
1;8;0.00;0.00;0;0;0
1;8;0.00;0.00;0;0;0
1;8;0.00;0.00;0;0;0
1;10;0.00;0.00;0;0;0
1;6;0.00;0.00;0;0;0
1;8;0.00;0.00;0;0;0
1;9;0.00;0.00;0;0;0
1;8;0.00;0.00;0;0;0
1;8;0.00;0.00;0;0;0
1;8;0.00;0.00;0;0;0
1;12;0.00;0.00;0;0;0
1;5;0.00;0.00;0;0;0
1;8;0.00;0.00;0;0;0
1;8;0.00;0.00;0;0;0
1;8;0.00;0.00;0;0;0
1;8;0.00;0.00;0;0;0
1;9;0.00;0.00;0;0;0
1;8;0.00;0.00;0;0;0
1;9;0.00;0.00;0;0;0
1;7;0.00;0.00;0;0;0
1;8;0.00;0.00;0;0;0
1;9;0.00;0.00;0;0;0
1;11;0.00;0.00;0;0;0
1;8;0.00;0.00;0;0;0
1;5;0.00;0.00;0;0;0
1;11;0.00;0.00;0;0;0
1;9;0.00;0.00;0;0;0
1;5;0.00;0.00;0;0;0
1;8;0.00;0.00;0;0;0
1;8;0.00;0.00;0;0;0
1;8;0.00;0.00;0;0;0
1;8;0.00;0.00;0;0;0
1;9;0.00;0.00;0;0;0
1;8;0.00;0.00;0;0;0
1;9;0.00;0.00;0;0;0
1;7;0.00;0.00;0;0;0
1;8;0.00;0.00;0;0;0
1;9;0.00;0.00;0;0;0
1;11;0.00;0.00;0;0;0
1;5;0.00;0.00;0;0;0
1;8;0.00;0.00;0;0;0
1;8;0.00;0.00;0;0;0
1;9;0.00;0.00;0;0;0
1;8;0.00;0.00;0;0;0
1;8;0.00;0.00;0;0;0
1;9;0.00;0.00;0;0;0
1;7;0.00;0.00;0;0;0
1;10;0.00;0.00;0;0;0
1;7;0.00;0.00;0;0;0
1;9;0.00;0.00;0;0;0
1;8;0.00;0.00;0;0;0
1;12;0.00;0.00;0;0;0
1;8;0.00;0.00;0;0;0
1;8;0.00;0.00;0;0;0
1;17;0.00;0.00;0;0;0
1;7;0.00;0.00;0;0;0
1;9;0.00;0.00;0;0;0
1;8;0.00;0.00;0;0;0
1;8;0.00;0.00;0;0;0
1;8;0.00;0.00;0;0;0
1;8;0.00;0.00;0;0;0
1;9;0.00;0.00;0;0;0
1;12;0.00;0.00;0;0;0
1;11;0.00;0.00;0;0;0
1;5;0.00;0.00;0;0;0
1;8;0.00;0.00;0;0;0
1;9;0.00;0.00;0;0;0
1;8;0.00;0.00;0;0;0
1;8;0.00;0.00;0;0;0
1;11;0.00;0.00;0;0;0
1;5;0.00;0.00;0;0;0
1;9;0.00;0.00;0;0;0
1;8;0.00;0.00;0;0;0
1;20;0.00;0.00;0;0;0
1;8;0.00;0.00;0;0;0
1;10;0.00;0.00;0;0;0
1;7;0.00;0.00;0;0;0
1;8;0.00;0.00;0;0;0
1;8;-0.02;0.00;-1;0;0
1;8;0.00;0.00;0;0;0
1;9;0.00;0.00;0;0;0
1;8;0.00;0.00;0;0;0
1;7;0.00;0.00;0;0;0
1;11;0.00;0.00;0;0;0
1;6;-0.02;0.00;-1;0;0
1;9;0.00;0.00;0;0;0
1;9;0.00;0.00;0;0;0
1;8;0.00;0.00;0;0;0
1;7;0.00;0.00;0;0;0
1;8;0.00;0.00;0;0;0
1;8;0.00;0.00;0;0;0
1;9;0.00;0.00;0;0;0
1;8;-0.02;0.00;-1;0;0
1;11;-0.01;0.02;0;0;1
1;5;0.00;0.00;0;0;0
1;8;0.00;0.00;0;0;0
1;9;0.00;0.00;0;0;0
1;8;0.00;0.00;0;0;0
1;8;0.00;0.00;0;0;0
1;8;0.00;0.00;0;0;0
1;8;-0.01;0.02;0;0;1
1;9;-0.02;0.00;-1;0;0
1;8;0.00;0.00;0;0;0
1;8;0.00;0.00;0;0;0
1;8;0.00;0.00;0;0;0
1;8;0.00;0.00;0;0;0
1;9;0.00;0.00;0;0;0
1;8;0.00;0.00;0;0;0
1;9;0.00;0.00;0;0;0
1;7;-0.01;0.02;0;0;1
1;8;0.00;0.00;0;0;0
1;9;-0.02;0.00;-1;0;0
1;13;0.00;0.00;0;0;0
1;7;0.00;0.00;0;0;0
1;8;0.00;0.00;0;0;0
1;8;0.00;0.00;0;0;0
1;9;0.00;0.00;0;0;0
1;7;-0.01;0.02;0;0;1
1;11;0.00;0.00;0;0;0
1;6;-0.02;0.00;-1;0;0
1;8;0.00;0.00;0;0;0
1;9;0.00;0.00;0;0;0
1;7;0.00;0.00;0;0;0
1;8;0.00;0.00;0;0;0
1;9;-0.01;0.02;0;0;1
1;8;0.00;0.00;0;0;0
1;8;0.00;0.00;0;0;0
1;9;0.00;0.00;0;0;0
1;8;-0.02;0.00;-1;0;0
1;8;0.00;0.00;0;0;0
1;8;0.00;0.00;0;0;0
1;8;0.00;0.00;0;0;0
1;9;0.00;0.00;0;0;0
1;8;0.00;0.00;0;0;0
1;8;-0.01;0.02;0;0;1
1;11;0.00;0.00;0;0;0
1;5;0.00;0.00;0;0;0
1;9;-0.02;0.00;-1;0;0
1;18;0.00;0.00;0;0;0
1;14;0.00;0.00;0;0;0
1;12;0.00;0.00;0;0;0
1;5;0.00;0.00;0;0;0
1;8;0.00;0.00;0;0;0
1;27;-0.04;0.02;-1;0;1
1;9;0.00;0.00;0;0;0
1;10;0.00;0.00;0;0;0
1;7;0.00;0.00;0;0;0
1;8;0.00;0.00;0;0;0
1;16;-0.04;0.02;-1;0;1
1;5;0.00;0.00;0;0;0
1;8;0.00;0.00;0;0;0
1;8;0.00;0.00;0;0;0
1;12;0.00;0.00;0;0;0
1;5;0.00;0.00;0;0;0
1;8;0.00;0.00;0;0;0
1;8;-0.02;0.00;-1;0;0
1;12;-0.01;0.02;0;0;1
1;9;0.00;0.00;0;0;0
1;8;0.00;0.00;0;0;0
1;12;0.00;0.00;0;0;0
1;14;-0.02;0.00;-1;0;0
1;6;0.00;0.00;0;0;0
1;12;-0.01;0.02;0;0;1
1;5;-0.01;-0.02;0;1;0
1;8;0.00;0.00;0;0;0
1;8;0.00;0.00;0;0;0
1;10;0.00;0.00;0;0;0
1;7;0.00;0.00;0;0;0
1;8;0.00;0.00;0;0;0
1;8;-0.02;0.00;-1;0;0
1;11;-0.01;0.02;0;0;1
1;5;0.00;0.00;0;0;0
1;14;0.00;0.00;0;0;0
1;7;0.00;0.00;0;0;0
1;7;-0.02;0.00;-1;0;0
1;8;0.00;0.00;0;0;0
1;8;0.00;0.00;0;0;0
1;17;0.00;0.00;0;0;0
1;8;-0.01;0.02;0;0;1
1;8;-0.02;0.00;-1;0;0
1;8;0.00;0.00;0;0;0
1;9;0.00;0.00;0;0;0
1;8;0.00;0.00;0;0;0
1;10;0.00;0.00;0;0;0
1;9;0.00;0.00;0;0;0
1;5;-0.04;0.02;-1;0;1
1;9;0.00;0.00;0;0;0
1;8;0.00;0.00;0;0;0
1;8;0.00;0.00;0;0;0
1;7;0.00;0.00;0;0;0
1;9;0.00;0.00;0;0;0
1;9;0.00;0.00;0;0;0
1;7;-0.02;0.00;-1;0;0
1;9;-0.01;0.02;0;0;1
1;8;0.00;0.00;0;0;0
1;8;0.00;0.00;0;0;0
1;8;0.00;0.00;0;0;0
1;9;0.00;0.00;0;0;0
1;12;-0.02;0.00;-1;0;0
1;8;-0.01;0.02;0;0;1
1;8;0.00;0.00;0;0;0
1;11;0.00;0.00;0;0;0
1;6;0.00;0.00;0;0;0
1;8;0.00;0.00;0;0;0
1;8;-0.02;0.00;-1;0;0
1;8;0.00;0.00;0;0;0
1;8;-0.01;0.02;0;0;1
1;9;0.00;0.00;0;0;0
1;7;0.00;0.00;0;0;0
1;9;0.00;0.00;0;0;0
1;8;-0.02;0.00;-1;0;0
1;8;0.00;0.00;0;0;0
1;8;0.00;0.00;0;0;0
1;9;-0.01;0.02;0;0;1
1;8;0.00;0.00;0;0;0
1;7;0.00;0.00;0;0;0
1;8;-0.02;0.00;-1;0;0
1;9;0.00;0.00;0;0;0
1;8;0.00;0.00;0;0;0
1;9;-0.01;0.02;0;0;1
1;8;0.00;0.00;0;0;0
1;7;0.00;0.00;0;0;0
1;9;0.00;0.00;0;0;0
1;10;0.00;0.00;0;0;0
1;10;-0.02;0.00;-1;0;0
1;5;-0.01;0.02;0;0;1
1;8;0.00;0.00;0;0;0
1;7;0.00;0.00;0;0;0
1;9;0.00;0.00;0;0;0
1;9;0.00;0.00;0;0;0
1;8;-0.02;0.00;-1;0;0
1;11;0.00;0.00;0;0;0
1;5;-0.01;0.02;0;0;1
1;9;0.00;0.00;0;0;0
1;10;0.00;0.00;0;0;0
1;6;0.00;0.00;0;0;0
1;10;-0.02;0.00;-1;0;0
1;6;0.00;0.00;0;0;0
1;12;0.00;0.00;0;0;0
1;5;0.00;0.00;0;0;0
1;8;-0.01;0.02;0;0;1
1;8;0.00;0.00;0;0;0
1;9;-0.02;0.00;-1;0;0
1;8;0.00;0.00;0;0;0
1;8;0.00;0.00;0;0;0
1;9;0.00;0.00;0;0;0
1;12;-0.01;0.02;0;0;1
1;8;0.00;0.00;0;0;0
1;11;-0.02;0.00;-1;0;0
1;7;0.00;0.00;0;0;0
1;7;0.00;0.00;0;0;0
1;12;-0.01;0.02;0;0;1
1;8;0.00;0.00;0;0;0
1;9;0.00;0.00;0;0;0
1;7;0.00;0.00;0;0;0
1;8;-0.02;0.00;-1;0;0
1;8;0.00;0.00;0;0;0
1;11;-0.01;0.02;0;0;1
1;6;0.00;0.00;0;0;0
1;8;0.00;0.00;0;0;0
1;8;0.00;0.00;0;0;0
1;9;-0.02;0.00;-1;0;0
1;11;0.00;0.00;0;0;0
1;7;-0.01;0.02;0;0;1
1;6;0.00;0.00;0;0;0
1;11;0.00;0.00;0;0;0
1;9;-0.02;0.00;-1;0;0
1;7;0.00;0.00;0;0;0
1;15;-0.01;0.02;0;0;1
1;7;0.00;0.00;0;0;0
1;8;0.00;0.00;0;0;0
1;9;0.00;0.00;0;0;0
1;10;-0.02;0.00;-1;0;0
1;6;0.00;0.00;0;0;0
1;10;0.00;0.00;0;0;0
1;10;-0.01;0.02;0;0;1
1;8;0.00;0.00;0;0;0
1;9;0.00;0.00;0;0;0
1;8;-0.02;0.00;-1;0;0
1;8;0.00;0.00;0;0;0
1;7;0.00;0.00;0;0;0
1;12;-0.01;0.02;0;0;1
1;6;0.00;0.00;0;0;0
1;7;0.00;0.00;0;0;0
1;11;-0.02;0.00;-1;0;0
1;6;0.00;0.00;0;0;0
1;7;0.00;0.00;0;0;0
1;8;-0.01;0.02;0;0;1
1;16;0.00;0.00;0;0;0
1;6;-0.02;0.00;-1;0;0
1;8;0.00;0.00;0;0;0
1;7;0.00;0.00;0;0;0
1;10;-0.01;0.02;0;0;1
1;7;0.00;0.00;0;0;0
1;8;0.00;0.00;0;0;0
1;8;0.00;0.00;0;0;0
1;9;-0.02;0.00;-1;0;0
1;9;0.00;0.00;0;0;0
1;7;-0.01;0.02;0;0;1
1;8;0.00;0.00;0;0;0
1;8;0.00;0.00;0;0;0
1;8;0.00;0.00;0;0;0
1;9;0.00;0.00;0;0;0
1;9;-0.02;0.00;-1;0;0
1;9;-0.01;0.02;0;0;1
1;7;0.00;0.00;0;0;0
1;11;0.00;0.00;0;0;0
1;8;0.00;0.00;0;0;0
1;6;0.00;0.00;0;0;0
1;8;-0.02;0.00;-1;0;0
1;7;0.00;0.00;0;0;0
1;12;-0.01;0.02;0;0;1
1;5;0.00;0.00;0;0;0
1;8;0.00;0.00;0;0;0
1;8;0.00;0.00;0;0;0
1;8;-0.02;0.00;-1;0;0
1;9;0.00;0.00;0;0;0
1;8;-0.01;0.02;0;0;1
1;8;0.00;0.00;0;0;0
1;11;0.00;0.00;0;0;0
1;6;0.00;0.00;0;0;0
1;8;-0.02;0.00;-1;0;0
1;8;0.00;0.00;0;0;0
1;9;-0.01;0.02;0;0;1
1;8;0.00;0.00;0;0;0
1;8;0.00;0.00;0;0;0
1;8;0.00;0.00;0;0;0
1;8;0.00;0.00;0;0;0
1;8;-0.01;0.02;0;0;1
1;9;0.00;0.00;0;0;0
1;8;0.00;0.00;0;0;0
1;8;0.00;0.00;0;0;0
1;8;0.00;0.00;0;0;0
1;9;-0.01;0.02;0;0;1
1;8;0.00;0.00;0;0;0
1;7;0.00;0.00;0;0;0
1;8;0.00;0.00;0;0;0
1;9;0.00;0.00;0;0;0
1;7;0.00;0.00;0;0;0
1;9;-0.01;0.02;0;0;1
1;8;0.00;0.00;0;0;0
1;13;0.00;0.00;0;0;0
1;8;0.00;0.00;0;0;0
1;8;0.00;0.00;0;0;0
1;11;0.00;0.00;0;0;0
1;6;0.00;0.00;0;0;0
1;7;-0.01;0.02;0;0;1
1;8;0.00;0.00;0;0;0
1;9;0.00;0.00;0;0;0
1;9;0.00;0.00;0;0;0
1;8;0.00;0.00;0;0;0
1;7;0.00;0.00;0;0;0
1;8;0.00;0.00;0;0;0
1;8;-0.01;0.02;0;0;1
1;9;0.01;0.02;0;-1;0
1;8;0.00;0.00;0;0;0
1;10;0.00;0.00;0;0;0
1;8;0.00;0.00;0;0;0
1;7;-0.01;0.02;0;0;1
1;8;0.00;0.00;0;0;0
1;8;0.00;0.00;0;0;0
1;8;0.00;0.04;0;-1;1
1;8;0.00;0.00;0;0;0
1;9;0.00;0.00;0;0;0
1;7;-0.01;0.02;0;0;1
1;9;0.00;0.00;0;0;0
1;8;-0.01;0.02;0;0;1
1;9;0.00;0.00;0;0;0
1;8;0.00;0.04;0;-1;1
1;8;0.00;0.00;0;0;0
1;8;-0.01;0.02;0;0;1
1;8;0.00;0.00;0;0;0
1;8;-0.01;0.02;0;0;1
1;8;-0.01;0.02;0;0;1
1;8;0.01;0.02;0;-1;0
1;9;-0.01;0.02;0;0;1
1;8;0.00;0.00;0;0;0
1;8;-0.01;0.02;0;0;1
1;8;0.00;0.00;0;0;0
1;9;-0.01;0.02;0;0;1
1;12;0.00;0.04;0;-1;1
1;8;0.00;0.00;0;0;0
1;8;-0.01;0.02;0;0;1
1;8;0.00;0.00;0;0;0
1;8;-0.01;0.02;0;0;1
1;9;0.00;0.00;0;0;0
1;8;0.00;0.00;0;0;0
1;8;0.01;0.02;0;-1;0
1;12;-0.01;0.02;0;0;1
1;5;0.00;0.00;0;0;0
1;9;0.00;0.00;0;0;0
1;7;-0.02;0.00;-1;0;0
1;12;0.00;0.00;0;0;0
1;5;0.00;0.00;0;0;0
1;8;0.00;0.04;0;-1;1
1;8;0.00;0.00;0;0;0
1;12;0.00;0.00;0;0;0
1;5;0.00;0.00;0;0;0
1;7;0.00;0.00;0;0;0
1;8;0.00;0.00;0;0;0
1;8;0.00;0.00;0;0;0
1;9;0.01;0.02;0;-1;0
1;9;0.00;0.00;0;0;0
1;7;0.00;0.00;0;0;0
1;12;0.00;0.00;0;0;0
1;5;-0.01;0.02;0;0;1
1;9;0.00;0.00;0;0;0
1;8;0.00;0.00;0;0;0
1;7;0.00;0.00;0;0;0
1;8;0.01;0.02;0;-1;0
1;8;0.00;0.00;0;0;0
1;9;-0.01;0.02;0;0;1
1;8;0.00;0.00;0;0;0
1;8;0.00;0.00;0;0;0
1;8;0.00;0.00;0;0;0
1;8;0.00;0.00;0;0;0
1;10;0.00;0.00;0;0;0
1;7;0.01;0.02;0;-1;0
1;8;-0.01;0.02;0;0;1
1;9;0.00;0.00;0;0;0
1;11;0.00;0.00;0;0;0
1;9;0.00;0.00;0;0;0
1;8;0.00;0.00;0;0;0
1;8;0.00;0.00;0;0;0
1;8;0.01;0.02;0;-1;0
1;11;-0.01;0.02;0;0;1
1;7;0.00;0.00;0;0;0
1;8;0.00;0.00;0;0;0
1;7;0.00;0.00;0;0;0
1;10;0.00;0.00;0;0;0
1;7;0.00;0.00;0;0;0
1;11;0.01;0.02;0;-1;0
1;9;0.00;0.00;0;0;0
1;5;-0.01;0.02;0;0;1
1;8;0.00;0.00;0;0;0
1;8;0.00;0.00;0;0;0
1;7;0.00;0.00;0;0;0
1;10;0.00;0.00;0;0;0
1;8;0.01;0.02;0;-1;0
1;7;0.00;0.00;0;0;0
1;8;-0.01;0.02;0;0;1
1;8;0.00;0.00;0;0;0
1;9;0.00;0.00;0;0;0
1;8;0.00;0.00;0;0;0
1;8;0.00;0.00;0;0;0
1;8;0.01;0.02;0;-1;0
1;9;0.00;0.00;0;0;0
1;9;-0.01;0.02;0;0;1
1;10;0.00;0.00;0;0;0
1;6;0.00;0.00;0;0;0
1;8;-0.01;0.02;0;0;1
1;12;0.00;0.00;0;0;0
1;11;0.00;0.04;0;-1;1
1;6;0.00;0.00;0;0;0
1;8;-0.01;0.02;0;0;1
1;8;0.00;0.00;0;0;0
1;14;-0.01;0.02;0;0;1
1;7;0.00;0.00;0;0;0
1;8;-0.01;0.02;0;0;1
1;17;0.00;0.04;0;-1;1
1;9;0.00;0.00;0;0;0
1;11;-0.01;0.02;0;0;1
1;8;0.00;0.00;0;0;0
1;8;-0.01;0.02;0;0;1
1;7;0.00;0.00;0;0;0
1;9;0.01;0.02;0;-1;0
1;13;-0.01;0.02;0;0;1
1;7;0.00;0.00;0;0;0
1;8;0.00;0.00;0;0;0
1;8;0.00;0.00;0;0;0
1;10;0.01;0.02;0;-1;0
1;10;-0.01;0.02;0;0;1
1;6;0.00;0.00;0;0;0
1;7;0.00;0.00;0;0;0
1;10;0.00;0.00;0;0;0
1;10;0.01;0.02;0;-1;0
1;7;0.00;0.00;0;0;0
1;7;-0.02;0.00;-1;0;0
1;11;0.00;0.00;0;0;0
1;7;0.00;0.00;0;0;0
1;8;0.00;0.00;0;0;0
1;7;0.01;0.02;0;-1;0
1;17;-0.01;0.02;0;0;1
1;9;0.00;0.00;0;0;0
1;6;0.00;0.00;0;0;0
1;11;0.00;0.00;0;0;0
1;7;0.00;0.00;0;0;0
1;7;-0.01;0.02;0;0;1
1;8;0.00;0.00;0;0;0
1;7;0.00;0.00;0;0;0
1;10;0.01;0.02;0;-1;0
1;7;0.00;0.00;0;0;0
1;8;0.00;0.00;0;0;0
1;12;-0.01;0.02;0;0;1
1;5;0.00;0.00;0;0;0
1;8;0.00;0.00;0;0;0
1;8;0.00;0.00;0;0;0
1;8;0.01;0.02;0;-1;0
1;8;0.00;0.00;0;0;0
1;8;0.00;0.00;0;0;0
1;9;0.00;0.00;0;0;0
1;8;0.00;0.00;0;0;0
1;8;0.00;0.00;0;0;0
1;8;-0.01;0.02;0;0;1
1;9;0.01;0.02;0;-1;0
1;11;0.00;0.00;0;0;0
1;6;0.00;0.00;0;0;0
1;8;0.00;0.00;0;0;0
1;7;0.00;0.00;0;0;0
1;12;-0.01;0.02;0;0;1
1;5;0.00;0.00;0;0;0
1;9;0.00;0.00;0;0;0
1;7;0.01;0.02;0;-1;0
1;8;0.00;0.00;0;0;0
1;8;0.00;0.00;0;0;0
1;8;0.00;0.00;0;0;0
1;9;-0.01;0.02;0;0;1
1;8;0.00;0.00;0;0;0
1;12;0.00;0.00;0;0;0
1;5;0.01;0.02;0;-1;0
1;11;0.00;0.00;0;0;0
1;6;0.00;0.00;0;0;0
1;8;0.00;0.00;0;0;0
1;8;-0.01;0.02;0;0;1
1;8;0.00;0.00;0;0;0
1;7;0.00;0.00;0;0;0
1;9;0.00;0.00;0;0;0
1;8;0.00;0.00;0;0;0
1;8;0.01;0.02;0;-1;0
1;8;0.00;0.00;0;0;0
1;15;-0.01;0.02;0;0;1
1;7;0.00;0.00;0;0;0
1;7;0.00;0.00;0;0;0
1;8;0.00;0.00;0;0;0
1;16;0.01;0.02;0;-1;0
1;5;0.00;0.00;0;0;0
1;8;-0.01;0.02;0;0;1
1;11;0.00;0.00;0;0;0
1;6;0.00;0.00;0;0;0
1;7;0.00;0.00;0;0;0
1;8;0.00;0.00;0;0;0
1;13;0.01;0.02;0;-1;0
1;5;-0.01;0.02;0;0;1
1;8;0.00;0.00;0;0;0
1;7;0.00;0.00;0;0;0
1;9;0.00;0.00;0;0;0
1;10;0.00;0.00;0;0;0
1;10;-0.01;0.02;0;0;1
1;5;0.01;0.02;0;-1;0
1;8;0.00;0.00;0;0;0
1;7;0.00;0.00;0;0;0
1;9;0.00;0.00;0;0;0
1;8;0.00;0.00;0;0;0
1;10;0.00;0.00;0;0;0
1;7;-0.01;0.02;0;0;1
1;7;0.00;0.00;0;0;0
1;8;0.01;0.02;0;-1;0
1;10;0.00;0.00;0;0;0
1;8;0.00;0.00;0;0;0
1;7;0.00;0.00;0;0;0
1;8;0.00;0.00;0;0;0
1;13;-0.01;0.02;0;0;1
1;8;0.00;0.00;0;0;0
1;10;0.01;0.02;0;-1;0
1;7;0.00;0.00;0;0;0
1;8;0.00;0.00;0;0;0
1;8;0.00;0.00;0;0;0
1;8;0.00;0.00;0;0;0
1;8;-0.01;0.02;0;0;1
1;8;0.00;0.00;0;0;0
1;9;0.01;0.02;0;-1;0
1;7;0.00;0.00;0;0;0
1;9;0.00;0.00;0;0;0
1;8;0.00;0.00;0;0;0
1;9;-0.01;0.02;0;0;1
1;7;0.00;0.00;0;0;0
1;9;0.00;0.00;0;0;0
1;8;0.00;0.00;0;0;0
1;8;0.01;0.02;0;-1;0
1;8;-0.01;0.02;0;0;1
1;8;0.00;0.00;0;0;0
1;8;0.00;0.00;0;0;0
1;10;0.00;0.00;0;0;0
1;8;0.00;0.00;0;0;0
1;7;0.00;0.00;0;0;0
1;8;0.00;0.04;0;-1;1
1;8;0.00;0.00;0;0;0
1;10;0.00;0.00;0;0;0
1;7;0.00;0.04;0;-1;1
1;8;0.00;0.00;0;0;0
1;10;0.00;0.04;0;-1;1
1;9;0.00;0.00;0;0;0
1;7;0.00;0.00;0;0;0
1;7;0.00;0.04;0;-1;1
1;9;0.00;0.00;0;0;0
1;7;0.00;0.04;0;-1;1
1;8;0.00;0.00;0;0;0
1;12;0.00;0.04;0;-1;1
1;6;-0.01;0.02;0;0;1
1;7;0.01;0.02;0;-1;0
1;9;-0.01;0.02;0;0;1
1;11;0.01;0.02;0;-1;0
1;9;-0.01;0.02;0;0;1
1;8;0.01;0.02;0;-1;0
1;8;0.00;0.00;0;0;0
1;9;-0.01;0.02;0;0;1
1;7;0.01;0.02;0;-1;0
1;8;0.00;0.00;0;0;0
1;9;-0.01;0.02;0;0;1
1;8;0.00;0.00;0;0;0
1;8;0.00;0.00;0;0;0
1;8;0.00;0.00;0;0;0
1;8;0.00;0.00;0;0;0
1;9;0.00;0.04;0;-1;1
1;11;0.00;0.00;0;0;0
1;6;0.00;0.00;0;0;0
1;9;0.00;0.00;0;0;0
1;6;0.00;0.00;0;0;0
1;10;0.00;0.00;0;0;0
1;7;0.00;0.00;0;0;0
1;8;0.00;0.00;0;0;0
1;8;0.00;0.00;0;0;0
1;11;0.00;0.00;0;0;0
1;7;0.00;0.00;0;0;0
1;7;0.00;0.00;0;0;0
1;8;0.00;0.00;0;0;0
1;12;0.00;0.04;0;-1;1
1;8;0.00;0.00;0;0;0
1;9;0.00;0.00;0;0;0
1;9;0.00;0.00;0;0;0
1;9;0.00;0.00;0;0;0
1;7;0.01;0.02;0;-1;0
1;7;0.00;0.00;0;0;0
1;9;-0.01;0.02;0;0;1
1;8;0.00;0.00;0;0;0
1;8;0.00;0.00;0;0;0
1;8;0.00;0.00;0;0;0
1;8;0.00;0.00;0;0;0
1;9;0.00;0.04;0;-1;1
1;10;0.00;0.00;0;0;0
1;7;0.00;0.00;0;0;0
1;11;0.00;0.00;0;0;0
1;8;0.00;0.00;0;0;0
1;9;0.00;0.00;0;0;0
1;8;-0.01;0.02;0;0;1
1;15;0.01;0.02;0;-1;0
1;9;0.00;0.00;0;0;0
1;5;0.00;0.00;0;0;0
1;21;-0.01;0.02;0;0;1
1;21;0.00;0.00;0;0;0
1;8;0.01;0.02;0;-1;0
1;7;0.00;0.00;0;0;0
1;9;-0.01;0.02;0;0;1
1;7;0.00;0.00;0;0;0
1;9;0.00;0.00;0;0;0
1;8;0.00;0.00;0;0;0
1;8;0.01;0.02;0;-1;0
1;8;0.00;0.00;0;0;0
1;10;0.00;0.00;0;0;0
1;7;-0.01;0.02;0;0;1
1;11;0.00;0.00;0;0;0
1;8;0.01;0.02;0;-1;0
1;6;0.00;0.00;0;0;0
1;9;0.00;0.00;0;0;0
1;9;0.00;0.00;0;0;0
1;6;-0.01;0.02;0;0;1
1;11;0.01;0.02;0;-1;0
1;7;0.00;0.00;0;0;0
1;7;0.00;0.00;0;0;0
1;7;0.00;0.00;0;0;0
1;9;0.01;0.02;0;-1;0
1;8;-0.01;0.02;0;0;1
1;8;0.00;0.00;0;0;0
1;9;0.00;0.00;0;0;0
1;7;0.01;0.02;0;-1;0
1;9;0.00;0.00;0;0;0
1;8;0.00;0.00;0;0;0
1;8;-0.01;0.02;0;0;1
1;9;0.01;0.02;0;-1;0
1;8;0.00;0.00;0;0;0
1;7;0.00;0.00;0;0;0
1;9;0.00;0.00;0;0;0
1;9;-0.01;0.02;0;0;1
1;10;0.00;0.00;0;0;0
1;6;0.00;0.00;0;0;0
1;7;0.01;0.02;0;-1;0
1;9;0.00;0.00;0;0;0
1;8;0.00;0.00;0;0;0
1;8;-0.01;0.02;0;0;1
1;8;0.00;0.00;0;0;0
1;8;0.00;0.00;0;0;0
1;8;0.00;0.00;0;0;0
1;9;0.01;0.02;0;-1;0
1;8;0.00;0.00;0;0;0
1;9;0.00;0.00;0;0;0
1;7;-0.01;0.02;0;0;1
1;8;0.00;0.00;0;0;0
1;9;0.00;0.00;0;0;0
1;8;0.00;0.00;0;0;0
1;8;0.01;0.02;0;-1;0
1;8;0.00;0.00;0;0;0
1;8;0.00;0.00;0;0;0
1;10;0.00;0.04;0;-1;1
1;7;0.00;0.00;0;0;0
1;8;0.00;0.00;0;0;0
1;9;0.01;0.02;0;-1;0
1;7;0.00;0.00;0;0;0
1;9;0.01;0.02;0;-1;0
1;11;0.01;0.02;0;-1;0
1;6;0.00;0.00;0;0;0
1;7;-0.01;0.02;0;0;1
1;12;0.01;0.02;0;-1;0
1;6;0.01;0.02;0;-1;0
1;7;0.00;0.00;0;0;0
1;8;0.01;0.02;0;-1;0
1;13;0.01;0.02;0;-1;0
1;7;-0.01;0.02;0;0;1
1;9;0.01;0.02;0;-1;0
1;8;0.00;0.00;0;0;0
1;10;0.01;0.02;0;-1;0
1;7;0.00;0.00;0;0;0
1;7;0.00;0.04;0;-1;1
1;9;0.00;0.00;0;0;0
1;18;0.01;0.02;0;-1;0
1;6;0.00;0.00;0;0;0
1;8;0.00;0.00;0;0;0
1;8;-0.01;0.02;0;0;1
1;12;0.00;0.00;0;0;0
1;6;0.01;0.02;0;-1;0
1;8;0.00;0.00;0;0;0
1;7;0.00;0.00;0;0;0
1;8;0.00;0.00;0;0;0
1;9;-0.01;0.02;0;0;1
1;8;0.00;0.00;0;0;0
1;11;0.00;0.00;0;0;0
1;6;0.00;0.00;0;0;0
1;7;0.00;0.00;0;0;0
1;12;0.00;0.00;0;0;0
1;5;0.00;0.00;0;0;0
1;8;0.00;0.00;0;0;0
1;9;0.00;0.04;0;-1;1
1;10;0.00;0.00;0;0;0
1;7;0.00;0.00;0;0;0
1;7;0.00;0.00;0;0;0
1;8;0.00;0.00;0;0;0
1;11;0.01;0.02;0;-1;0
1;6;0.00;0.00;0;0;0
1;8;0.00;0.00;0;0;0
1;8;-0.01;0.02;0;0;1
1;11;0.00;0.00;0;0;0
1;6;0.00;0.00;0;0;0
1;7;0.01;0.02;0;-1;0
1;8;0.00;0.00;0;0;0
1;9;0.00;0.00;0;0;0
1;8;-0.01;0.02;0;0;1
1;10;0.00;0.00;0;0;0
1;7;0.00;0.00;0;0;0
1;7;0.00;0.00;0;0;0
1;9;0.01;0.02;0;-1;0
1;10;0.00;0.00;0;0;0
1;6;-0.01;0.02;0;0;1
1;8;0.00;0.00;0;0;0
1;8;0.00;0.00;0;0;0
1;9;0.00;0.00;0;0;0
1;8;0.00;0.00;0;0;0
1;8;0.01;0.02;0;-1;0
1;8;0.00;0.00;0;0;0
1;8;0.00;0.00;0;0;0
1;9;-0.01;0.02;0;0;1
1;8;0.00;0.00;0;0;0
1;10;0.00;0.00;0;0;0
1;6;0.01;0.02;0;-1;0
1;8;0.00;0.00;0;0;0
1;8;0.00;0.00;0;0;0
1;9;-0.01;0.02;0;0;1
1;8;0.01;0.02;0;-1;0
1;8;0.00;0.00;0;0;0
1;8;0.00;0.00;0;0;0
1;8;0.01;0.02;0;-1;0
1;9;0.00;0.00;0;0;0
1;9;0.01;0.02;0;-1;0
1;7;0.00;0.00;0;0;0
1;12;0.00;0.04;0;-1;1
1;9;0.01;0.02;0;-1;0
1;8;0.00;0.00;0;0;0
1;8;0.01;0.02;0;-1;0
1;9;0.01;0.02;0;-1;0
1;7;0.00;0.00;0;0;0
1;8;0.00;0.04;0;-1;1
1;9;0.00;0.00;0;0;0
1;8;0.00;0.00;0;0;0
1;8;0.01;0.02;0;-1;0
1;8;0.00;0.00;0;0;0
1;14;-0.01;0.02;0;0;1
1;7;0.01;0.02;0;-1;0
1;8;0.00;0.00;0;0;0
1;8;0.00;0.00;0;0;0
1;9;-0.01;0.02;0;0;1
1;7;0.00;0.00;0;0;0
1;9;0.00;0.00;0;0;0
1;8;0.00;0.00;0;0;0
1;8;0.01;0.02;0;-1;0
1;8;0.00;0.00;0;0;0
1;9;0.00;0.00;0;0;0
1;8;-0.01;0.02;0;0;1
1;11;0.00;0.00;0;0;0
1;9;0.00;0.00;0;0;0
1;8;0.00;0.00;0;0;0
1;9;0.00;0.00;0;0;0
1;8;0.00;0.00;0;0;0
1;8;0.00;0.00;0;0;0
1;8;0.00;0.04;0;-1;1
1;8;0.00;0.00;0;0;0
1;8;0.00;0.00;0;0;0
1;10;0.00;0.00;0;0;0
1;7;0.00;0.00;0;0;0
1;8;0.00;0.00;0;0;0
1;8;0.01;0.02;0;-1;0
1;15;0.00;0.00;0;0;0
1;6;-0.01;0.02;0;0;1
1;8;0.00;0.00;0;0;0
1;11;0.00;0.00;0;0;0
1;6;0.00;0.00;0;0;0
1;7;0.01;0.02;0;-1;0
1;9;0.00;0.00;0;0;0
1;11;0.00;0.00;0;0;0
1;5;-0.01;0.02;0;0;1
1;8;0.00;0.00;0;0;0
1;8;0.00;0.00;0;0;0
1;9;0.00;0.00;0;0;0
1;8;0.01;0.02;0;-1;0
1;11;0.00;0.00;0;0;0
1;6;0.00;0.00;0;0;0
1;8;-0.01;0.02;0;0;1
1;8;0.01;0.02;0;-1;0
1;8;0.00;0.00;0;0;0
1;8;0.00;0.00;0;0;0
1;8;0.01;0.02;0;-1;0
1;8;0.00;0.00;0;0;0
1;9;0.01;0.02;0;-1;0
1;8;0.00;0.00;0;0;0
1;8;0.00;0.04;0;-1;1
1;8;0.00;0.00;0;0;0
1;8;0.01;0.02;0;-1;0
1;9;0.01;0.02;0;-1;0
1;9;0.00;0.00;0;0;0
1;7;0.01;0.02;0;-1;0
1;8;-0.01;0.02;0;0;1
1;8;0.01;0.02;0;-1;0
1;8;0.00;0.00;0;0;0
1;9;0.01;0.02;0;-1;0
1;8;0.00;0.00;0;0;0
1;8;0.00;0.04;0;-1;1
1;8;0.00;0.00;0;0;0
1;12;0.01;0.02;0;-1;0
1;6;0.00;0.00;0;0;0
1;7;0.00;0.00;0;0;0
1;8;0.00;0.00;0;0;0
1;12;-0.01;0.02;0;0;1
1;5;0.00;0.00;0;0;0
1;8;0.01;0.02;0;-1;0
1;8;0.00;0.00;0;0;0
1;8;0.00;0.00;0;0;0
1;8;0.00;0.00;0;0;0
1;8;0.00;0.00;0;0;0
1;9;-0.01;0.02;0;0;1
1;8;0.00;0.00;0;0;0
1;8;0.00;0.00;0;0;0
1;8;0.00;0.00;0;0;0
1;8;0.00;0.00;0;0;0
1;12;0.00;0.00;0;0;0
1;5;0.00;0.00;0;0;0
1;10;0.00;0.00;0;0;0
1;7;0.01;0.02;0;-1;0
1;8;0.00;0.00;0;0;0
1;7;0.00;0.00;0;0;0
1;9;-0.01;0.02;0;0;1
1;8;0.00;0.00;0;0;0
1;12;0.00;0.00;0;0;0
1;5;0.00;0.00;0;0;0
1;7;0.00;0.00;0;0;0
1;9;0.01;0.02;0;-1;0
1;8;0.00;0.00;0;0;0
1;8;0.00;0.00;0;0;0
1;8;-0.01;0.02;0;0;1
1;10;0.00;0.00;0;0;0
1;8;0.00;0.00;0;0;0
1;7;0.00;0.00;0;0;0
1;8;0.01;0.02;0;-1;0
1;8;0.00;0.00;0;0;0
1;8;0.00;0.00;0;0;0
1;9;-0.01;0.02;0;0;1
1;8;0.00;0.00;0;0;0
1;8;0.00;0.00;0;0;0
1;8;0.00;0.00;0;0;0
1;8;0.00;0.00;0;0;0
1;8;0.01;0.02;0;-1;0
1;9;0.00;0.00;0;0;0
1;9;0.00;0.00;0;0;0
1;11;-0.01;0.02;0;0;1
1;5;0.00;0.00;0;0;0
1;7;0.00;0.00;0;0;0
1;10;0.01;0.02;0;-1;0
1;11;0.00;0.00;0;0;0
1;4;0.00;0.00;0;0;0
1;8;0.01;0.02;0;-1;0
1;9;-0.01;0.02;0;0;1
1;12;0.00;0.00;0;0;0
1;4;0.01;0.02;0;-1;0
1;8;0.00;0.00;0;0;0
1;8;0.01;0.02;0;-1;0
1;8;0.00;0.00;0;0;0
1;10;0.01;0.02;0;-1;0
1;7;0.00;0.00;0;0;0
1;8;0.01;0.02;0;-1;0
1;8;-0.01;0.02;0;0;1
1;8;0.01;0.02;0;-1;0
1;9;0.00;0.00;0;0;0
1;8;0.01;0.02;0;-1;0
1;11;0.00;0.00;0;0;0
1;5;0.01;0.02;0;-1;0
1;8;-0.01;0.02;0;0;1
1;8;0.00;0.00;0;0;0
1;10;0.00;0.00;0;0;0
1;7;0.01;0.02;0;-1;0
1;9;0.00;0.00;0;0;0
1;7;0.00;0.00;0;0;0
1;9;-0.01;0.02;0;0;1
1;8;0.00;0.00;0;0;0
1;8;0.00;0.00;0;0;0
1;8;0.00;0.00;0;0;0
1;8;0.01;0.02;0;-1;0
1;8;-0.01;0.02;0;0;1
1;9;0.00;0.00;0;0;0
1;8;0.00;0.00;0;0;0
1;8;0.00;0.00;0;0;0
1;8;0.00;0.00;0;0;0
1;8;0.00;0.00;0;0;0
1;19;0.00;0.00;0;0;0
1;6;0.00;0.00;0;0;0
1;8;0.01;0.02;0;-1;0
1;11;0.00;0.00;0;0;0
1;6;0.00;0.00;0;0;0
1;8;0.00;0.00;0;0;0
1;8;0.00;0.00;0;0;0
1;8;0.00;0.00;0;0;0
1;8;0.00;0.00;0;0;0
1;12;0.01;0.02;0;-1;0
1;6;0.00;0.00;0;0;0
1;7;0.00;0.00;0;0;0
1;16;0.00;0.00;0;0;0
1;9;0.00;0.00;0;0;0
1;8;0.00;0.00;0;0;0
1;8;0.01;0.02;0;-1;0
1;11;0.00;0.00;0;0;0
1;5;0.00;0.00;0;0;0
1;8;0.00;0.00;0;0;0
1;9;0.00;0.00;0;0;0
1;10;0.00;0.00;0;0;0
1;7;0.00;0.00;0;0;0
1;7;0.00;0.00;0;0;0
1;8;0.00;0.00;0;0;0
1;11;0.00;0.00;0;0;0
1;10;0.01;0.02;0;-1;0
1;8;0.00;0.00;0;0;0
1;11;0.00;0.00;0;0;0
1;5;0.01;0.02;0;-1;0
1;9;0.00;0.00;0;0;0
1;8;0.00;0.00;0;0;0
1;8;0.01;0.02;0;-1;0
1;8;0.00;0.00;0;0;0
1;8;0.01;0.02;0;-1;0
1;9;0.00;0.00;0;0;0
1;11;0.01;0.02;0;-1;0
1;5;0.00;0.00;0;0;0
1;8;0.01;0.02;0;-1;0
1;8;0.00;0.00;0;0;0
1;11;0.01;0.02;0;-1;0
1;6;0.01;0.02;0;-1;0
1;8;0.00;0.00;0;0;0
1;8;0.00;0.04;0;-1;1
1;9;0.02;0.00;1;0;0
1;7;0.01;0.02;0;-1;0
1;9;0.00;0.00;0;0;0
1;8;0.01;0.02;0;-1;0
1;11;0.01;0.02;0;-1;0
1;5;0.00;0.00;0;0;0
1;8;0.02;0.00;1;0;0
1;9;0.01;0.02;0;-1;0
1;8;0.00;0.00;0;0;0
1;8;0.00;0.00;0;0;0
1;8;0.01;0.02;0;-1;0
1;8;0.00;0.00;0;0;0
1;9;0.02;0.00;1;0;0
1;8;0.00;0.00;0;0;0
1;13;0.00;0.00;0;0;0
1;8;0.01;0.02;0;-1;0
1;8;0.02;0.00;1;0;0
1;8;0.00;0.00;0;0;0
1;8;0.00;0.00;0;0;0
1;8;0.00;0.00;0;0;0
1;8;0.00;0.00;0;0;0
1;15;0.00;0.00;0;0;0
1;6;0.00;0.00;0;0;0
1;8;0.00;0.00;0;0;0
1;14;0.01;0.02;0;-1;0
1;6;0.00;0.00;0;0;0
1;9;0.00;0.00;0;0;0
1;8;0.00;0.00;0;0;0
1;8;0.00;0.00;0;0;0
1;8;0.01;0.02;0;-1;0
1;8;0.00;0.00;0;0;0
1;9;0.00;0.00;0;0;0
1;8;0.00;0.00;0;0;0
1;8;0.00;0.00;0;0;0
1;8;0.00;0.00;0;0;0
1;8;0.00;0.00;0;0;0
1;11;0.01;0.02;0;-1;0
1;6;0.02;0.00;1;0;0
1;8;0.00;0.00;0;0;0
1;14;0.00;0.00;0;0;0
1;7;0.00;0.00;0;0;0
1;8;0.00;0.00;0;0;0
1;8;0.01;0.02;0;-1;0
1;9;0.00;0.00;0;0;0
1;7;0.00;0.00;0;0;0
1;8;0.02;0.00;1;0;0
1;14;0.00;0.00;0;0;0
1;7;0.01;0.02;0;-1;0
1;8;0.00;0.00;0;0;0
1;8;0.00;0.00;0;0;0
1;10;0.00;0.00;0;0;0
1;7;0.04;0.02;1;-1;0
1;8;0.00;0.00;0;0;0
1;8;0.01;0.02;0;-1;0
1;8;0.00;0.00;0;0;0
1;8;0.00;0.00;0;0;0
1;9;0.01;0.02;0;-1;0
1;8;0.00;0.00;0;0;0
1;8;0.01;0.02;0;-1;0
1;17;0.04;0.02;1;-1;0
1;10;0.01;0.02;0;-1;0
1;7;0.01;0.02;0;-1;0
1;7;0.00;0.00;0;0;0
1;8;0.01;0.02;0;-1;0
1;8;0.00;0.00;0;0;0
1;8;0.04;0.02;1;-1;0
1;9;0.00;0.00;0;0;0
1;8;0.01;0.02;0;-1;0
1;8;-0.01;0.02;0;0;1
1;8;0.02;0.00;1;0;0
1;8;0.00;0.00;0;0;0
1;9;0.01;0.02;0;-1;0
1;8;0.00;0.00;0;0;0
1;8;0.02;0.00;1;0;0
1;8;0.00;0.00;0;0;0
1;8;0.00;0.00;0;0;0
1;9;0.00;0.00;0;0;0
1;8;0.00;0.00;0;0;0
1;8;0.00;0.00;0;0;0
1;8;0.00;0.00;0;0;0
1;8;0.04;0.02;1;-1;0
1;9;0.00;0.00;0;0;0
1;8;0.00;0.00;0;0;0
1;8;0.00;0.00;0;0;0
1;8;0.00;0.00;0;0;0
1;8;0.00;0.00;0;0;0
1;8;0.00;0.00;0;0;0
1;9;0.00;0.00;0;0;0
1;8;0.01;0.02;0;-1;0
1;8;0.00;0.00;0;0;0
1;8;0.00;0.00;0;0;0
1;8;0.00;0.00;0;0;0
1;9;0.00;0.00;0;0;0
1;8;0.00;0.00;0;0;0
1;8;0.00;0.00;0;0;0
1;8;0.01;0.02;0;-1;0
1;8;0.00;0.00;0;0;0
1;9;0.00;0.00;0;0;0
1;15;0.00;0.00;0;0;0
1;5;0.00;0.00;0;0;0
1;8;0.01;0.02;0;-1;0
1;8;0.00;0.00;0;0;0
1;9;0.00;0.00;0;0;0
1;8;0.00;0.00;0;0;0
1;8;0.00;0.00;0;0;0
1;8;0.00;0.00;0;0;0
1;8;0.00;0.00;0;0;0
1;11;0.02;0.00;1;0;0
1;6;0.01;0.02;0;-1;0
1;8;0.00;0.00;0;0;0
1;11;0.00;0.00;0;0;0
1;8;0.00;0.00;0;0;0
1;6;0.00;0.00;0;0;0
1;8;0.00;0.00;0;0;0
1;8;0.02;0.00;1;0;0
1;10;0.01;0.02;0;-1;0
1;6;0.00;0.00;0;0;0
1;9;0.00;0.00;0;0;0
1;8;0.00;0.00;0;0;0
1;8;0.00;0.00;0;0;0
1;8;0.02;0.00;1;0;0
1;8;0.01;0.02;0;-1;0
1;8;0.00;0.00;0;0;0
1;10;0.00;0.00;0;0;0
1;10;0.00;0.00;0;0;0
1;5;0.00;0.00;0;0;0
1;8;0.02;0.00;1;0;0
1;8;0.01;0.02;0;-1;0
1;9;0.00;0.00;0;0;0
1;8;0.00;0.00;0;0;0
1;8;0.00;0.00;0;0;0
1;8;0.01;0.02;0;-1;0
1;8;0.00;0.00;0;0;0
1;9;0.04;0.02;1;-1;0
1;8;0.00;0.00;0;0;0
1;8;0.01;0.02;0;-1;0
1;8;0.00;0.00;0;0;0
1;8;0.01;0.02;0;-1;0
1;12;0.00;0.00;0;0;0
1;5;0.01;0.02;0;-1;0
1;8;0.02;0.00;1;0;0
1;8;0.01;0.02;0;-1;0
1;11;0.00;0.00;0;0;0
1;6;0.01;0.02;0;-1;0
1;8;0.00;0.00;0;0;0
1;8;0.04;0.02;1;-1;0
1;8;0.00;0.00;0;0;0
1;8;0.00;0.00;0;0;0
1;8;0.01;0.02;0;-1;0
1;9;0.00;0.00;0;0;0
1;11;0.02;0.00;1;0;0
1;6;0.00;0.00;0;0;0
1;7;0.00;0.00;0;0;0
1;8;0.00;0.00;0;0;0
1;9;0.02;0.00;1;0;0
1;8;0.01;0.02;0;-1;0
1;15;0.00;0.00;0;0;0
1;7;0.00;0.00;0;0;0
1;9;0.02;0.00;1;0;0
1;6;0.00;0.00;0;0;0
1;8;0.00;0.00;0;0;0
1;8;0.00;0.00;0;0;0
1;8;0.00;0.00;0;0;0
1;8;0.00;0.00;0;0;0
1;9;0.00;0.00;0;0;0
1;8;0.00;0.00;0;0;0
1;8;0.01;0.02;0;-1;0
1;8;0.00;0.00;0;0;0
1;8;0.00;0.00;0;0;0
1;9;0.00;0.00;0;0;0
1;8;0.00;0.00;0;0;0
1;8;0.01;0.02;0;-1;0
1;8;0.02;0.00;1;0;0
1;8;0.00;0.00;0;0;0
1;9;0.01;0.02;0;-1;0
1;8;0.00;0.00;0;0;0
1;8;0.00;0.00;0;0;0
1;8;0.01;0.02;0;-1;0
1;8;0.00;0.00;0;0;0
1;9;0.04;0.02;1;-1;0
1;8;0.00;0.00;0;0;0
1;8;0.01;0.02;0;-1;0
1;8;0.00;0.00;0;0;0
1;11;0.01;0.02;0;-1;0
1;7;0.02;0.00;1;0;0
1;7;0.01;0.02;0;-1;0
1;8;0.00;0.00;0;0;0
1;8;0.00;0.00;0;0;0
1;8;0.01;0.02;0;-1;0
1;8;0.02;0.00;1;0;0
1;9;0.01;0.02;0;-1;0
1;8;0.00;0.00;0;0;0
1;8;0.01;0.02;0;-1;0
1;8;0.02;0.00;1;0;0
1;8;0.01;0.02;0;-1;0
1;9;0.00;0.00;0;0;0
1;8;0.00;0.00;0;0;0
1;8;0.00;0.00;0;0;0
1;8;0.00;0.00;0;0;0
1;9;0.04;0.02;1;-1;0
1;8;0.00;0.00;0;0;0
1;8;0.00;0.00;0;0;0
1;8;0.00;0.00;0;0;0
1;8;0.00;0.00;0;0;0
1;15;0.02;0.00;1;0;0
1;6;0.00;0.00;0;0;0
1;8;0.00;0.00;0;0;0
1;8;0.00;0.00;0;0;0
1;9;0.00;0.00;0;0;0
1;7;0.00;0.00;0;0;0
1;9;0.01;0.02;0;-1;0
1;8;0.00;0.00;0;0;0
1;8;0.02;0.00;1;0;0
1;8;0.00;0.00;0;0;0
1;8;0.00;0.00;0;0;0
1;14;0.00;0.00;0;0;0
1;7;0.00;0.00;0;0;0
1;8;0.01;0.02;0;-1;0
1;8;0.00;0.00;0;0;0
1;10;0.00;0.00;0;0;0
1;7;0.02;0.00;1;0;0
1;8;0.00;0.00;0;0;0
1;8;0.00;0.00;0;0;0
1;10;0.01;0.02;0;-1;0
1;7;0.00;0.00;0;0;0
1;8;0.00;0.00;0;0;0
1;8;0.02;0.00;1;0;0
1;9;0.00;0.00;0;0;0
1;7;0.00;0.00;0;0;0
1;8;0.01;0.02;0;-1;0
1;9;0.00;0.00;0;0;0
1;9;0.00;0.00;0;0;0
1;7;0.04;0.02;1;-1;0
1;8;0.00;0.00;0;0;0
1;8;0.00;0.00;0;0;0
1;8;0.01;0.02;0;-1;0
1;9;0.00;0.00;0;0;0
1;8;0.01;0.02;0;-1;0
1;8;0.00;0.00;0;0;0
1;8;0.01;0.02;0;-1;0
1;8;0.01;0.02;0;-1;0
1;9;0.02;0.00;1;0;0
1;11;0.01;0.02;0;-1;0
1;6;0.00;0.00;0;0;0
1;8;0.01;0.02;0;-1;0
1;7;0.00;0.00;0;0;0
1;12;0.04;0.02;1;-1;0
1;5;0.00;0.00;0;0;0
1;8;0.01;0.02;0;-1;0
1;8;0.00;0.00;0;0;0
1;8;0.00;0.00;0;0;0
1;9;0.01;0.02;0;-1;0
1;8;0.02;0.00;1;0;0
1;8;0.00;0.00;0;0;0
1;8;0.00;0.00;0;0;0
1;13;0.01;0.02;0;-1;0
1;9;0.02;0.00;1;0;0
1;7;0.00;0.00;0;0;0
1;8;0.00;0.00;0;0;0
1;8;0.00;0.00;0;0;0
1;8;0.00;0.00;0;0;0
1;9;0.00;0.00;0;0;0
1;8;0.00;0.00;0;0;0
1;11;0.00;0.00;0;0;0
1;5;0.04;0.02;1;-1;0
1;8;0.00;0.00;0;0;0
1;9;0.00;0.00;0;0;0
1;11;0.00;0.00;0;0;0
1;8;0.00;0.00;0;0;0
1;5;0.00;0.00;0;0;0
1;8;0.00;0.00;0;0;0
1;13;0.00;0.00;0;0;0
1;4;0.01;0.02;0;-1;0
1;8;0.00;0.00;0;0;0
1;8;0.02;0.00;1;0;0
1;16;0.00;0.00;0;0;0
1;9;0.00;0.00;0;0;0
1;8;0.00;0.00;0;0;0
1;11;0.01;0.02;0;-1;0
1;5;0.00;0.00;0;0;0
1;8;0.02;0.00;1;0;0
1;9;0.00;0.00;0;0;0
1;10;0.00;0.00;0;0;0
1;6;0.00;0.00;0;0;0
1;8;0.01;0.02;0;-1;0
1;8;0.00;0.00;0;0;0
1;9;0.00;0.00;0;0;0
1;8;0.02;0.00;1;0;0
1;8;0.00;0.00;0;0;0
1;8;0.00;0.00;0;0;0
1;9;0.01;0.02;0;-1;0
1;8;0.00;0.00;0;0;0
1;8;0.00;0.00;0;0;0
1;8;0.00;0.00;0;0;0
1;8;0.02;0.00;1;0;0
1;8;0.00;0.00;0;0;0
1;8;0.00;0.00;0;0;0
1;9;0.01;0.02;0;-1;0
1;8;0.00;0.00;0;0;0
1;13;0.00;0.00;0;0;0
1;10;0.00;0.00;0;0;0
1;7;0.00;0.00;0;0;0
1;7;0.02;0.00;1;0;0
1;10;0.01;0.02;0;-1;0
1;6;0.00;0.00;0;0;0
1;8;0.00;0.00;0;0;0
1;8;0.01;0.02;0;-1;0
1;15;0.01;0.02;0;-1;0
1;9;0.00;0.00;0;0;0
1;5;0.00;0.00;0;0;0
1;11;0.01;0.02;0;-1;0
1;6;0.04;0.02;1;-1;0
1;8;0.00;0.00;0;0;0
1;8;0.01;0.02;0;-1;0
1;10;0.00;0.00;0;0;0
1;6;0.01;0.02;0;-1;0
1;9;0.00;0.00;0;0;0
1;8;0.04;0.02;1;-1;0
1;10;0.01;0.02;0;-1;0
1;6;0.00;0.00;0;0;0
1;9;0.01;0.02;0;-1;0
1;7;0.00;0.00;0;0;0
1;12;0.02;0.00;1;0;0
1;5;0.01;0.02;0;-1;0
1;8;0.00;0.00;0;0;0
1;8;0.00;0.00;0;0;0
1;8;0.00;0.00;0;0;0
1;9;0.01;0.02;0;-1;0
1;8;0.02;0.00;1;0;0
1;8;0.00;0.00;0;0;0
1;8;0.00;0.00;0;0;0
1;8;0.00;0.00;0;0;0
1;9;0.00;0.00;0;0;0
1;8;0.00;0.00;0;0;0
1;13;0.01;0.02;0;-1;0
1;7;0.00;0.00;0;0;0
1;8;0.02;0.00;1;0;0
1;12;0.00;0.00;0;0;0
1;5;0.00;0.00;0;0;0
1;8;0.00;0.00;0;0;0
1;8;0.00;0.00;0;0;0
1;8;0.00;0.00;0;0;0
1;9;0.00;0.00;0;0;0
1;8;0.01;0.02;0;-1;0
1;8;0.02;0.00;1;0;0
1;8;0.00;0.00;0;0;0
1;10;0.00;0.00;0;0;0
1;19;0.00;0.00;0;0;0
1;8;0.01;0.02;0;-1;0
1;10;0.00;0.00;0;0;0
1;6;0.00;0.00;0;0;0
1;9;0.02;0.00;1;0;0
1;8;0.00;0.00;0;0;0
1;11;0.01;0.02;0;-1;0
1;5;0.00;0.00;0;0;0
1;8;0.00;0.00;0;0;0
1;9;0.00;0.00;0;0;0
1;10;0.02;0.00;1;0;0
1;7;0.00;0.00;0;0;0
1;7;0.01;0.02;0;-1;0
1;8;0.00;0.00;0;0;0
1;9;0.00;0.00;0;0;0
1;8;0.00;0.00;0;0;0
1;8;0.00;0.00;0;0;0
1;8;0.00;0.00;0;0;0
1;8;0.00;0.00;0;0;0
1;8;0.01;0.02;0;-1;0
1;9;0.02;0.00;1;0;0
1;8;0.00;0.00;0;0;0
1;8;0.00;0.00;0;0;0
1;8;0.00;0.00;0;0;0
1;8;0.00;0.00;0;0;0
1;9;0.00;0.00;0;0;0
1;8;0.01;0.02;0;-1;0
1;8;0.02;0.00;1;0;0
1;8;0.00;0.00;0;0;0
1;8;0.00;0.00;0;0;0
1;9;0.00;0.00;0;0;0
1;8;0.00;0.00;0;0;0
1;8;0.01;0.02;0;-1;0
1;8;0.00;0.00;0;0;0
1;8;0.02;0.00;1;0;0
1;9;0.00;0.00;0;0;0
1;8;0.00;0.00;0;0;0
1;17;0.01;0.02;0;-1;0
1;7;0.00;0.00;0;0;0
1;9;0.00;0.00;0;0;0
1;8;0.02;0.00;1;0;0
1;8;0.01;0.02;0;-1;0
1;8;0.00;0.00;0;0;0
1;8;0.00;0.00;0;0;0
1;8;0.01;0.02;0;-1;0
1;9;0.00;0.00;0;0;0
1;11;0.01;0.02;0;-1;0
1;5;0.00;0.00;0;0;0
1;8;0.01;0.02;0;-1;0
1;8;0.00;0.00;0;0;0
1;10;0.04;0.02;1;-1;0
1;7;0.00;0.00;0;0;0
1;8;0.01;0.02;0;-1;0
1;8;0.00;0.00;0;0;0
1;11;0.01;0.02;0;-1;0
1;6;0.00;0.00;0;0;0
1;8;0.02;0.00;1;0;0
1;8;0.00;0.00;0;0;0
1;9;0.01;0.02;0;-1;0
1;7;0.00;0.00;0;0;0
1;9;0.00;0.00;0;0;0
1;8;0.02;0.00;1;0;0
1;8;0.00;0.00;0;0;0
1;11;0.01;0.02;0;-1;0
1;5;0.00;0.00;0;0;0
1;9;0.02;0.00;1;0;0
1;8;0.00;0.00;0;0;0
1;8;0.00;0.00;0;0;0
1;8;0.00;0.00;0;0;0
1;8;0.00;0.00;0;0;0
1;8;0.00;0.00;0;0;0
1;9;0.00;0.00;0;0;0
1;8;0.00;0.00;0;0;0
1;8;0.01;0.02;0;-1;0
1;8;0.02;0.00;1;0;0
1;8;0.00;0.00;0;0;0
1;9;0.00;0.00;0;0;0
1;8;0.00;0.00;0;0;0
1;9;0.00;0.00;0;0;0
1;7;0.00;0.00;0;0;0
1;8;0.00;0.00;0;0;0
1;9;0.01;0.02;0;-1;0
1;8;0.02;0.00;1;0;0
1;8;0.00;0.00;0;0;0
1;8;0.00;0.00;0;0;0
1;11;0.01;0.02;0;-1;0
1;6;0.00;0.00;0;0;0
1;8;0.00;0.00;0;0;0
1;8;0.04;0.02;1;-1;0
1;10;0.00;0.00;0;0;0
1;9;0.01;0.02;0;-1;0
1;6;0.00;0.00;0;0;0
1;8;0.00;0.00;0;0;0
1;8;0.01;0.02;0;-1;0
1;8;0.00;0.00;0;0;0
1;10;0.04;0.02;1;-1;0
1;6;0.00;0.00;0;0;0
1;10;0.01;0.02;0;-1;0
1;7;0.01;0.02;0;-1;0
1;8;0.00;0.00;0;0;0
1;8;0.01;0.02;0;-1;0
1;8;0.02;0.00;1;0;0
1;9;0.00;0.00;0;0;0
1;9;0.01;0.02;0;-1;0
1;8;0.00;0.00;0;0;0
1;7;0.00;0.00;0;0;0
1;8;0.04;0.02;1;-1;0
1;9;0.00;0.00;0;0;0
1;8;0.00;0.00;0;0;0
1;8;0.00;0.00;0;0;0
1;8;0.00;0.00;0;0;0
1;8;0.02;0.00;1;0;0
1;9;0.00;0.00;0;0;0
1;8;0.00;0.00;0;0;0
1;8;0.00;0.00;0;0;0
1;8;0.00;0.00;0;0;0
1;8;0.00;0.00;0;0;0
1;12;0.01;0.02;0;-1;0
1;8;0.02;0.00;1;0;0
1;5;0.00;0.00;0;0;0
1;8;0.00;0.00;0;0;0
1;8;0.00;0.00;0;0;0
1;16;0.00;0.00;0;0;0
1;5;0.00;0.00;0;0;0
1;8;0.00;0.00;0;0;0
1;8;0.01;0.02;0;-1;0
1;8;0.02;0.00;1;0;0
1;9;0.00;0.00;0;0;0
1;8;0.00;0.00;0;0;0
1;23;0.00;0.00;0;0;0
1;5;0.00;0.00;0;0;0
1;9;0.00;0.00;0;0;0
1;8;0.04;0.02;1;-1;0
1;8;0.00;0.00;0;0;0
1;8;0.00;0.00;0;0;0
1;7;0.00;0.00;0;0;0
1;11;0.00;0.00;0;0;0
1;7;0.00;0.00;0;0;0
1;8;0.04;0.02;1;-1;0
1;8;0.00;0.00;0;0;0
1;8;0.00;0.00;0;0;0
1;8;0.00;0.00;0;0;0
1;12;0.00;0.00;0;0;0
1;10;0.02;0.00;1;0;0
1;7;0.00;0.00;0;0;0
1;10;0.00;0.00;0;0;0
1;7;0.00;0.00;0;0;0
1;8;0.00;0.00;0;0;0
1;8;0.00;0.00;0;0;0
1;9;0.04;0.02;1;-1;0
1;7;0.00;0.00;0;0;0
1;9;0.00;0.00;0;0;0
1;8;0.00;0.00;0;0;0
1;11;0.01;0.02;0;-1;0
1;5;0.00;0.00;0;0;0
1;8;0.01;0.02;0;-1;0
1;9;0.02;0.00;1;0;0
1;9;0.01;0.02;0;-1;0
1;7;0.00;0.00;0;0;0
1;8;0.01;0.02;0;-1;0
1;8;0.00;0.00;0;0;0
1;8;0.01;0.02;0;-1;0
1;9;0.00;0.00;0;0;0
1;9;0.04;0.02;1;-1;0
1;7;0.00;0.00;0;0;0
1;8;0.01;0.02;0;-1;0
1;8;0.00;0.00;0;0;0
1;9;0.00;0.00;0;0;0
1;8;0.04;0.02;1;-1;0
1;12;0.00;0.00;0;0;0
1;8;0.00;0.00;0;0;0
1;8;0.00;0.00;0;0;0
1;12;0.02;0.00;1;0;0
1;5;0.01;0.02;0;-1;0
1;12;0.00;0.00;0;0;0
1;8;0.00;0.00;0;0;0
1;12;0.00;0.00;0;0;0
1;5;0.02;0.00;1;0;0
1;8;0.00;0.00;0;0;0
1;11;0.00;0.00;0;0;0
1;10;0.00;0.00;0;0;0
1;9;0.00;0.00;0;0;0
1;11;0.00;0.00;0;0;0
1;8;0.00;0.00;0;0;0
1;8;0.00;0.00;0;0;0
1;8;0.04;0.02;1;-1;0
1;8;0.00;0.00;0;0;0
1;9;0.00;0.00;0;0;0
1;10;0.00;0.00;0;0;0
1;6;0.00;0.00;0;0;0
1;8;0.00;0.00;0;0;0
1;12;0.01;0.02;0;-1;0
1;8;0.00;0.00;0;0;0
1;5;0.02;0.00;1;0;0
1;11;0.00;0.00;0;0;0
1;5;0.00;0.00;0;0;0
1;10;0.00;0.00;0;0;0
1;7;0.00;0.00;0;0;0
1;8;0.01;0.02;0;-1;0
1;8;0.02;0.00;1;0;0
1;9;0.00;0.00;0;0;0
1;10;0.00;0.00;0;0;0
1;6;0.00;0.00;0;0;0
1;9;0.00;0.00;0;0;0
1;7;0.00;0.00;0;0;0
1;10;0.04;0.02;1;-1;0
1;6;0.00;0.00;0;0;0
1;18;0.00;0.00;0;0;0
1;9;0.00;0.00;0;0;0
1;6;0.00;0.00;0;0;0
1;8;0.02;0.00;1;0;0
1;8;0.00;0.00;0;0;0
1;8;0.01;0.02;0;-1;0
1;9;0.00;0.00;0;0;0
1;12;0.00;0.00;0;0;0
1;8;0.02;0.00;1;0;0
1;9;0.00;0.00;0;0;0
1;7;0.00;0.00;0;0;0
1;9;0.01;0.02;0;-1;0
1;10;0.00;0.00;0;0;0
1;10;0.02;0.00;1;0;0
1;8;0.00;0.00;0;0;0
1;10;0.00;0.00;0;0;0
1;6;0.00;0.00;0;0;0
1;9;0.01;0.02;0;-1;0
1;13;0.02;0.00;1;0;0
1;7;0.00;0.00;0;0;0
1;8;0.00;0.00;0;0;0
1;8;0.00;0.00;0;0;0
1;8;0.01;0.02;0;-1;0
1;9;0.00;0.00;0;0;0
1;8;0.02;0.00;1;0;0
1;10;0.00;0.00;0;0;0
1;7;0.00;0.00;0;0;0
1;7;0.00;0.00;0;0;0
1;13;0.00;0.00;0;0;0
1;11;0.01;0.02;0;-1;0
1;6;0.02;0.00;1;0;0
1;10;0.00;0.00;0;0;0
1;5;0.00;0.00;0;0;0
1;9;0.00;0.00;0;0;0
1;8;0.00;0.00;0;0;0
1;8;0.00;0.00;0;0;0
1;7;0.00;0.00;0;0;0
1;9;0.04;0.02;1;-1;0
1;10;0.00;0.00;0;0;0
1;9;0.00;0.00;0;0;0
1;6;0.00;0.00;0;0;0
1;8;0.00;0.00;0;0;0
1;8;0.00;0.00;0;0;0
1;8;0.04;0.02;1;-1;0
1;9;0.00;0.00;0;0;0
1;7;0.00;0.00;0;0;0
1;8;0.00;0.00;0;0;0
1;8;0.00;0.00;0;0;0
1;9;0.00;0.00;0;0;0
1;8;0.04;0.02;1;-1;0
1;8;0.00;0.00;0;0;0
1;9;0.00;0.00;0;0;0
1;7;0.00;0.00;0;0;0
1;8;0.00;0.00;0;0;0
1;10;0.00;0.00;0;0;0
1;8;0.01;0.02;0;-1;0
1;10;0.02;0.00;1;0;0
1;6;0.00;0.00;0;0;0
1;8;0.00;0.00;0;0;0
1;9;0.00;0.00;0;0;0
1;8;0.00;0.00;0;0;0
1;7;0.02;0.00;1;0;0
1;8;0.00;0.00;0;0;0
1;8;0.01;0.02;0;-1;0
1;10;0.02;0.00;1;0;0
1;8;0.00;0.00;0;0;0
1;7;0.00;0.00;0;0;0
1;9;0.02;0.00;1;0;0
1;8;0.00;0.00;0;0;0
1;8;0.02;0.00;1;0;0
1;9;0.00;0.00;0;0;0
1;7;0.02;0.00;1;0;0
1;8;0.00;0.00;0;0;0
1;8;0.04;0.02;1;-1;0
1;9;0.00;0.00;0;0;0
1;9;0.02;0.00;1;0;0
1;9;0.02;0.00;1;0;0
1;7;0.00;0.00;0;0;0
1;8;0.04;0.02;1;-1;0
1;8;0.00;0.00;0;0;0
1;9;0.02;0.00;1;0;0
1;8;0.00;0.00;0;0;0
1;8;0.04;0.02;1;-1;0
1;11;0.02;0.00;1;0;0
1;17;0.02;0.00;1;0;0
1;6;0.00;0.00;0;0;0
1;14;0.04;0.02;1;-1;0
1;10;0.00;0.00;0;0;0
1;7;0.00;0.00;0;0;0
1;12;0.04;0.02;1;-1;0
1;5;0.00;0.00;0;0;0
1;8;0.00;0.00;0;0;0
1;7;0.00;0.00;0;0;0
1;9;0.00;0.00;0;0;0
1;8;0.04;0.02;1;-1;0
1;8;0.00;0.00;0;0;0
1;9;0.00;0.00;0;0;0
1;7;0.00;0.00;0;0;0
1;9;0.00;0.00;0;0;0
1;8;0.00;0.00;0;0;0
1;9;0.00;0.00;0;0;0
1;19;0.01;0.02;0;-1;0
1;5;0.00;0.00;0;0;0
1;9;0.00;0.00;0;0;0
1;14;0.02;0.00;1;0;0
1;6;0.00;0.00;0;0;0
1;8;0.00;0.00;0;0;0
1;8;0.00;0.00;0;0;0
1;10;0.00;0.00;0;0;0
1;7;0.00;0.00;0;0;0
1;8;0.00;0.00;0;0;0
1;10;0.01;0.02;0;-1;0
1;6;0.02;0.00;1;0;0
1;9;0.00;0.00;0;0;0
1;8;0.00;0.00;0;0;0
1;7;0.00;0.00;0;0;0
1;8;0.00;0.00;0;0;0
1;8;0.00;0.00;0;0;0
1;9;0.01;0.02;0;-1;0
1;8;0.02;0.00;1;0;0
1;12;0.00;0.00;0;0;0
1;7;0.00;0.00;0;0;0
1;6;0.01;0.02;0;-1;0
1;9;0.00;0.00;0;0;0
1;11;0.00;0.00;0;0;0
1;6;0.02;0.00;1;0;0
1;7;0.00;0.00;0;0;0
1;7;0.00;0.00;0;0;0
1;8;0.01;0.02;0;-1;0
1;9;0.00;0.00;0;0;0
1;8;0.00;0.00;0;0;0
1;8;0.02;0.00;1;0;0
1;9;0.00;0.00;0;0;0
1;8;0.00;0.00;0;0;0
1;11;0.01;0.02;0;-1;0
1;9;0.00;0.00;0;0;0
1;7;0.00;0.00;0;0;0
1;8;0.00;0.00;0;0;0
1;8;0.02;0.00;1;0;0
1;9;0.00;0.00;0;0;0
1;15;0.00;0.00;0;0;0
1;7;0.01;0.02;0;-1;0
1;7;0.00;0.00;0;0;0
1;8;0.00;0.00;0;0;0
1;9;0.00;0.00;0;0;0
1;7;0.02;0.00;1;0;0
1;8;0.00;0.00;0;0;0
1;8;0.00;0.00;0;0;0
1;9;0.01;0.02;0;-1;0
1;8;0.00;0.00;0;0;0
1;8;0.00;0.00;0;0;0
1;8;0.00;0.00;0;0;0
1;9;0.02;0.00;1;0;0
1;12;0.00;0.00;0;0;0
1;8;0.01;0.02;0;-1;0
1;12;0.00;0.00;0;0;0
1;8;0.00;0.00;0;0;0
1;8;0.00;0.00;0;0;0
1;11;0.02;0.00;1;0;0
1;7;0.01;0.02;0;-1;0
1;8;0.00;0.00;0;0;0
1;8;0.00;0.00;0;0;0
1;11;0.00;0.00;0;0;0
1;6;0.00;0.00;0;0;0
1;8;0.00;0.00;0;0;0
1;10;0.01;0.02;0;-1;0
1;6;0.02;0.00;1;0;0
1;8;0.00;0.00;0;0;0
1;10;0.00;0.00;0;0;0
1;9;0.00;0.00;0;0;0
1;6;0.01;0.02;0;-1;0
1;8;0.00;0.00;0;0;0
1;8;0.00;0.00;0;0;0
1;8;0.00;0.00;0;0;0
1;9;0.02;0.00;1;0;0
1;8;0.00;0.00;0;0;0
1;8;0.01;0.02;0;-1;0
1;8;0.00;0.00;0;0;0
1;8;0.00;0.00;0;0;0
1;10;0.00;0.00;0;0;0
1;15;0.02;0.00;1;0;0
1;12;0.00;0.00;0;0;0
1;20;0.00;0.00;0;0;0
1;6;0.00;0.00;0;0;0
1;16;0.02;0.00;1;0;0
1;14;0.00;0.00;0;0;0
1;6;0.00;0.00;0;0;0
1;11;0.00;0.00;0;0;0
1;7;0.00;0.00;0;0;0
1;6;0.00;0.00;0;0;0
1;7;0.02;0.00;1;0;0
1;14;0.00;0.00;0;0;0
1;7;0.00;0.00;0;0;0
1;8;0.00;0.00;0;0;0
1;8;0.00;0.00;0;0;0
1;9;0.00;0.00;0;0;0
1;8;0.00;0.00;0;0;0
1;8;0.00;0.00;0;0;0
1;8;0.00;0.00;0;0;0
1;10;0.02;0.00;1;0;0
1;8;0.00;0.00;0;0;0
1;8;0.01;-0.02;0;0;-1
1;7;0.00;0.00;0;0;0
1;8;0.00;0.00;0;0;0
1;8;0.02;0.00;1;0;0
1;8;0.00;0.00;0;0;0
1;10;0.02;0.00;1;0;0
1;7;0.00;0.00;0;0;0
1;8;0.00;0.00;0;0;0
1;8;0.04;-0.02;1;0;-1
1;8;0.00;0.00;0;0;0
1;9;0.02;0.00;1;0;0
1;9;0.00;0.00;0;0;0
1;8;0.02;0.00;1;0;0
1;8;0.00;0.00;0;0;0
1;8;0.02;0.00;1;0;0
1;8;0.00;0.00;0;0;0
1;8;0.04;-0.02;1;0;-1
1;8;0.00;0.00;0;0;0
1;8;0.02;0.00;1;0;0
1;11;0.00;0.00;0;0;0
1;7;0.00;0.00;0;0;0
1;8;0.02;0.00;1;0;0
1;7;0.00;0.00;0;0;0
1;10;0.00;0.00;0;0;0
1;7;0.04;-0.02;1;0;-1
1;8;0.00;0.00;0;0;0
1;8;0.00;0.00;0;0;0
1;14;0.00;0.00;0;0;0
1;10;0.00;0.00;0;0;0
1;5;0.00;0.00;0;0;0
1;12;0.01;-0.02;0;0;-1
1;5;0.04;0.02;1;-1;0
1;8;0.00;0.00;0;0;0
1;7;0.00;0.00;0;0;0
1;10;0.00;0.00;0;0;0
1;9;0.00;0.00;0;0;0
1;7;0.00;0.00;0;0;0
1;7;0.01;-0.02;0;0;-1
1;8;0.00;0.00;0;0;0
1;8;0.00;0.00;0;0;0
1;10;0.02;0.00;1;0;0
1;8;0.00;0.00;0;0;0
1;10;0.00;0.00;0;0;0
1;6;0.02;0.00;1;0;0
1;8;0.01;-0.02;0;0;-1
1;7;0.00;0.00;0;0;0
1;11;0.02;0.00;1;0;0
1;7;0.00;0.00;0;0;0
1;7;0.02;0.00;1;0;0
1;9;0.00;0.00;0;0;0
1;8;0.02;0.00;1;0;0
1;8;0.00;0.00;0;0;0
1;8;0.02;0.00;1;0;0
1;8;0.01;-0.02;0;0;-1
1;10;0.02;0.00;1;0;0
1;7;0.02;0.00;1;0;0
1;9;0.00;0.00;0;0;0
1;7;0.02;0.00;1;0;0
1;8;0.00;0.00;0;0;0
1;8;0.04;-0.02;1;0;-1
1;9;0.02;0.00;1;0;0
1;8;0.00;0.00;0;0;0
1;8;0.02;0.00;1;0;0
1;8;0.00;0.00;0;0;0
1;9;0.00;0.00;0;0;0
1;7;0.04;-0.02;1;0;-1
1;12;0.00;0.00;0;0;0
1;9;0.00;0.00;0;0;0
1;5;0.00;0.00;0;0;0
1;7;0.02;0.00;1;0;0
1;8;0.00;0.00;0;0;0
1;8;0.01;-0.02;0;0;-1
1;12;0.00;0.00;0;0;0
1;6;0.00;0.00;0;0;0
1;8;0.00;0.00;0;0;0
1;7;0.00;0.00;0;0;0
1;8;0.00;0.00;0;0;0
1;9;0.00;0.00;0;0;0
1;8;0.01;-0.02;0;0;-1
1;13;0.00;0.00;0;0;0
1;8;0.00;0.00;0;0;0
1;7;0.00;0.00;0;0;0
1;9;0.02;0.00;1;0;0
1;8;0.00;0.00;0;0;0
1;8;0.00;0.00;0;0;0
1;9;0.00;0.00;0;0;0
1;12;0.00;0.00;0;0;0
1;5;0.00;0.00;0;0;0
1;8;0.02;0.00;1;0;0
1;7;0.01;-0.02;0;0;-1
1;8;0.00;0.00;0;0;0
1;9;0.00;0.00;0;0;0
1;9;0.00;0.00;0;0;0
1;8;0.02;0.00;1;0;0
1;10;0.00;0.00;0;0;0
1;6;0.00;0.00;0;0;0
1;9;0.01;-0.02;0;0;-1
1;8;0.00;0.00;0;0;0
1;11;0.00;0.00;0;0;0
1;5;0.02;0.00;1;0;0
1;8;0.00;0.00;0;0;0
1;8;0.00;0.00;0;0;0
1;11;0.00;0.00;0;0;0
1;6;0.00;0.00;0;0;0
1;8;0.01;-0.02;0;0;-1
1;7;0.00;0.00;0;0;0
1;8;0.02;0.00;1;0;0
1;8;0.00;0.00;0;0;0
1;9;0.00;0.00;0;0;0
1;8;0.00;0.00;0;0;0
1;9;0.00;0.00;0;0;0
1;9;0.00;0.00;0;0;0
1;7;0.02;0.00;1;0;0
1;9;0.01;-0.02;0;0;-1
1;7;0.00;0.00;0;0;0
1;8;0.00;0.00;0;0;0
1;9;0.00;0.00;0;0;0
1;8;0.00;0.00;0;0;0
1;8;0.02;0.00;1;0;0
1;8;0.00;0.00;0;0;0
1;9;0.00;0.00;0;0;0
1;7;0.00;0.00;0;0;0
1;8;0.01;-0.02;0;0;-1
1;9;0.00;0.00;0;0;0
1;8;0.00;0.00;0;0;0
1;8;0.02;0.00;1;0;0
1;8;0.00;0.00;0;0;0
1;8;0.00;0.00;0;0;0
1;8;0.00;0.00;0;0;0
1;9;0.01;-0.02;0;0;-1
1;8;0.00;0.00;0;0;0
1;14;0.02;0.00;1;0;0
1;7;0.00;0.00;0;0;0
1;8;0.00;0.00;0;0;0
1;8;0.00;0.00;0;0;0
1;16;0.02;0.00;0;-1;-1
1;5;0.00;0.00;0;0;0
1;7;0.02;0.00;1;0;0
1;11;0.00;0.00;0;0;0
1;7;0.00;0.00;0;0;0
1;9;0.00;0.00;0;0;0
1;6;0.00;0.00;0;0;0
1;9;0.00;0.00;0;0;0
1;8;0.04;-0.02;1;0;-1
1;9;0.00;0.00;0;0;0
1;7;0.00;0.00;0;0;0
1;10;0.00;0.00;0;0;0
1;7;0.00;0.00;0;0;0
1;8;0.02;0.00;1;0;0
1;8;0.00;0.00;0;0;0
1;11;0.01;-0.02;0;0;-1
1;6;0.00;0.00;0;0;0
1;7;0.00;0.00;0;0;0
1;8;0.00;0.00;0;0;0
1;9;0.02;0.00;1;0;0
1;8;0.00;0.00;0;0;0
1;17;0.01;-0.02;0;0;-1
1;12;0.00;0.00;0;0;0
1;5;0.00;0.00;0;0;0
1;8;0.00;0.00;0;0;0
1;8;0.00;0.00;0;0;0
1;7;0.02;0.00;1;0;0
1;8;0.01;-0.02;0;0;-1
1;11;0.00;0.00;0;0;0
1;7;0.00;0.00;0;0;0
1;7;0.00;0.00;0;0;0
1;11;0.00;0.00;0;0;0
1;6;0.02;0.00;1;0;0
1;9;0.00;0.00;0;0;0
1;7;0.00;0.00;0;0;0
1;8;0.00;0.00;0;0;0
1;9;0.01;-0.02;0;0;-1
1;7;0.02;0.00;1;0;0
1;8;0.00;0.00;0;0;0
1;13;0.00;0.00;0;0;0
1;9;0.00;0.00;0;0;0
1;7;0.00;0.00;0;0;0
1;9;0.00;0.00;0;0;0
1;8;0.02;0.00;1;0;0
1;8;0.00;0.00;0;0;0
1;8;0.01;-0.02;0;0;-1
1;8;0.00;0.00;0;0;0
1;8;0.00;0.00;0;0;0
1;10;0.00;0.00;0;0;0
1;7;0.00;0.00;0;0;0
1;13;0.02;0.00;1;0;0
1;7;0.00;0.00;0;0;0
1;8;0.00;0.00;0;0;0
1;9;0.01;-0.02;0;0;-1
1;9;0.00;0.00;0;0;0
1;7;0.00;0.00;0;0;0
1;8;0.00;0.00;0;0;0
1;8;0.02;0.00;1;0;0
1;10;0.00;0.00;0;0;0
1;7;0.01;-0.02;0;0;-1
1;8;0.00;0.00;0;0;0
1;8;0.00;0.00;0;0;0
1;9;0.00;0.00;0;0;0
1;7;0.00;0.00;0;0;0
1;9;0.02;0.00;1;0;0
1;8;0.00;0.00;0;0;0
1;8;0.01;-0.02;0;0;-1
1;8;0.00;0.00;0;0;0
1;8;0.00;0.00;0;0;0
1;9;0.02;0.00;1;0;0
1;8;0.00;0.00;0;0;0
1;8;0.00;0.00;0;0;0
1;11;0.00;0.00;0;0;0
1;6;0.00;0.00;0;0;0
1;8;0.00;0.00;0;0;0
1;9;0.04;-0.02;1;0;-1
1;7;0.00;0.00;0;0;0
1;8;0.00;0.00;0;0;0
1;8;0.00;0.00;0;0;0
1;9;0.00;0.00;0;0;0
1;8;0.00;0.00;0;0;0
1;8;0.00;0.00;0;0;0
1;8;0.01;-0.02;0;0;-1
1;11;0.02;0.00;1;0;0
1;7;0.00;0.00;0;0;0
1;7;0.00;0.00;0;0;0
1;8;0.00;0.00;0;0;0
1;10;0.01;-0.02;0;0;-1
1;10;0.00;0.00;0;0;0
1;6;0.00;0.00;0;0;0
1;7;0.00;0.00;0;0;0
1;11;0.02;0.00;1;0;0
1;6;0.00;0.00;0;0;0
1;8;0.01;-0.02;0;0;-1
1;8;0.00;0.00;0;0;0
1;17;0.02;0.00;1;0;0
1;7;0.00;0.00;0;0;0
1;8;0.00;0.00;0;0;0
1;16;0.00;0.00;0;0;0
1;12;0.00;0.00;0;0;0
1;6;0.02;0.00;1;0;0
1;7;0.01;-0.02;0;0;-1
1;8;0.00;0.00;0;0;0
1;9;0.00;0.00;0;0;0
1;8;0.00;0.00;0;0;0
1;9;0.00;0.00;0;0;0
1;7;0.02;0.00;1;0;0
1;8;0.01;-0.02;0;0;-1
1;9;0.00;0.00;0;0;0
1;8;0.00;0.00;0;0;0
1;8;0.00;0.00;0;0;0
1;8;0.00;0.00;0;0;0
1;10;0.00;0.00;0;0;0
1;7;0.01;-0.02;0;0;-1
1;11;0.02;0.00;1;0;0
1;6;0.00;0.00;0;0;0
1;8;0.00;0.00;0;0;0
1;8;0.00;0.00;0;0;0
1;15;0.01;-0.02;0;0;-1
1;9;0.00;0.00;0;0;0
1;8;0.02;0.00;1;0;0
1;11;0.00;0.00;0;0;0
1;6;0.00;0.00;0;0;0
1;8;0.00;0.00;0;0;0
1;10;0.01;-0.02;0;0;-1
1;11;0.02;0.00;1;0;0
1;8;0.01;-0.02;0;0;-1
1;7;0.00;0.00;0;0;0
1;9;0.00;0.00;0;0;0
1;9;0.00;0.00;0;0;0
1;8;0.01;-0.02;0;0;-1
1;7;0.00;0.00;0;0;0
1;8;0.00;0.00;0;0;0
1;9;0.04;-0.02;1;0;-1
1;8;0.00;0.00;0;0;0
1;8;0.00;0.00;0;0;0
1;11;0.00;0.00;0;0;0
1;6;0.01;-0.02;0;0;-1
1;9;0.02;0.00;1;0;0
1;7;0.00;0.00;0;0;0
1;12;0.00;0.00;0;0;0
1;5;0.00;0.00;0;0;0
1;8;0.00;0.00;0;0;0
1;8;0.02;0.00;1;0;0
1;9;0.01;-0.02;0;0;-1
1;7;0.00;0.00;0;0;0
1;8;0.00;0.00;0;0;0
1;8;0.00;0.00;0;0;0
1;12;0.02;0.00;1;0;0
1;5;0.00;0.00;0;0;0
1;8;0.01;-0.02;0;0;-1
1;8;0.00;0.00;0;0;0
1;8;0.00;0.00;0;0;0
1;8;0.01;-0.02;0;0;-1
1;9;0.00;0.00;0;0;0
1;8;0.00;0.00;0;0;0
1;8;0.04;-0.02;1;0;-1
1;8;0.00;0.00;0;0;0
1;8;0.01;-0.02;0;0;-1
1;9;0.01;-0.02;0;0;-1
1;8;0.00;0.00;0;0;0
1;8;0.01;-0.02;0;0;-1
1;9;0.00;0.00;0;0;0
1;7;0.01;-0.02;0;0;-1
1;10;0.01;-0.02;0;0;-1
1;7;0.00;0.00;0;0;0
1;8;0.01;-0.02;0;0;-1
1;8;0.01;-0.02;0;0;-1
1;8;0.02;0.00;1;0;0
1;9;0.01;-0.02;0;0;-1
1;11;0.00;0.00;0;0;0
1;6;0.01;-0.02;0;0;-1
1;7;0.00;0.00;0;0;0
1;11;0.04;-0.02;1;0;-1
1;6;0.00;0.00;0;0;0
1;9;0.00;0.00;0;0;0
1;7;0.00;0.00;0;0;0
1;10;0.01;-0.02;0;0;-1
1;7;0.02;0.00;1;0;0
1;7;0.00;0.00;0;0;0
1;9;0.00;0.00;0;0;0
1;11;0.00;0.00;0;0;0
1;6;0.00;0.00;0;0;0
1;7;0.02;0.00;1;0;0
1;8;0.00;0.00;0;0;0
1;12;0.01;-0.02;0;0;-1
1;6;0.00;0.00;0;0;0
1;7;0.00;0.00;0;0;0
1;8;0.00;0.00;0;0;0
1;11;0.00;0.00;0;0;0
1;8;0.00;0.00;0;0;0
1;7;0.00;0.00;0;0;0
1;10;0.00;0.00;0;0;0
1;7;0.02;0.00;1;0;0
1;16;0.01;-0.02;0;0;-1
1;10;0.00;0.00;0;0;0
1;11;0.00;0.00;0;0;0
1;8;0.01;-0.02;0;0;-1
1;7;0.00;0.00;0;0;0
1;23;0.04;-0.02;1;0;-1
1;11;0.01;-0.02;0;0;-1
1;28;0.01;-0.02;0;0;-1
1;19;0.02;-0.04;0;0;-2
1;14;0.04;-0.02;1;0;-1
1;13;0.01;-0.02;0;0;-1
1;7;0.00;0.00;0;0;0
1;16;0.01;-0.02;0;0;-1
1;10;0.04;-0.02;1;0;-1
1;13;0.01;-0.02;0;0;-1
1;7;0.00;0.00;0;0;0
1;7;0.00;0.00;0;0;0
1;7;0.01;-0.02;0;0;-1
1;16;0.04;-0.02;1;0;-1
1;11;0.00;0.00;0;0;0
1;7;0.01;-0.02;0;0;-1
1;7;0.00;0.00;0;0;0
1;9;0.01;-0.02;0;0;-1
1;9;0.00;0.00;0;0;0
1;7;0.04;-0.02;1;0;-1
1;9;0.00;0.00;0;0;0
1;15;0.01;-0.02;0;0;-1
1;6;0.01;-0.02;0;0;-1
1;7;0.00;0.00;0;0;0
1;8;0.00;0.00;0;0;0
1;8;0.00;0.00;0;0;0
1;8;0.04;-0.02;1;0;-1
1;9;0.00;0.00;0;0;0
1;8;0.00;0.00;0;0;0
1;8;0.00;0.00;0;0;0
1;8;0.01;-0.02;0;0;-1
1;10;0.02;0.00;1;0;0
1;9;0.00;0.00;0;0;0
1;7;0.00;0.00;0;0;0
1;7;0.00;0.00;0;0;0
1;8;0.00;0.00;0;0;0
1;8;0.02;0.00;1;0;0
1;9;0.00;0.00;0;0;0
1;8;0.00;0.00;0;0;0
1;8;0.00;0.00;0;0;0
1;8;0.01;-0.02;0;0;-1
1;8;0.00;0.00;0;0;0
1;9;0.00;0.00;0;0;0
1;8;0.00;0.00;0;0;0
1;8;0.00;0.00;0;0;0
1;8;0.00;0.00;0;0;0
1;8;0.00;0.00;0;0;0
1;9;0.01;-0.02;0;0;-1
1;8;0.00;0.00;0;0;0
1;8;0.00;0.00;0;0;0
1;8;0.02;0.00;1;0;0
1;8;0.00;0.00;0;0;0
1;8;0.00;0.00;0;0;0
1;9;0.01;-0.02;0;0;-1
1;8;0.00;0.00;0;0;0
1;8;0.00;0.00;0;0;0
1;8;0.02;0.00;1;0;0
1;8;0.00;0.00;0;0;0
1;9;0.00;0.00;0;0;0
1;8;0.00;0.00;0;0;0
1;8;0.00;0.00;0;0;0
1;8;0.00;0.00;0;0;0
1;8;0.04;-0.02;1;0;-1
1;9;0.00;0.00;0;0;0
1;8;0.00;0.00;0;0;0
1;8;0.00;0.00;0;0;0
1;8;0.00;0.00;0;0;0
1;8;0.01;-0.02;0;0;-1
1;9;0.02;0.00;1;0;0
1;8;0.00;0.00;0;0;0
1;8;0.01;-0.02;0;0;-1
1;8;0.00;0.00;0;0;0
1;11;0.01;-0.02;0;0;-1
1;7;0.00;0.00;0;0;0
1;8;0.00;0.00;0;0;0
1;11;0.01;-0.02;0;0;-1
1;8;0.01;-0.02;0;0;-1
1;15;0.00;0.00;0;0;0
1;7;0.04;-0.02;1;0;-1
1;23;0.01;-0.02;0;0;-1
1;7;0.01;-0.02;0;0;-1
1;7;0.00;0.00;0;0;0
1;11;0.04;-0.02;1;0;-1
1;4;0.00;0.00;0;0;0
1;10;0.00;0.00;0;0;0
1;6;0.01;-0.02;0;0;-1
1;26;0.02;0.00;1;0;0
1;15;0.01;-0.02;0;0;-1
1;8;0.00;0.00;0;0;0
1;9;0.02;0.00;1;0;0
1;8;0.00;0.00;0;0;0
1;8;0.00;0.00;0;0;0
1;8;0.00;0.00;0;0;0
1;8;0.00;0.00;0;0;0
1;9;0.00;0.00;0;0;0
1;8;0.04;-0.02;1;0;-1
1;8;0.00;0.00;0;0;0
1;8;0.00;0.00;0;0;0
1;8;0.00;0.00;0;0;0
1;9;0.00;0.00;0;0;0
1;8;0.00;0.00;0;0;0
1;8;0.00;0.00;0;0;0
1;8;0.00;0.00;0;0;0
1;8;0.00;0.00;0;0;0
1;9;0.00;0.00;0;0;0
1;8;0.01;-0.02;0;0;-1
1;8;0.02;0.00;1;0;0
1;8;0.00;0.00;0;0;0
1;8;0.00;0.00;0;0;0
1;8;0.00;0.00;0;0;0
1;9;0.00;0.00;0;0;0
1;8;0.00;0.00;0;0;0
1;8;0.04;-0.02;1;0;-1
1;8;0.00;0.00;0;0;0
1;8;0.00;0.00;0;0;0
1;9;0.00;0.00;0;0;0
1;8;0.00;0.00;0;0;0
1;8;0.02;0.00;1;0;0
1;8;0.00;0.00;0;0;0
1;9;0.01;-0.02;0;0;-1
1;8;0.00;0.00;0;0;0
1;8;0.00;0.00;0;0;0
1;8;0.00;0.00;0;0;0
1;8;0.00;0.00;0;0;0
1;8;0.02;0.00;1;0;0
1;9;0.01;-0.02;0;0;-1
1;8;0.00;0.00;0;0;0
1;9;0.00;0.00;0;0;0
1;8;0.00;0.00;0;0;0
1;7;0.00;0.00;0;0;0
1;8;0.00;0.00;0;0;0
1;12;0.00;0.00;0;0;0
1;6;0.02;0.00;1;0;0
1;7;0.01;-0.02;0;0;-1
1;8;0.00;0.00;0;0;0
1;9;0.00;0.00;0;0;0
1;15;0.00;0.00;0;0;0
1;6;0.00;0.00;0;0;0
1;7;0.00;0.00;0;0;0
1;9;0.00;0.00;0;0;0
1;8;0.01;-0.02;0;0;-1
1;9;0.00;0.00;0;0;0
1;7;0.00;0.00;0;0;0
1;11;0.00;0.00;0;0;0
1;8;0.00;0.00;0;0;0
1;5;0.00;0.00;0;0;0
1;10;0.01;-0.02;0;0;-1
1;7;0.00;0.00;0;0;0
1;11;0.00;0.00;0;0;0
1;5;0.00;0.00;0;0;0
1;8;0.00;0.00;0;0;0
1;9;0.00;0.00;0;0;0
1;11;0.01;-0.02;0;0;-1
1;5;0.00;0.00;0;0;0
1;8;-0.01;-0.02;0;1;0
1;8;0.01;-0.02;0;0;-1
1;12;0.00;0.00;0;0;0
1;6;0.00;0.00;0;0;0
1;7;0.01;-0.02;0;0;-1
1;8;0.00;0.00;0;0;0
1;11;0.00;0.00;0;0;0
1;6;0.01;-0.02;0;0;-1
1;10;0.00;0.00;0;0;0
1;6;0.00;0.00;0;0;0
1;9;0.00;-0.04;0;1;-1
1;7;0.00;0.00;0;0;0
1;11;0.00;0.00;0;0;0
1;7;0.00;0.00;0;0;0
1;8;0.00;0.00;0;0;0
1;7;0.01;-0.02;0;0;-1
1;8;0.02;0.00;1;0;0
1;9;-0.01;-0.02;0;1;0
1;16;0.00;0.00;0;0;0
1;8;0.00;0.00;0;0;0
1;8;0.00;0.00;0;0;0
1;14;-0.01;-0.02;0;1;0
1;8;0.00;0.00;0;0;0
1;7;0.00;0.00;0;0;0
1;10;0.01;-0.02;0;0;-1
1;7;0.00;0.00;0;0;0
1;7;0.00;0.00;0;0;0
1;9;0.00;0.00;0;0;0
1;12;-0.01;-0.02;0;1;0
1;8;0.00;0.00;0;0;0
1;8;0.00;0.00;0;0;0
1;9;0.01;-0.02;0;0;-1
1;8;0.00;0.00;0;0;0
1;36;0.00;-0.04;0;1;-1
1;8;0.00;0.00;0;0;0
1;5;0.00;0.00;0;0;0
1;8;0.00;0.00;0;0;0
1;8;0.00;0.00;0;0;0
1;8;0.00;0.00;0;0;0
1;10;0.00;-0.04;0;1;-1
1;7;0.00;0.00;0;0;0
1;8;0.00;0.00;0;0;0
1;8;0.00;0.00;0;0;0
1;8;0.00;0.00;0;0;0
1;9;0.00;0.00;0;0;0
1;9;0.00;0.00;0;0;0
1;11;0.00;-0.04;0;1;-1
1;9;0.00;0.00;0;0;0
1;7;0.00;0.00;0;0;0
1;14;0.00;0.00;0;0;0
1;9;0.00;0.00;0;0;0
1;7;-0.01;-0.02;0;1;0
1;8;0.01;-0.02;0;0;-1
1;12;0.00;0.00;0;0;0
1;8;0.00;0.00;0;0;0
1;8;0.00;0.00;0;0;0
1;9;0.00;0.00;0;0;0
1;7;-0.01;-0.02;0;1;0
1;9;0.01;-0.02;0;0;-1
1;8;0.00;0.00;0;0;0
1;8;0.00;0.00;0;0;0
1;8;0.00;0.00;0;0;0
1;8;0.00;0.00;0;0;0
1;9;0.00;0.00;0;0;0
1;8;-0.01;-0.02;0;1;0
1;8;0.01;-0.02;0;0;-1
1;8;0.00;0.00;0;0;0
1;8;0.00;0.00;0;0;0
1;9;0.00;0.00;0;0;0
1;8;0.00;0.00;0;0;0
1;8;0.00;0.00;0;0;0
1;8;0.00;-0.04;0;1;-1
1;9;0.00;0.00;0;0;0
1;7;0.00;0.00;0;0;0
1;9;0.00;0.00;0;0;0
1;8;0.00;0.00;0;0;0
1;8;-0.01;-0.02;0;1;0
1;8;0.00;0.00;0;0;0
1;13;0.01;-0.02;0;0;-1
1;4;0.00;0.00;0;0;0
1;14;0.00;0.00;0;0;0
1;11;0.00;0.00;0;0;0
1;7;-0.01;-0.02;0;1;0
1;9;0.01;-0.02;0;0;-1
1;8;0.00;0.00;0;0;0
1;8;0.00;0.00;0;0;0
1;9;0.00;0.00;0;0;0
1;7;0.00;0.00;0;0;0
1;9;0.00;-0.04;0;1;-1
1;9;0.00;0.00;0;0;0
1;7;0.00;0.00;0;0;0
1;8;0.00;0.00;0;0;0
1;8;0.00;0.00;0;0;0
1;8;0.00;0.00;0;0;0
1;9;0.01;-0.02;0;0;-1
1;8;0.00;0.00;0;0;0
1;14;-0.01;-0.02;0;1;0
1;7;0.00;0.00;0;0;0
1;8;0.00;0.00;0;0;0
1;8;0.00;0.00;0;0;0
1;8;0.00;0.00;0;0;0
1;8;0.00;-0.04;0;1;-1
1;8;0.00;0.00;0;0;0
1;12;0.00;0.00;0;0;0
1;7;0.00;0.00;0;0;0
1;8;0.00;0.00;0;0;0
1;6;0.00;0.00;0;0;0
1;12;0.01;-0.02;0;0;-1
1;5;-0.01;-0.02;0;1;0
1;9;0.00;0.00;0;0;0
1;7;0.00;0.00;0;0;0
1;14;0.00;0.00;0;0;0
1;6;0.00;0.00;0;0;0
1;9;0.01;-0.02;0;0;-1
1;8;0.00;0.00;0;0;0
1;9;-0.01;-0.02;0;1;0
1;7;0.00;0.00;0;0;0
1;8;0.00;0.00;0;0;0
1;8;0.01;-0.02;0;0;-1
1;9;0.00;0.00;0;0;0
1;8;0.00;0.00;0;0;0
1;8;0.00;0.00;0;0;0
1;8;-0.01;-0.02;0;1;0
1;9;0.00;0.00;0;0;0
1;12;0.01;-0.02;0;0;-1
1;13;0.00;0.00;0;0;0
1;11;0.00;0.00;0;0;0
1;18;-0.01;-0.02;0;1;0
1;7;0.01;-0.02;0;0;-1
1;8;0.00;0.00;0;0;0
1;9;0.00;0.00;0;0;0
1;7;0.00;0.00;0;0;0
1;9;-0.01;-0.02;0;1;0
1;10;0.00;0.00;0;0;0
1;10;0.01;-0.02;0;0;-1
1;8;0.00;0.00;0;0;0
1;9;0.00;0.00;0;0;0
1;11;-0.01;-0.02;0;1;0
1;7;0.00;0.00;0;0;0
1;6;0.01;-0.02;0;0;-1
1;8;0.00;0.00;0;0;0
1;8;0.00;0.00;0;0;0
1;9;0.00;0.00;0;0;0
1;8;0.00;0.00;0;0;0
1;8;-0.01;-0.02;0;1;0
1;9;0.00;0.00;0;0;0
1;7;0.01;-0.02;0;0;-1
1;12;0.00;0.00;0;0;0
1;5;0.00;0.00;0;0;0
1;10;0.00;0.00;0;0;0
1;6;-0.01;-0.02;0;1;0
1;8;0.00;0.00;0;0;0
1;9;0.01;-0.02;0;0;-1
1;13;0.00;0.00;0;0;0
1;8;0.00;0.00;0;0;0
1;7;0.00;0.00;0;0;0
1;8;-0.01;-0.02;0;1;0
1;9;0.01;-0.02;0;0;-1
1;12;0.00;0.00;0;0;0
1;8;0.00;0.00;0;0;0
1;9;0.00;0.00;0;0;0
1;8;0.00;0.00;0;0;0
1;8;-0.01;-0.02;0;1;0
1;8;0.01;-0.02;0;0;-1
1;8;0.00;0.00;0;0;0
1;9;0.00;0.00;0;0;0
1;11;0.00;0.00;0;0;0
1;6;0.00;0.00;0;0;0
1;7;-0.01;-0.02;0;1;0
1;11;0.01;-0.02;0;0;-1
1;6;0.00;0.00;0;0;0
1;8;0.00;0.00;0;0;0
1;8;0.00;0.00;0;0;0
1;11;0.00;0.00;0;0;0
1;7;0.00;0.00;0;0;0
1;6;-0.01;-0.02;0;1;0
1;10;0.01;-0.02;0;0;-1
1;9;0.00;0.00;0;0;0
1;7;0.00;0.00;0;0;0
1;7;0.00;0.00;0;0;0
1;8;0.00;0.00;0;0;0
1;11;-0.01;-0.02;0;1;0
1;8;0.01;-0.02;0;0;-1
1;6;0.00;0.00;0;0;0
1;11;0.00;0.00;0;0;0
1;9;0.00;0.00;0;0;0
1;4;0.00;0.00;0;0;0
1;9;-0.01;-0.02;0;1;0
1;8;0.00;0.00;0;0;0
1;9;0.01;-0.02;0;0;-1
1;14;0.00;0.00;0;0;0
1;5;0.00;0.00;0;0;0
1;12;0.00;0.00;0;0;0
1;5;0.00;0.00;0;0;0
1;8;0.00;-0.04;0;1;-1
1;8;0.00;0.00;0;0;0
1;8;0.00;0.00;0;0;0
1;13;0.00;0.00;0;0;0
1;4;0.00;0.00;0;0;0
1;8;0.00;0.00;0;0;0
1;8;0.00;-0.04;0;1;-1
1;15;0.00;0.00;0;0;0
1;9;0.00;0.00;0;0;0
1;5;0.00;0.00;0;0;0
1;11;0.00;0.00;0;0;0
1;5;0.00;0.00;0;0;0
1;8;0.00;-0.04;0;1;-1
1;9;0.00;0.00;0;0;0
1;8;0.00;0.00;0;0;0
1;8;0.00;0.00;0;0;0
1;8;0.00;0.00;0;0;0
1;8;0.00;0.00;0;0;0
1;8;0.00;-0.04;0;1;-1
1;9;0.00;0.00;0;0;0
1;8;0.00;0.00;0;0;0
1;8;0.00;0.00;0;0;0
1;8;0.00;0.00;0;0;0
1;8;0.00;0.00;0;0;0
1;9;0.01;-0.02;0;0;-1
1;8;-0.01;-0.02;0;1;0
1;8;0.00;0.00;0;0;0
1;8;0.00;0.00;0;0;0
1;8;0.00;0.00;0;0;0
1;9;0.00;0.00;0;0;0
1;12;0.01;-0.02;0;0;-1
1;11;-0.01;-0.02;0;1;0
1;6;0.00;0.00;0;0;0
1;10;0.00;0.00;0;0;0
1;7;0.00;0.00;0;0;0
1;7;0.00;0.00;0;0;0
1;8;0.01;-0.02;0;0;-1
1;8;0.00;0.00;0;0;0
1;8;-0.01;-0.02;0;1;0
1;9;0.00;0.00;0;0;0
1;8;0.00;0.00;0;0;0
1;8;0.00;0.00;0;0;0
1;8;0.01;-0.02;0;0;-1
1;8;0.00;0.00;0;0;0
1;9;-0.01;-0.02;0;1;0
1;8;0.00;0.00;0;0;0
1;8;0.00;0.00;0;0;0
1;8;0.00;0.00;0;0;0
1;8;0.01;-0.02;0;0;-1
1;9;0.00;0.00;0;0;0
1;10;0.00;0.00;0;0;0
1;6;-0.01;-0.02;0;1;0
1;8;0.00;0.00;0;0;0
1;8;0.00;0.00;0;0;0
1;11;0.01;-0.02;0;0;-1
1;6;0.00;0.00;0;0;0
1;11;0.00;0.00;0;0;0
1;5;0.00;0.00;0;0;0
1;9;-0.01;-0.02;0;1;0
1;7;0.00;0.00;0;0;0
1;9;0.00;0.00;0;0;0
1;8;0.01;-0.02;0;0;-1
1;8;0.00;0.00;0;0;0
1;8;0.00;0.00;0;0;0
1;8;0.00;0.00;0;0;0
1;9;-0.01;-0.02;0;1;0
1;10;0.00;0.00;0;0;0
1;6;0.01;-0.02;0;0;-1
1;8;0.00;0.00;0;0;0
1;9;0.00;0.00;0;0;0
1;9;0.00;0.00;0;0;0
1;7;-0.01;-0.02;0;1;0
1;9;0.00;0.00;0;0;0
1;9;0.01;-0.02;0;0;-1
1;7;0.00;0.00;0;0;0
1;11;0.00;0.00;0;0;0
1;6;0.00;0.00;0;0;0
1;7;0.00;0.00;0;0;0
1;10;-0.01;-0.02;0;1;0
1;13;0.01;-0.02;0;0;-1
1;6;0.00;0.00;0;0;0
1;8;0.00;0.00;0;0;0
1;12;0.00;0.00;0;0;0
1;10;0.00;0.00;0;0;0
1;6;-0.01;-0.02;0;1;0
1;10;0.00;0.00;0;0;0
1;7;0.01;-0.02;0;0;-1
1;9;0.00;0.00;0;0;0
1;7;0.00;0.00;0;0;0
1;8;0.00;0.00;0;0;0
1;10;0.00;0.00;0;0;0
1;7;-0.01;-0.02;0;1;0
1;8;0.00;0.00;0;0;0
1;8;0.01;-0.02;0;0;-1
1;11;0.00;0.00;0;0;0
1;6;0.00;0.00;0;0;0
1;12;0.00;0.00;0;0;0
1;11;-0.01;-0.02;0;1;0
1;5;0.00;0.00;0;0;0
1;8;0.00;0.00;0;0;0
1;9;0.01;-0.02;0;0;-1
1;11;0.00;0.00;0;0;0
1;5;0.00;0.00;0;0;0
1;8;0.00;0.00;0;0;0
1;8;0.00;0.00;0;0;0
1;14;-0.01;-0.02;0;1;0
1;7;0.01;-0.02;0;0;-1
1;9;0.00;0.00;0;0;0
1;7;0.00;0.00;0;0;0
1;8;0.00;0.00;0;0;0
1;10;0.00;0.00;0;0;0
1;7;0.00;0.00;0;0;0
1;8;-0.01;-0.02;0;1;0
1;11;0.01;-0.02;0;0;-1
1;6;0.00;0.00;0;0;0
1;8;0.00;0.00;0;0;0
1;8;0.00;0.00;0;0;0
1;8;0.00;0.00;0;0;0
1;8;0.00;0.00;0;0;0
1;8;-0.01;-0.02;0;1;0
1;12;0.00;0.00;0;0;0
1;5;0.00;0.00;0;0;0
1;8;0.01;-0.02;0;0;-1
1;9;0.00;0.00;0;0;0
1;7;0.00;0.00;0;0;0
1;10;0.00;0.00;0;0;0
1;9;-0.01;-0.02;0;1;0
1;6;0.00;0.00;0;0;0
1;8;0.00;0.00;0;0;0
1;8;0.01;-0.02;0;0;-1
1;12;0.00;0.00;0;0;0
1;5;0.00;0.00;0;0;0
1;8;0.00;0.00;0;0;0
1;11;-0.01;-0.02;0;1;0
1;6;0.00;0.00;0;0;0
1;7;0.00;0.00;0;0;0
1;9;0.00;0.00;0;0;0
1;8;0.01;-0.02;0;0;-1
1;13;0.00;0.00;0;0;0
1;13;-0.01;-0.02;0;1;0
1;17;0.00;0.00;0;0;0
1;11;0.00;0.00;0;0;0
1;7;0.01;-0.02;0;0;-1
1;12;0.00;0.00;0;0;0
1;17;-0.01;-0.02;0;1;0
1;8;0.00;0.00;0;0;0
1;14;0.00;0.00;0;0;0
1;7;0.00;0.00;0;0;0
1;8;0.00;0.00;0;0;0
1;8;0.00;0.00;0;0;0
1;8;0.01;-0.02;0;0;-1
1;8;-0.01;-0.02;0;1;0
1;9;0.00;0.00;0;0;0
1;8;0.00;0.00;0;0;0
1;8;0.00;0.00;0;0;0
1;8;0.00;0.00;0;0;0
1;14;0.00;0.00;0;0;0
1;7;0.01;-0.02;0;0;-1
1;8;-0.01;-0.02;0;1;0
1;8;0.00;0.00;0;0;0
1;8;0.00;0.00;0;0;0
1;8;0.00;0.00;0;0;0
1;9;0.00;0.00;0;0;0
1;8;0.00;0.00;0;0;0
1;8;0.00;0.00;0;0;0
1;8;0.00;-0.04;0;1;-1
1;8;0.00;0.00;0;0;0
1;9;0.00;0.00;0;0;0
1;8;0.00;0.00;0;0;0
1;8;0.00;0.00;0;0;0
1;8;0.00;0.00;0;0;0
1;8;0.00;0.00;0;0;0
1;9;0.00;-0.04;0;1;-1
1;8;0.00;0.00;0;0;0
1;8;0.00;0.00;0;0;0
1;8;0.00;0.00;0;0;0
1;8;0.00;0.00;0;0;0
1;8;0.00;0.00;0;0;0
1;13;0.01;-0.02;0;0;-1
1;8;-0.01;-0.02;0;1;0
1;8;0.00;0.00;0;0;0
1;13;0.00;0.00;0;0;0
1;11;0.00;0.00;0;0;0
1;5;0.00;0.00;0;0;0
1;8;0.00;0.00;0;0;0
1;9;-0.01;-0.02;0;1;0
1;10;0.01;-0.02;0;0;-1
1;6;0.00;0.00;0;0;0
1;9;0.00;0.00;0;0;0
1;8;0.00;0.00;0;0;0
1;8;0.00;0.00;0;0;0
1;7;0.00;0.00;0;0;0
1;12;-0.01;-0.02;0;1;0
1;5;0.00;0.00;0;0;0
1;22;0.01;-0.02;0;0;-1
1;7;0.00;0.00;0;0;0
1;8;0.00;0.00;0;0;0
1;8;-0.01;-0.02;0;1;0
1;8;0.00;0.00;0;0;0
1;11;0.00;0.00;0;0;0
1;5;0.00;0.00;0;0;0
1;12;0.01;-0.02;0;0;-1
1;17;0.00;0.00;0;0;0
1;16;-0.01;-0.02;0;1;0
1;9;0.00;0.00;0;0;0
1;8;0.00;0.00;0;0;0
1;13;0.01;-0.02;0;0;-1
1;8;0.00;0.00;0;0;0
1;8;0.00;0.00;0;0;0
1;11;-0.01;-0.02;0;1;0
1;7;0.00;0.00;0;0;0
1;6;0.00;0.00;0;0;0
1;8;0.00;0.00;0;0;0
1;12;0.00;0.00;0;0;0
1;7;0.01;-0.02;0;0;-1
1;6;0.00;0.00;0;0;0
1;11;-0.01;-0.02;0;1;0
1;6;0.00;0.00;0;0;0
1;10;-0.01;-0.02;0;1;0
1;6;0.00;0.00;0;0;0
1;9;0.00;0.00;0;0;0
1;11;-0.01;-0.02;0;1;0
1;8;0.01;-0.02;0;0;-1
1;8;-0.01;-0.02;0;1;0
1;9;0.00;0.00;0;0;0
1;8;-0.01;-0.02;0;1;0
1;8;0.00;0.00;0;0;0
1;8;-0.01;-0.02;0;1;0
1;8;0.00;0.00;0;0;0
1;9;0.00;-0.04;0;1;-1
1;8;0.00;0.00;0;0;0
1;8;-0.01;-0.02;0;1;0
1;11;0.00;0.00;0;0;0
1;7;0.00;0.00;0;0;0
1;7;-0.01;-0.02;0;1;0
1;8;0.01;-0.02;0;0;-1
1;8;0.00;0.00;0;0;0
1;9;-0.01;-0.02;0;1;0
1;8;0.00;0.00;0;0;0
1;8;0.00;0.00;0;0;0
1;16;0.00;0.00;0;0;0
1;9;0.01;-0.02;0;0;-1
1;10;0.00;0.00;0;0;0
1;9;0.00;0.00;0;0;0
1;5;0.00;0.00;0;0;0
1;8;0.00;0.00;0;0;0
1;11;-0.01;-0.02;0;1;0
1;13;0.00;0.00;0;0;0
1;9;0.00;0.00;0;0;0
1;8;0.00;0.00;0;0;0
1;8;0.01;-0.02;0;0;-1
1;8;0.00;0.00;0;0;0
1;8;0.00;0.00;0;0;0
1;9;-0.01;-0.02;0;1;0
1;9;0.00;0.00;0;0;0
1;7;0.00;0.00;0;0;0
1;11;0.00;0.00;0;0;0
1;5;0.00;-0.04;0;1;-1
1;9;0.00;0.00;0;0;0
1;8;-0.01;-0.02;0;1;0
1;8;0.00;0.00;0;0;0
1;8;0.00;0.00;0;0;0
1;8;-0.01;-0.02;0;1;0
1;9;0.00;0.00;0;0;0
1;9;-0.01;-0.02;0;1;0
1;8;0.00;-0.04;0;1;-1
1;7;0.00;0.00;0;0;0
1;10;-0.01;-0.02;0;1;0
1;11;-0.01;-0.02;0;1;0
1;8;0.00;0.00;0;0;0
1;8;0.00;-0.04;0;1;-1
1;9;0.00;0.00;0;0;0
1;10;-0.01;-0.02;0;1;0
1;6;0.00;0.00;0;0;0
1;8;-0.01;-0.02;0;1;0
1;8;0.00;0.00;0;0;0
1;8;0.00;-0.04;0;1;-1
1;8;0.00;0.00;0;0;0
1;8;-0.01;-0.02;0;1;0
1;11;0.00;0.00;0;0;0
1;12;-0.01;-0.02;0;1;0
1;7;0.00;0.00;0;0;0
1;28;0.00;-0.04;0;1;-1
1;8;0.00;0.00;0;0;0
1;8;0.00;0.00;0;0;0
1;8;0.00;0.00;0;0;0
1;9;0.01;-0.02;0;0;-1
1;8;0.00;0.00;0;0;0
1;8;0.00;0.00;0;0;0
1;8;0.00;0.00;0;0;0
1;12;0.00;0.00;0;0;0
1;19;0.01;-0.02;0;0;-1
1;10;-0.01;-0.02;0;1;0
1;8;0.00;0.00;0;0;0
1;12;0.00;0.00;0;0;0
1;10;0.00;0.00;0;0;0
1;8;0.00;0.00;0;0;0
1;7;0.00;0.00;0;0;0
1;8;-0.01;-0.02;0;1;0
1;10;0.00;0.00;0;0;0
1;7;0.01;-0.02;0;0;-1
1;13;0.00;0.00;0;0;0
1;9;-0.01;-0.02;0;1;0
1;6;0.00;0.00;0;0;0
1;9;0.00;0.00;0;0;0
1;8;0.00;0.00;0;0;0
1;8;0.00;0.00;0;0;0
1;8;0.01;-0.02;0;0;-1
1;8;0.00;0.00;0;0;0
1;9;0.00;0.00;0;0;0
1;8;-0.01;-0.02;0;1;0
1;8;0.00;0.00;0;0;0
1;8;0.00;0.00;0;0;0
1;8;0.01;-0.02;0;0;-1
1;10;0.00;0.00;0;0;0
1;7;0.00;0.00;0;0;0
1;8;0.00;0.00;0;0;0
1;8;-0.01;-0.02;0;1;0
1;8;0.00;0.00;0;0;0
1;9;0.01;-0.02;0;0;-1
1;8;-0.01;-0.02;0;1;0
1;8;0.00;0.00;0;0;0
1;8;-0.01;-0.02;0;1;0
1;8;0.00;0.00;0;0;0
1;8;-0.01;-0.02;0;1;0
1;12;0.00;0.00;0;0;0
1;5;-0.01;-0.02;0;1;0
1;10;0.00;0.00;0;0;0
1;11;-0.01;-0.02;0;1;0
1;8;0.00;-0.04;0;1;-1
1;8;0.00;0.00;0;0;0
1;8;-0.01;-0.02;0;1;0
1;8;0.00;0.00;0;0;0
1;10;-0.01;-0.02;0;1;0
1;6;0.00;0.00;0;0;0
1;9;0.01;-0.02;0;0;-1
1;8;0.00;0.00;0;0;0
1;8;-0.01;-0.02;0;1;0
1;8;0.00;0.00;0;0;0
1;7;0.01;-0.02;0;0;-1
1;10;0.00;0.00;0;0;0
1;8;0.00;0.00;0;0;0
1;8;-0.01;-0.02;0;1;0
1;8;0.01;-0.02;0;0;-1
1;8;0.00;0.00;0;0;0
1;10;0.00;0.00;0;0;0
1;12;0.01;-0.02;0;0;-1
1;7;0.00;0.00;0;0;0
1;8;0.00;0.00;0;0;0
1;8;0.00;0.00;0;0;0
1;12;-0.01;-0.02;0;1;0
1;6;0.00;0.00;0;0;0
1;7;0.00;0.00;0;0;0
1;23;0.01;-0.02;0;0;-1
1;14;0.00;0.00;0;0;0
1;14;-0.01;-0.02;0;1;0
1;7;0.00;0.00;0;0;0
1;8;0.00;0.00;0;0;0
1;11;0.00;0.00;0;0;0
1;8;0.01;-0.02;0;0;-1
1;9;0.00;0.00;0;0;0
1;8;-0.01;-0.02;0;1;0
1;9;0.00;0.00;0;0;0
1;8;0.00;0.00;0;0;0
1;8;0.00;0.00;0;0;0
1;18;0.01;-0.02;0;0;-1
1;7;0.00;0.00;0;0;0
1;8;-0.01;-0.02;0;1;0
1;8;0.00;0.00;0;0;0
1;10;0.01;-0.02;0;0;-1
1;8;0.00;0.00;0;0;0
1;7;0.00;0.00;0;0;0
1;8;0.00;0.00;0;0;0
1;9;0.00;0.00;0;0;0
1;7;-0.01;-0.02;0;1;0
1;8;0.01;-0.02;0;0;-1
1;9;0.00;0.00;0;0;0
1;18;0.00;0.00;0;0;0
1;6;0.00;0.00;0;0;0
1;8;0.00;0.00;0;0;0
1;13;-0.01;-0.02;0;1;0
1;8;0.01;-0.02;0;0;-1
1;7;0.00;0.00;0;0;0
1;9;0.00;0.00;0;0;0
1;7;0.00;0.00;0;0;0
1;10;0.00;0.00;0;0;0
1;7;0.00;0.00;0;0;0
1;9;0.00;-0.04;0;1;-1
1;8;0.00;0.00;0;0;0
1;11;0.00;0.00;0;0;0
1;5;0.00;0.00;0;0;0
1;9;0.00;0.00;0;0;0
1;8;0.00;0.00;0;0;0
1;8;0.01;-0.02;0;0;-1
1;8;-0.01;-0.02;0;1;0
1;8;0.00;0.00;0;0;0
1;9;0.00;0.00;0;0;0
1;12;0.00;0.00;0;0;0
1;8;0.01;-0.02;0;0;-1
1;8;0.00;0.00;0;0;0
1;10;-0.01;-0.02;0;1;0
1;7;0.00;0.00;0;0;0
1;8;0.00;0.00;0;0;0
1;8;0.00;0.00;0;0;0
1;12;0.01;-0.02;0;0;-1
1;9;0.00;0.00;0;0;0
1;8;0.00;0.00;0;0;0
1;8;-0.01;-0.02;0;1;0
1;8;0.00;0.00;0;0;0
1;8;0.00;0.00;0;0;0
1;9;0.01;-0.02;0;0;-1
1;8;0.00;0.00;0;0;0
1;8;0.00;0.00;0;0;0
1;7;0.00;0.00;0;0;0
1;8;-0.01;-0.02;0;1;0
1;9;0.01;-0.02;0;0;-1
1;9;0.00;0.00;0;0;0
1;8;0.00;0.00;0;0;0
1;8;0.00;0.00;0;0;0
1;8;0.00;0.00;0;0;0
1;8;0.01;-0.02;0;0;-1
1;9;-0.01;-0.02;0;1;0
1;8;0.00;0.00;0;0;0
1;8;0.00;0.00;0;0;0
1;8;0.00;0.00;0;0;0
1;8;0.00;0.00;0;0;0
1;8;0.01;-0.02;0;0;-1
1;8;-0.01;-0.02;0;1;0
1;9;0.00;0.00;0;0;0
1;8;0.00;0.00;0;0;0
1;8;0.00;0.00;0;0;0
1;9;0.00;0.00;0;0;0
1;8;0.00;0.00;0;0;0
1;12;0.01;-0.02;0;0;-1
1;8;0.00;0.00;0;0;0
1;8;-0.01;-0.02;0;1;0
1;9;0.00;0.00;0;0;0
1;8;0.00;0.00;0;0;0
1;8;-0.01;-0.02;0;1;0
1;8;0.00;0.00;0;0;0
1;10;0.00;0.00;0;0;0
1;10;0.00;-0.04;0;1;-1
1;5;0.00;0.00;0;0;0
1;8;-0.01;-0.02;0;1;0
1;10;0.00;0.00;0;0;0
1;6;-0.01;-0.02;0;1;0
1;9;0.00;0.00;0;0;0
1;7;0.00;0.00;0;0;0
1;13;0.00;-0.04;0;1;-1
1;8;-0.01;-0.02;0;1;0
1;8;0.00;0.00;0;0;0
1;11;0.00;0.00;0;0;0
1;6;0.00;-0.04;0;1;-1
1;8;0.00;0.00;0;0;0
1;10;0.00;0.00;0;0;0
1;7;0.00;0.00;0;0;0
1;8;0.01;-0.02;0;0;-1
1;8;-0.01;-0.02;0;1;0
1;8;0.00;0.00;0;0;0
1;11;0.01;-0.02;0;0;-1
1;5;0.00;0.00;0;0;0
1;9;0.00;0.00;0;0;0
1;8;0.00;0.00;0;0;0
1;11;0.00;0.00;0;0;0
1;9;0.00;0.00;0;0;0
1;8;0.01;-0.02;0;0;-1
1;9;0.00;0.00;0;0;0
1;9;-0.01;-0.02;0;1;0
1;7;0.00;0.00;0;0;0
1;8;0.00;0.00;0;0;0
1;11;0.00;0.00;0;0;0
1;6;0.00;0.00;0;0;0
1;8;0.00;0.00;0;0;0
1;8;0.00;0.00;0;0;0
1;11;0.01;-0.02;0;0;-1
1;5;-0.01;-0.02;0;1;0
1;8;0.00;0.00;0;0;0
1;9;0.00;0.00;0;0;0
1;7;0.00;0.00;0;0;0
1;8;0.00;0.00;0;0;0
1;12;0.00;0.00;0;0;0
1;6;0.00;0.00;0;0;0
1;8;0.01;-0.02;0;0;-1
1;8;-0.01;-0.02;0;1;0
1;11;0.00;0.00;0;0;0
1;5;0.00;0.00;0;0;0
1;8;0.00;0.00;0;0;0
1;9;0.00;0.00;0;0;0
1;8;0.01;-0.02;0;0;-1
1;7;0.00;0.00;0;0;0
1;9;-0.01;-0.02;0;1;0
1;7;0.00;0.00;0;0;0
1;10;0.00;0.00;0;0;0
1;9;0.00;0.00;0;0;0
1;7;0.01;-0.02;0;0;-1
1;8;0.00;0.00;0;0;0
1;8;-0.01;-0.02;0;1;0
1;9;0.00;0.00;0;0;0
1;7;0.00;0.00;0;0;0
1;9;0.00;0.00;0;0;0
1;8;0.00;0.00;0;0;0
1;8;0.01;-0.02;0;0;-1
1;7;0.00;0.00;0;0;0
1;10;0.00;0.00;0;0;0
1;7;-0.01;-0.02;0;1;0
1;9;0.00;0.00;0;0;0
1;8;0.00;0.00;0;0;0
1;13;0.01;-0.02;0;0;-1
1;8;0.00;0.00;0;0;0
1;8;0.00;0.00;0;0;0
1;7;0.00;0.00;0;0;0
1;9;0.00;0.00;0;0;0
1;8;-0.01;-0.02;0;1;0
1;9;0.01;-0.02;0;0;-1
1;8;0.00;0.00;0;0;0
1;9;0.00;0.00;0;0;0
1;7;0.00;0.00;0;0;0
1;8;0.00;0.00;0;0;0
1;9;0.00;0.00;0;0;0
1;7;-0.01;-0.02;0;1;0
1;9;0.01;-0.02;0;0;-1
1;10;0.00;0.00;0;0;0
1;6;0.00;0.00;0;0;0
1;9;0.00;0.00;0;0;0
1;8;0.00;0.00;0;0;0
1;8;-0.01;-0.02;0;1;0
1;7;0.01;-0.02;0;0;-1
1;8;0.00;0.00;0;0;0
1;13;0.00;0.00;0;0;0
1;5;0.00;0.00;0;0;0
1;8;0.00;0.00;0;0;0
1;7;0.00;0.00;0;0;0
1;14;-0.01;-0.02;0;1;0
1;8;0.01;-0.02;0;0;-1
1;8;0.00;0.00;0;0;0
1;7;0.00;0.00;0;0;0
1;9;0.00;0.00;0;0;0
1;8;0.00;0.00;0;0;0
1;8;-0.01;-0.02;0;1;0
1;8;0.00;0.00;0;0;0
1;13;0.01;-0.02;0;0;-1
1;8;0.00;0.00;0;0;0
1;8;0.00;0.00;0;0;0
1;12;-0.01;-0.02;0;1;0
1;5;0.00;0.00;0;0;0
1;8;0.00;0.00;0;0;0
1;7;0.01;-0.02;0;0;-1
1;12;0.00;0.00;0;0;0
1;6;0.00;0.00;0;0;0
1;8;0.00;0.00;0;0;0
1;8;-0.01;-0.02;0;1;0
1;10;0.00;0.00;0;0;0
1;6;0.00;0.00;0;0;0
1;9;0.01;-0.02;0;0;-1
1;7;0.00;0.00;0;0;0
1;9;-0.01;-0.02;0;1;0
1;8;0.00;0.00;0;0;0
1;7;0.00;0.00;0;0;0
1;8;0.00;0.00;0;0;0
1;11;0.00;0.00;0;0;0
1;7;0.01;-0.02;0;0;-1
1;8;0.00;0.00;0;0;0
1;8;-0.01;-0.02;0;1;0
1;8;0.00;0.00;0;0;0
1;9;0.00;0.00;0;0;0
1;7;0.00;0.00;0;0;0
1;12;0.01;-0.02;0;0;-1
1;5;0.00;0.00;0;0;0
1;8;0.00;0.00;0;0;0
1;9;-0.01;-0.02;0;1;0
1;11;0.00;0.00;0;0;0
1;8;0.00;0.00;0;0;0
1;5;0.00;0.00;0;0;0
1;8;0.00;0.00;0;0;0
1;9;0.01;-0.02;0;0;-1
1;7;-0.01;-0.02;0;1;0
1;11;0.00;0.00;0;0;0
1;6;0.00;0.00;0;0;0
1;8;0.00;0.00;0;0;0
1;9;0.00;0.00;0;0;0
1;7;0.01;-0.02;0;0;-1
1;8;-0.01;-0.02;0;1;0
1;8;0.00;0.00;0;0;0
1;9;0.00;0.00;0;0;0
1;10;0.00;0.00;0;0;0
1;12;0.00;0.00;0;0;0
1;7;0.01;-0.02;0;0;-1
1;11;-0.01;-0.02;0;1;0
1;5;0.00;0.00;0;0;0
1;9;0.00;0.00;0;0;0
1;8;0.00;0.00;0;0;0
1;11;0.00;0.00;0;0;0
1;5;0.00;0.00;0;0;0
1;8;0.01;-0.02;0;0;-1
1;7;-0.01;-0.02;0;1;0
1;9;0.00;0.00;0;0;0
1;8;0.00;0.00;0;0;0
1;8;0.00;0.00;0;0;0
1;9;0.00;0.00;0;0;0
1;7;0.00;0.00;0;0;0
1;9;-0.01;-0.02;0;1;0
1;8;0.01;-0.02;0;0;-1
1;8;0.00;0.00;0;0;0
1;9;0.00;0.00;0;0;0
1;8;0.00;0.00;0;0;0
1;8;0.00;0.00;0;0;0
1;8;0.00;0.00;0;0;0
1;8;-0.01;-0.02;0;1;0
1;8;0.01;-0.02;0;0;-1
1;8;0.00;0.00;0;0;0
1;9;0.00;0.00;0;0;0
1;8;0.00;0.00;0;0;0
1;8;0.00;0.00;0;0;0
1;8;-0.01;-0.02;0;1;0
1;9;0.01;-0.02;0;0;-1
1;9;0.00;0.00;0;0;0
1;8;0.00;0.00;0;0;0
1;7;0.00;0.00;0;0;0
1;8;0.00;0.00;0;0;0
1;8;0.00;0.00;0;0;0
1;8;-0.01;-0.02;0;1;0
1;10;0.00;0.00;0;0;0
1;8;0.01;-0.02;0;0;-1
1;7;0.00;0.00;0;0;0
1;10;0.00;0.00;0;0;0
1;8;0.00;0.00;0;0;0
1;8;-0.01;-0.02;0;1;0
1;7;0.00;0.00;0;0;0
1;9;0.00;0.00;0;0;0
1;8;0.00;0.00;0;0;0
1;8;0.00;0.00;0;0;0
1;9;0.01;-0.02;0;0;-1
1;7;-0.01;-0.02;0;1;0
1;8;0.00;0.00;0;0;0
1;8;0.00;0.00;0;0;0
1;8;0.00;0.00;0;0;0
1;29;0.00;-0.04;0;1;-1
1;24;0.00;0.00;0;0;0
1;6;0.00;0.00;0;0;0
1;8;0.00;0.00;0;0;0
1;16;0.00;-0.04;0;1;-1
1;10;0.00;0.00;0;0;0
1;8;0.00;0.00;0;0;0
1;10;0.00;0.00;0;0;0
1;5;0.00;0.00;0;0;0
1;8;-0.01;-0.02;0;1;0
1;8;0.01;-0.02;0;0;-1
1;8;0.00;0.00;0;0;0
1;8;0.00;0.00;0;0;0
1;8;0.00;0.00;0;0;0
1;9;0.00;0.00;0;0;0
1;8;0.00;0.00;0;0;0
1;8;-0.01;-0.02;0;1;0
1;8;0.01;-0.02;0;0;-1
1;8;0.00;0.00;0;0;0
1;10;0.00;0.00;0;0;0
1;7;0.00;0.00;0;0;0
1;9;0.00;0.00;0;0;0
1;7;-0.01;-0.02;0;1;0
1;9;0.00;0.00;0;0;0
1;7;0.00;0.00;0;0;0
1;8;0.01;-0.02;0;0;-1
1;9;0.00;0.00;0;0;0
1;8;0.00;0.00;0;0;0
1;8;0.00;0.00;0;0;0
1;8;-0.01;-0.02;0;1;0
1;8;0.00;0.00;0;0;0
1;9;0.01;-0.02;0;0;-1
1;8;0.00;0.00;0;0;0
1;8;0.00;0.00;0;0;0
1;8;0.00;0.00;0;0;0
1;8;0.00;0.00;0;0;0
1;20;-0.01;-0.02;0;1;0
1;7;0.01;-0.02;0;0;-1
1;8;0.00;0.00;0;0;0
1;10;0.00;0.00;0;0;0
1;5;0.00;0.00;0;0;0
1;8;-0.01;-0.02;0;1;0
1;8;0.00;0.00;0;0;0
1;9;0.00;0.00;0;0;0
1;10;0.01;-0.02;0;0;-1
1;44;-0.01;-0.02;0;1;0
1;13;0.01;-0.02;0;0;-1
1;7;0.00;0.00;0;0;0
1;9;-0.01;-0.02;0;1;0
1;7;0.00;0.00;0;0;0
1;8;0.00;0.00;0;0;0
1;10;0.00;0.00;0;0;0
1;8;0.00;0.00;0;0;0
1;7;0.01;-0.02;0;0;-1
1;9;0.00;0.00;0;0;0
1;7;-0.01;-0.02;0;1;0
1;8;0.00;0.00;0;0;0
1;8;0.00;0.00;0;0;0
1;11;0.00;0.00;0;0;0
1;6;0.00;0.00;0;0;0
1;8;0.01;-0.02;0;0;-1
1;7;0.00;0.00;0;0;0
1;9;-0.01;-0.02;0;1;0
1;8;0.00;0.00;0;0;0
1;8;0.00;0.00;0;0;0
1;8;0.00;0.00;0;0;0
1;13;0.00;0.00;0;0;0
1;8;-0.01;-0.02;0;1;0
1;8;0.00;0.00;0;0;0
1;8;0.00;0.00;0;0;0
1;8;0.00;0.00;0;0;0
1;8;0.00;0.00;0;0;0
1;9;-0.01;-0.02;0;1;0
1;8;0.00;0.00;0;0;0
1;8;0.00;0.00;0;0;0
1;8;0.00;0.00;0;0;0
1;9;0.00;0.00;0;0;0
1;10;0.00;0.00;0;0;0
1;20;-0.01;-0.02;0;1;0
1;7;0.00;0.00;0;0;0
1;8;0.00;0.00;0;0;0
1;8;0.00;0.00;0;0;0
1;9;0.00;0.00;0;0;0
1;7;-0.01;-0.02;0;1;0
1;8;0.00;0.00;0;0;0
1;8;0.00;0.00;0;0;0
1;9;0.00;0.00;0;0;0
1;8;0.00;0.00;0;0;0
1;8;0.00;0.00;0;0;0
1;8;0.00;0.00;0;0;0
1;8;-0.01;-0.02;0;1;0
1;9;0.00;0.00;0;0;0
1;8;0.00;0.00;0;0;0
1;8;0.00;0.00;0;0;0
1;8;0.00;0.00;0;0;0
1;8;0.00;0.00;0;0;0
1;8;-0.01;-0.02;0;1;0
1;10;0.00;0.00;0;0;0
1;8;0.00;0.00;0;0;0
1;8;0.00;0.00;0;0;0
1;7;0.00;0.00;0;0;0
1;8;0.00;0.00;0;0;0
1;9;-0.01;-0.02;0;1;0
1;8;0.00;0.00;0;0;0
1;8;0.00;0.00;0;0;0
1;8;0.00;0.00;0;0;0
1;9;0.00;0.00;0;0;0
1;8;0.00;0.00;0;0;0
1;8;-0.01;-0.02;0;1;0
1;16;0.00;0.00;0;0;0
1;11;0.00;0.00;0;0;0
1;7;0.00;0.00;0;0;0
1;7;0.00;0.00;0;0;0
1;8;0.00;0.00;0;0;0
1;8;-0.01;-0.02;0;1;0
1;8;0.00;0.00;0;0;0
1;9;0.00;0.00;0;0;0
1;8;0.00;0.00;0;0;0
1;8;0.00;0.00;0;0;0
1;12;0.00;0.00;0;0;0
1;5;-0.01;-0.02;0;1;0
1;11;0.00;0.00;0;0;0
1;6;0.00;0.00;0;0;0
1;8;0.00;0.00;0;0;0
1;10;0.00;0.00;0;0;0
1;12;0.00;0.00;0;0;0
1;7;-0.01;-0.02;0;1;0
1;11;0.00;0.00;0;0;0
1;13;0.00;0.00;0;0;0
1;8;0.00;0.00;0;0;0
1;11;0.00;0.00;0;0;0
1;12;-0.01;-0.02;0;1;0
1;6;0.00;0.00;0;0;0
1;7;0.00;0.00;0;0;0
1;9;0.00;0.00;0;0;0
1;8;0.00;0.00;0;0;0
1;8;0.00;0.00;0;0;0
1;8;0.00;0.00;0;0;0
1;8;-0.01;-0.02;0;1;0
1;8;0.00;0.00;0;0;0
1;9;0.00;0.00;0;0;0
1;8;0.00;0.00;0;0;0
1;9;0.00;0.00;0;0;0
1;7;0.00;0.00;0;0;0
1;8;0.00;0.00;0;0;0
1;8;-0.01;-0.02;0;1;0
1;16;0.00;0.00;0;0;0
1;6;0.00;0.00;0;0;0
1;7;0.00;0.00;0;0;0
1;8;0.00;0.00;0;0;0
1;9;0.00;0.00;0;0;0
1;8;-0.01;-0.02;0;1;0
1;8;0.00;0.00;0;0;0
1;9;0.00;0.00;0;0;0
1;8;0.00;0.00;0;0;0
1;10;0.00;0.00;0;0;0
1;7;0.00;0.00;0;0;0
1;7;-0.01;-0.02;0;1;0
1;8;0.00;0.00;0;0;0
1;10;0.00;0.00;0;0;0
1;7;0.00;0.00;0;0;0
1;8;0.00;0.00;0;0;0
1;8;0.00;0.00;0;0;0
1;8;0.00;0.00;0;0;0
1;8;-0.01;-0.02;0;1;0
1;11;0.00;0.00;0;0;0
1;7;0.00;0.00;0;0;0
1;7;0.00;0.00;0;0;0
1;8;0.00;0.00;0;0;0
1;8;0.00;0.00;0;0;0
1;9;-0.01;-0.02;0;1;0
1;14;0.00;0.00;0;0;0
1;7;0.00;0.00;0;0;0
1;7;0.00;0.00;0;0;0
1;8;0.00;0.00;0;0;0
1;9;0.00;0.00;0;0;0
1;9;0.00;0.00;0;0;0
1;7;-0.01;-0.02;0;1;0
1;8;0.00;0.00;0;0;0
1;8;0.00;0.00;0;0;0
1;8;0.00;0.00;0;0;0
1;9;0.00;0.00;0;0;0
1;8;0.00;0.00;0;0;0
1;8;-0.01;-0.02;0;1;0
1;8;0.00;0.00;0;0;0
1;8;0.00;0.00;0;0;0
1;12;0.00;0.00;0;0;0
1;6;0.00;0.00;0;0;0
1;7;0.00;0.00;0;0;0
1;8;0.00;0.00;0;0;0
1;12;-0.01;-0.02;0;1;0
1;6;0.00;0.00;0;0;0
1;7;0.00;0.00;0;0;0
1;11;0.00;0.00;0;0;0
1;7;0.00;0.00;0;0;0
1;7;0.00;0.00;0;0;0
1;7;0.00;0.00;0;0;0
1;9;0.00;0.00;0;0;0
1;14;-0.01;-0.02;0;1;0
1;7;0.00;0.00;0;0;0
1;8;0.00;0.00;0;0;0
1;8;0.00;0.00;0;0;0
1;8;0.00;0.00;0;0;0
1;8;0.00;0.00;0;0;0
1;8;0.00;0.00;0;0;0
1;11;-0.01;-0.02;0;1;0
1;6;0.00;0.00;0;0;0
1;8;0.00;0.00;0;0;0
1;8;0.00;0.00;0;0;0
1;11;0.00;0.00;0;0;0
1;6;0.00;0.00;0;0;0
1;8;0.00;0.00;0;0;0
1;8;-0.01;-0.02;0;1;0
1;11;0.00;0.00;0;0;0
1;6;0.00;0.00;0;0;0
1;7;0.00;0.00;0;0;0
1;8;0.00;0.00;0;0;0
1;9;0.00;0.00;0;0;0
1;12;0.00;0.00;0;0;0
1;9;-0.01;-0.02;0;1;0
1;7;0.00;0.00;0;0;0
1;13;0.00;0.00;0;0;0
1;11;0.00;0.00;0;0;0
1;6;0.00;0.00;0;0;0
1;7;0.00;0.00;0;0;0
1;8;0.00;0.00;0;0;0
1;12;-0.01;-0.02;0;1;0
1;6;0.00;0.00;0;0;0
1;7;0.00;0.00;0;0;0
1;8;0.00;0.00;0;0;0
1;9;0.00;0.00;0;0;0
1;7;0.00;0.00;0;0;0
1;9;0.00;0.00;0;0;0
1;8;0.00;0.00;0;0;0
1;9;-0.01;-0.02;0;1;0
1;8;0.00;0.00;0;0;0
1;7;0.00;0.00;0;0;0
1;9;0.00;0.00;0;0;0
1;8;0.00;0.00;0;0;0
1;8;0.00;0.00;0;0;0
1;8;0.00;0.00;0;0;0
1;8;-0.01;-0.02;0;1;0
1;9;0.00;0.00;0;0;0
1;8;0.00;0.00;0;0;0
1;8;0.00;0.00;0;0;0
1;11;0.00;0.00;0;0;0
1;7;0.00;0.00;0;0;0
1;8;0.00;0.00;0;0;0
1;7;-0.01;-0.02;0;1;0
1;8;0.00;0.00;0;0;0
1;11;0.00;0.00;0;0;0
1;6;0.00;0.00;0;0;0
1;7;0.00;0.00;0;0;0
1;13;0.00;0.00;0;0;0
1;5;0.00;0.00;0;0;0
1;7;-0.01;-0.02;0;1;0
1;8;0.00;0.00;0;0;0
1;12;0.00;0.00;0;0;0
1;6;0.00;0.00;0;0;0
1;7;0.00;0.00;0;0;0
1;8;0.00;0.00;0;0;0
1;9;0.00;0.00;0;0;0
1;7;-0.01;-0.02;0;1;0
1;12;0.00;0.00;0;0;0
1;6;0.00;0.00;0;0;0
1;7;0.00;0.00;0;0;0
1;8;0.00;0.00;0;0;0
1;10;0.00;0.00;0;0;0
1;8;0.00;0.00;0;0;0
1;7;-0.01;-0.02;0;1;0
1;13;0.00;0.00;0;0;0
1;8;0.00;0.00;0;0;0
1;7;0.00;0.00;0;0;0
1;9;0.00;0.00;0;0;0
1;14;0.00;0.00;0;0;0
1;9;-0.01;-0.02;0;1;0
1;6;0.00;0.00;0;0;0
1;7;0.00;0.00;0;0;0
1;9;0.00;0.00;0;0;0
1;8;0.00;0.00;0;0;0
1;8;0.00;0.00;0;0;0
1;8;-0.02;0.00;-1;0;0
1;8;0.00;0.00;0;0;0
1;9;-0.01;-0.02;0;1;0
1;8;0.00;0.00;0;0;0
1;8;0.00;0.00;0;0;0
1;8;0.00;0.00;0;0;0
1;8;0.00;0.00;0;0;0
1;9;-0.01;-0.02;-1;0;-1
1;10;0.00;0.00;0;0;0
1;9;-0.01;-0.02;0;1;0
1;6;0.00;0.00;0;0;0
1;7;0.00;0.00;0;0;0
1;12;0.00;0.00;0;0;0
1;6;-0.02;0.00;-1;0;0
1;7;0.00;0.00;0;0;0
1;8;0.00;0.00;0;0;0
1;10;-0.01;-0.02;0;1;0
1;8;0.00;0.00;0;0;0
1;7;0.00;0.00;0;0;0
1;8;0.00;0.00;0;0;0
1;8;-0.02;0.00;-1;0;0
1;8;0.00;0.00;0;0;0
1;8;0.00;0.00;0;0;0
1;9;-0.01;-0.02;0;1;0
1;12;0.00;0.00;0;0;0
1;8;0.00;0.00;0;0;0
1;8;-0.02;0.00;-1;0;0
1;12;0.00;0.00;0;0;0
1;6;0.00;0.00;0;0;0
1;7;0.00;0.00;0;0;0
1;9;-0.01;-0.02;0;1;0
1;7;0.00;0.00;0;0;0
1;8;0.00;0.00;0;0;0
1;13;-0.02;0.00;-1;0;0
1;8;0.00;0.00;0;0;0
1;8;0.00;0.00;0;0;0
1;8;0.00;0.00;0;0;0
1;9;-0.01;-0.02;0;1;0
1;8;0.00;0.00;0;0;0
1;9;-0.02;0.00;-1;0;0
1;7;0.00;0.00;0;0;0
1;8;0.00;0.00;0;0;0
1;9;0.00;0.00;0;0;0
1;8;0.00;0.00;0;0;0
1;11;-0.01;-0.02;0;1;0
1;6;0.00;0.00;0;0;0
1;7;-0.02;0.00;-1;0;0
1;14;0.00;0.00;0;0;0
1;7;0.00;0.00;0;0;0
1;11;0.00;0.00;0;0;0
1;6;-0.01;-0.02;0;1;0
1;7;0.00;0.00;0;0;0
1;14;-0.02;0.00;-1;0;0
1;7;0.00;0.00;0;0;0
1;8;0.00;0.00;0;0;0
1;8;0.00;0.00;0;0;0
1;9;-0.01;-0.02;0;1;0
1;9;0.00;0.00;0;0;0
1;8;-0.02;0.00;-1;0;0
1;16;0.00;0.00;0;0;0
1;8;0.00;0.00;0;0;0
1;10;0.00;0.00;0;0;0
1;10;-0.01;-0.02;0;1;0
1;8;0.00;0.00;0;0;0
1;8;-0.02;0.00;-1;0;0
1;10;0.00;0.00;0;0;0
1;9;-0.01;-0.02;0;1;0
1;10;0.00;0.00;0;0;0
1;8;-0.01;-0.02;0;1;0
1;12;0.00;0.00;0;0;0
1;14;-0.04;-0.02;-1;1;0
1;7;-0.01;-0.02;0;1;0
1;10;0.00;0.00;0;0;0
1;7;-0.01;-0.02;0;1;0
1;7;0.00;0.00;0;0;0
1;10;-0.01;-0.02;0;1;0
1;7;-0.02;0.00;-1;0;0
1;8;-0.01;-0.02;0;1;0
1;8;0.00;0.00;0;0;0
1;8;-0.01;-0.02;0;1;0
1;9;0.00;0.00;0;0;0
1;8;-0.01;-0.02;0;1;0
1;8;-0.02;0.00;-1;0;0
1;13;-0.01;-0.02;0;1;0
1;7;0.00;0.00;0;0;0
1;13;0.00;0.00;0;0;0
1;8;-0.01;-0.02;0;1;0
1;8;-0.02;0.00;-1;0;0
1;14;0.00;0.00;0;0;0
1;8;0.00;0.00;0;0;0
1;7;0.00;0.00;0;0;0
1;8;0.00;0.00;0;0;0
1;9;0.00;0.00;0;0;0
1;8;0.00;0.00;0;0;0
1;8;-0.02;0.00;-1;0;0
1;8;0.00;0.00;0;0;0
1;9;0.00;0.00;0;0;0
1;7;-0.01;-0.02;0;1;0
1;8;0.00;0.00;0;0;0
1;9;0.00;0.00;0;0;0
1;8;0.00;0.00;0;0;0
1;8;-0.02;0.00;-1;0;0
1;8;0.00;0.00;0;0;0
1;14;0.00;0.00;0;0;0
1;7;-0.01;-0.02;0;1;0
1;8;0.00;0.00;0;0;0
1;9;0.00;0.00;0;0;0
1;11;-0.02;0.00;-1;0;0
1;8;0.00;0.00;0;0;0
1;11;-0.01;-0.02;0;1;0
1;9;0.00;0.00;0;0;0
1;5;0.00;0.00;0;0;0
1;7;0.00;0.00;0;0;0
1;9;0.00;0.00;0;0;0
1;8;-0.02;0.00;-1;0;0
1;8;0.00;0.00;0;0;0
1;8;-0.01;-0.02;0;1;0
1;8;0.00;0.00;0;0;0
1;8;0.00;0.00;0;0;0
1;9;0.00;0.00;0;0;0
1;8;0.00;0.00;0;0;0
1;8;-0.02;0.00;-1;0;0
1;8;-0.01;-0.02;0;1;0
1;8;0.00;0.00;0;0;0
1;9;0.00;0.00;0;0;0
1;8;0.00;0.00;0;0;0
1;8;0.00;0.00;0;0;0
1;8;0.00;0.00;0;0;0
1;8;-0.04;-0.02;-1;1;0
1;8;0.00;0.00;0;0;0
1;9;0.00;0.00;0;0;0
1;8;0.00;0.00;0;0;0
1;8;0.00;0.00;0;0;0
1;8;0.00;0.00;0;0;0
1;13;-0.04;-0.02;-1;1;0
1;11;0.00;0.00;0;0;0
1;5;0.00;0.00;0;0;0
1;13;0.00;0.00;0;0;0
1;7;0.00;0.00;0;0;0
1;10;0.00;0.00;0;0;0
1;9;-0.04;-0.02;-1;1;0
1;6;0.00;0.00;0;0;0
1;8;0.00;0.00;0;0;0
1;10;-0.01;-0.02;0;1;0
1;8;0.00;0.00;0;0;0
1;11;-0.01;-0.02;0;1;0
1;20;-0.04;-0.02;-1;1;0
1;8;0.00;0.00;0;0;0
1;15;-0.01;-0.02;0;1;0
1;8;-0.01;-0.02;0;1;0
1;6;0.00;0.00;0;0;0
1;8;-0.01;-0.02;0;1;0
1;10;0.00;0.00;0;0;0
1;9;-0.04;-0.02;-1;1;0
1;6;0.00;0.00;0;0;0
1;8;0.00;0.00;0;0;0
1;8;0.00;0.00;0;0;0
1;14;-0.01;-0.02;0;1;0
1;7;-0.02;0.00;-1;0;0
1;11;0.00;0.00;0;0;0
1;5;0.00;0.00;0;0;0
1;8;-0.01;-0.02;0;1;0
1;9;0.00;0.00;0;0;0
1;23;-0.02;0.00;-1;0;0
1;11;0.00;0.00;0;0;0
1;7;0.00;0.00;0;0;0
1;8;0.00;0.00;0;0;0
1;13;-0.01;-0.02;0;1;0
1;7;0.00;0.00;0;0;0
1;9;0.00;0.00;0;0;0
1;9;0.00;0.00;0;0;0
1;7;-0.02;0.00;-1;0;0
1;8;0.00;0.00;0;0;0
1;8;0.00;0.00;0;0;0
1;11;-0.01;-0.02;0;1;0
1;7;0.00;0.00;0;0;0
1;7;0.00;0.00;0;0;0
1;8;0.00;0.00;0;0;0
1;8;-0.02;0.00;-1;0;0
1;8;0.00;0.00;0;0;0
1;9;0.00;0.00;0;0;0
1;13;-0.01;-0.02;0;1;0
1;11;0.00;0.00;0;0;0
1;8;0.00;0.00;0;0;0
1;8;0.00;0.00;0;0;0
1;15;-0.04;-0.02;-1;1;0
1;6;0.00;0.00;0;0;0
1;8;0.00;0.00;0;0;0
1;8;0.00;0.00;0;0;0
1;9;0.00;0.00;0;0;0
1;8;0.00;0.00;0;0;0
1;8;-0.01;-0.02;0;1;0
1;9;-0.02;0.00;-1;0;0
1;7;0.00;0.00;0;0;0
1;8;0.00;0.00;0;0;0
1;9;0.00;0.00;0;0;0
1;8;0.00;0.00;0;0;0
1;8;0.00;0.00;0;0;0
1;8;-0.01;-0.02;0;1;0
1;8;-0.02;0.00;-1;0;0
1;9;0.00;0.00;0;0;0
1;8;0.00;0.00;0;0;0
1;8;0.00;0.00;0;0;0
1;8;0.00;0.00;0;0;0
1;8;-0.01;-0.02;0;1;0
1;9;0.00;0.00;0;0;0
1;9;-0.02;0.00;-1;0;0
1;7;0.00;0.00;0;0;0
1;8;0.00;0.00;0;0;0
1;8;0.00;0.00;0;0;0
1;9;0.00;0.00;0;0;0
1;8;-0.01;-0.02;0;1;0
1;8;0.00;0.00;0;0;0
1;8;-0.02;0.00;-1;0;0
1;8;0.00;0.00;0;0;0
1;9;0.00;0.00;0;0;0
1;8;0.00;0.00;0;0;0
1;11;-0.01;-0.02;0;1;0
1;7;0.00;0.00;0;0;0
1;18;-0.02;0.00;-1;0;0
1;6;0.00;0.00;0;0;0
1;7;0.00;0.00;0;0;0
1;8;0.00;0.00;0;0;0
1;8;-0.01;-0.02;0;1;0
1;8;0.00;0.00;0;0;0
1;9;0.00;0.00;0;0;0
1;12;-0.02;0.00;-1;0;0
1;8;0.00;0.00;0;0;0
1;12;-0.01;-0.02;0;1;0
1;10;0.00;0.00;0;0;0
1;7;0.00;0.00;0;0;0
1;22;-0.02;0.00;-1;0;0
1;8;0.00;0.00;0;0;0
1;21;-0.01;-0.02;0;1;0
1;6;0.00;0.00;0;0;0
1;8;0.00;0.00;0;0;0
1;9;-0.02;0.00;-1;0;0
1;8;0.00;0.00;0;0;0
1;8;0.00;0.00;0;0;0
1;8;-0.01;-0.02;0;1;0
1;13;0.00;0.00;0;0;0
1;15;-0.02;0.00;-1;0;0
1;6;0.00;0.00;0;0;0
1;9;0.00;0.00;0;0;0
1;7;-0.01;-0.02;0;1;0
1;7;0.00;0.00;0;0;0
1;9;0.00;0.00;0;0;0
1;11;0.00;0.00;0;0;0
1;5;-0.02;0.00;-1;0;0
1;8;0.00;0.00;0;0;0
1;8;0.00;0.00;0;0;0
1;9;-0.01;-0.02;0;1;0
1;8;0.00;0.00;0;0;0
1;8;0.00;0.00;0;0;0
1;8;-0.02;0.00;-1;0;0
1;8;0.00;0.00;0;0;0
1;9;0.00;0.00;0;0;0
1;8;-0.01;-0.02;0;1;0
1;16;0.00;0.00;0;0;0
1;19;-0.02;0.00;-1;0;0
1;6;0.00;0.00;0;0;0
1;8;0.00;0.00;0;0;0
1;8;-0.01;-0.02;0;1;0
1;8;0.00;0.00;0;0;0
1;8;0.00;0.00;0;0;0
1;9;-0.02;0.00;-1;0;0
1;8;0.00;0.00;0;0;0
1;8;0.00;0.00;0;0;0
1;8;0.00;0.00;0;0;0
1;8;-0.01;-0.02;0;1;0
1;10;0.00;0.00;0;0;0
1;8;-0.02;0.00;-1;0;0
1;10;0.00;0.00;0;0;0
1;8;0.00;0.00;0;0;0
1;7;0.00;0.00;0;0;0
1;7;-0.01;-0.02;0;1;0
1;8;0.00;0.00;0;0;0
1;8;-0.02;0.00;-1;0;0
1;8;0.00;0.00;0;0;0
1;8;0.00;0.00;0;0;0
1;9;0.00;0.00;0;0;0
1;8;0.00;0.00;0;0;0
1;11;-0.01;-0.02;0;1;0
1;5;-0.02;0.00;-1;0;0
1;8;0.00;0.00;0;0;0
1;8;0.00;0.00;0;0;0
1;9;0.00;0.00;0;0;0
1;8;0.00;0.00;0;0;0
1;8;0.00;0.00;0;0;0
1;8;-0.01;-0.02;0;1;0
1;9;-0.02;0.00;-1;0;0
1;13;0.00;0.00;0;0;0
1;7;0.00;0.00;0;0;0
1;11;0.00;0.00;0;0;0
1;5;0.00;0.00;0;0;0
1;9;-0.01;-0.02;0;1;0
1;8;-0.02;0.00;-1;0;0
1;9;0.00;0.00;0;0;0
1;7;0.00;0.00;0;0;0
1;8;0.00;0.00;0;0;0
1;8;0.00;0.00;0;0;0
1;9;0.00;0.00;0;0;0
1;8;-0.01;-0.02;0;1;0
1;9;-0.02;0.00;-1;0;0
1;10;0.00;0.00;0;0;0
1;5;0.00;0.00;0;0;0
1;9;0.00;0.00;0;0;0
1;9;0.00;0.00;0;0;0
1;8;-0.02;0.00;-1;0;0
1;10;-0.01;-0.02;0;1;0
1;5;0.00;0.00;0;0;0
1;10;0.00;0.00;0;0;0
1;7;0.00;0.00;0;0;0
1;8;0.00;0.00;0;0;0
1;8;-0.02;0.00;-1;0;0
1;8;0.00;0.00;0;0;0
1;9;0.00;0.00;0;0;0
1;8;0.00;0.00;0;0;0
1;11;-0.01;-0.02;0;1;0
1;6;0.00;0.00;0;0;0
1;7;-0.02;0.00;-1;0;0
1;8;0.00;0.00;0;0;0
1;14;0.00;0.00;0;0;0
1;7;0.00;0.00;0;0;0
1;8;0.00;0.00;0;0;0
1;8;-0.01;-0.02;0;1;0
1;10;-0.02;0.00;-1;0;0
1;7;0.00;0.00;0;0;0
1;8;0.00;0.00;0;0;0
1;8;0.00;0.00;0;0;0
1;8;-0.01;-0.02;0;1;0
1;9;0.00;0.00;0;0;0
1;8;-0.04;-0.02;-1;1;0
1;8;0.00;0.00;0;0;0
1;8;0.00;0.00;0;0;0
1;8;-0.01;-0.02;0;1;0
1;12;0.00;0.00;0;0;0
1;9;-0.01;-0.02;0;1;0
1;4;0.00;0.00;0;0;0
1;8;-0.02;0.00;-1;0;0
1;8;-0.01;-0.02;0;1;0
1;12;0.00;0.00;0;0;0
1;5;-0.01;-0.02;0;1;0
1;11;0.00;0.00;0;0;0
1;5;-0.02;0.00;-1;0;0
1;8;-0.01;-0.02;0;1;0
1;8;0.00;0.00;0;0;0
1;9;0.00;0.00;0;0;0
1;8;0.00;0.00;0;0;0
1;8;0.00;0.00;0;0;0
1;9;-0.02;0.00;-1;0;0
1;15;-0.01;-0.02;0;1;0
1;6;0.00;0.00;0;0;0
1;20;-0.02;0.00;-1;0;0
1;7;0.00;0.00;0;0;0
1;9;0.00;0.00;0;0;0
1;8;0.00;0.00;0;0;0
1;8;0.00;0.00;0;0;0
1;8;0.00;0.00;0;0;0
1;8;-0.04;-0.02;-1;1;0
1;8;0.00;0.00;0;0;0
1;9;0.00;0.00;0;0;0
1;8;0.00;0.00;0;0;0
1;8;0.00;0.00;0;0;0
1;8;0.00;0.00;0;0;0
1;8;0.00;0.00;0;0;0
1;9;-0.02;0.00;-1;0;0
1;8;-0.01;-0.02;0;1;0
1;8;0.00;0.00;0;0;0
1;8;0.00;0.00;0;0;0
1;8;0.00;0.00;0;0;0
1;9;0.00;0.00;0;0;0
1;8;0.00;0.00;0;0;0
1;8;-0.02;0.00;-1;0;0
1;8;0.00;0.00;0;0;0
1;8;-0.01;-0.02;0;1;0
1;9;0.00;0.00;0;0;0
1;8;0.00;0.00;0;0;0
1;8;0.00;0.00;0;0;0
1;8;-0.02;0.00;-1;0;0
1;8;0.00;0.00;0;0;0
1;8;0.00;0.00;0;0;0
1;9;0.00;0.00;0;0;0
1;8;0.00;0.00;0;0;0
1;8;-0.01;-0.02;0;1;0
1;8;-0.02;0.00;-1;0;0
1;8;0.00;0.00;0;0;0
1;9;0.00;0.00;0;0;0
1;8;0.00;0.00;0;0;0
1;8;0.00;0.00;0;0;0
1;8;0.00;0.00;0;0;0
1;8;-0.04;-0.02;-1;1;0
1;9;0.00;0.00;0;0;0
1;8;0.00;0.00;0;0;0
1;8;0.00;0.00;0;0;0
1;8;0.00;0.00;0;0;0
1;8;0.00;0.00;0;0;0
1;9;-0.01;-0.02;0;1;0
1;13;-0.02;0.00;-1;0;0
1;7;0.00;0.00;0;0;0
1;8;0.00;0.00;0;0;0
1;12;0.00;0.00;0;0;0
1;5;0.00;0.00;0;0;0
1;8;0.00;0.00;0;0;0
1;8;-0.04;-0.02;-1;1;0
1;11;0.00;0.00;0;0;0
1;5;0.00;0.00;0;0;0
1;9;0.00;0.00;0;0;0
1;8;0.00;0.00;0;0;0
1;8;0.00;0.00;0;0;0
1;8;-0.02;0.00;-1;0;0
1;8;0.00;0.00;0;0;0
1;9;0.00;0.00;0;0;0
1;8;-0.01;-0.02;0;1;0
1;8;0.00;0.00;0;0;0
1;8;0.00;0.00;0;0;0
1;8;0.00;0.00;0;0;0
1;10;-0.02;0.00;-1;0;0
1;7;0.00;0.00;0;0;0
1;8;0.00;0.00;0;0;0
1;8;0.00;0.00;0;0;0
1;10;-0.01;-0.02;0;1;0
1;6;0.00;0.00;0;0;0
1;9;-0.02;0.00;-1;0;0
1;8;0.00;0.00;0;0;0
1;8;0.00;0.00;0;0;0
1;8;0.00;0.00;0;0;0
1;8;0.00;0.00;0;0;0
1;9;-0.01;-0.02;0;1;0
1;9;0.00;0.00;0;0;0
1;7;-0.02;0.00;-1;0;0
1;8;0.00;0.00;0;0;0
1;8;0.00;0.00;0;0;0
1;9;0.00;0.00;0;0;0
1;9;-0.01;-0.02;0;1;0
1;8;0.00;0.00;0;0;0
1;10;-0.02;0.00;-1;0;0
1;5;0.00;0.00;0;0;0
1;9;0.00;0.00;0;0;0
1;8;0.00;0.00;0;0;0
1;11;0.00;0.00;0;0;0
1;5;0.00;0.00;0;0;0
1;8;-0.04;-0.02;-1;1;0
1;8;0.00;0.00;0;0;0
1;9;0.00;0.00;0;0;0
1;8;0.00;0.00;0;0;0
1;11;0.00;0.00;0;0;0
1;5;0.00;0.00;0;0;0
1;11;-0.02;0.00;-1;0;0
1;6;0.00;0.00;0;0;0
1;9;-0.01;-0.02;0;1;0
1;12;0.00;0.00;0;0;0
1;7;0.00;0.00;0;0;0
1;9;0.00;0.00;0;0;0
1;8;-0.02;0.00;-1;0;0
1;8;-0.01;-0.02;0;1;0
1;8;0.00;0.00;0;0;0
1;8;0.00;0.00;0;0;0
1;9;0.00;0.00;0;0;0
1;8;0.00;0.00;0;0;0
1;11;-0.02;0.00;-1;0;0
1;8;-0.01;-0.02;0;1;0
1;5;0.00;0.00;0;0;0
1;8;0.00;0.00;0;0;0
1;9;0.00;0.00;0;0;0
1;10;0.00;0.00;0;0;0
1;6;0.00;0.00;0;0;0
1;8;-0.04;-0.02;-1;1;0
1;8;0.00;0.00;0;0;0
1;11;0.00;0.00;0;0;0
1;6;0.00;0.00;0;0;0
1;9;0.00;0.00;0;0;0
1;7;0.00;0.00;0;0;0
1;9;-0.02;0.00;-1;0;0
1;11;-0.01;-0.02;0;1;0
1;5;0.00;0.00;0;0;0
1;8;0.00;0.00;0;0;0
1;9;0.00;0.00;0;0;0
1;7;0.00;0.00;0;0;0
1;9;0.00;0.00;0;0;0
1;8;-0.04;-0.02;-1;1;0
1;10;0.00;0.00;0;0;0
1;6;0.00;0.00;0;0;0
1;8;0.00;0.00;0;0;0
1;8;0.00;0.00;0;0;0
1;10;0.00;0.00;0;0;0
1;7;0.00;0.00;0;0;0
1;9;-0.04;-0.02;-1;1;0
1;7;0.00;0.00;0;0;0
1;8;0.00;0.00;0;0;0
1;9;0.00;0.00;0;0;0
1;8;0.00;0.00;0;0;0
1;8;0.00;0.00;0;0;0
1;8;-0.01;-0.02;0;1;0
1;8;-0.02;0.00;-1;0;0
1;9;0.00;0.00;0;0;0
1;8;0.00;0.00;0;0;0
1;8;0.00;0.00;0;0;0
1;10;0.00;0.00;0;0;0
1;6;0.00;0.00;0;0;0
1;9;0.00;0.00;0;0;0
1;9;-0.04;-0.02;-1;1;0
1;10;0.00;0.00;0;0;0
1;6;0.00;0.00;0;0;0
1;7;0.00;0.00;0;0;0
1;8;0.00;0.00;0;0;0
1;9;0.00;0.00;0;0;0
1;8;-0.01;-0.02;0;1;0
1;8;-0.02;0.00;-1;0;0
1;8;0.00;0.00;0;0;0
1;11;0.00;0.00;0;0;0
1;6;0.00;0.00;0;0;0
1;8;0.00;0.00;0;0;0
1;8;-0.01;-0.02;0;1;0
1;13;-0.02;0.00;-1;0;0
1;8;0.00;0.00;0;0;0
1;8;0.00;0.00;0;0;0
1;8;0.00;0.00;0;0;0
1;8;-0.01;-0.02;0;1;0
1;8;0.00;0.00;0;0;0
1;8;0.00;0.00;0;0;0
1;12;-0.02;0.00;-1;0;0
1;5;0.00;0.00;0;0;0
1;11;0.00;0.00;0;0;0
1;5;-0.01;-0.02;0;1;0
1;8;0.00;0.00;0;0;0
1;12;0.00;0.00;0;0;0
1;9;-0.02;0.00;-1;0;0
1;4;0.00;0.00;0;0;0
1;11;0.00;0.00;0;0;0
1;5;0.00;0.00;0;0;0
1;9;-0.01;-0.02;0;1;0
1;8;0.00;0.00;0;0;0
1;8;0.00;0.00;0;0;0
1;8;-0.02;0.00;-1;0;0
1;8;0.00;0.00;0;0;0
1;9;0.00;0.00;0;0;0
1;10;-0.01;-0.02;0;1;0
1;6;0.00;0.00;0;0;0
1;8;0.00;0.00;0;0;0
1;11;0.00;0.00;0;0;0
1;6;-0.02;0.00;-1;0;0
1;8;-0.01;-0.02;0;1;0
1;9;0.00;0.00;0;0;0
1;7;0.00;0.00;0;0;0
1;8;0.00;0.00;0;0;0
1;8;0.00;0.00;0;0;0
1;10;0.00;0.00;0;0;0
1;7;-0.04;-0.02;-1;1;0
1;8;0.00;0.00;0;0;0
1;8;0.00;0.00;0;0;0
1;8;0.00;0.00;0;0;0
1;9;0.00;0.00;0;0;0
1;8;0.00;0.00;0;0;0
1;8;-0.01;-0.02;0;1;0
1;8;-0.02;0.00;-1;0;0
1;8;0.00;0.00;0;0;0
1;9;0.00;0.00;0;0;0
1;8;0.00;0.00;0;0;0
1;8;0.00;0.00;0;0;0
1;8;0.00;0.00;0;0;0
1;8;-0.01;-0.02;0;1;0
1;12;-0.02;0.00;-1;0;0
1;6;0.00;0.00;0;0;0
1;7;0.00;0.00;0;0;0
1;8;0.00;0.00;0;0;0
1;9;-0.01;-0.02;0;1;0
1;12;0.00;0.00;0;0;0
1;4;0.00;0.00;0;0;0
1;8;-0.02;0.00;-1;0;0
1;11;0.00;0.00;0;0;0
1;5;0.00;0.00;0;0;0
1;8;-0.01;-0.02;0;1;0
1;9;0.00;0.00;0;0;0
1;9;0.00;0.00;0;0;0
1;7;-0.02;0.00;-1;0;0
1;8;0.00;0.00;0;0;0
1;8;0.00;0.00;0;0;0
1;12;0.00;0.00;0;0;0
1;5;-0.01;-0.02;0;1;0
1;11;0.00;0.00;0;0;0
1;5;0.00;0.00;0;0;0
1;9;0.00;0.00;0;0;0
1;8;-0.02;0.00;-1;0;0
1;8;0.00;0.00;0;0;0
1;8;0.00;0.00;0;0;0
1;8;-0.01;-0.02;0;1;0
1;8;0.00;0.00;0;0;0
1;9;0.00;0.00;0;0;0
1;8;0.00;0.00;0;0;0
1;8;0.00;0.00;0;0;0
1;8;-0.04;-0.02;-1;1;0
1;9;0.00;0.00;0;0;0
1;7;0.00;0.00;0;0;0
1;9;0.00;0.00;0;0;0
1;8;0.00;0.00;0;0;0
1;8;0.00;0.00;0;0;0
1;11;-0.04;-0.02;-1;1;0
1;5;0.00;0.00;0;0;0
1;9;0.00;0.00;0;0;0
1;8;0.00;0.00;0;0;0
1;8;0.00;0.00;0;0;0
1;8;0.00;0.00;0;0;0
1;8;-0.01;-0.02;0;1;0
1;9;0.00;0.00;0;0;0
1;8;-0.02;0.00;-1;0;0
1;11;0.00;0.00;0;0;0
1;8;0.00;0.00;0;0;0
1;5;0.00;0.00;0;0;0
1;9;-0.01;-0.02;0;1;0
1;8;0.00;0.00;0;0;0
1;8;0.00;0.00;0;0;0
1;8;-0.02;0.00;-1;0;0
1;8;0.00;0.00;0;0;0
1;9;0.00;0.00;0;0;0
1;11;-0.01;-0.02;0;1;0
1;5;0.00;0.00;0;0;0
1;8;0.00;0.00;0;0;0
1;8;0.00;0.00;0;0;0
1;8;-0.02;0.00;-1;0;0
1;13;0.00;0.00;0;0;0
1;8;-0.01;-0.02;0;1;0
1;8;0.00;0.00;0;0;0
1;8;0.00;0.00;0;0;0
1;9;0.00;0.00;0;0;0
1;8;0.00;0.00;0;0;0
1;8;-0.02;0.00;-1;0;0
1;8;-0.01;-0.02;0;1;0
1;11;0.00;0.00;0;0;0
1;5;0.00;0.00;0;0;0
1;9;0.00;0.00;0;0;0
1;8;0.00;0.00;0;0;0
1;8;0.00;0.00;0;0;0
1;8;-0.01;-0.02;0;1;0
1;11;-0.02;0.00;-1;0;0
1;6;0.00;0.00;0;0;0
1;8;0.00;0.00;0;0;0
1;8;0.00;0.00;0;0;0
1;8;0.00;0.00;0;0;0
1;8;-0.01;-0.02;0;1;0
1;12;0.00;0.00;0;0;0
1;5;0.00;0.00;0;0;0
1;8;-0.02;0.00;-1;0;0
1;8;0.00;0.00;0;0;0
1;10;0.00;0.00;0;0;0
1;7;0.00;0.00;0;0;0
1;11;-0.01;-0.02;0;1;0
1;5;0.00;0.00;0;0;0
1;10;0.00;0.00;0;0;0
1;6;0.00;0.00;0;0;0
1;9;-0.02;0.00;-1;0;0
1;8;0.00;0.00;0;0;0
1;8;-0.01;-0.02;0;1;0
1;8;0.00;0.00;0;0;0
1;8;0.00;0.00;0;0;0
1;8;0.00;0.00;0;0;0
1;10;0.00;0.00;0;0;0
1;8;-0.02;0.00;-1;0;0
1;7;0.00;0.00;0;0;0
1;8;-0.01;-0.02;0;1;0
1;10;0.00;0.00;0;0;0
1;7;0.00;0.00;0;0;0
1;8;0.00;0.00;0;0;0
1;8;0.00;0.00;0;0;0
1;8;-0.02;0.00;-1;0;0
1;8;-0.01;-0.02;0;1;0
1;9;0.00;0.00;0;0;0
1;11;0.00;0.00;0;0;0
1;5;0.00;0.00;0;0;0
1;8;0.00;0.00;0;0;0
1;8;0.00;0.00;0;0;0
1;9;0.00;0.00;0;0;0
1;8;-0.04;-0.02;-1;1;0
1;8;0.00;0.00;0;0;0
1;8;0.00;0.00;0;0;0
1;8;0.00;0.00;0;0;0
1;9;0.00;0.00;0;0;0
1;8;0.00;0.00;0;0;0
1;8;-0.01;-0.02;0;1;0
1;8;-0.02;0.00;-1;0;0
1;8;0.00;0.00;0;0;0
1;8;0.00;0.00;0;0;0
1;9;0.00;0.00;0;0;0
1;11;0.00;0.00;0;0;0
1;5;0.00;0.00;0;0;0
1;8;-0.01;-0.02;0;1;0
1;8;-0.02;0.00;-1;0;0
1;9;0.00;0.00;0;0;0
1;8;0.00;0.00;0;0;0
1;8;0.00;0.00;0;0;0
1;8;0.00;0.00;0;0;0
1;10;-0.01;-0.02;0;1;0
1;7;0.00;0.00;0;0;0
1;11;-0.02;0.00;-1;0;0
1;5;0.00;0.00;0;0;0
1;8;0.00;0.00;0;0;0
1;8;0.00;0.00;0;0;0
1;9;0.00;0.00;0;0;0
1;8;-0.01;-0.02;0;1;0
1;8;-0.02;0.00;-1;0;0
1;9;0.00;0.00;0;0;0
1;7;0.00;0.00;0;0;0
1;9;0.00;0.00;0;0;0
1;8;0.00;0.00;0;0;0
1;8;-0.01;-0.02;0;1;0
1;8;0.00;0.00;0;0;0
1;8;-0.02;0.00;-1;0;0
1;8;0.00;0.00;0;0;0
1;9;0.00;0.00;0;0;0
1;8;0.00;0.00;0;0;0
1;8;-0.01;-0.02;0;1;0
1;8;-0.02;0.00;-1;0;0
1;14;0.00;0.00;0;0;0
1;7;-0.02;0.00;-1;0;0
1;8;0.00;0.00;0;0;0
1;8;0.00;0.00;0;0;0
1;8;-0.02;0.00;-1;0;0
1;8;-0.01;-0.02;0;1;0
1;9;-0.02;0.00;-1;0;0
1;8;0.00;0.00;0;0;0
1;11;-0.02;0.00;-1;0;0
1;9;-0.01;-0.02;-1;0;-1
1;9;0.00;0.00;0;0;0
1;11;-0.04;-0.02;-1;1;0
1;5;0.00;0.00;0;0;0
1;8;0.00;0.00;0;0;0
1;8;0.00;0.00;0;0;0
1;12;-0.02;0.00;-1;0;0
1;8;-0.01;-0.02;0;1;0
1;9;0.00;0.00;0;0;0
1;11;-0.02;0.00;-1;0;0
1;5;0.00;0.00;0;0;0
1;9;0.00;0.00;0;0;0
1;8;-0.01;-0.02;0;1;0
1;8;0.00;0.00;0;0;0
1;8;0.00;0.00;0;0;0
1;15;0.00;0.00;0;0;0
1;7;-0.02;0.00;-1;0;0
1;13;0.00;0.00;0;0;0
1;6;0.00;0.00;0;0;0
1;8;-0.01;-0.02;0;1;0
1;8;0.00;0.00;0;0;0
1;9;0.00;0.00;0;0;0
1;8;0.00;0.00;0;0;0
1;8;0.00;0.00;0;0;0
1;8;0.00;0.00;0;0;0
1;8;-0.02;0.00;-1;0;0
1;9;0.00;0.00;0;0;0
1;8;0.00;0.00;0;0;0
1;8;-0.01;-0.02;0;1;0
1;8;0.00;0.00;0;0;0
1;8;0.00;0.00;0;0;0
1;9;-0.02;0.00;-1;0;0
1;8;0.00;0.00;0;0;0
1;8;0.00;0.00;0;0;0
1;8;0.00;0.00;0;0;0
1;8;0.00;0.00;0;0;0
1;9;-0.01;-0.02;0;1;0
1;8;-0.02;0.00;-1;0;0
1;9;0.00;0.00;0;0;0
1;7;0.00;0.00;0;0;0
1;8;0.00;0.00;0;0;0
1;9;0.00;0.00;0;0;0
1;8;0.00;0.00;0;0;0
1;8;-0.04;-0.02;-1;1;0
1;8;0.00;0.00;0;0;0
1;8;0.00;0.00;0;0;0
1;8;0.00;0.00;0;0;0
1;9;0.00;0.00;0;0;0
1;8;0.00;0.00;0;0;0
1;7;0.00;0.00;0;0;0
1;9;-0.02;0.00;-1;0;0
1;8;-0.01;-0.02;0;1;0
1;9;0.00;0.00;0;0;0
1;8;0.00;0.00;0;0;0
1;8;0.00;0.00;0;0;0
1;8;0.00;0.00;0;0;0
1;8;0.00;0.00;0;0;0
1;12;-0.02;0.00;-1;0;0
1;5;0.00;0.00;0;0;0
1;8;-0.01;-0.02;0;1;0
1;8;0.00;0.00;0;0;0
1;11;0.00;0.00;0;0;0
1;7;0.00;0.00;0;0;0
1;9;-0.02;0.00;-1;0;0
1;6;0.00;0.00;0;0;0
1;8;0.00;0.00;0;0;0
1;7;0.00;0.00;0;0;0
1;10;0.00;0.00;0;0;0
1;8;-0.01;-0.02;0;1;0
1;11;-0.02;0.00;-1;0;0
1;6;0.00;0.00;0;0;0
1;9;0.00;0.00;0;0;0
1;6;0.00;0.00;0;0;0
1;9;0.00;0.00;0;0;0
1;8;-0.02;0.00;-1;0;0
1;9;-0.01;-0.02;0;1;0
1;7;0.00;0.00;0;0;0
1;8;-0.02;0.00;-1;0;0
1;9;0.00;0.00;0;0;0
1;8;-0.02;0.00;-1;0;0
1;8;0.00;0.00;0;0;0
1;7;-0.02;0.00;-1;0;0
1;9;0.00;0.00;0;0;0
1;14;-0.02;0.00;-1;0;0
1;7;-0.04;-0.02;-1;1;0
1;8;0.00;0.00;0;0;0
1;8;-0.02;0.00;-1;0;0
1;8;0.00;0.00;0;0;0
1;9;-0.02;0.00;-1;0;0
1;8;-0.04;-0.02;-1;1;0
1;9;0.00;0.00;0;0;0
1;7;0.00;0.00;0;0;0
1;11;-0.02;0.00;-1;0;0
1;6;0.00;0.00;0;0;0
1;12;-0.01;-0.02;0;1;0
1;8;0.00;0.00;0;0;0
1;8;0.00;0.00;0;0;0
1;8;0.00;0.00;0;0;0
1;9;-0.02;0.00;-1;0;0
1;8;0.00;0.00;0;0;0
1;8;0.00;0.00;0;0;0
1;9;-0.01;-0.02;0;1;0
1;7;0.00;0.00;0;0;0
1;9;0.00;0.00;0;0;0
1;8;-0.02;0.00;-1;0;0
1;8;0.00;0.00;0;0;0
1;8;0.00;0.00;0;0;0
1;8;0.00;0.00;0;0;0
1;11;-0.01;-0.02;0;1;0
1;6;-0.02;0.00;-1;0;0
1;8;0.00;0.00;0;0;0
1;10;0.00;0.00;0;0;0
1;6;0.00;0.00;0;0;0
1;11;0.00;0.00;0;0;0
1;6;0.00;0.00;0;0;0
1;8;-0.01;-0.02;0;1;0
1;8;-0.02;0.00;-1;0;0
1;8;0.00;0.00;0;0;0
1;8;0.00;0.00;0;0;0
1;9;0.00;0.00;0;0;0
1;8;0.00;0.00;0;0;0
1;8;0.00;0.00;0;0;0
1;8;0.00;0.00;0;0;0
1;8;-0.02;0.00;-1;0;0
1;9;0.00;0.00;0;0;0
1;8;-0.01;-0.02;0;1;0
1;8;0.00;0.00;0;0;0
1;8;0.00;0.00;0;0;0
1;8;0.00;0.00;0;0;0
1;9;0.00;0.00;0;0;0
1;12;-0.02;0.00;-1;0;0
1;8;0.00;0.00;0;0;0
1;8;-0.01;-0.02;0;1;0
1;7;0.00;0.00;0;0;0
1;14;0.00;0.00;0;0;0
1;8;0.00;0.00;0;0;0
1;8;-0.02;0.00;-1;0;0
1;11;0.00;0.00;0;0;0
1;6;-0.01;-0.02;0;1;0
1;8;0.00;0.00;0;0;0
1;8;0.00;0.00;0;0;0
1;10;0.00;0.00;0;0;0
1;6;-0.02;0.00;-1;0;0
1;8;0.00;0.00;0;0;0
1;9;0.00;0.00;0;0;0
1;9;-0.01;-0.02;0;1;0
1;7;0.00;0.00;0;0;0
1;8;0.00;0.00;0;0;0
1;8;0.00;0.00;0;0;0
1;9;-0.02;0.00;-1;0;0
1;8;0.00;0.00;0;0;0
1;8;0.00;0.00;0;0;0
1;7;0.00;0.00;0;0;0
1;10;-0.01;-0.02;0;1;0
1;8;0.00;0.00;0;0;0
1;8;-0.02;0.00;-1;0;0
1;8;0.00;0.00;0;0;0
1;8;0.00;0.00;0;0;0
1;8;0.00;0.00;0;0;0
1;22;-0.01;-0.02;0;1;0
1;9;-0.02;0.00;-1;0;0
1;6;0.00;0.00;0;0;0
1;8;0.00;0.00;0;0;0
1;9;0.00;0.00;0;0;0
1;8;-0.01;-0.02;0;1;0
1;8;0.00;0.00;0;0;0
1;7;-0.02;0.00;-1;0;0
1;9;0.00;0.00;0;0;0
1;8;0.00;0.00;0;0;0
1;9;0.00;0.00;0;0;0
1;7;-0.01;-0.02;0;1;0
1;9;0.00;0.00;0;0;0
1;8;-0.02;0.00;-1;0;0
1;9;0.00;0.00;0;0;0
1;8;0.00;0.00;0;0;0
1;8;0.00;0.00;0;0;0
1;7;0.00;0.00;0;0;0
1;9;-0.01;-0.02;0;1;0
1;8;0.00;0.00;0;0;0
1;8;-0.02;0.00;-1;0;0
1;9;0.00;0.00;0;0;0
1;8;0.00;0.00;0;0;0
1;8;0.00;0.00;0;0;0
1;8;0.00;0.00;0;0;0
1;9;-0.01;-0.02;0;1;0
1;7;0.00;0.00;0;0;0
1;9;-0.02;0.00;-1;0;0
1;8;0.00;0.00;0;0;0
1;8;0.00;0.00;0;0;0
1;9;0.00;0.00;0;0;0
1;7;-0.01;-0.02;0;1;0
1;8;0.00;0.00;0;0;0
1;8;-0.02;0.00;-1;0;0
1;8;0.00;0.00;0;0;0
1;9;0.00;0.00;0;0;0
1;8;0.00;0.00;0;0;0
1;8;-0.01;-0.02;0;1;0
1;9;0.00;0.00;0;0;0
1;19;-0.02;0.00;-1;0;0
1;13;0.00;0.00;0;0;0
1;5;0.00;0.00;0;0;0
1;8;-0.01;-0.02;0;1;0
1;14;0.00;0.00;0;0;0
1;23;-0.02;0.00;-1;0;0
1;8;0.00;0.00;0;0;0
1;8;0.00;0.00;0;0;0
1;9;-0.01;-0.02;0;1;0
1;7;0.00;0.00;0;0;0
1;8;0.00;0.00;0;0;0
1;8;-0.02;0.00;-1;0;0
1;9;0.00;0.00;0;0;0
1;8;0.00;0.00;0;0;0
1;8;0.00;0.00;0;0;0
1;8;-0.01;-0.02;0;1;0
1;8;0.00;0.00;0;0;0
1;9;0.00;0.00;0;0;0
1;9;-0.02;0.00;-1;0;0
1;8;0.00;0.00;0;0;0
1;8;0.00;0.00;0;0;0
1;8;-0.01;-0.02;0;1;0
1;8;0.00;0.00;0;0;0
1;7;0.00;0.00;0;0;0
1;15;-0.02;0.00;-1;0;0
1;7;0.00;0.00;0;0;0
1;8;-0.01;-0.02;0;1;0
1;13;0.00;0.00;0;0;0
1;8;0.00;0.00;0;0;0
1;8;0.00;0.00;0;0;0
1;10;-0.02;0.00;-1;0;0
1;6;0.00;0.00;0;0;0
1;8;-0.01;-0.02;0;1;0
1;9;0.00;0.00;0;0;0
1;8;0.00;0.00;0;0;0
1;8;0.00;0.00;0;0;0
1;8;0.00;0.00;0;0;0
1;7;0.00;0.00;0;0;0
1;12;-0.02;0.00;-1;0;0
1;6;-0.01;-0.02;0;1;0
1;9;0.00;0.00;0;0;0
1;7;0.00;0.00;0;0;0
1;8;0.00;0.00;0;0;0
1;9;0.00;0.00;0;0;0
1;8;0.00;0.00;0;0;0
1;8;-0.02;0.00;-1;0;0
1;7;-0.01;-0.02;0;1;0
1;8;0.00;0.00;0;0;0
1;8;0.00;0.00;0;0;0
1;13;0.00;0.00;0;0;0
1;8;0.00;0.00;0;0;0
1;5;-0.02;0.00;-1;0;0
1;10;-0.01;-0.02;0;1;0
1;6;0.00;0.00;0;0;0
1;9;0.00;0.00;0;0;0
1;7;0.00;0.00;0;0;0
1;11;0.00;0.00;0;0;0
1;6;0.00;0.00;0;0;0
1;8;-0.02;0.00;-1;0;0
1;8;-0.01;-0.02;0;1;0
1;8;0.00;0.00;0;0;0
1;8;0.00;0.00;0;0;0
1;9;0.00;0.00;0;0;0
1;12;0.00;0.00;0;0;0
1;16;-0.04;-0.02;-1;1;0
1;9;0.00;0.00;0;0;0
1;12;0.00;0.00;0;0;0
1;9;0.00;0.00;0;0;0
1;8;0.00;0.00;0;0;0
1;7;-0.01;-0.02;0;1;0
1;11;-0.02;0.00;-1;0;0
1;6;0.00;0.00;0;0;0
1;8;0.00;0.00;0;0;0
1;15;0.00;0.00;0;0;0
1;6;-0.01;-0.02;0;1;0
1;8;0.00;0.00;0;0;0
1;25;-0.02;0.00;-1;0;0
1;8;0.00;0.00;0;0;0
1;8;-0.01;-0.02;0;1;0
1;7;0.00;0.00;0;0;0
1;10;0.00;0.00;0;0;0
1;8;0.00;0.00;0;0;0
1;7;-0.02;0.00;-1;0;0
1;9;0.00;0.00;0;0;0
1;8;-0.01;-0.02;0;1;0
1;8;0.00;0.00;0;0;0
1;9;0.00;0.00;0;0;0
1;8;0.00;0.00;0;0;0
1;7;0.00;0.00;0;0;0
1;8;-0.02;0.00;-1;0;0
1;8;-0.01;-0.02;0;1;0
1;9;0.00;0.00;0;0;0
1;8;0.00;0.00;0;0;0
1;8;0.00;0.00;0;0;0
1;8;0.00;0.00;0;0;0
1;8;0.00;0.00;0;0;0
1;9;-0.04;-0.02;-1;1;0
1;9;0.00;0.00;0;0;0
1;8;0.00;0.00;0;0;0
1;8;0.00;0.00;0;0;0
1;8;0.00;0.00;0;0;0
1;9;0.00;0.00;0;0;0
1;8;-0.01;-0.02;0;1;0
1;8;-0.02;0.00;-1;0;0
1;12;0.00;0.00;0;0;0
1;8;0.00;0.00;0;0;0
1;9;0.00;0.00;0;0;0
1;8;0.00;0.00;0;0;0
1;7;0.00;0.00;0;0;0
1;8;0.00;0.00;0;0;0
1;8;-0.04;-0.02;-1;1;0
1;14;0.00;0.00;0;0;0
1;8;0.00;0.00;0;0;0
1;7;0.00;0.00;0;0;0
1;8;0.00;0.00;0;0;0
1;9;0.00;0.00;0;0;0
1;8;0.00;0.00;0;0;0
1;9;-0.02;0.00;-1;0;0
1;7;0.00;0.00;0;0;0
1;9;0.00;0.00;0;0;0
1;11;0.00;0.00;0;0;0
1;8;0.00;0.00;0;0;0
1;6;0.00;0.00;0;0;0
1;15;0.00;0.00;0;0;0
1;9;0.00;0.00;0;0;0
1;12;0.00;0.00;0;0;0
1;6;-0.02;0.00;-1;0;0
1;7;0.00;0.00;0;0;0
1;7;0.00;0.00;0;0;0
1;9;0.00;0.00;0;0;0
1;7;0.00;0.00;0;0;0
1;9;0.00;0.00;0;0;0
1;8;0.00;0.00;0;0;0
1;11;0.00;0.00;0;0;0
1;6;-0.04;0.02;-1;0;1
1;8;0.00;0.00;0;0;0
1;9;0.00;0.00;0;0;0
1;11;0.00;0.00;0;0;0
1;5;0.00;0.00;0;0;0
1;7;0.00;0.00;0;0;0
1;8;0.00;0.00;0;0;0
1;9;-0.02;0.00;-1;0;0
1;8;-0.01;0.02;0;0;1
1;8;0.00;0.00;0;0;0
1;8;-0.02;0.00;-1;0;0
1;9;0.00;0.00;0;0;0
1;8;-0.02;0.00;-1;0;0
1;8;0.00;0.00;0;0;0
1;9;0.00;0.00;0;0;0
1;7;-0.02;0.00;-1;0;0
1;9;-0.01;0.02;0;0;1
1;9;-0.02;0.00;-1;0;0
1;8;0.00;0.00;0;0;0
1;7;-0.02;0.00;-1;0;0
1;12;0.00;0.00;0;0;0
1;5;-0.02;0.00;-1;0;0
1;8;0.00;0.00;0;0;0
1;8;-0.01;0.02;0;0;1
1;8;-0.02;0.00;-1;0;0
1;8;0.00;0.00;0;0;0
1;8;0.00;0.00;0;0;0
1;8;0.00;0.00;0;0;0
1;9;-0.02;0.00;-1;0;0
1;9;0.00;0.00;0;0;0
1;7;-0.01;0.02;0;0;1
1;8;0.00;0.00;0;0;0
1;8;0.00;0.00;0;0;0
1;9;0.00;0.00;0;0;0
1;8;0.00;0.00;0;0;0
1;8;-0.02;0.00;-1;0;0
1;8;-0.01;0.02;0;0;1
1;9;0.00;0.00;0;0;0
1;12;0.00;0.00;0;0;0
1;6;0.00;0.00;0;0;0
1;10;0.00;0.00;0;0;0
1;5;0.00;0.00;0;0;0
1;9;0.00;0.00;0;0;0
1;8;-0.04;0.02;-1;0;1
1;9;0.00;0.00;0;0;0
1;7;0.00;0.00;0;0;0
1;8;0.00;0.00;0;0;0
1;8;0.00;0.00;0;0;0
1;8;0.00;0.00;0;0;0
1;9;-0.02;0.00;-1;0;0
1;8;-0.01;0.02;0;0;1
1;7;0.00;0.00;0;0;0
1;12;0.00;0.00;0;0;0
1;10;0.00;0.00;0;0;0
1;7;0.00;0.00;0;0;0
1;8;-0.02;0.00;-1;0;0
1;8;0.00;0.00;0;0;0
1;8;-0.01;0.02;0;0;1
1;8;0.00;0.00;0;0;0
1;9;0.00;0.00;0;0;0
1;8;0.00;0.00;0;0;0
1;13;-0.02;0.00;-1;0;0
1;11;0.00;0.00;0;0;0
1;8;-0.01;0.02;0;0;1
1;8;0.00;0.00;0;0;0
1;12;-0.02;0.00;-1;0;0
1;6;0.00;0.00;0;0;0
1;15;0.00;0.00;0;0;0
1;6;0.00;0.00;0;0;0
1;8;0.00;0.00;0;0;0
1;7;-0.01;0.02;0;0;1
1;8;-0.02;0.00;-1;0;0
1;8;0.00;0.00;0;0;0
1;9;0.00;0.00;0;0;0
1;8;0.00;0.00;0;0;0
1;8;0.00;0.00;0;0;0
1;8;-0.01;0.02;0;0;1
1;8;0.00;0.00;0;0;0
1;9;0.00;0.00;0;0;0
1;8;-0.02;0.00;-1;0;0
1;8;0.00;0.00;0;0;0
1;8;0.00;0.00;0;0;0
1;8;0.00;0.00;0;0;0
1;10;-0.01;0.02;0;0;1
1;8;0.00;0.00;0;0;0
1;7;0.00;0.00;0;0;0
1;8;-0.02;0.00;-1;0;0
1;8;0.00;0.00;0;0;0
1;9;0.00;0.00;0;0;0
1;8;0.00;0.00;0;0;0
1;8;0.00;0.00;0;0;0
1;8;-0.01;0.02;0;0;1
1;8;-0.02;0.00;-1;0;0
1;8;0.00;0.00;0;0;0
1;9;0.00;0.00;0;0;0
1;10;0.00;0.00;0;0;0
1;9;0.00;0.00;0;0;0
1;6;0.00;0.00;0;0;0
1;8;-0.04;0.02;-1;0;1
1;8;0.00;0.00;0;0;0
1;8;0.00;0.00;0;0;0
1;12;0.00;0.00;0;0;0
1;5;0.00;0.00;0;0;0
1;7;0.00;0.00;0;0;0
1;9;-0.02;0.00;-1;0;0
1;10;-0.01;0.02;0;0;1
1;13;0.00;0.00;0;0;0
1;9;0.00;0.00;0;0;0
1;10;0.00;0.00;0;0;0
1;8;0.00;0.00;0;0;0
1;7;-0.02;0.00;-1;0;0
1;8;-0.01;0.02;0;0;1
1;9;0.00;0.00;0;0;0
1;9;0.00;0.00;0;0;0
1;7;0.00;0.00;0;0;0
1;8;0.00;0.00;0;0;0
1;8;-0.02;0.00;-1;0;0
1;8;0.00;0.00;0;0;0
1;8;-0.01;0.02;0;0;1
1;10;0.00;0.00;0;0;0
1;12;0.00;0.00;0;0;0
1;17;-0.02;0.00;-1;0;0
1;10;0.00;0.00;0;0;0
1;6;0.00;0.00;0;0;0
1;8;-0.01;0.02;0;0;1
1;7;0.00;0.00;0;0;0
1;8;-0.02;0.00;-1;0;0
1;8;0.00;0.00;0;0;0
1;9;0.00;0.00;0;0;0
1;8;0.00;0.00;0;0;0
1;10;-0.01;0.02;0;0;1
1;8;0.00;0.00;0;0;0
1;7;-0.02;0.00;-1;0;0
1;9;0.00;0.00;0;0;0
1;7;0.00;0.00;0;0;0
1;8;0.00;0.00;0;0;0
1;8;0.00;0.00;0;0;0
1;8;0.00;0.00;0;0;0
1;9;-0.04;0.02;-1;0;1
1;8;0.00;0.00;0;0;0
1;8;0.00;0.00;0;0;0
1;8;0.00;0.00;0;0;0
1;8;0.00;0.00;0;0;0
1;9;0.00;0.00;0;0;0
1;8;-0.02;0.00;-1;0;0
1;8;0.00;0.00;0;0;0
1;9;-0.02;0.00;0;1;1
1;8;0.00;0.00;0;0;0
1;8;0.00;0.00;0;0;0
1;8;0.00;0.00;0;0;0
1;8;-0.02;0.00;-1;0;0
1;8;0.00;0.00;0;0;0
1;8;0.00;0.00;0;0;0
1;8;-0.01;0.02;0;0;1
1;9;0.00;0.00;0;0;0
1;8;0.00;0.00;0;0;0
1;8;-0.02;0.00;-1;0;0
1;8;0.00;0.00;0;0;0
1;8;0.00;0.00;0;0;0
1;9;0.00;0.00;0;0;0
1;8;0.00;0.00;0;0;0
1;11;-0.01;0.02;0;0;1
1;30;-0.02;0.00;-1;0;0
1;8;0.00;0.00;0;0;0
1;16;0.00;0.00;0;0;0
1;9;-0.04;0.02;-1;0;1
1;8;0.00;0.00;0;0;0
1;11;0.00;0.00;0;0;0
1;6;0.00;0.00;0;0;0
1;7;0.00;0.00;0;0;0
1;12;0.00;0.00;0;0;0
1;6;-0.02;0.00;-1;0;0
1;7;0.00;0.00;0;0;0
1;8;-0.01;0.02;0;0;1
1;8;0.00;0.00;0;0;0
1;9;0.00;0.00;0;0;0
1;9;0.00;0.00;0;0;0
1;10;-0.02;0.00;-1;0;0
1;14;-0.01;0.02;0;0;1
1;14;0.00;0.00;0;0;0
1;7;0.00;0.00;0;0;0
1;11;0.00;0.00;0;0;0
1;5;0.00;0.00;0;0;0
1;7;0.00;0.00;0;0;0
1;8;-0.01;0.02;0;0;1
1;9;0.00;0.00;0;0;0
1;8;0.00;0.00;0;0;0
1;8;0.00;0.00;0;0;0
1;8;0.00;0.00;0;0;0
1;8;0.00;0.00;0;0;0
1;9;0.00;0.00;0;0;0
1;8;0.00;0.00;0;0;0
1;8;-0.01;0.02;0;0;1
1;8;0.00;0.00;0;0;0
1;8;0.00;0.00;0;0;0
1;9;0.00;0.00;0;0;0
1;8;0.00;0.00;0;0;0
1;8;0.00;0.00;0;0;0
1;8;0.00;0.00;0;0;0
1;8;0.00;0.00;0;0;0
1;9;-0.01;0.02;0;0;1
1;8;0.00;0.00;0;0;0
1;11;0.00;0.00;0;0;0
1;6;0.00;0.00;0;0;0
1;8;0.00;0.00;0;0;0
1;10;0.00;0.00;0;0;0
1;8;0.00;0.00;0;0;0
1;7;-0.01;0.02;0;0;1
1;7;0.00;0.00;0;0;0
1;8;0.00;0.00;0;0;0
1;8;0.00;0.00;0;0;0
1;9;0.00;0.00;0;0;0
1;8;0.00;0.00;0;0;0
1;8;0.00;0.00;0;0;0
1;8;-0.01;0.02;0;0;1
1;8;0.00;0.00;0;0;0
1;9;0.00;0.00;0;0;0
1;9;0.00;0.00;0;0;0
1;15;0.00;0.00;0;0;0
1;8;0.00;0.00;0;0;0
1;10;0.00;0.00;0;0;0
1;8;-0.01;0.02;0;0;1
1;7;0.00;0.00;0;0;0
1;8;0.00;0.00;0;0;0
1;8;0.00;0.00;0;0;0
1;14;0.00;0.00;0;0;0
1;8;0.00;0.00;0;0;0
1;7;0.00;0.00;0;0;0
1;11;-0.01;0.02;0;0;1
1;6;0.00;0.00;0;0;0
1;10;0.00;0.00;0;0;0
1;12;0.00;0.00;0;0;0
1;13;0.00;0.00;0;0;0
1;6;0.00;0.00;0;0;0
1;8;-0.01;0.02;0;0;1
1;8;0.00;0.00;0;0;0
1;8;0.00;0.00;0;0;0
1;8;0.00;0.00;0;0;0
1;8;0.00;0.00;0;0;0
1;9;0.00;0.00;0;0;0
1;8;0.00;0.00;0;0;0
1;9;-0.01;0.02;0;0;1
1;7;0.00;0.00;0;0;0
1;11;0.00;0.00;0;0;0
1;7;0.00;0.00;0;0;0
1;7;0.00;0.00;0;0;0
1;8;0.00;0.00;0;0;0
1;8;0.00;0.00;0;0;0
1;12;-0.01;0.02;0;0;1
1;5;0.00;0.00;0;0;0
1;9;0.00;0.00;0;0;0
1;7;0.00;0.00;0;0;0
1;8;0.00;0.00;0;0;0
1;8;0.00;0.00;0;0;0
1;8;0.00;0.00;0;0;0
1;9;-0.01;0.02;0;0;1
1;14;0.00;0.00;0;0;0
1;10;0.00;0.00;0;0;0
1;5;0.00;0.00;0;0;0
1;7;0.00;0.00;0;0;0
1;9;0.00;0.00;0;0;0
1;8;0.00;0.00;0;0;0
1;8;-0.01;0.02;0;0;1
1;8;0.00;0.00;0;0;0
1;8;0.00;0.00;0;0;0
1;9;0.00;0.00;0;0;0
1;8;-0.01;0.02;0;0;1
1;8;0.00;0.00;0;0;0
1;8;0.00;0.00;0;0;0
1;17;-0.01;0.02;0;0;1
1;13;0.00;0.04;0;-1;1
1;9;0.00;0.00;0;0;0
1;13;-0.01;0.02;0;0;1
1;10;-0.01;0.02;0;0;1
1;5;0.00;0.00;0;0;0
1;7;0.00;0.00;0;0;0
1;12;-0.01;0.02;0;0;1
1;7;-0.01;0.02;0;0;1
1;13;0.00;0.04;0;-1;1
1;6;0.00;0.00;0;0;0
1;8;-0.01;0.02;0;0;1
1;9;0.00;0.00;0;0;0
1;6;-0.01;0.02;0;0;1
1;9;0.00;0.00;0;0;0
1;9;0.00;0.04;0;-1;1
1;7;0.00;0.00;0;0;0
1;8;-0.01;0.02;0;0;1
1;8;0.00;0.00;0;0;0
1;9;-0.01;0.02;0;0;1
1;8;0.00;0.00;0;0;0
1;9;0.00;0.04;0;-1;1
1;7;0.00;0.00;0;0;0
1;11;-0.01;0.02;0;0;1
1;6;0.00;0.00;0;0;0
1;11;0.01;0.02;0;-1;0
1;6;0.00;0.00;0;0;0
1;9;0.00;0.00;0;0;0
1;7;-0.01;0.02;0;0;1
1;11;0.01;0.02;0;-1;0
1;6;0.00;0.00;0;0;0
1;8;0.00;0.00;0;0;0
1;7;0.00;0.00;0;0;0
1;11;-0.02;0.00;-1;0;0
1;6;0.01;0.02;0;-1;0
1;8;0.00;0.00;0;0;0
1;8;0.00;0.00;0;0;0
1;11;0.00;0.00;0;0;0
1;7;0.00;0.00;0;0;0
1;7;-0.01;0.02;0;0;1
1;8;0.01;0.02;0;-1;0
1;9;0.00;0.00;0;0;0
1;7;0.00;0.00;0;0;0
1;8;0.00;0.00;0;0;0
1;8;0.00;0.00;0;0;0
1;9;0.00;0.00;0;0;0
1;8;-0.01;0.02;0;0;1
1;8;0.00;0.00;0;0;0
1;8;0.00;0.00;0;0;0
1;9;0.01;0.02;0;-1;0
1;7;0.00;0.00;0;0;0
1;9;-0.01;0.02;0;0;1
1;8;0.00;0.00;0;0;0
1;8;0.00;0.00;0;0;0
1;9;0.00;0.00;0;0;0
1;8;0.00;0.00;0;0;0
1;8;0.00;0.00;0;0;0
1;8;-0.01;0.02;0;0;1
1;8;0.01;0.02;0;-1;0
1;8;0.00;0.00;0;0;0
1;8;0.00;0.00;0;0;0
1;9;0.00;0.00;0;0;0
1;8;0.00;0.00;0;0;0
1;8;0.00;0.00;0;0;0
1;11;0.00;0.00;0;0;0
1;6;0.00;0.04;0;-1;1
1;9;0.00;0.00;0;0;0
1;7;0.00;0.00;0;0;0
1;8;0.00;0.00;0;0;0
1;8;0.00;0.00;0;0;0
1;11;0.00;0.00;0;0;0
1;7;0.00;0.00;0;0;0
1;7;-0.01;0.02;0;0;1
1;8;0.01;0.02;0;-1;0
1;14;0.00;0.00;0;0;0
1;10;0.00;0.00;0;0;0
1;11;0.00;0.00;0;0;0
1;9;-0.01;0.02;0;0;1
1;6;0.00;0.00;0;0;0
1;7;0.01;0.02;0;-1;0
1;9;0.00;0.00;0;0;0
1;10;0.00;0.00;0;0;0
1;7;0.00;0.00;0;0;0
1;7;-0.01;0.02;0;0;1
1;8;0.00;0.00;0;0;0
1;10;0.01;0.02;0;-1;0
1;7;0.00;0.00;0;0;0
1;8;0.00;0.00;0;0;0
1;8;0.00;0.00;0;0;0
1;9;-0.01;0.02;0;0;1
1;18;0.01;0.02;0;-1;0
1;7;0.00;0.00;0;0;0
1;7;0.00;0.00;0;0;0
1;8;0.00;0.00;0;0;0
1;8;-0.01;0.02;0;0;1
1;8;0.00;0.00;0;0;0
1;9;0.00;0.00;0;0;0
1;8;0.01;0.02;0;-1;0
1;11;0.00;0.00;0;0;0
1;9;0.00;0.00;0;0;0
1;4;-0.01;0.02;0;0;1
1;9;0.00;0.00;0;0;0
1;9;0.00;0.00;0;0;0
1;10;0.00;0.00;0;0;0
1;6;0.01;0.02;0;-1;0
1;7;0.00;0.00;0;0;0
1;9;-0.01;0.02;0;0;1
1;11;0.00;0.00;0;0;0
1;5;0.00;0.00;0;0;0
1;9;0.00;0.00;0;0;0
1;8;0.00;0.00;0;0;0
1;8;0.01;0.02;0;-1;0
1;8;0.00;0.00;0;0;0
1;9;-0.01;0.02;0;0;1
1;8;0.00;0.00;0;0;0
1;7;0.00;0.00;0;0;0
1;11;0.00;0.00;0;0;0
1;10;0.01;0.02;0;-1;0
1;5;0.00;0.00;0;0;0
1;7;-0.01;0.02;0;0;1
1;9;0.00;0.00;0;0;0
1;10;0.00;0.00;0;0;0
1;7;0.00;0.00;0;0;0
1;7;0.00;0.00;0;0;0
1;8;0.01;0.02;0;-1;0
1;9;0.00;0.00;0;0;0
1;7;-0.01;0.02;0;0;1
1;9;0.00;0.00;0;0;0
1;15;0.00;0.00;0;0;0
1;6;0.00;0.00;0;0;0
1;10;0.01;0.02;0;-1;0
1;11;-0.01;0.02;0;0;1
1;12;0.00;0.00;0;0;0
1;7;0.00;0.00;0;0;0
1;8;0.00;0.00;0;0;0
1;12;0.00;0.00;0;0;0
1;6;0.01;0.02;0;-1;0
1;7;-0.01;0.02;0;0;1
1;8;0.00;0.00;0;0;0
1;10;0.00;0.00;0;0;0
1;7;0.00;0.00;0;0;0
1;14;0.00;0.00;0;0;0
1;13;0.01;0.02;0;-1;0
1;5;-0.01;0.02;0;0;1
1;8;0.00;0.00;0;0;0
1;9;0.00;0.00;0;0;0
1;11;0.00;0.00;0;0;0
1;5;0.00;0.00;0;0;0
1;8;0.01;0.02;0;-1;0
1;8;0.00;0.00;0;0;0
1;10;-0.01;0.02;0;0;1
1;7;0.00;0.00;0;0;0
1;8;0.00;0.00;0;0;0
1;20;0.00;0.00;0;0;0
1;9;0.00;0.04;0;-1;1
1;8;0.00;0.00;0;0;0
1;8;0.00;0.00;0;0;0
1;8;0.00;0.00;0;0;0
1;10;0.00;0.00;0;0;0
1;7;0.00;0.00;0;0;0
1;8;0.00;0.00;0;0;0
1;8;0.00;0.04;0;-1;1
1;8;0.00;0.00;0;0;0
1;9;0.00;0.00;0;0;0
1;16;0.00;0.00;0;0;0
1;17;0.00;0.04;0;-1;1
1;7;0.00;0.00;0;0;0
1;8;0.00;0.00;0;0;0
1;9;0.00;0.00;0;0;0
1;8;0.00;0.00;0;0;0
1;8;0.00;0.00;0;0;0
1;8;0.01;0.02;0;-1;0
1;9;-0.01;0.02;0;0;1
1;8;0.00;0.00;0;0;0
1;8;0.00;0.00;0;0;0
1;8;0.00;0.00;0;0;0
1;8;0.00;0.00;0;0;0
1;8;0.00;0.00;0;0;0
1;9;0.00;0.04;0;-1;1
1;8;0.00;0.00;0;0;0
1;8;0.00;0.00;0;0;0
1;8;0.00;0.00;0;0;0
1;8;0.00;0.00;0;0;0
1;9;0.00;0.00;0;0;0
1;10;-0.01;0.02;0;0;1
1;7;0.01;0.02;0;-1;0
1;7;0.00;0.00;0;0;0
1;9;0.00;0.00;0;0;0
1;7;0.00;0.00;0;0;0
1;9;0.00;0.00;0;0;0
1;8;-0.01;0.02;0;0;1
1;8;0.00;0.00;0;0;0
1;8;0.01;0.02;0;-1;0
1;8;0.00;0.00;0;0;0
1;10;0.00;0.00;0;0;0
1;11;0.00;0.00;0;0;0
1;8;0.00;0.00;0;0;0
1;8;-0.01;0.02;0;0;1
1;9;0.01;0.02;0;-1;0
1;8;0.00;0.00;0;0;0
1;8;0.00;0.00;0;0;0
1;8;0.00;0.00;0;0;0
1;8;0.00;0.00;0;0;0
1;12;0.00;0.00;0;0;0
1;9;0.00;0.04;0;-1;1
1;5;0.00;0.00;0;0;0
1;7;0.00;0.00;0;0;0
1;8;0.00;0.00;0;0;0
1;8;0.00;0.00;0;0;0
1;9;0.00;0.00;0;0;0
1;8;0.00;0.00;0;0;0
1;8;0.00;0.04;0;-1;1
1;10;0.00;0.00;0;0;0
1;7;0.00;0.00;0;0;0
1;9;0.00;0.00;0;0;0
1;9;0.00;0.00;0;0;0
1;11;0.00;0.00;0;0;0
1;9;0.00;0.04;0;-1;1
1;6;0.00;0.00;0;0;0
1;9;0.00;0.00;0;0;0
1;9;0.00;0.00;0;0;0
1;10;0.00;0.00;0;0;0
1;5;0.00;0.00;0;0;0
1;11;-0.01;0.02;0;0;1
1;6;0.00;0.00;0;0;0
1;8;0.01;0.02;0;-1;0
1;9;0.00;0.00;0;0;0
1;10;0.00;0.00;0;0;0
1;5;0.00;0.00;0;0;0
1;9;0.00;0.00;0;0;0
1;8;0.00;0.00;0;0;0
1;26;0.00;0.04;0;-1;1
1;7;0.00;0.00;0;0;0
1;8;0.00;0.00;0;0;0
1;8;0.00;0.00;0;0;0
1;8;0.00;0.00;0;0;0
1;12;0.00;0.04;0;-1;1
1;9;0.00;0.00;0;0;0
1;5;0.00;0.00;0;0;0
1;7;0.00;0.00;0;0;0
1;8;0.00;0.00;0;0;0
1;14;0.00;0.00;0;0;0
1;7;-0.01;0.02;0;0;1
1;8;0.00;0.00;0;0;0
1;9;0.01;0.02;0;-1;0
1;7;0.00;0.00;0;0;0
1;8;0.00;0.00;0;0;0
1;8;0.00;0.00;0;0;0
1;9;0.00;0.00;0;0;0
1;8;0.00;0.00;0;0;0
1;15;0.00;0.04;0;-1;1
1;6;0.00;0.00;0;0;0
1;9;0.00;0.00;0;0;0
1;12;0.00;0.00;0;0;0
1;7;0.00;0.00;0;0;0
1;8;0.00;0.00;0;0;0
1;8;0.00;0.04;0;-1;1
1;11;0.00;0.00;0;0;0
1;7;0.00;0.00;0;0;0
1;7;0.00;0.00;0;0;0
1;8;0.00;0.00;0;0;0
1;19;0.00;0.00;0;0;0
1;6;0.01;0.02;0;-1;0
1;8;-0.01;0.02;0;0;1
1;12;0.00;0.00;0;0;0
1;8;0.00;0.00;0;0;0
1;11;0.00;0.00;0;0;0
1;21;0.00;0.00;0;0;0
1;5;0.00;0.00;0;0;0
1;8;0.00;0.04;0;-1;1
1;9;0.00;0.00;0;0;0
1;8;0.00;0.00;0;0;0
1;8;0.00;0.00;0;0;0
1;8;0.00;0.00;0;0;0
1;9;0.00;0.00;0;0;0
1;10;0.00;0.00;0;0;0
1;6;0.01;0.02;0;-1;0
1;8;-0.01;0.02;0;0;1
1;10;0.00;0.00;0;0;0
1;6;0.00;0.00;0;0;0
1;9;0.00;0.00;0;0;0
1;8;0.00;0.00;0;0;0
1;8;0.00;0.00;0;0;0
1;8;0.01;0.02;0;-1;0
1;8;0.00;0.00;0;0;0
1;9;0.00;0.00;0;0;0
1;8;-0.01;0.02;0;0;1
1;8;0.00;0.00;0;0;0
1;8;0.00;0.00;0;0;0
1;12;0.00;0.00;0;0;0
1;9;0.01;0.02;0;-1;0
1;9;0.00;0.00;0;0;0
1;7;0.00;0.00;0;0;0
1;8;-0.01;0.02;0;0;1
1;8;0.00;0.00;0;0;0
1;9;0.00;0.00;0;0;0
1;8;0.00;0.00;0;0;0
1;8;0.01;0.02;0;-1;0
1;8;0.00;0.00;0;0;0
1;8;0.00;0.00;0;0;0
1;9;0.00;0.00;0;0;0
1;9;0.00;0.00;0;0;0
1;8;-0.01;0.02;0;0;1
1;7;0.00;0.00;0;0;0
1;8;0.00;0.00;0;0;0
1;8;0.01;0.02;0;-1;0
1;9;0.00;0.00;0;0;0
1;8;0.00;0.00;0;0;0
1;8;0.00;0.00;0;0;0
1;8;-0.01;0.02;0;0;1
1;12;0.00;0.00;0;0;0
1;5;0.00;0.00;0;0;0
1;8;0.01;0.02;0;-1;0
1;15;0.00;0.00;0;0;0
1;11;0.00;0.00;0;0;0
1;8;0.00;0.00;0;0;0
1;15;0.00;0.00;0;0;0
1;8;0.01;0.02;0;-1;0
1;8;0.00;0.00;0;0;0
1;9;0.00;0.00;0;0;0
1;14;0.00;0.00;0;0;0
1;6;0.00;0.00;0;0;0
1;8;0.00;0.00;0;0;0
1;12;0.01;0.02;0;-1;0
1;6;0.00;0.00;0;0;0
1;7;0.00;0.00;0;0;0
1;8;0.00;0.00;0;0;0
1;8;0.00;0.00;0;0;0
1;8;0.00;0.00;0;0;0
1;9;0.00;0.00;0;0;0
1;8;0.00;0.00;0;0;0
1;9;0.00;0.00;0;0;0
1;7;0.00;0.00;0;0;0
1;8;0.00;0.00;0;0;0
1;9;0.01;0.02;0;-1;0
1;8;0.00;0.00;0;0;0
1;8;0.00;0.00;0;0;0
1;8;0.00;0.00;0;0;0
1;8;0.00;0.00;0;0;0
1;13;0.00;0.00;0;0;0
1;8;0.01;0.02;0;-1;0
1;9;0.00;0.00;0;0;0
1;7;0.00;0.00;0;0;0
1;8;0.00;0.00;0;0;0
1;9;0.00;0.00;0;0;0
1;8;0.00;0.00;0;0;0
1;8;0.01;0.02;0;-1;0
1;8;0.00;0.00;0;0;0
1;11;0.00;0.00;0;0;0
1;6;0.01;0.02;0;-1;0
1;8;0.00;0.00;0;0;0
1;8;0.00;0.00;0;0;0
1;8;0.01;0.02;0;-1;0
1;8;0.02;0.00;1;0;0
1;8;0.00;0.00;0;0;0
1;9;0.01;0.02;0;-1;0
1;9;0.00;0.00;0;0;0
1;8;0.01;0.02;0;-1;0
1;7;0.00;0.00;0;0;0
1;8;0.01;0.02;0;-1;0
1;9;0.00;0.00;0;0;0
1;8;0.04;0.02;1;-1;0
1;8;0.01;0.02;0;-1;0
1;8;0.00;0.00;0;0;0
1;9;0.01;0.02;0;-1;0
1;11;0.00;0.00;0;0;0
1;5;0.01;0.02;0;-1;0
1;8;0.02;0.00;1;0;0
1;11;0.00;0.04;0;-1;1
1;5;0.00;0.00;0;0;0
1;9;0.00;0.00;0;0;0
1;8;0.00;0.00;0;0;0
1;8;0.04;0.02;1;-1;0
1;8;0.00;0.00;0;0;0
1;8;0.00;0.00;0;0;0
1;9;0.00;0.00;0;0;0
1;8;0.00;0.00;0;0;0
1;8;0.02;0.00;1;0;0
1;8;0.00;0.00;0;0;0
1;11;0.00;0.00;0;0;0
1;5;0.00;0.00;0;0;0
1;9;0.00;0.00;0;0;0
1;13;0.01;0.02;0;-1;0
1;8;0.00;0.00;0;0;0
1;7;0.02;0.00;1;0;0
1;13;0.00;0.00;0;0;0
1;4;0.00;0.00;0;0;0
1;8;0.00;0.00;0;0;0
1;8;0.00;0.00;0;0;0
1;8;0.01;0.02;0;-1;0
1;10;0.00;0.00;0;0;0
1;17;0.00;0.00;0;0;0
1;7;0.02;0.00;1;0;0
1;7;0.00;0.00;0;0;0
1;8;0.01;0.02;0;-1;0
1;13;0.00;0.00;0;0;0
1;8;0.00;0.00;0;0;0
1;8;0.01;0.02;0;-1;0
1;8;0.00;0.00;0;0;0
1;9;0.02;0.00;1;0;0
1;8;0.01;0.02;0;-1;0
1;8;0.00;0.00;0;0;0
1;8;0.00;0.00;0;0;0
1;13;0.01;0.02;0;-1;0
1;8;0.00;0.00;0;0;0
1;8;0.02;0.00;1;0;0
1;8;0.00;0.00;0;0;0
1;8;0.01;0.02;0;-1;0
1;8;-0.01;0.02;0;0;1
1;9;0.00;0.00;0;0;0
1;11;0.02;0.00;1;0;0
1;6;0.00;0.00;0;0;0
1;8;0.00;0.00;0;0;0
1;10;0.00;0.00;0;0;0
1;24;0.04;0.02;1;-1;0
1;19;0.00;0.00;0;0;0
1;8;0.00;0.00;0;0;0
1;8;0.00;0.00;0;0;0
1;8;0.00;0.00;0;0;0
1;8;0.01;0.02;0;-1;0
1;8;0.02;0.00;1;0;0
1;8;0.00;0.00;0;0;0
1;9;0.00;0.00;0;0;0
1;8;0.00;0.00;0;0;0
1;8;0.00;0.00;0;0;0
1;8;0.01;0.02;0;-1;0
1;12;0.00;0.00;0;0;0
1;7;0.02;0.00;1;0;0
1;7;0.00;0.00;0;0;0
1;7;0.00;0.00;0;0;0
1;8;0.00;0.00;0;0;0
1;8;0.00;0.00;0;0;0
1;9;0.01;0.02;0;-1;0
1;8;0.00;0.00;0;0;0
1;8;0.02;0.00;1;0;0
1;8;0.00;0.00;0;0;0
1;8;0.00;0.00;0;0;0
1;9;0.00;0.00;0;0;0
1;8;0.01;0.02;0;-1;0
1;8;0.00;0.00;0;0;0
1;8;0.02;0.00;1;0;0
1;8;0.00;0.00;0;0;0
1;9;0.01;0.02;0;-1;0
1;8;0.00;0.00;0;0;0
1;8;0.01;0.02;0;-1;0
1;8;0.00;0.00;0;0;0
1;8;0.01;0.02;0;-1;0
1;8;0.02;0.00;1;0;0
1;9;0.01;0.02;0;-1;0
1;8;0.00;0.00;0;0;0
1;8;0.01;0.02;0;-1;0
1;8;0.01;0.02;0;-1;0
1;14;0.01;0.02;0;-1;0
1;7;0.02;0.00;1;0;0
1;8;0.01;0.02;0;-1;0
1;9;0.01;0.02;0;-1;0
1;7;0.00;0.00;0;0;0
1;9;0.01;0.02;0;-1;0
1;8;0.02;0.00;1;0;0
1;11;0.01;0.02;0;-1;0
1;5;0.00;0.00;0;0;0
1;8;0.00;0.00;0;0;0
1;14;0.04;0.02;1;-1;0
1;9;0.00;0.00;0;0;0
1;14;0.00;0.00;0;0;0
1;8;0.02;0.00;1;0;0
1;9;0.00;0.00;0;0;0
1;8;0.00;0.00;0;0;0
1;8;0.01;0.02;0;-1;0
1;10;0.00;0.00;0;0;0
1;6;0.00;0.00;0;0;0
1;15;0.00;0.00;0;0;0
1;10;0.00;0.00;0;0;0
1;8;0.00;0.00;0;0;0
1;8;0.00;0.00;0;0;0
1;8;0.00;0.00;0;0;0
1;9;0.00;0.00;0;0;0
1;8;0.01;0.02;0;-1;0
1;8;0.00;0.00;0;0;0
1;8;0.00;0.00;0;0;0
1;8;0.00;0.00;0;0;0
1;9;0.00;0.00;0;0;0
1;9;0.00;0.00;0;0;0
1;7;0.00;0.00;0;0;0
1;8;0.01;0.02;0;-1;0
1;21;0.02;0.00;1;0;0
1;8;0.00;0.00;0;0;0
1;8;0.00;0.00;0;0;0
1;12;0.00;0.00;0;0;0
1;10;0.04;0.02;1;-1;0
1;8;0.00;0.00;0;0;0
1;10;0.00;0.00;0;0;0
1;6;0.00;0.00;0;0;0
1;7;0.00;0.00;0;0;0
1;8;0.00;0.00;0;0;0
1;10;0.00;0.00;0;0;0
1;11;0.04;0.02;1;-1;0
1;8;0.00;0.00;0;0;0
1;8;0.00;0.00;0;0;0
1;10;0.00;0.00;0;0;0
1;10;0.00;0.00;0;0;0
1;5;0.00;0.00;0;0;0
1;14;0.04;0.02;1;-1;0
1;9;0.00;0.00;0;0;0
1;6;0.00;0.00;0;0;0
1;8;0.00;0.00;0;0;0
1;8;0.00;0.00;0;0;0
1;8;0.00;0.00;0;0;0
1;12;0.04;0.02;1;-1;0
1;18;0.00;0.00;0;0;0
1;7;0.00;0.00;0;0;0
1;11;0.00;0.00;0;0;0
1;8;0.00;0.00;0;0;0
1;6;0.00;0.00;0;0;0
1;8;0.04;0.02;1;-1;0
1;8;0.00;0.00;0;0;0
1;8;0.00;0.00;0;0;0
1;8;0.00;0.00;0;0;0
1;9;0.00;0.00;0;0;0
1;8;0.00;0.00;0;0;0
1;8;0.02;0.00;1;0;0
1;8;0.01;0.02;0;-1;0
1;24;0.00;0.00;0;0;0
1;9;0.00;0.00;0;0;0
1;8;0.02;0.00;1;0;0
1;8;0.01;0.02;0;-1;0
1;8;0.00;0.00;0;0;0
1;9;0.00;0.00;0;0;0
1;13;0.00;0.00;0;0;0
1;7;0.00;0.00;0;0;0
1;8;0.02;0.00;1;0;0
1;9;0.01;0.02;0;-1;0
1;8;0.00;0.00;0;0;0
1;8;0.00;0.00;0;0;0
1;11;0.00;0.00;0;0;0
1;9;0.00;0.00;0;0;0
1;9;0.04;0.02;1;-1;0
1;8;0.00;0.00;0;0;0
1;8;0.00;0.00;0;0;0
1;9;0.00;0.00;0;0;0
1;7;0.00;0.00;0;0;0
1;9;0.00;0.00;0;0;0
1;10;0.04;0.02;1;-1;0
1;7;0.00;0.00;0;0;0
1;10;0.00;0.00;0;0;0
1;5;0.00;0.00;0;0;0
1;9;0.00;0.00;0;0;0
1;11;0.00;0.00;0;0;0
1;12;0.04;0.02;1;-1;0
1;6;0.00;0.00;0;0;0
1;9;0.00;0.00;0;0;0
1;7;0.00;0.00;0;0;0
1;8;0.00;0.00;0;0;0
1;8;0.00;0.00;0;0;0
1;14;0.04;0.02;1;-1;0
1;10;0.00;0.00;0;0;0
1;5;0.00;0.00;0;0;0
1;14;0.00;0.00;0;0;0
1;6;0.00;0.00;0;0;0
1;8;0.00;0.00;0;0;0
1;10;0.04;0.02;1;-1;0
1;15;0.00;0.00;0;0;0
1;4;0.00;0.00;0;0;0
1;8;0.00;0.00;0;0;0
1;8;0.00;0.00;0;0;0
1;9;0.01;0.02;0;-1;0
1;11;0.02;0.00;1;0;0
1;5;0.00;0.00;0;0;0
1;8;0.00;0.00;0;0;0
1;25;0.00;0.00;0;0;0
1;15;0.04;0.02;1;-1;0
1;9;0.00;0.00;0;0;0
1;8;0.00;0.00;0;0;0
1;9;0.00;0.00;0;0;0
1;8;0.01;0.02;0;-1;0
1;13;0.00;0.00;0;0;0
1;7;0.02;0.00;1;0;0
1;9;0.00;0.00;0;0;0
1;8;0.00;0.00;0;0;0
1;8;0.01;0.02;0;-1;0
1;8;0.00;0.00;0;0;0
1;8;0.00;0.00;0;0;0
1;11;0.00;0.00;0;0;0
1;8;0.02;0.00;1;0;0
1;6;0.00;0.00;0;0;0
1;8;0.01;0.02;0;-1;0
1;11;0.00;0.00;0;0;0
1;5;0.00;0.00;0;0;0
1;9;0.00;0.00;0;0;0
1;8;0.00;0.00;0;0;0
1;10;0.02;0.00;1;0;0
1;14;0.00;0.00;0;0;0
1;9;0.01;0.02;0;-1;0
1;8;0.00;0.00;0;0;0
1;10;0.00;0.00;0;0;0
1;13;0.00;0.00;0;0;0
1;16;0.02;0.00;1;0;0
1;6;0.00;0.00;0;0;0
1;11;0.01;0.02;0;-1;0
1;9;0.00;0.00;0;0;0
1;9;0.00;0.00;0;0;0
1;8;0.00;0.00;0;0;0
1;10;0.02;0.00;1;0;0
1;6;0.00;0.00;0;0;0
1;8;0.00;0.00;0;0;0
1;8;0.01;0.02;0;-1;0
1;15;0.00;0.00;0;0;0
1;6;0.00;0.00;0;0;0
1;11;0.02;0.00;1;0;0
1;5;0.00;0.00;0;0;0
1;9;0.00;0.00;0;0;0
1;8;0.00;0.00;0;0;0
1;9;0.01;0.02;0;-1;0
1;7;0.00;0.00;0;0;0
1;8;0.00;0.00;0;0;0
1;8;0.00;0.00;0;0;0
1;9;0.00;0.00;0;0;0
1;15;0.04;0.02;1;-1;0
1;5;0.00;0.00;0;0;0
1;13;0.00;0.00;0;0;0
1;8;0.00;0.00;0;0;0
1;8;0.00;0.00;0;0;0
1;10;0.00;0.00;0;0;0
1;14;0.02;0.00;1;0;0
1;9;0.01;0.02;0;-1;0
1;12;0.00;0.00;0;0;0
1;17;0.00;0.00;0;0;0
1;7;0.00;0.00;0;0;0
1;10;0.02;0.00;1;0;0
1;10;0.01;0.02;0;-1;0
1;5;0.00;0.00;0;0;0
1;8;0.00;0.00;0;0;0
1;8;0.00;0.00;0;0;0
1;11;0.00;0.00;0;0;0
1;6;0.00;0.00;0;0;0
1;8;0.02;0.00;1;0;0
1;8;0.00;0.00;0;0;0
1;8;0.01;0.02;0;-1;0
1;9;0.00;0.00;0;0;0
1;11;0.00;0.00;0;0;0
1;6;0.00;0.00;0;0;0
1;7;0.00;0.00;0;0;0
1;11;0.02;0.00;1;0;0
1;9;0.00;0.00;0;0;0
1;10;0.01;0.02;0;-1;0
1;7;0.00;0.00;0;0;0
1;8;0.00;0.00;0;0;0
1;9;0.00;0.00;0;0;0
1;8;0.00;0.00;0;0;0
1;8;0.00;0.00;0;0;0
1;8;0.02;0.00;1;0;0
1;8;0.00;0.00;0;0;0
1;8;0.01;0.02;0;-1;0
1;9;0.00;0.00;0;0;0
1;8;0.00;0.00;0;0;0
1;11;0.00;0.00;0;0;0
1;13;0.02;0.00;1;0;0
1;9;0.00;0.00;0;0;0
1;8;0.00;0.00;0;0;0
1;8;0.01;0.02;0;-1;0
1;8;0.00;0.00;0;0;0
1;8;0.00;0.00;0;0;0
1;8;0.00;0.00;0;0;0
1;12;0.02;0.00;1;0;0
1;5;0.00;0.00;0;0;0
1;11;0.00;0.00;0;0;0
1;5;0.01;0.02;0;-1;0
1;8;0.00;0.00;0;0;0
1;12;0.00;0.00;0;0;0
1;5;0.00;0.00;0;0;0
1;8;0.02;0.00;1;0;0
1;8;0.00;0.00;0;0;0
1;8;0.00;0.00;0;0;0
1;9;0.00;0.00;0;0;0
1;8;0.00;0.00;0;0;0
1;10;0.01;0.02;0;-1;0
1;6;0.00;0.00;0;0;0
1;11;0.00;0.00;0;0;0
1;7;0.00;0.00;0;0;0
1;8;0.02;0.00;1;0;0
1;10;0.00;0.00;0;0;0
1;12;0.01;0.02;0;-1;0
1;5;0.00;0.00;0;0;0
1;10;0.00;0.00;0;0;0
1;7;0.00;0.00;0;0;0
1;8;0.00;0.00;0;0;0
1;8;0.02;0.00;1;0;0
1;12;0.00;0.00;0;0;0
1;11;0.01;0.02;0;-1;0
1;6;0.00;0.00;0;0;0
1;9;0.00;0.00;0;0;0
1;7;0.02;0.00;1;0;0
1;8;0.00;0.00;0;0;0
1;11;0.00;0.00;0;0;0
1;7;0.00;0.00;0;0;0
1;7;0.00;0.00;0;0;0
1;8;0.00;0.00;0;0;0
1;8;0.01;0.02;0;-1;0
1;9;0.02;0.00;1;0;0
1;8;0.00;0.00;0;0;0
1;8;0.00;0.00;0;0;0
1;8;0.00;0.00;0;0;0
1;8;0.00;0.00;0;0;0
1;9;0.00;0.00;0;0;0
1;8;0.00;0.00;0;0;0
1;11;0.01;0.02;0;-1;0
1;7;0.02;0.00;1;0;0
1;19;0.00;0.00;0;0;0
1;8;0.00;0.00;0;0;0
1;8;0.00;0.00;0;0;0
1;10;0.01;0.02;0;-1;0
1;6;0.02;0.00;1;0;0
1;9;0.00;0.00;0;0;0
1;8;0.02;0.00;1;0;0
1;14;0.00;0.00;0;0;0
1;6;0.02;0.00;1;0;0
1;8;0.01;0.02;0;-1;0
1;9;0.02;0.00;1;0;0
1;8;0.00;0.00;0;0;0
1;8;0.02;0.00;1;0;0
1;8;0.00;0.00;0;0;0
1;8;0.02;0.00;1;0;0
1;9;0.00;0.00;0;0;0
1;8;0.02;0.04;1;-1;1
1;8;0.00;0.00;0;0;0
1;8;0.02;0.00;1;0;0
1;8;0.00;0.00;0;0;0
1;9;0.00;0.00;0;0;0
1;8;0.02;0.00;1;0;0
1;8;0.01;0.02;0;-1;0
1;8;0.00;0.00;0;0;0
1;8;0.00;0.00;0;0;0
1;8;0.00;0.00;0;0;0
1;9;0.02;0.00;1;0;0
1;8;0.01;0.02;0;-1;0
1;8;0.00;0.00;0;0;0
1;8;0.00;0.00;0;0;0
1;8;0.00;0.00;0;0;0
1;9;0.00;0.00;0;0;0
1;8;0.01;0.02;0;-1;0
1;11;0.00;0.00;0;0;0
1;6;0.00;0.00;0;0;0
1;7;0.00;0.00;0;0;0
1;9;0.00;0.00;0;0;0
1;8;0.00;0.00;0;0;0
1;12;0.02;0.00;1;0;0
1;10;0.00;0.00;0;0;0
1;6;0.00;0.00;0;0;0
1;9;0.01;0.02;0;-1;0
1;8;0.00;0.00;0;0;0
1;8;0.00;0.00;0;0;0
1;8;0.02;0.00;1;0;0
1;8;0.00;0.00;0;0;0
1;9;0.00;0.00;0;0;0
1;8;0.00;0.00;0;0;0
1;8;0.01;0.02;0;-1;0
1;8;0.02;0.00;1;0;0
1;8;0.00;0.00;0;0;0
1;10;0.00;0.00;0;0;0
1;8;0.02;0.00;1;0;0
1;7;0.00;0.00;0;0;0
1;14;0.04;0.02;1;-1;0
1;11;0.00;0.00;0;0;0
1;8;0.00;0.00;0;0;0
1;11;0.02;0.00;1;0;0
1;8;0.00;0.00;0;0;0
1;5;0.00;0.00;0;0;0
1;8;0.00;0.00;0;0;0
1;9;0.04;0.02;1;-1;0
1;11;0.00;0.00;0;0;0
1;8;0.00;0.00;0;0;0
1;9;0.00;0.00;0;0;0
1;8;0.01;0.02;0;-1;0
1;9;0.00;0.00;0;0;0
1;8;0.00;0.00;0;0;0
1;13;0.00;0.00;0;0;0
1;7;0.02;0.00;1;0;0
1;9;0.01;0.02;0;-1;0
1;7;0.00;0.00;0;0;0
1;9;0.00;0.00;0;0;0
1;9;0.00;0.00;0;0;0
1;30;0.00;0.00;0;0;0
1;7;0.04;0.02;1;-1;0
1;7;0.00;0.00;0;0;0
1;8;0.00;0.00;0;0;0
1;9;0.00;0.00;0;0;0
1;7;0.00;0.00;0;0;0
1;9;0.00;0.00;0;0;0
1;8;0.02;0.00;1;0;0
1;7;0.00;0.00;0;0;0
1;12;0.01;0.02;0;-1;0
1;10;0.00;0.00;0;0;0
1;12;0.00;0.00;0;0;0
1;11;0.02;0.00;1;0;0
1;7;0.00;0.00;0;0;0
1;7;0.01;0.02;0;-1;0
1;8;0.00;0.00;0;0;0
1;14;0.00;0.00;0;0;0
1;7;0.00;0.00;0;0;0
1;8;0.00;0.00;0;0;0
1;8;0.04;0.02;1;-1;0
1;8;0.00;0.00;0;0;0
1;8;0.00;0.00;0;0;0
1;8;0.00;0.00;0;0;0
1;10;0.00;0.00;0;0;0
1;12;0.00;0.00;0;0;0
1;7;0.02;0.00;1;0;0
1;9;0.00;0.00;0;0;0
1;7;0.00;0.00;0;0;0
1;9;0.00;0.00;0;0;0
1;8;0.00;0.00;0;0;0
1;8;0.00;0.00;0;0;0
1;8;0.02;0.00;1;0;0
1;8;0.00;0.00;0;0;0
1;9;0.00;0.00;0;0;0
1;8;0.00;0.00;0;0;0
1;8;0.00;0.00;0;0;0
1;8;0.01;-0.02;0;0;-1
1;8;0.02;0.00;1;0;0
1;8;0.00;0.00;0;0;0
1;9;0.02;0.00;1;0;0
1;8;0.00;0.00;0;0;0
1;8;0.00;0.00;0;0;0
1;8;0.02;0.00;1;0;0
1;8;0.00;0.00;0;0;0
1;9;0.02;0.00;1;0;0
1;8;0.00;0.00;0;0;0
1;8;0.02;0.00;1;0;0
1;8;0.01;-0.02;0;0;-1
1;7;0.02;0.00;1;0;0
1;10;0.00;0.00;0;0;0
1;31;0.08;-0.02;3;0;-1
1;10;0.00;0.00;0;0;0
1;9;0.02;0.00;1;0;0
1;10;0.02;0.00;1;0;0
1;5;0.00;0.00;0;0;0
1;8;0.02;0.00;1;0;0
1;9;0.00;0.00;0;0;0
1;10;0.00;0.00;0;0;0
1;12;0.04;-0.02;1;0;-1
1;9;0.00;0.00;0;0;0
1;11;0.00;0.00;0;0;0
1;15;0.02;0.00;1;0;0
1;9;0.00;0.00;0;0;0
1;11;0.00;0.00;0;0;0
1;9;0.01;0.02;0;-1;0
1;8;0.00;0.00;0;0;0
1;8;0.00;0.00;0;0;0
1;8;0.00;0.00;0;0;0
1;8;0.00;0.00;0;0;0
1;8;0.00;0.00;0;0;0
1;9;0.00;0.00;0;0;0
1;14;0.02;0.00;1;0;0
1;11;0.00;0.00;0;0;0
1;12;0.01;-0.02;0;0;-1
1;8;0.00;0.00;0;0;0
1;8;0.00;0.00;0;0;0
1;8;0.00;0.00;0;0;0
1;8;0.02;0.00;1;0;0
1;8;0.00;0.00;0;0;0
1;9;0.00;0.00;0;0;0
1;8;0.00;0.00;0;0;0
1;8;0.00;0.00;0;0;0
1;7;0.01;-0.02;0;0;-1
1;10;0.02;0.00;1;0;0
1;8;0.00;0.00;0;0;0
1;11;0.00;0.00;0;0;0
1;19;0.00;0.00;0;0;0
1;7;0.02;0.00;1;0;0
1;8;0.01;-0.02;0;0;-1
1;8;0.00;0.00;0;0;0
1;8;0.00;0.00;0;0;0
1;8;0.02;0.00;1;0;0
1;8;0.00;0.00;0;0;0
1;8;0.00;0.00;0;0;0
1;9;0.02;0.00;1;0;0
1;8;0.00;0.00;0;0;0
1;7;0.02;0.00;1;0;0
1;9;0.01;-0.02;0;0;-1
1;9;0.00;0.00;0;0;0
1;7;0.02;0.00;1;0;0
1;8;0.00;0.00;0;0;0
1;9;0.02;0.00;1;0;0
1;7;0.02;0.00;1;0;0
1;9;0.00;0.00;0;0;0
1;8;0.02;0.00;1;0;0
1;9;0.00;0.00;0;0;0
1;8;0.04;-0.02;1;0;-1
1;8;0.00;0.00;0;0;0
1;9;0.02;0.00;1;0;0
1;8;0.00;0.00;0;0;0
1;8;0.02;0.00;1;0;0
1;8;0.00;0.00;0;0;0
1;8;0.04;-0.02;1;0;-1
1;9;0.00;0.00;0;0;0
1;8;0.02;0.00;1;0;0
1;7;0.00;0.00;0;0;0
1;9;0.00;0.00;0;0;0
1;7;0.02;0.00;1;0;0
1;10;0.00;0.00;0;0;0
1;7;0.01;-0.02;0;0;-1
1;9;0.00;0.00;0;0;0
1;7;0.02;0.00;1;0;0
1;8;0.00;0.00;0;0;0
1;15;0.00;0.00;0;0;0
1;7;0.00;0.00;0;0;0
1;11;0.01;-0.02;0;0;-1
1;8;0.00;0.00;0;0;0
1;8;0.00;0.00;0;0;0
1;6;0.00;0.00;0;0;0
1;8;0.00;0.00;0;0;0
1;9;0.00;0.00;0;0;0
1;10;0.00;0.00;0;0;0
1;5;0.02;0.00;1;0;0
1;9;0.00;0.00;0;0;0
1;9;0.00;0.00;0;0;0
1;8;0.00;0.00;0;0;0
1;10;0.00;0.00;0;0;0
1;7;0.01;-0.02;0;0;-1
1;12;0.02;0.00;1;0;0
1;13;0.00;0.00;0;0;0
1;7;0.00;0.00;0;0;0
1;7;0.00;0.00;0;0;0
1;8;0.00;0.00;0;0;0
1;9;0.01;-0.02;0;0;-1
1;8;0.02;0.00;1;0;0
1;8;0.00;0.00;0;0;0
1;9;0.00;0.00;0;0;0
1;7;0.00;0.00;0;0;0
1;9;0.00;0.00;0;0;0
1;10;0.00;0.00;0;0;0
1;6;0.00;0.00;0;0;0
1;14;0.04;-0.02;1;0;-1
1;6;0.00;0.00;0;0;0
1;9;0.00;0.00;0;0;0
1;7;0.00;0.00;0;0;0
1;9;0.00;0.00;0;0;0
1;8;0.02;0.00;1;0;0
1;8;0.00;0.00;0;0;0
1;8;0.01;-0.02;0;0;-1
1;10;0.02;0.00;1;0;0
1;10;0.00;0.00;0;0;0
1;8;0.02;0.00;1;0;0
1;13;0.02;0.00;1;0;0
1;5;0.00;0.00;0;0;0
1;8;0.00;0.00;0;0;0
1;7;0.02;0.00;1;0;0
1;9;0.01;-0.02;0;0;-1
1;7;0.02;0.00;1;0;0
1;9;0.00;0.00;0;0;0
1;9;0.02;0.00;1;0;0
1;10;0.00;0.00;0;0;0
1;6;0.02;0.00;1;0;0
1;8;0.01;-0.02;0;0;-1
1;8;0.02;0.00;1;0;0
1;25;0.02;0.00;1;0;0
1;8;0.02;0.00;1;0;0
1;9;0.01;-0.02;0;0;-1
1;8;0.00;0.00;0;0;0
1;8;0.02;0.00;1;0;0
1;8;0.00;0.00;0;0;0
1;11;0.00;0.00;0;0;0
1;8;0.00;0.00;0;0;0
1;6;0.02;0.00;1;0;0
1;8;0.01;-0.02;0;0;-1
1;7;0.00;0.00;0;0;0
1;9;0.00;0.00;0;0;0
1;12;0.00;0.00;0;0;0
1;5;0.00;0.00;0;0;0
1;8;0.00;0.00;0;0;0
1;11;0.00;0.00;0;0;0
1;5;0.00;0.00;0;0;0
1;8;0.00;0.00;0;0;0
1;8;0.01;-0.02;0;0;-1
1;11;0.02;0.00;1;0;0
1;6;0.00;0.00;0;0;0
1;8;0.00;0.00;0;0;0
1;7;0.00;0.00;0;0;0
1;12;0.00;0.00;0;0;0
1;6;0.00;0.00;0;0;0
1;14;0.00;0.00;0;0;0
1;6;0.02;0.00;1;0;0
1;8;0.01;-0.02;0;0;-1
1;9;0.00;0.00;0;0;0
1;8;0.00;0.00;0;0;0
1;7;0.00;0.00;0;0;0
1;8;0.00;0.00;0;0;0
1;8;0.02;0.00;1;0;0
1;10;0.00;0.00;0;0;0
1;7;0.00;0.00;0;0;0
1;9;0.01;-0.02;0;0;-1
1;8;0.00;0.00;0;0;0
1;8;0.00;0.00;0;0;0
1;13;0.02;0.00;1;0;0
1;7;0.00;0.00;0;0;0
1;8;0.04;-0.02;1;0;-1
1;9;0.00;0.00;0;0;0
1;7;0.02;0.00;1;0;0
1;9;0.00;0.00;0;0;0
1;9;0.02;0.00;1;0;0
1;7;0.00;0.00;0;0;0
1;10;0.02;0.00;1;0;0
1;7;0.00;0.00;0;0;0
1;9;0.00;0.00;0;0;0
1;7;0.02;0.00;1;0;0
1;9;0.01;-0.02;0;0;-1
1;11;0.00;0.00;0;0;0
1;5;0.02;0.00;1;0;0
1;9;0.00;0.00;0;0;0
1;7;0.00;0.00;0;0;0
1;12;0.00;0.00;0;0;0
1;5;0.00;0.00;0;0;0
1;11;0.01;-0.02;0;0;-1
1;5;0.02;0.00;1;0;0
1;9;0.00;0.00;0;0;0
1;7;0.00;0.00;0;0;0
1;8;0.00;0.00;0;0;0
1;9;0.00;0.00;0;0;0
1;10;0.00;0.00;0;0;0
1;7;0.01;-0.02;0;0;-1
1;8;0.00;0.00;0;0;0
1;7;0.00;0.00;0;0;0
1;14;0.00;0.00;0;0;0
1;7;0.02;0.00;1;0;0
1;9;0.00;0.00;0;0;0
1;8;0.00;0.00;0;0;0
1;7;0.00;0.00;0;0;0
1;9;0.01;-0.02;0;0;-1
1;7;0.00;0.00;0;0;0
1;9;0.02;0.00;1;0;0
1;8;0.00;0.00;0;0;0
1;9;0.00;0.00;0;0;0
1;7;0.00;0.00;0;0;0
1;15;0.04;-0.02;1;0;-1
1;7;0.00;0.00;0;0;0
1;11;0.00;0.00;0;0;0
1;5;0.00;0.00;0;0;0
1;8;0.01;-0.02;0;0;-1
1;8;0.00;0.00;0;0;0
1;9;0.00;0.00;0;0;0
1;7;0.02;0.00;1;0;0
1;8;0.00;0.00;0;0;0
1;8;0.00;0.00;0;0;0
1;8;0.01;-0.02;0;0;-1
1;10;0.00;0.00;0;0;0
1;19;0.02;0.00;1;0;0
1;5;0.00;0.00;0;0;0
1;12;0.00;0.00;0;0;0
1;13;0.00;0.00;0;0;0
1;7;0.01;-0.02;0;0;-1
1;9;0.02;0.00;1;0;0
1;7;0.00;0.00;0;0;0
1;9;0.00;0.00;0;0;0
1;8;0.02;0.00;1;0;0
1;8;0.00;0.00;0;0;0
1;9;0.00;0.00;0;0;0
1;14;0.04;-0.02;1;0;-1
1;7;0.00;0.00;0;0;0
1;8;0.02;0.00;1;0;0
1;8;0.00;0.00;0;0;0
1;8;0.00;0.00;0;0;0
1;8;0.00;0.00;0;0;0
1;8;0.04;-0.02;1;0;-1
1;8;0.00;0.00;0;0;0
1;22;0.02;0.00;1;0;0
1;8;0.01;-0.02;0;0;-1
1;8;0.00;0.00;0;0;0
1;9;0.00;0.00;0;0;0
1;7;0.00;0.00;0;0;0
1;8;0.00;0.00;0;0;0
1;7;0.00;0.00;0;0;0
1;9;0.04;-0.02;1;0;-1
1;8;0.00;0.00;0;0;0
1;8;0.00;0.00;0;0;0
1;8;0.00;0.00;0;0;0
1;8;0.00;0.00;0;0;0
1;9;0.00;0.00;0;0;0
1;8;0.01;-0.02;0;0;-1
1;8;0.02;0.00;1;0;0
1;8;0.00;0.00;0;0;0
1;9;0.00;0.00;0;0;0
1;7;0.00;0.00;0;0;0
1;10;0.00;0.00;0;0;0
1;8;0.01;-0.02;0;0;-1
1;7;0.02;0.00;1;0;0
1;8;0.00;0.00;0;0;0
1;8;0.00;0.00;0;0;0
1;9;0.00;0.00;0;0;0
1;8;0.00;0.00;0;0;0
1;9;0.00;0.00;0;0;0
1;8;0.02;0.00;1;0;0
1;8;0.00;0.00;0;0;0
1;8;0.01;-0.02;0;0;-1
1;8;0.00;0.00;0;0;0
1;8;0.00;0.00;0;0;0
1;8;0.00;0.00;0;0;0
1;8;0.00;0.00;0;0;0
1;11;0.02;0.00;1;0;0
1;7;0.00;0.00;0;0;0
1;8;0.01;-0.02;0;0;-1
1;7;0.00;0.00;0;0;0
1;9;0.00;0.00;0;0;0
1;7;0.00;0.00;0;0;0
1;10;0.00;0.00;0;0;0
1;8;0.00;0.00;0;0;0
1;13;0.04;-0.02;1;0;-1
1;7;0.00;0.00;0;0;0
1;9;0.00;0.00;0;0;0
1;8;0.00;0.00;0;0;0
1;10;0.00;0.00;0;0;0
1;9;0.04;-0.02;1;0;-1
1;5;0.00;0.00;0;0;0
1;8;0.00;0.00;0;0;0
1;8;0.00;0.00;0;0;0
1;11;0.00;0.00;0;0;0
1;6;0.00;0.00;0;0;0
1;8;0.04;-0.02;1;0;-1
1;7;0.00;0.00;0;0;0
1;9;0.00;0.00;0;0;0
1;8;0.00;0.00;0;0;0
1;8;0.00;0.00;0;0;0
1;10;0.02;0.00;1;0;0
1;11;0.00;0.00;0;0;0
1;5;0.01;-0.02;0;0;-1
1;8;0.00;0.00;0;0;0
1;7;0.00;0.00;0;0;0
1;9;0.00;0.00;0;0;0
1;8;0.00;0.00;0;0;0
1;9;0.02;0.00;1;0;0
1;11;0.01;-0.02;0;0;-1
1;8;0.00;0.00;0;0;0
1;5;0.00;0.00;0;0;0
1;8;0.00;0.00;0;0;0
1;8;0.00;0.00;0;0;0
1;9;0.00;0.00;0;0;0
1;7;0.04;-0.02;1;0;-1
1;8;0.00;0.00;0;0;0
1;8;0.00;0.00;0;0;0
1;9;0.00;0.00;0;0;0
1;8;0.00;0.00;0;0;0
1;8;0.02;0.00;1;0;0
1;8;0.01;-0.02;0;0;-1
1;8;0.00;0.00;0;0;0
1;8;0.00;0.00;0;0;0
1;9;0.00;0.00;0;0;0
1;8;0.00;0.00;0;0;0
1;8;0.02;0.00;1;0;0
1;8;0.00;0.00;0;0;0
1;8;0.01;-0.02;0;0;-1
1;9;0.00;0.00;0;0;0
1;9;0.00;0.00;0;0;0
1;8;0.00;0.00;0;0;0
1;8;0.00;0.00;0;0;0
1;11;0.02;0.00;1;0;0
1;6;0.00;0.00;0;0;0
1;8;0.00;0.00;0;0;0
1;7;0.01;-0.02;0;0;-1
1;8;0.00;0.00;0;0;0
1;8;0.00;0.00;0;0;0
1;9;0.00;0.00;0;0;0
1;9;0.00;0.00;0;0;0
1;7;0.02;0.00;1;0;0
1;8;0.00;0.00;0;0;0
1;8;0.01;-0.02;0;0;-1
1;8;0.00;0.00;0;0;0
1;9;0.00;0.00;0;0;0
1;8;0.00;0.00;0;0;0
1;11;0.02;0.00;1;0;0
1;8;0.00;0.00;0;0;0
1;6;0.01;-0.02;0;0;-1
1;8;0.00;0.00;0;0;0
1;8;0.00;0.00;0;0;0
1;8;0.00;0.00;0;0;0
1;8;0.02;0.00;1;0;0
1;10;0.00;0.00;0;0;0
1;10;0.00;0.00;0;0;0
1;6;0.01;-0.02;0;0;-1
1;8;0.00;0.00;0;0;0
1;15;0.02;0.00;1;0;0
1;9;0.00;0.00;0;0;0
1;8;0.00;0.00;0;0;0
1;9;0.00;0.00;0;0;0
1;9;0.01;-0.02;0;0;-1
1;7;0.00;0.00;0;0;0
1;8;0.00;0.00;0;0;0
1;8;0.00;0.00;0;0;0
1;9;0.02;0.00;1;0;0
1;8;0.00;0.00;0;0;0
1;7;0.00;0.00;0;0;0
1;10;0.01;-0.02;0;0;-1
1;9;0.00;0.00;0;0;0
1;7;0.00;0.00;0;0;0
1;8;0.00;0.00;0;0;0
1;11;0.02;0.00;1;0;0
1;5;0.00;0.00;0;0;0
1;8;0.01;-0.02;0;0;-1
1;8;0.00;0.00;0;0;0
1;34;0.04;-0.02;1;0;-1
1;18;0.00;0.00;0;0;0
1;6;0.00;0.00;0;0;0
1;7;0.00;0.00;0;0;0
1;12;0.02;0.00;1;0;0
1;6;0.01;-0.02;0;0;-1
1;8;0.00;0.00;0;0;0
1;7;0.00;0.00;0;0;0
1;8;0.00;0.00;0;0;0
1;9;0.00;0.00;0;0;0
1;13;0.02;0.00;1;0;0
1;19;0.01;-0.02;0;0;-1
1;18;0.00;0.00;0;0;0
1;8;0.00;0.00;0;0;0
1;7;0.04;-0.02;1;0;-1
1;10;0.00;0.00;0;0;0
1;7;0.00;0.00;0;0;0
1;8;0.00;0.00;0;0;0
1;8;0.00;0.00;0;0;0
1;14;0.04;-0.02;1;0;-1
1;7;0.00;0.00;0;0;0
1;12;0.00;0.00;0;0;0
1;6;0.00;0.00;0;0;0
1;7;0.00;0.00;0;0;0
1;7;0.00;0.00;0;0;0
1;8;0.04;-0.02;1;0;-1
1;16;0.00;0.00;0;0;0
1;6;0.00;0.00;0;0;0
1;9;0.00;0.00;0;0;0
1;10;0.01;-0.02;0;0;-1
1;5;0.00;0.00;0;0;0
1;8;0.00;0.00;0;0;0
1;8;0.02;0.00;1;0;0
1;8;0.00;0.00;0;0;0
1;11;0.00;0.00;0;0;0
1;7;0.01;-0.02;0;0;-1
1;6;0.00;0.00;0;0;0
1;12;0.00;0.00;0;0;0
1;6;0.00;0.00;0;0;0
1;7;0.02;0.00;1;0;0
1;8;0.00;0.00;0;0;0
1;8;0.00;0.00;0;0;0
1;9;0.01;-0.02;0;0;-1
1;8;0.00;0.00;0;0;0
1;8;0.00;0.00;0;0;0
1;24;0.02;0.00;1;0;0
1;12;0.01;-0.02;0;0;-1
1;12;0.00;0.00;0;0;0
1;7;0.00;0.00;0;0;0
1;7;0.02;0.00;1;0;0
1;9;0.00;0.00;0;0;0
1;8;0.00;0.00;0;0;0
1;7;0.00;0.00;0;0;0
1;13;0.01;-0.02;0;0;-1
1;9;0.00;0.00;0;0;0
1;7;0.02;0.00;1;0;0
1;9;0.00;0.00;0;0;0
1;8;0.00;0.00;0;0;0
1;9;0.01;-0.02;0;0;-1
1;6;0.00;0.00;0;0;0
1;16;0.00;0.00;0;0;0
1;6;0.00;0.00;0;0;0
1;10;0.00;0.00;0;0;0
1;9;0.04;-0.02;1;0;-1
1;9;0.00;0.00;0;0;0
1;8;0.00;0.00;0;0;0
1;16;0.00;0.00;0;0;0
1;8;0.00;0.00;0;0;0
1;9;0.00;0.00;0;0;0
1;13;0.01;-0.02;0;0;-1
1;8;0.00;0.00;0;0;0
1;7;0.00;0.00;0;0;0
1;8;0.00;0.00;0;0;0
1;9;0.00;0.00;0;0;0
1;8;0.00;0.00;0;0;0
1;8;0.01;-0.02;0;0;-1
1;8;0.00;0.00;0;0;0
1;8;0.00;0.00;0;0;0
1;9;0.00;0.00;0;0;0
1;8;0.00;0.00;0;0;0
1;8;0.00;0.00;0;0;0
1;8;0.01;-0.02;0;0;-1
1;9;0.00;0.00;0;0;0
1;8;0.00;0.00;0;0;0
1;11;0.00;0.00;0;0;0
1;7;0.00;0.00;0;0;0
1;7;0.00;0.00;0;0;0
1;9;0.01;-0.02;0;0;-1
1;10;0.00;0.00;0;0;0
1;6;0.00;0.00;0;0;0
1;7;0.00;0.00;0;0;0
1;8;0.00;0.00;0;0;0
1;11;0.00;0.00;0;0;0
1;6;0.00;0.00;0;0;0
1;8;0.01;-0.02;0;0;-1
1;9;0.00;0.00;0;0;0
1;7;0.00;0.00;0;0;0
1;8;0.00;0.00;0;0;0
1;8;0.00;0.00;0;0;0
1;9;0.00;0.00;0;0;0
1;8;0.00;0.00;0;0;0
1;8;0.01;-0.02;0;0;-1
1;11;0.00;0.00;0;0;0
1;6;0.00;0.00;0;0;0
1;8;0.00;-0.04;0;1;-1
1;8;0.00;0.00;0;0;0
1;14;0.01;-0.02;0;0;-1
1;7;0.00;0.00;0;0;0
1;11;0.01;-0.02;0;0;-1
1;6;0.00;0.00;0;0;0
1;7;0.00;0.00;0;0;0
1;8;0.00;-0.04;0;1;-1
1;8;0.00;0.00;0;0;0
1;8;0.01;-0.02;0;0;-1
1;9;0.01;-0.02;0;0;-1
1;8;0.02;0.00;1;0;0
1;8;0.01;-0.02;0;0;-1
1;20;0.00;-0.04;0;1;-1
1;9;0.01;-0.02;0;0;-1
1;25;0.01;-0.02;0;0;-1
1;8;0.00;0.00;0;0;0
1;9;-0.01;-0.02;0;1;0
1;7;0.01;-0.02;0;0;-1
1;8;0.00;0.00;0;0;0
1;8;0.00;0.00;0;0;0
1;8;0.00;0.00;0;0;0
1;9;0.00;0.00;0;0;0
1;8;0.00;0.00;0;0;0
1;8;-0.01;-0.02;0;1;0
1;14;0.00;0.00;0;0;0
1;7;0.00;0.00;0;0;0
1;10;0.00;0.00;0;0;0
1;7;0.00;0.00;0;0;0
1;8;0.00;-0.04;0;1;-1
1;8;0.00;0.00;0;0;0
1;7;0.00;0.00;0;0;0
1;9;0.00;0.00;0;0;0
1;8;0.00;0.00;0;0;0
1;8;0.00;0.00;0;0;0
1;8;0.00;0.00;0;0;0
1;8;0.01;-0.02;0;0;-1
1;9;-0.01;-0.02;0;1;0
1;8;0.00;0.00;0;0;0
1;8;0.00;0.00;0;0;0
1;9;0.00;0.00;0;0;0
1;14;0.00;0.00;0;0;0
1;8;0.00;0.00;0;0;0
1;6;0.00;0.00;0;0;0
1;8;0.00;-0.04;0;1;-1
1;8;0.00;0.00;0;0;0
1;8;0.00;0.00;0;0;0
1;9;0.00;0.00;0;0;0
1;8;0.00;0.00;0;0;0
1;8;0.00;0.00;0;0;0
1;9;0.01;-0.02;0;0;-1
1;8;-0.01;-0.02;0;1;0
1;8;0.00;0.00;0;0;0
1;8;0.00;0.00;0;0;0
1;10;0.00;0.00;0;0;0
1;7;0.00;0.00;0;0;0
1;7;0.00;0.00;0;0;0
1;8;0.00;-0.04;0;1;-1
1;9;0.00;0.00;0;0;0
1;8;0.00;0.00;0;0;0
1;8;0.00;0.00;0;0;0
1;8;0.00;0.00;0;0;0
1;8;0.00;0.00;0;0;0
1;9;0.00;0.00;0;0;0
1;8;0.00;-0.04;0;1;-1
1;11;0.00;0.00;0;0;0
1;9;0.00;0.00;0;0;0
1;9;0.00;0.00;0;0;0
1;8;0.00;0.00;0;0;0
1;9;0.00;0.00;0;0;0
1;7;0.00;-0.04;0;1;-1
1;8;0.00;0.00;0;0;0
1;8;0.00;0.00;0;0;0
1;9;0.00;0.00;0;0;0
1;8;0.00;0.00;0;0;0
1;8;0.00;0.00;0;0;0
1;8;0.00;0.00;0;0;0
1;8;-0.01;-0.02;0;1;0
1;9;0.01;-0.02;0;0;-1
1;11;0.00;0.00;0;0;0
1;9;0.00;0.00;0;0;0
1;12;0.00;0.00;0;0;0
1;9;0.00;0.00;0;0;0
1;8;-0.01;-0.02;0;1;0
1;5;0.01;-0.02;0;0;-1
1;7;0.00;0.00;0;0;0
1;11;0.00;0.00;0;0;0
1;10;0.00;0.00;0;0;0
1;5;0.00;0.00;0;0;0
1;7;0.00;0.00;0;0;0
1;9;-0.01;-0.02;0;1;0
1;7;0.01;-0.02;0;0;-1
1;12;0.00;0.00;0;0;0
1;6;0.00;0.00;0;0;0
1;7;0.00;0.00;0;0;0
1;8;0.00;0.00;0;0;0
1;8;0.00;0.00;0;0;0
1;8;-0.01;-0.02;0;1;0
1;9;0.01;-0.02;0;0;-1
1;8;0.00;0.00;0;0;0
1;8;0.00;0.00;0;0;0
1;11;0.00;0.00;0;0;0
1;6;0.00;0.00;0;0;0
1;8;0.00;0.00;0;0;0
1;8;-0.01;-0.02;0;1;0
1;14;0.01;-0.02;0;0;-1
1;5;0.00;0.00;0;0;0
1;9;0.00;0.00;0;0;0
1;8;0.00;0.00;0;0;0
1;11;0.00;0.00;0;0;0
1;6;-0.01;-0.02;0;1;0
1;8;0.00;0.00;0;0;0
1;7;0.01;-0.02;0;0;-1
1;10;0.00;0.00;0;0;0
1;7;0.00;0.00;0;0;0
1;8;0.00;0.00;0;0;0
1;8;0.00;0.00;0;0;0
1;8;-0.01;-0.02;0;1;0
1;8;0.00;0.00;0;0;0
1;9;0.01;-0.02;0;0;-1
1;10;0.00;0.00;0;0;0
1;7;0.00;0.00;0;0;0
1;7;0.00;0.00;0;0;0
1;8;0.00;0.00;0;0;0
1;15;-0.01;-0.02;0;1;0
1;6;0.00;0.00;0;0;0
1;8;0.01;-0.02;0;0;-1
1;8;0.00;0.00;0;0;0
1;10;0.00;0.00;0;0;0
1;8;0.00;0.00;0;0;0
1;7;-0.01;-0.02;0;1;0
1;9;0.00;0.00;0;0;0
1;7;0.00;0.00;0;0;0
1;8;0.01;-0.02;0;0;-1
1;10;0.00;0.00;0;0;0
1;7;0.00;0.00;0;0;0
1;8;0.00;0.00;0;0;0
1;8;-0.01;-0.02;0;1;0
1;8;0.00;0.00;0;0;0
1;9;0.00;0.00;0;0;0
1;8;0.01;-0.02;0;0;-1
1;11;0.00;0.00;0;0;0
1;6;0.00;0.00;0;0;0
1;7;0.00;0.00;0;0;0
1;12;-0.01;-0.02;0;1;0
1;11;0.01;-0.02;0;0;-1
1;6;0.00;0.00;0;0;0
1;8;0.00;0.00;0;0;0
1;8;0.00;0.00;0;0;0
1;10;-0.01;-0.02;0;1;0
1;7;0.00;0.00;0;0;0
1;8;0.00;0.00;0;0;0
1;8;0.01;-0.02;0;0;-1
1;9;0.00;0.00;0;0;0
1;8;0.00;0.00;0;0;0
1;8;0.00;0.00;0;0;0
1;8;0.00;0.00;0;0;0
1;11;-0.01;-0.02;0;1;0
1;6;0.00;0.00;0;0;0
1;8;0.00;0.00;0;0;0
1;8;0.01;-0.02;0;0;-1
1;8;0.00;0.00;0;0;0
1;8;0.00;0.00;0;0;0
1;8;0.00;0.00;0;0;0
1;9;-0.01;-0.02;0;1;0
1;8;0.00;0.00;0;0;0
1;8;0.00;0.00;0;0;0
1;8;0.01;-0.02;0;0;-1
1;11;0.00;0.00;0;0;0
1;6;0.00;0.00;0;0;0
1;8;0.00;0.00;0;0;0
1;13;-0.01;-0.02;0;1;0
1;9;0.00;0.00;0;0;0
1;8;0.01;-0.02;0;0;-1
1;8;0.00;0.00;0;0;0
1;7;0.00;0.00;0;0;0
1;8;0.00;0.00;0;0;0
1;8;0.00;0.00;0;0;0
1;8;0.00;0.00;0;0;0
1;8;0.00;-0.04;0;1;-1
1;9;0.00;0.00;0;0;0
1;8;0.00;0.00;0;0;0
1;18;0.00;0.00;0;0;0
1;13;0.01;-0.02;0;0;-1
1;8;-0.01;-0.02;0;1;0
1;6;0.00;0.00;0;0;0
1;8;0.00;0.00;0;0;0
1;8;0.00;0.00;0;0;0
1;9;0.01;-0.02;0;0;-1
1;8;0.00;0.00;0;0;0
1;8;0.00;0.00;0;0;0
1;8;-0.01;-0.02;0;1;0
1;9;0.00;0.00;0;0;0
1;7;0.00;0.00;0;0;0
1;13;0.01;-0.02;0;0;-1
1;19;-0.01;-0.02;0;1;0
1;9;-0.01;-0.02;0;1;0
1;7;0.00;0.00;0;0;0
1;11;0.00;-0.04;0;1;-1
1;7;0.00;0.00;0;0;0
1;8;0.02;0.00;1;0;0
1;15;-0.01;-0.02;0;1;0
1;7;0.00;0.00;0;0;0
1;7;-0.01;-0.02;0;1;0
1;8;0.00;0.00;0;0;0
1;8;0.00;-0.04;0;1;-1
1;13;0.00;0.00;0;0;0
1;5;0.00;0.00;0;0;0
1;7;-0.01;-0.02;0;1;0
1;10;0.00;0.00;0;0;0
1;7;0.00;-0.04;0;1;-1
1;7;0.00;0.00;0;0;0
1;9;-0.01;-0.02;0;1;0
1;9;0.00;0.00;0;0;0
1;8;0.00;0.00;0;0;0
1;10;0.00;-0.04;0;1;-1
1;12;-0.01;-0.02;0;1;0
1;7;0.00;0.00;0;0;0
1;8;0.00;0.00;0;0;0
1;10;0.00;-0.04;0;1;-1
1;8;0.00;0.00;0;0;0
1;5;0.00;0.00;0;0;0
1;9;0.00;0.00;0;0;0
1;8;-0.01;-0.02;0;1;0
1;8;0.00;0.00;0;0;0
1;13;0.01;-0.02;0;0;-1
1;7;0.00;0.00;0;0;0
1;15;0.00;0.00;0;0;0
1;7;0.00;0.00;0;0;0
1;8;0.00;0.00;0;0;0
1;11;0.00;0.00;0;0;0
1;10;0.00;-0.04;0;1;-1
1;10;0.00;0.00;0;0;0
1;6;0.00;0.00;0;0;0
1;7;0.00;0.00;0;0;0
1;8;0.00;0.00;0;0;0
1;9;0.00;0.00;0;0;0
1;8;0.00;0.00;0;0;0
1;10;-0.01;-0.02;0;1;0
1;6;0.01;-0.02;0;0;-1
1;8;0.00;0.00;0;0;0
1;9;0.00;0.00;0;0;0
1;8;0.00;0.00;0;0;0
1;28;0.00;-0.04;0;1;-1
1;9;0.00;0.00;0;0;0
1;13;0.00;0.00;0;0;0
1;10;0.00;0.00;0;0;0
1;8;0.00;0.00;0;0;0
1;5;0.00;0.00;0;0;0
1;12;0.00;-0.04;0;1;-1
1;5;0.00;0.00;0;0;0
1;8;0.00;0.00;0;0;0
1;8;0.00;0.00;0;0;0
1;8;-0.01;-0.02;0;1;0
1;12;0.01;-0.02;0;0;-1
1;6;0.00;0.00;0;0;0
1;7;-0.01;-0.02;0;1;0
1;8;0.00;0.00;0;0;0
1;8;-0.01;-0.02;0;1;0
1;9;0.00;0.00;0;0;0
1;11;-0.01;-0.02;0;1;0
1;5;0.00;0.00;0;0;0
1;8;0.00;-0.04;0;1;-1
1;8;0.00;0.00;0;0;0
1;22;-0.02;-0.04;0;2;0
1;11;0.00;0.00;0;0;0
1;9;0.00;-0.04;0;1;-1
1;7;0.00;0.00;0;0;0
1;12;0.00;0.00;0;0;0
1;5;-0.01;-0.02;0;1;0
1;8;0.00;0.00;0;0;0
1;8;0.01;-0.02;0;0;-1
1;9;0.00;0.00;0;0;0
1;8;0.00;0.00;0;0;0
1;9;0.00;0.00;0;0;0
1;7;0.00;-0.04;0;1;-1
1;12;0.00;0.00;0;0;0
1;4;0.00;0.00;0;0;0
1;9;0.00;0.00;0;0;0
1;11;0.00;0.00;0;0;0
1;6;0.01;-0.02;0;0;-1
1;7;0.00;0.00;0;0;0
1;8;0.00;0.00;0;0;0
1;9;0.00;0.00;0;0;0
1;9;0.00;0.00;0;0;0
1;7;-0.01;-0.02;0;1;0
1;8;0.00;0.00;0;0;0
1;8;0.00;0.00;0;0;0
1;15;0.01;-0.02;0;0;-1
1;7;0.00;0.00;0;0;0
1;11;-0.01;-0.02;0;1;0
1;9;0.00;0.00;0;0;0
1;9;0.00;0.00;0;0;0
1;7;0.00;0.00;0;0;0
1;11;0.01;-0.02;0;0;-1
1;7;0.00;0.00;0;0;0
1;6;0.00;0.00;0;0;0
1;8;-0.01;-0.02;0;1;0
1;12;0.00;0.00;0;0;0
1;5;0.00;0.00;0;0;0
1;8;0.01;-0.02;0;0;-1
1;8;0.00;0.00;0;0;0
1;13;0.00;0.00;0;0;0
1;8;-0.01;-0.02;0;1;0
1;11;0.00;0.00;0;0;0
1;5;0.00;0.00;0;0;0
1;9;0.01;-0.02;0;0;-1
1;7;0.00;0.00;0;0;0
1;9;0.00;0.00;0;0;0
1;8;-0.01;-0.02;0;1;0
1;8;0.00;0.00;0;0;0
1;8;0.00;0.00;0;0;0
1;8;0.00;0.00;0;0;0
1;9;0.01;-0.02;0;0;-1
1;13;-0.01;-0.02;0;1;0
1;10;0.00;0.00;0;0;0
1;6;0.00;0.00;0;0;0
1;10;0.00;0.00;0;0;0
1;7;0.00;0.00;0;0;0
1;8;0.01;-0.02;0;0;-1
1;7;0.00;0.00;0;0;0
1;8;-0.01;-0.02;0;1;0
1;8;0.00;0.00;0;0;0
1;10;0.00;0.00;0;0;0
1;7;0.01;-0.02;0;0;-1
1;15;0.00;0.00;0;0;0
1;10;0.00;0.00;0;0;0
1;12;-0.01;-0.02;0;1;0
1;8;0.00;0.00;0;0;0
1;11;0.01;-0.02;0;0;-1
1;6;0.00;0.00;0;0;0
1;7;0.00;0.00;0;0;0
1;9;-0.01;-0.02;0;1;0
1;8;0.00;0.00;0;0;0
1;8;0.00;0.00;0;0;0
1;8;0.00;-0.04;0;1;-1
1;8;0.00;0.00;0;0;0
1;10;-0.01;-0.02;0;1;0
1;7;0.00;0.00;0;0;0
1;8;-0.01;-0.02;0;1;0
1;8;0.00;0.00;0;0;0
1;9;-0.01;-0.02;0;1;0
1;8;0.00;0.00;0;0;0
1;8;-0.01;-0.02;0;1;0
1;8;0.01;-0.02;0;0;-1
1;9;-0.01;-0.02;0;1;0
1;7;0.00;0.00;0;0;0
1;9;0.00;0.00;0;0;0
1;8;0.00;0.00;0;0;0
1;13;0.00;-0.04;0;1;-1
1;7;0.00;0.00;0;0;0
1;11;0.00;0.00;0;0;0
1;13;0.01;-0.02;0;0;-1
1;6;0.00;0.00;0;0;0
1;7;-0.01;-0.02;0;1;0
1;11;0.00;0.00;0;0;0
1;5;0.01;-0.02;0;0;-1
1;9;0.00;0.00;0;0;0
1;8;0.00;0.00;0;0;0
1;8;0.00;0.00;0;0;0
1;8;0.00;0.00;0;0;0
1;8;0.00;0.00;0;0;0
1;9;-0.01;-0.02;0;1;0
1;8;0.00;0.00;0;0;0
1;8;0.01;-0.02;0;0;-1
1;13;0.00;0.00;0;0;0
1;8;0.00;0.00;0;0;0
1;19;-0.01;-0.02;0;1;0
1;8;0.00;0.00;0;0;0
1;5;0.00;0.00;0;0;0
1;8;0.00;0.00;0;0;0
1;9;0.01;-0.02;0;0;-1
1;8;0.00;0.00;0;0;0
1;8;0.00;0.00;0;0;0
1;8;-0.01;-0.02;0;1;0
1;11;0.00;0.00;0;0;0
1;7;0.00;0.00;0;0;0
1;7;0.00;0.00;0;0;0
1;8;0.01;-0.02;0;0;-1
1;16;-0.01;-0.02;0;1;0
1;9;0.00;0.00;0;0;0
1;8;0.00;0.00;0;0;0
1;8;0.00;0.00;0;0;0
1;8;0.01;-0.02;0;0;-1
1;8;0.00;0.00;0;0;0
1;8;-0.01;-0.02;0;1;0
1;12;0.00;0.00;0;0;0
1;5;0.00;0.00;0;0;0
1;8;0.00;0.00;0;0;0
1;11;0.00;0.00;0;0;0
1;9;0.01;-0.02;0;0;-1
1;6;-0.01;-0.02;0;1;0
1;10;0.00;0.00;0;0;0
1;6;0.00;0.00;0;0;0
1;9;0.00;0.00;0;0;0
1;6;0.00;0.00;0;0;0
1;13;0.00;0.00;0;0;0
1;11;0.00;-0.04;0;1;-1
1;6;0.00;0.00;0;0;0
1;7;0.00;0.00;0;0;0
1;8;0.00;0.00;0;0;0
1;16;0.00;0.00;0;0;0
1;5;0.00;0.00;0;0;0
1;10;0.00;-0.04;0;1;-1
1;9;0.00;0.00;0;0;0
1;10;0.00;0.00;0;0;0
1;4;0.00;0.00;0;0;0
1;9;0.00;0.00;0;0;0
1;7;0.00;0.00;0;0;0
1;8;-0.01;-0.02;0;1;0
1;8;0.01;-0.02;0;0;-1
1;14;0.00;0.00;0;0;0
1;7;0.00;0.00;0;0;0
1;8;0.00;0.00;0;0;0
1;8;-0.01;-0.02;0;1;0
1;9;0.00;0.00;0;0;0
1;8;0.00;0.00;0;0;0
1;14;0.00;-0.04;0;1;-1
1;17;-0.01;-0.02;0;1;0
1;6;0.00;0.00;0;0;0
1;11;-0.01;-0.02;0;1;0
1;5;0.00;0.00;0;0;0
1;8;-0.01;-0.02;0;1;0
1;8;-0.01;-0.02;0;1;0
1;11;0.00;0.00;0;0;0
1;6;0.00;-0.04;0;1;-1
1;8;0.00;0.00;0;0;0
1;8;-0.01;-0.02;0;1;0
1;11;0.00;0.00;0;0;0
1;10;0.00;0.00;0;0;0
1;8;0.00;-0.04;0;1;-1
1;10;0.00;0.00;0;0;0
1;7;0.00;0.00;0;0;0
1;7;0.00;0.00;0;0;0
1;9;0.01;-0.02;0;0;-1
1;12;0.00;0.00;0;0;0
1;11;-0.01;-0.02;0;1;0
1;5;0.00;0.00;0;0;0
1;16;0.01;-0.02;0;0;-1
1;5;0.00;0.00;0;0;0
1;11;0.00;0.00;0;0;0
1;8;0.00;0.00;0;0;0
1;8;-0.01;-0.02;0;1;0
1;5;0.00;0.00;0;0;0
1;9;0.00;0.00;0;0;0
1;8;0.00;0.00;0;0;0
1;11;0.00;0.00;0;0;0
1;5;0.00;0.00;0;0;0
1;8;0.00;0.00;0;0;0
1;9;0.01;-0.02;0;0;-1
1;8;-0.01;-0.02;0;1;0
1;13;0.00;0.00;0;0;0
1;11;0.00;0.00;0;0;0
1;10;0.00;0.00;0;0;0
1;10;0.00;0.00;0;0;0
1;5;0.00;0.00;0;0;0
1;8;0.01;-0.02;0;0;-1
1;8;0.00;0.00;0;0;0
1;9;-0.01;-0.02;0;1;0
1;9;0.00;0.00;0;0;0
1;13;0.00;0.00;0;0;0
1;8;0.00;0.00;0;0;0
1;13;0.01;-0.02;0;0;-1
1;8;-0.01;-0.02;0;1;0
1;14;0.00;0.00;0;0;0
1;8;0.00;0.00;0;0;0
1;11;-0.01;-0.02;0;1;0
1;6;0.00;0.00;0;0;0
1;9;0.00;-0.04;0;1;-1
1;7;0.00;0.00;0;0;0
1;8;0.00;0.00;0;0;0
1;8;-0.01;-0.02;0;1;0
1;13;0.00;0.00;0;0;0
1;8;-0.01;-0.02;0;1;0
1;8;0.00;0.00;0;0;0
1;8;-0.01;-0.02;0;1;0
1;9;0.00;0.00;0;0;0
1;8;0.00;-0.04;0;1;-1
1;9;0.00;0.00;0;0;0
1;7;-0.01;-0.02;0;1;0
1;8;0.00;0.00;0;0;0
1;8;-0.01;-0.02;0;1;0
1;9;0.00;0.00;0;0;0
1;8;0.00;-0.04;0;1;-1
1;9;0.00;0.00;0;0;0
1;7;-0.01;-0.02;0;1;0
1;8;0.00;0.00;0;0;0
1;9;0.00;0.00;0;0;0
1;11;0.01;-0.02;0;0;-1
1;6;-0.01;-0.02;0;1;0
1;10;0.00;0.00;0;0;0
1;9;0.00;0.00;0;0;0
1;11;0.00;0.00;0;0;0
1;6;0.00;0.00;0;0;0
1;8;0.01;-0.02;0;0;-1
1;8;-0.01;-0.02;0;1;0
1;8;0.00;0.00;0;0;0
1;11;0.00;0.00;0;0;0
1;6;0.00;0.00;0;0;0
1;8;0.00;0.00;0;0;0
1;8;0.00;0.00;0;0;0
1;8;0.00;0.00;0;0;0
1;9;0.00;0.00;0;0;0
1;8;0.00;0.00;0;0;0
1;8;0.01;-0.02;0;0;-1
1;8;0.00;0.00;0;0;0
1;8;-0.01;-0.02;0;1;0
1;9;0.00;0.00;0;0;0
1;8;0.00;0.00;0;0;0
1;8;0.00;0.00;0;0;0
1;8;0.00;0.00;0;0;0
1;8;0.00;0.00;0;0;0
1;16;0.00;-0.04;0;1;-1
1;5;0.00;0.00;0;0;0
1;8;0.00;0.00;0;0;0
1;8;0.00;0.00;0;0;0
1;8;0.00;0.00;0;0;0
1;11;0.00;0.00;0;0;0
1;6;0.01;-0.02;0;0;-1
1;28;-0.01;-0.02;0;1;0
1;9;-0.01;-0.02;0;1;0
1;8;0.00;0.00;0;0;0
1;8;0.00;0.00;0;0;0
1;8;0.00;-0.04;0;1;-1
1;8;0.00;0.00;0;0;0
1;10;-0.01;-0.02;0;1;0
1;7;0.00;0.00;0;0;0
1;8;-0.01;-0.02;0;1;0
1;8;0.00;0.00;0;0;0
1;10;-0.01;-0.02;0;1;0
1;7;-0.01;-0.02;0;1;0
1;8;0.01;-0.02;0;0;-1
1;8;-0.01;-0.02;0;1;0
1;15;-0.01;-0.02;0;1;0
1;5;0.00;0.00;0;0;0
1;10;0.00;0.00;0;0;0
1;10;-0.01;-0.02;0;1;0
1;6;0.01;-0.02;0;0;-1
1;7;0.00;0.00;0;0;0
1;8;0.00;0.00;0;0;0
1;10;-0.01;-0.02;0;1;0
1;9;0.00;0.00;0;0;0
1;12;0.01;-0.02;0;0;-1
1;9;0.00;0.00;0;0;0
1;8;0.00;0.00;0;0;0
1;12;0.00;0.00;0;0;0
1;13;0.00;-0.04;0;1;-1
1;5;0.00;0.00;0;0;0
1;11;0.00;0.00;0;0;0
1;6;0.00;0.00;0;0;0
1;8;0.00;0.00;0;0;0
1;8;0.00;0.00;0;0;0
1;11;0.00;0.00;0;0;0
1;13;0.00;0.00;0;0;0
1;10;-0.01;-0.02;0;1;0
1;8;0.01;-0.02;0;0;-1
1;7;0.00;0.00;0;0;0
1;8;0.00;0.00;0;0;0
1;8;0.00;0.00;0;0;0
1;9;0.00;0.00;0;0;0
1;8;0.00;0.00;0;0;0
1;8;-0.01;-0.02;0;1;0
1;8;0.00;0.00;0;0;0
1;8;0.00;0.00;0;0;0
1;13;0.01;-0.02;0;0;-1
1;8;0.00;0.00;0;0;0
1;8;0.00;0.00;0;0;0
1;8;0.00;0.00;0;0;0
1;9;0.00;0.00;0;0;0
1;8;-0.01;-0.02;0;1;0
1;9;0.01;-0.02;0;0;-1
1;7;0.00;0.00;0;0;0
1;8;0.00;0.00;0;0;0
1;8;0.00;0.00;0;0;0
1;9;0.00;0.00;0;0;0
1;8;0.00;0.00;0;0;0
1;8;0.00;-0.04;0;1;-1
1;28;0.00;0.00;0;0;0
1;5;0.00;0.00;0;0;0
1;8;0.00;0.00;0;0;0
1;8;0.00;-0.04;0;1;-1
1;8;0.00;0.00;0;0;0
1;9;0.00;0.00;0;0;0
1;8;-0.01;-0.02;0;1;0
1;8;0.00;0.00;0;0;0
1;8;-0.01;-0.02;0;1;0
1;8;0.00;0.00;0;0;0
1;9;0.00;-0.04;0;1;-1
1;9;0.00;0.00;0;0;0
1;8;-0.01;-0.02;0;1;0
1;7;0.00;0.00;0;0;0
1;8;-0.01;-0.02;0;1;0
1;9;0.00;0.00;0;0;0
1;8;-0.01;-0.02;0;1;0
1;8;0.01;-0.02;0;0;-1
1;8;-0.01;-0.02;0;1;0
1;8;-0.01;-0.02;0;1;0
1;8;0.00;0.00;0;0;0
1;9;0.00;0.00;0;0;0
1;8;-0.01;-0.02;0;1;0
1;8;0.01;-0.02;0;0;-1
1;8;0.00;0.00;0;0;0
1;8;0.00;0.00;0;0;0
1;9;-0.01;-0.02;0;1;0
1;8;0.01;-0.02;0;0;-1
1;8;0.00;0.00;0;0;0
1;8;0.00;0.00;0;0;0
1;8;0.00;0.00;0;0;0
1;9;0.00;0.00;0;0;0
1;8;0.00;0.00;0;0;0
1;8;0.00;0.00;0;0;0
1;8;0.00;0.00;0;0;0
1;8;-0.01;-0.02;0;1;0
1;9;0.00;0.00;0;0;0
1;8;0.00;0.00;0;0;0
1;8;0.00;0.00;0;0;0
1;8;0.00;0.00;0;0;0
1;8;0.00;0.00;0;0;0
1;8;0.00;0.00;0;0;0
1;9;-0.01;-0.02;0;1;0
1;8;0.00;0.00;0;0;0
1;12;0.00;0.00;0;0;0
1;8;0.00;0.00;0;0;0
1;9;0.00;0.00;0;0;0
1;8;0.00;0.00;0;0;0
1;8;-0.01;-0.02;0;1;0
1;8;0.00;0.00;0;0;0
1;8;0.00;0.00;0;0;0
1;11;0.00;0.00;0;0;0
1;6;0.00;0.00;0;0;0
1;8;0.00;0.00;0;0;0
1;8;-0.01;-0.02;0;1;0
1;8;0.00;0.00;0;0;0
1;8;0.00;0.00;0;0;0
1;9;0.00;0.00;0;0;0
1;8;0.00;0.00;0;0;0
1;8;0.00;0.00;0;0;0
1;8;-0.01;-0.02;0;1;0
1;8;0.00;0.00;0;0;0
1;9;0.00;0.00;0;0;0
1;8;0.00;0.00;0;0;0
1;9;0.00;0.00;0;0;0
1;9;0.00;0.00;0;0;0
1;6;0.00;0.00;0;0;0
1;9;0.00;0.00;0;0;0
1;8;-0.01;-0.02;0;1;0
1;10;0.00;0.00;0;0;0
1;6;0.00;0.00;0;0;0
1;8;0.00;0.00;0;0;0
1;9;0.00;0.00;0;0;0
1;10;-0.01;-0.02;0;1;0
1;6;0.00;0.00;0;0;0
1;8;0.00;0.00;0;0;0
1;8;0.00;0.00;0;0;0
1;10;0.00;0.00;0;0;0
1;10;0.00;0.00;0;0;0
1;10;-0.01;-0.02;0;1;0
1;11;0.00;0.00;0;0;0
1;8;0.00;0.00;0;0;0
1;9;0.00;0.00;0;0;0
1;8;0.00;0.00;0;0;0
1;8;0.00;0.00;0;0;0
1;8;-0.02;0.00;-1;0;0
1;8;-0.01;-0.02;0;1;0
1;9;0.00;0.00;0;0;0
1;8;0.00;0.00;0;0;0
1;8;0.00;0.00;0;0;0
1;8;0.00;0.00;0;0;0
1;8;0.00;0.00;0;0;0
1;12;-0.04;-0.02;-1;1;0
1;6;0.00;0.00;0;0;0
1;7;0.00;0.00;0;0;0
1;11;0.00;0.00;0;0;0
1;8;0.00;0.00;0;0;0
1;6;0.00;0.00;0;0;0
1;8;0.00;0.00;0;0;0
1;12;-0.04;-0.02;-1;1;0
1;8;0.00;0.00;0;0;0
1;8;0.00;0.00;0;0;0
1;9;0.00;0.00;0;0;0
1;8;0.00;0.00;0;0;0
1;8;-0.01;-0.02;0;1;0
1;8;-0.02;0.00;-1;0;0
1;8;0.00;0.00;0;0;0
1;9;0.00;0.00;0;0;0
1;8;0.00;0.00;0;0;0
1;8;0.00;0.00;0;0;0
1;8;0.00;0.00;0;0;0
1;8;-0.01;-0.02;0;1;0
1;12;0.00;0.00;0;0;0
1;7;-0.02;0.00;-1;0;0
1;6;0.00;0.00;0;0;0
1;8;0.00;0.00;0;0;0
1;8;0.00;0.00;0;0;0
1;8;0.00;0.00;0;0;0
1;9;-0.01;-0.02;0;1;0
1;8;0.00;0.00;0;0;0
1;8;0.00;0.00;0;0;0
1;8;-0.02;0.00;-1;0;0
1;8;0.00;0.00;0;0;0
1;9;0.00;0.00;0;0;0
1;8;0.00;0.00;0;0;0
1;8;-0.01;-0.02;0;1;0
1;8;0.00;0.00;0;0;0
1;8;0.00;0.00;0;0;0
1;11;-0.02;0.00;-1;0;0
1;10;0.00;0.00;0;0;0
1;8;0.00;0.00;0;0;0
1;8;-0.01;-0.02;0;1;0
1;10;0.00;0.00;0;0;0
1;7;0.00;0.00;0;0;0
1;8;0.00;0.00;0;0;0
1;11;-0.02;0.00;-1;0;0
1;5;0.00;0.00;0;0;0
1;11;-0.01;-0.02;0;1;0
1;11;0.00;0.00;0;0;0
1;7;0.00;0.00;0;0;0
1;8;0.00;0.00;0;0;0
1;8;0.00;0.00;0;0;0
1;8;0.00;0.00;0;0;0
1;12;-0.04;-0.02;-1;1;0
1;5;0.00;0.00;0;0;0
1;8;0.00;0.00;0;0;0
1;8;0.00;0.00;0;0;0
1;10;-0.01;-0.02;0;1;0
1;7;0.00;0.00;0;0;0
1;8;0.00;0.00;0;0;0
1;8;-0.01;-0.02;0;1;0
1;8;-0.02;0.00;-1;0;0
1;10;-0.01;-0.02;0;1;0
1;7;0.00;0.00;0;0;0
1;8;-0.01;-0.02;0;1;0
1;10;0.00;0.00;0;0;0
1;9;-0.01;-0.02;0;1;0
1;6;0.00;0.00;0;0;0
1;8;-0.01;-0.02;0;1;0
1;8;-0.02;0.00;-1;0;0
1;10;-0.01;-0.02;0;1;0
1;7;0.00;0.00;0;0;0
1;8;-0.01;-0.02;0;1;0
1;7;0.00;0.00;0;0;0
1;10;-0.04;-0.02;-1;1;0
1;9;-0.01;-0.02;0;1;0
1;6;0.00;0.00;0;0;0
1;8;0.00;0.00;0;0;0
1;13;-0.01;-0.02;0;1;0
1;9;-0.02;0.00;-1;0;0
1;7;0.00;0.00;0;0;0
1;10;-0.01;-0.02;0;1;0
1;6;0.00;0.00;0;0;0
1;9;0.00;0.00;0;0;0
1;8;0.00;0.00;0;0;0
1;16;-0.02;0.00;-1;0;0
1;10;0.00;0.00;0;0;0
1;6;0.00;0.00;0;0;0
1;11;-0.01;-0.02;0;1;0
1;6;0.00;0.00;0;0;0
1;8;0.00;0.00;0;0;0
1;8;-0.02;0.00;-1;0;0
1;13;0.00;0.00;0;0;0
1;8;0.00;0.00;0;0;0
1;8;0.00;0.00;0;0;0
1;8;0.00;0.00;0;0;0
1;9;0.00;0.00;0;0;0
1;7;-0.01;-0.02;0;1;0
1;9;0.00;0.00;0;0;0
1;8;-0.02;0.00;-1;0;0
1;8;0.00;0.00;0;0;0
1;8;0.00;0.00;0;0;0
1;8;0.00;0.00;0;0;0
1;16;0.00;0.00;0;0;0
1;5;-0.01;-0.02;0;1;0
1;8;0.00;0.00;0;0;0
1;8;-0.02;0.00;-1;0;0
1;9;0.00;0.00;0;0;0
1;9;0.00;0.00;0;0;0
1;7;0.00;0.00;0;0;0
1;8;0.00;0.00;0;0;0
1;8;-0.01;-0.02;0;1;0
1;8;-0.02;0.00;-1;0;0
1;17;0.00;0.00;0;0;0
1;8;0.00;0.00;0;0;0
1;12;0.00;0.00;0;0;0
1;9;-0.01;-0.02;0;1;0
1;11;-0.02;0.00;-1;0;0
1;6;0.00;0.00;0;0;0
1;9;0.00;0.00;0;0;0
1;6;0.00;0.00;0;0;0
1;10;0.00;0.00;0;0;0
1;7;0.00;0.00;0;0;0
1;11;0.00;0.00;0;0;0
1;5;-0.02;0.00;-1;0;0
1;8;-0.01;-0.02;0;1;0
1;8;0.00;0.00;0;0;0
1;16;0.00;0.00;0;0;0
1;7;0.00;0.00;0;0;0
1;6;0.00;0.00;0;0;0
1;12;-0.02;0.00;-1;0;0
1;9;0.00;0.00;0;0;0
1;8;-0.01;-0.02;0;1;0
1;8;0.00;0.00;0;0;0
1;8;0.00;0.00;0;0;0
1;8;0.00;0.00;0;0;0
1;9;0.00;0.00;0;0;0
1;8;-0.02;0.00;-1;0;0
1;10;0.00;0.00;0;0;0
1;6;-0.01;-0.02;0;1;0
1;8;0.00;0.00;0;0;0
1;12;0.00;0.00;0;0;0
1;5;0.00;0.00;0;0;0
1;11;-0.04;-0.02;-1;1;0
1;5;0.00;0.00;0;0;0
1;12;-0.01;-0.02;0;1;0
1;14;0.00;0.00;0;0;0
1;7;-0.01;-0.02;0;1;0
1;13;-0.01;-0.02;0;1;0
1;7;0.00;0.00;0;0;0
1;9;-0.02;0.00;-1;0;0
1;11;-0.01;-0.02;0;1;0
1;5;0.00;0.00;0;0;0
1;8;-0.01;-0.02;0;1;0
1;10;0.00;0.00;0;0;0
1;6;-0.04;-0.02;-1;1;0
1;9;0.00;0.00;0;0;0
1;11;-0.01;-0.02;0;1;0
1;6;0.00;0.00;0;0;0
1;8;0.00;0.00;0;0;0
1;7;-0.04;-0.02;-1;1;0
1;9;0.00;0.00;0;0;0
1;10;0.00;0.00;0;0;0
1;9;-0.01;-0.02;0;1;0
1;6;0.00;0.00;0;0;0
1;25;-0.02;0.00;-1;0;0
1;12;0.00;0.00;0;0;0
1;13;0.00;0.00;0;0;0
1;8;0.00;0.00;0;0;0
1;7;-0.02;0.00;-1;0;0
1;18;-0.01;-0.02;0;1;0
1;9;0.00;0.00;0;0;0
1;6;0.00;0.00;0;0;0
1;11;0.00;0.00;0;0;0
1;5;0.00;0.00;0;0;0
1;9;-0.02;0.00;-1;0;0
1;7;0.00;0.00;0;0;0
1;8;0.00;0.00;0;0;0
1;9;-0.01;-0.02;0;1;0
1;8;0.00;0.00;0;0;0
1;8;0.00;0.00;0;0;0
1;10;0.00;0.00;0;0;0
1;7;-0.02;0.00;-1;0;0
1;8;0.00;0.00;0;0;0
1;8;-0.01;-0.02;0;1;0
1;12;0.00;0.00;0;0;0
1;8;0.00;0.00;0;0;0
1;8;0.00;0.00;0;0;0
1;9;-0.02;0.00;-1;0;0
1;8;0.00;0.00;0;0;0
1;15;-0.01;-0.02;0;1;0
1;6;0.00;0.00;0;0;0
1;12;0.00;0.00;0;0;0
1;8;-0.02;0.00;-1;0;0
1;8;0.00;0.00;0;0;0
1;9;0.00;0.00;0;0;0
1;8;0.00;0.00;0;0;0
1;10;0.00;0.00;0;0;0
1;6;-0.01;-0.02;0;1;0
1;8;0.00;0.00;0;0;0
1;8;0.00;0.00;0;0;0
1;8;0.00;0.00;0;0;0
1;9;0.00;0.00;0;0;0
1;8;0.00;0.00;0;0;0
1;8;0.00;0.00;0;0;0
1;8;-0.01;-0.02;0;1;0
1;8;0.00;0.00;0;0;0
1;9;0.00;0.00;0;0;0
1;8;0.00;0.00;0;0;0
1;8;-0.01;-0.02;-1;0;-1
1;8;-0.01;-0.02;0;1;0
1;7;0.00;0.00;0;0;0
1;8;0.00;0.00;0;0;0
1;10;-0.01;-0.02;0;1;0
1;12;-0.01;-0.02;0;1;0
1;8;0.00;0.00;0;0;0
1;8;0.00;0.00;0;0;0
1;8;-0.04;-0.02;-1;1;0
1;9;0.00;0.00;0;0;0
1;7;-0.01;-0.02;0;1;0
1;8;-0.01;-0.02;0;1;0
1;7;0.00;0.00;0;0;0
1;8;-0.02;-0.04;-1;1;-1
1;10;0.00;0.00;0;0;0
1;8;-0.01;-0.02;0;1;0
1;8;0.00;0.00;0;0;0
1;8;-0.01;-0.02;0;1;0
1;8;-0.02;0.00;-1;0;0
1;9;0.01;-0.02;0;0;-1
1;8;-0.01;-0.02;0;1;0
1;8;0.00;0.00;0;0;0
1;8;0.00;0.00;0;0;0
1;8;0.00;0.00;0;0;0
1;9;-0.01;-0.02;0;1;0
1;8;0.00;0.00;0;0;0
1;10;0.00;0.00;0;0;0
1;8;0.01;-0.02;0;0;-1
1;6;0.00;0.00;0;0;0
1;9;0.00;0.00;0;0;0
1;12;0.00;0.00;0;0;0
1;8;0.00;0.00;0;0;0
1;8;0.00;0.00;0;0;0
1;7;0.00;0.00;0;0;0
1;10;-0.01;-0.02;0;1;0
1;8;0.00;0.00;0;0;0
1;8;0.00;0.00;0;0;0
1;8;0.00;0.00;0;0;0
1;8;0.00;0.00;0;0;0
1;8;0.00;0.00;0;0;0
1;12;0.00;0.00;0;0;0
1;5;0.00;0.00;0;0;0
1;8;-0.01;-0.02;0;1;0
1;18;0.00;0.00;0;0;0
1;10;0.00;0.00;0;0;0
1;5;0.00;0.00;0;0;0
1;8;-0.01;-0.02;0;1;0
1;8;0.00;0.00;0;0;0
1;9;0.00;0.00;0;0;0
1;8;0.00;0.00;0;0;0
1;11;0.00;0.00;0;0;0
1;8;-0.01;-0.02;0;1;0
1;9;0.00;0.00;0;0;0
1;9;0.00;0.00;0;0;0
1;8;0.00;0.00;0;0;0
1;8;0.00;0.00;0;0;0
1;8;0.00;0.00;0;0;0
1;7;-0.01;-0.02;0;1;0
1;9;0.00;0.00;0;0;0
1;9;0.00;0.00;0;0;0
1;7;0.00;0.00;0;0;0
1;9;0.00;0.00;0;0;0
1;11;0.00;0.00;0;0;0
1;5;0.00;0.00;0;0;0
1;9;0.00;0.00;0;0;0
1;8;-0.04;-0.02;-1;1;0
1;8;0.00;0.00;0;0;0
1;8;0.00;0.00;0;0;0
1;8;0.00;0.00;0;0;0
1;9;0.00;0.00;0;0;0
1;7;0.00;0.00;0;0;0
1;8;-0.01;-0.02;0;1;0
1;8;-0.02;0.00;-1;0;0
1;9;0.00;0.00;0;0;0
1;8;-0.01;-0.02;0;1;0
1;8;0.00;0.00;0;0;0
1;9;-0.01;-0.02;0;1;0
1;9;0.00;0.00;0;0;0
1;10;-0.01;-0.02;0;1;0
1;9;0.00;0.00;0;0;0
1;8;-0.01;-0.02;0;1;0
1;9;0.00;0.00;0;0;0
1;8;-0.04;-0.02;-1;1;0
1;7;0.00;0.00;0;0;0
1;10;-0.01;-0.02;0;1;0
1;8;-0.01;-0.02;0;1;0
1;8;0.00;0.00;0;0;0
1;9;-0.01;-0.02;0;1;0
1;7;-0.02;0.00;-1;0;0
1;9;-0.01;-0.02;0;1;0
1;8;0.00;0.00;0;0;0
1;7;-0.01;-0.02;0;1;0
1;8;0.00;0.00;0;0;0
1;8;-0.02;0.00;-1;0;0
1;16;-0.01;-0.02;0;1;0
1;9;0.00;0.00;0;0;0
1;13;-0.02;0.00;-1;0;0
1;12;0.00;0.00;0;0;0
1;9;-0.01;-0.02;0;1;0
1;8;0.00;0.00;0;0;0
1;10;0.00;0.00;0;0;0
1;6;0.00;0.00;0;0;0
1;7;0.00;0.00;0;0;0
1;10;0.00;0.00;0;0;0
1;8;0.00;0.00;0;0;0
1;8;0.00;0.00;0;0;0
1;8;0.00;0.00;0;0;0
1;8;0.00;0.00;0;0;0
1;8;0.00;0.00;0;0;0
1;8;-0.01;-0.02;0;1;0
1;8;0.00;0.00;0;0;0
1;8;0.00;0.00;0;0;0
1;9;0.00;0.00;0;0;0
1;9;0.00;0.00;0;0;0
1;8;0.00;0.00;0;0;0
1;7;-0.01;-0.02;0;1;0
1;12;0.00;0.00;0;0;0
1;5;0.00;0.00;0;0;0
1;9;0.00;0.00;0;0;0
1;15;0.00;0.00;0;0;0
1;5;0.00;0.00;0;0;0
1;8;-0.01;-0.02;0;1;0
1;8;0.00;0.00;0;0;0
1;9;0.00;0.00;0;0;0
1;8;0.00;0.00;0;0;0
1;7;0.00;0.00;0;0;0
1;9;0.00;0.00;0;0;0
1;11;0.00;0.00;0;0;0
1;9;-0.04;-0.02;-1;1;0
1;9;0.00;0.00;0;0;0
1;9;0.00;0.00;0;0;0
1;11;0.00;0.00;0;0;0
1;12;0.00;0.00;0;0;0
1;5;0.00;0.00;0;0;0
1;8;-0.02;0.00;-1;0;0
1;8;0.00;0.00;0;0;0
1;8;-0.01;-0.02;0;1;0
1;7;0.00;0.00;0;0;0
1;9;0.00;0.00;0;0;0
1;8;0.00;0.00;0;0;0
1;9;0.00;0.00;0;0;0
1;8;0.00;0.00;0;0;0
1;8;-0.02;0.00;-1;0;0
1;8;-0.01;-0.02;0;1;0
1;10;0.00;0.00;0;0;0
1;8;0.00;0.00;0;0;0
1;7;0.00;0.00;0;0;0
1;8;0.00;0.00;0;0;0
1;9;0.00;0.00;0;0;0
1;8;-0.01;-0.02;0;1;0
1;7;-0.02;0.00;-1;0;0
1;8;0.00;0.00;0;0;0
1;8;0.00;0.00;0;0;0
1;9;0.00;0.00;0;0;0
1;8;0.00;0.00;0;0;0
1;9;0.00;0.00;0;0;0
1;8;-0.04;-0.02;-1;1;0
1;8;0.00;0.00;0;0;0
1;8;0.00;0.00;0;0;0
1;9;0.00;0.00;0;0;0
1;7;0.00;0.00;0;0;0
1;9;0.00;0.00;0;0;0
1;7;0.00;0.00;0;0;0
1;8;-0.04;-0.02;-1;1;0
1;9;0.00;0.00;0;0;0
1;8;0.00;0.00;0;0;0
1;8;0.00;0.00;0;0;0
1;8;0.00;0.00;0;0;0
1;10;0.00;0.00;0;0;0
1;8;-0.04;-0.02;-1;1;0
1;14;0.00;0.00;0;0;0
1;6;0.00;0.00;0;0;0
1;8;0.00;0.00;0;0;0
1;8;0.00;0.00;0;0;0
1;9;0.00;0.00;0;0;0
1;14;-0.02;0.00;-1;0;0
1;13;0.00;0.00;0;0;0
1;5;0.00;0.00;0;0;0
1;9;0.00;0.00;0;0;0
1;9;0.00;0.00;0;0;0
1;7;-0.04;-0.02;-1;1;0
1;8;0.00;0.00;0;0;0
1;8;0.00;0.00;0;0;0
1;9;0.00;0.00;0;0;0
1;8;0.00;0.00;0;0;0
1;8;0.00;0.00;0;0;0
1;8;-0.02;0.00;-1;0;0
1;7;-0.01;-0.02;0;1;0
1;9;0.00;0.00;0;0;0
1;8;0.00;0.00;0;0;0
1;8;0.00;0.00;0;0;0
1;9;0.00;0.00;0;0;0
1;8;0.00;0.00;0;0;0
1;7;-0.02;0.00;-1;0;0
1;9;-0.01;-0.02;0;1;0
1;8;0.00;0.00;0;0;0
1;8;0.00;0.00;0;0;0
1;8;0.00;0.00;0;0;0
1;8;0.00;0.00;0;0;0
1;9;0.00;0.00;0;0;0
1;8;-0.04;-0.02;-1;1;0
1;8;0.00;0.00;0;0;0
1;8;0.00;0.00;0;0;0
1;9;0.00;0.00;0;0;0
1;9;0.00;0.00;0;0;0
1;7;0.00;0.00;0;0;0
1;9;0.00;0.00;0;0;0
1;7;-0.02;0.00;-1;0;0
1;8;-0.01;-0.02;0;1;0
1;10;0.00;0.00;0;0;0
1;8;0.00;0.00;0;0;0
1;7;0.00;0.00;0;0;0
1;8;0.00;0.00;0;0;0
1;8;-0.02;0.00;-1;0;0
1;9;0.00;0.00;0;0;0
1;8;-0.01;-0.02;0;1;0
1;8;0.00;0.00;0;0;0
1;8;0.00;0.00;0;0;0
1;12;0.00;0.00;0;0;0
1;5;0.00;0.00;0;0;0
1;8;-0.02;0.00;-1;0;0
1;8;0.00;0.00;0;0;0
1;8;-0.01;-0.02;0;1;0
1;8;0.00;0.00;0;0;0
1;8;0.00;0.00;0;0;0
1;9;0.00;0.00;0;0;0
1;8;-0.02;0.00;-1;0;0
1;8;0.00;0.00;0;0;0
1;10;-0.01;-0.02;0;1;0
1;7;0.00;0.00;0;0;0
1;8;0.00;0.00;0;0;0
1;8;0.00;0.00;0;0;0
1;8;0.00;0.00;0;0;0
1;8;-0.02;0.00;-1;0;0
1;8;-0.01;-0.02;0;1;0
1;9;0.00;0.00;0;0;0
1;9;0.00;0.00;0;0;0
1;8;0.00;0.00;0;0;0
1;7;0.00;0.00;0;0;0
1;8;-0.02;0.00;-1;0;0
1;10;-0.01;-0.02;0;1;0
1;8;0.00;0.00;0;0;0
1;7;0.00;0.00;0;0;0
1;8;0.00;0.00;0;0;0
1;9;0.00;0.00;0;0;0
1;8;0.00;0.00;0;0;0
1;8;-0.02;0.00;-1;0;0
1;8;0.00;0.00;0;0;0
1;10;-0.01;-0.02;0;1;0
1;8;0.00;0.00;0;0;0
1;7;0.00;0.00;0;0;0
1;9;0.00;0.00;0;0;0
1;8;0.00;0.00;0;0;0
1;7;-0.02;0.00;-1;0;0
1;8;0.00;0.00;0;0;0
1;9;-0.01;-0.02;0;1;0
1;9;0.00;0.00;0;0;0
1;7;0.00;0.00;0;0;0
1;8;0.00;0.00;0;0;0
1;12;-0.02;0.00;-1;0;0
1;5;0.00;0.00;0;0;0
1;9;0.00;0.00;0;0;0
1;10;-0.01;-0.02;0;1;0
1;9;0.00;0.00;0;0;0
1;8;0.00;0.00;0;0;0
1;8;0.00;0.00;0;0;0
1;9;-0.02;0.00;-1;0;0
1;8;0.00;0.00;0;0;0
1;8;0.00;0.00;0;0;0
1;8;-0.01;-0.02;0;1;0
1;8;0.00;0.00;0;0;0
1;9;0.00;0.00;0;0;0
1;8;0.00;0.00;0;0;0
1;8;0.00;0.00;0;0;0
1;8;-0.02;0.00;-1;0;0
1;8;0.00;0.00;0;0;0
1;10;0.00;0.00;0;0;0
1;17;-0.01;-0.02;0;1;0
1;7;0.00;0.00;0;0;0
1;8;0.00;0.00;0;0;0
1;7;-0.02;0.00;-1;0;0
1;9;0.00;0.00;0;0;0
1;8;0.00;0.00;0;0;0
1;8;-0.01;-0.02;0;1;0
1;5;0.00;0.00;0;0;0
1;7;0.00;0.00;0;0;0
1;9;0.00;0.00;0;0;0
1;8;0.00;0.00;0;0;0
1;8;-0.02;0.00;-1;0;0
1;8;0.00;0.00;0;0;0
1;8;-0.01;-0.02;0;1;0
1;8;0.00;0.00;0;0;0
1;9;0.00;0.00;0;0;0
1;8;0.00;0.00;0;0;0
1;8;0.00;0.00;0;0;0
1;8;-0.02;0.00;-1;0;0
1;9;0.00;0.00;0;0;0
1;8;-0.01;-0.02;0;1;0
1;8;0.00;0.00;0;0;0
1;8;0.00;0.00;0;0;0
1;8;0.00;0.00;0;0;0
1;9;0.00;0.00;0;0;0
1;8;-0.02;0.00;-1;0;0
1;9;0.00;0.00;0;0;0
1;7;-0.01;-0.02;0;1;0
1;8;0.00;0.00;0;0;0
1;9;0.00;0.00;0;0;0
1;16;0.00;0.00;0;0;0
1;8;0.00;0.00;0;0;0
1;8;-0.02;0.00;-1;0;0
1;11;0.00;0.00;0;0;0
1;7;-0.01;-0.02;0;1;0
1;8;0.00;0.00;0;0;0
1;9;0.00;0.00;0;0;0
1;8;0.00;0.00;0;0;0
1;12;-0.02;0.00;-1;0;0
1;8;0.00;0.00;0;0;0
1;8;0.00;0.00;0;0;0
1;8;-0.01;-0.02;0;1;0
1;7;0.00;0.00;0;0;0
1;8;0.01;-0.02;0;0;-1
1;9;0.00;0.00;0;0;0
1;9;-0.02;0.00;-1;0;0
1;10;0.00;0.00;0;0;0
1;6;-0.01;-0.02;0;1;0
1;8;0.00;0.00;0;0;0
1;7;0.00;0.00;0;0;0
1;9;0.00;0.00;0;0;0
1;10;0.00;0.00;0;0;0
1;7;0.00;0.00;0;0;0
1;7;-0.04;-0.02;-1;1;0
1;8;0.00;0.00;0;0;0
1;9;0.00;0.00;0;0;0
1;8;0.00;0.00;0;0;0
1;8;0.00;0.00;0;0;0
1;8;0.00;0.00;0;0;0
1;8;0.00;0.00;0;0;0
1;9;0.00;0.00;0;0;0
1;8;-0.02;0.00;-1;0;0
1;8;-0.01;-0.02;0;1;0
1;9;0.00;0.00;0;0;0
1;8;0.00;0.00;0;0;0
1;9;0.00;0.00;0;0;0
1;8;0.00;0.00;0;0;0
1;7;0.00;0.00;0;0;0
1;8;0.00;0.00;0;0;0
1;8;-0.04;-0.02;-1;1;0
1;9;0.00;0.00;0;0;0
1;8;0.00;0.00;0;0;0
1;8;0.00;0.00;0;0;0
1;8;0.00;0.00;0;0;0
1;8;0.00;0.00;0;0;0
1;8;0.00;0.00;0;0;0
1;9;-0.01;-0.02;0;1;0
1;12;-0.02;0.00;-1;0;0
1;8;0.00;0.00;0;0;0
1;8;0.00;0.00;0;0;0
1;9;0.00;0.00;0;0;0
1;9;0.00;0.00;0;0;0
1;7;0.00;0.00;0;0;0
1;8;-0.01;-0.02;0;1;0
1;8;-0.02;0.00;-1;0;0
1;9;0.00;0.00;0;0;0
1;8;0.00;0.00;0;0;0
1;8;0.00;0.00;0;0;0
1;8;0.00;0.00;0;0;0
1;8;0.00;0.00;0;0;0
1;8;0.00;0.00;0;0;0
1;10;-0.04;-0.02;-1;1;0
1;7;0.00;0.00;0;0;0
1;8;0.00;0.00;0;0;0
1;8;0.00;0.00;0;0;0
1;8;0.00;0.00;0;0;0
1;10;0.00;0.00;0;0;0
1;10;0.00;0.00;0;0;0
1;18;-0.04;-0.02;-1;1;0
1;7;0.00;0.00;0;0;0
1;9;0.00;0.00;0;0;0
1;12;0.00;0.00;0;0;0
1;8;0.00;0.00;0;0;0
1;8;-0.01;-0.02;0;1;0
1;9;0.00;0.00;0;0;0
1;8;0.00;0.00;0;0;0
1;8;-0.02;0.00;-1;0;0
1;8;0.00;0.00;0;0;0
1;9;0.00;0.00;0;0;0
1;7;-0.01;-0.02;0;1;0
1;9;0.00;0.00;0;0;0
1;8;0.00;0.00;0;0;0
1;8;-0.02;0.00;-1;0;0
1;8;0.00;0.00;0;0;0
1;8;0.00;0.00;0;0;0
1;9;0.00;0.00;0;0;0
1;8;-0.01;-0.02;0;1;0
1;8;0.00;0.00;0;0;0
1;8;0.00;0.00;0;0;0
1;8;-0.02;0.00;-1;0;0
1;19;0.00;0.00;0;0;0
1;7;0.00;0.00;0;0;0
1;8;0.00;0.00;0;0;0
1;7;-0.01;-0.02;0;1;0
1;9;0.00;0.00;0;0;0
1;8;-0.02;0.00;-1;0;0
1;8;0.00;0.00;0;0;0
1;8;0.00;0.00;0;0;0
1;8;0.00;0.00;0;0;0
1;9;-0.01;-0.02;0;1;0
1;8;0.00;0.00;0;0;0
1;8;0.00;0.00;0;0;0
1;8;0.00;0.00;0;0;0
1;8;-0.02;0.00;-1;0;0
1;8;-0.01;-0.02;0;1;0
1;9;0.00;0.00;0;0;0
1;11;0.00;0.00;0;0;0
1;6;0.00;0.00;0;0;0
1;7;0.00;0.00;0;0;0
1;8;0.00;0.00;0;0;0
1;13;-0.04;-0.02;-1;1;0
1;8;0.00;0.00;0;0;0
1;8;0.00;0.00;0;0;0
1;8;0.00;0.00;0;0;0
1;10;0.00;0.00;0;0;0
1;8;-0.02;0.00;-1;0;0
1;8;0.00;0.00;0;0;0
1;8;0.00;0.00;0;0;0
1;8;-0.01;-0.02;0;1;0
1;7;0.00;0.00;0;0;0
1;9;-0.02;0.00;-1;0;0
1;34;0.00;0.00;0;0;0
1;16;-0.01;-0.02;0;1;0
1;7;0.00;0.00;0;0;0
1;8;-0.02;0.00;-1;0;0
1;8;0.00;0.00;0;0;0
1;9;-0.01;-0.02;0;1;0
1;8;0.00;0.00;0;0;0
1;8;0.00;0.00;0;0;0
1;8;0.00;0.00;0;0;0
1;8;0.00;0.00;0;0;0
1;9;-0.04;-0.02;-1;1;0
1;8;0.00;0.00;0;0;0
1;8;0.00;0.00;0;0;0
1;8;0.00;0.00;0;0;0
1;8;0.00;0.00;0;0;0
1;8;-0.02;0.00;-1;0;0
1;9;0.00;0.00;0;0;0
1;8;0.00;0.00;0;0;0
1;8;-0.01;-0.02;0;1;0
1;8;0.00;0.00;0;0;0
1;8;0.00;0.00;0;0;0
1;9;-0.02;0.00;-1;0;0
1;8;0.00;0.00;0;0;0
1;8;0.00;0.00;0;0;0
1;9;0.00;0.00;0;0;0
1;8;-0.01;-0.02;0;1;0
1;8;0.00;0.00;0;0;0
1;8;0.00;0.00;0;0;0
1;8;-0.02;0.00;-1;0;0
1;8;0.00;0.00;0;0;0
1;9;0.00;0.00;0;0;0
1;8;-0.01;-0.02;0;1;0
1;8;0.00;0.00;0;0;0
1;8;0.00;0.00;0;0;0
1;8;0.00;0.00;0;0;0
1;8;-0.02;0.00;-1;0;0
1;9;0.00;0.00;0;0;0
1;8;-0.01;-0.02;0;1;0
1;8;0.00;0.00;0;0;0
1;8;0.00;0.00;0;0;0
1;8;0.00;0.00;0;0;0
1;10;-0.02;0.00;-1;0;0
1;8;0.00;0.00;0;0;0
1;11;-0.01;-0.02;0;1;0
1;9;0.00;0.00;0;0;0
1;18;-0.02;0.00;-1;0;0
1;6;0.00;0.00;0;0;0
1;8;0.00;0.00;0;0;0
1;10;-0.01;-0.02;0;1;0
1;8;0.00;0.00;0;0;0
1;18;-0.02;0.00;-1;0;0
1;16;0.00;0.00;0;0;0
1;6;0.00;0.00;0;0;0
1;18;-0.01;-0.02;0;1;0
1;7;0.00;0.00;0;0;0
1;7;0.00;0.00;0;0;0
1;8;0.00;0.00;0;0;0
1;9;-0.02;0.00;-1;0;0
1;13;-0.01;-0.02;0;1;0
1;7;0.00;0.00;0;0;0
1;24;0.00;0.00;0;0;0
1;11;-0.04;-0.02;-1;1;0
1;8;0.00;0.00;0;0;0
1;14;0.00;0.00;0;0;0
1;6;0.00;0.00;0;0;0
1;14;-0.02;0.00;-1;0;0
1;14;-0.01;-0.02;0;1;0
1;9;0.00;0.00;0;0;0
1;15;0.00;0.00;0;0;0
1;8;-0.02;0.00;-1;0;0
1;5;0.00;0.00;0;0;0
1;7;0.00;0.00;0;0;0
1;12;-0.01;-0.02;0;1;0
1;7;0.00;0.00;0;0;0
1;7;0.00;0.00;0;0;0
1;7;0.00;0.00;0;0;0
1;8;-0.02;0.00;-1;0;0
1;9;0.00;0.00;0;0;0
1;7;-0.01;-0.02;0;1;0
1;9;0.00;0.00;0;0;0
1;8;0.00;0.00;0;0;0
1;8;0.00;0.00;0;0;0
1;8;0.00;0.00;0;0;0
1;8;-0.02;0.00;-1;0;0
1;9;-0.01;-0.02;0;1;0
1;13;0.00;0.00;0;0;0
1;7;0.00;0.00;0;0;0
1;8;0.00;0.00;0;0;0
1;9;0.00;0.00;0;0;0
1;8;-0.02;0.00;-1;0;0
1;8;-0.01;-0.02;0;1;0
1;8;0.00;0.00;0;0;0
1;8;0.00;0.00;0;0;0
1;8;0.00;0.00;0;0;0
1;9;0.00;0.00;0;0;0
1;8;-0.02;0.00;-1;0;0
1;8;0.00;0.00;0;0;0
1;8;0.00;0.00;0;0;0
1;8;-0.01;-0.02;0;1;0
1;9;0.00;0.00;0;0;0
1;8;0.00;0.00;0;0;0
1;8;-0.02;0.00;-1;0;0
1;8;0.00;0.00;0;0;0
1;8;0.00;0.00;0;0;0
1;11;-0.01;-0.02;0;1;0
1;7;0.00;0.00;0;0;0
1;7;0.00;0.00;0;0;0
1;8;-0.02;0.00;-1;0;0
1;8;0.00;0.00;0;0;0
1;8;0.00;0.00;0;0;0
1;9;-0.01;-0.02;0;1;0
1;8;0.00;0.00;0;0;0
1;8;0.00;0.00;0;0;0
1;8;0.00;0.00;0;0;0
1;8;0.00;0.00;0;0;0
1;9;0.00;0.00;0;0;0
1;8;-0.04;-0.02;-1;1;0
1;12;0.00;0.00;0;0;0
1;5;0.00;0.00;0;0;0
1;9;0.00;0.00;0;0;0
1;8;0.00;0.00;0;0;0
1;8;0.00;0.00;0;0;0
1;11;-0.01;-0.02;0;1;0
1;8;0.00;0.00;0;0;0
1;9;0.00;0.00;0;0;0
1;21;0.00;0.00;0;0;0
1;8;0.00;0.00;0;0;0
1;14;-0.01;-0.02;0;1;0
1;7;0.00;0.00;0;0;0
1;7;0.00;0.00;0;0;0
1;8;0.00;0.00;0;0;0
1;8;0.00;0.00;0;0;0
1;8;0.00;0.00;0;0;0
1;11;-0.01;-0.02;0;1;0
1;7;0.00;0.00;0;0;0
1;12;0.00;0.00;0;0;0
1;8;0.00;0.00;0;0;0
1;7;0.00;0.00;0;0;0
1;10;-0.01;-0.02;0;1;0
1;7;0.00;0.00;0;0;0
1;8;0.00;0.00;0;0;0
1;8;0.00;0.00;0;0;0
1;8;0.00;0.00;0;0;0
1;9;0.00;0.00;0;0;0
1;8;0.00;0.00;0;0;0
1;8;0.00;0.00;0;0;0
1;12;0.00;0.00;0;0;0
1;5;0.00;0.00;0;0;0
1;8;0.00;0.00;0;0;0
1;8;0.00;0.00;0;0;0
1;8;0.00;0.00;0;0;0
1;8;0.00;0.00;0;0;0
1;8;0.00;0.00;0;0;0
1;8;0.00;0.00;0;0;0
1;10;0.00;0.00;0;0;0
1;7;0.00;0.00;0;0;0
1;8;0.00;0.00;0;0;0
1;8;0.00;0.00;0;0;0
1;8;0.00;0.00;0;0;0
1;9;0.00;0.00;0;0;0
1;8;0.00;0.00;0;0;0
1;8;0.00;0.00;0;0;0
1;8;0.00;0.00;0;0;0
1;14;0.00;0.00;0;0;0
1;7;0.00;0.00;0;0;0
1;8;0.00;0.00;0;0;0
1;8;0.00;0.00;0;0;0
1;8;0.00;0.00;0;0;0
1;8;0.00;0.00;0;0;0
1;9;0.00;0.00;0;0;0
1;8;0.00;0.00;0;0;0
1;8;0.00;0.00;0;0;0
1;8;0.00;0.00;0;0;0
1;9;0.00;0.00;0;0;0
1;26;0.00;0.00;0;0;0
1;6;0.00;0.00;0;0;0
1;9;0.00;0.00;0;0;0
1;13;0.00;0.00;0;0;0
1;7;0.00;0.00;0;0;0
1;8;0.00;0.00;0;0;0
1;10;0.00;0.00;0;0;0
1;6;0.00;0.00;0;0;0
1;9;0.00;0.00;0;0;0
1;8;0.00;0.00;0;0;0
1;9;0.00;0.00;0;0;0
1;8;0.00;0.00;0;0;0
1;8;0.00;0.00;0;0;0
1;16;0.00;0.00;0;0;0
1;6;0.00;0.00;0;0;0
1;7;0.00;0.00;0;0;0
1;8;0.00;0.00;0;0;0
1;11;0.00;0.00;0;0;0
1;6;0.00;0.00;0;0;0
1;7;0.00;0.00;0;0;0
1;9;0.00;0.00;0;0;0
1;9;0.00;0.00;0;0;0
1;7;0.00;0.00;0;0;0
1;8;0.00;0.00;0;0;0
1;11;0.00;0.00;0;0;0
1;6;0.00;0.00;0;0;0
1;7;0.00;0.00;0;0;0
1;8;0.00;0.00;0;0;0
1;9;0.00;0.00;0;0;0
1;8;0.00;0.00;0;0;0
1;8;0.00;0.00;0;0;0
1;8;0.00;0.00;0;0;0
1;8;0.00;0.00;0;0;0
1;9;0.00;0.00;0;0;0
1;8;0.00;0.00;0;0;0
1;8;0.00;0.00;0;0;0
1;8;0.00;0.00;0;0;0
1;8;0.00;0.00;0;0;0
1;8;0.00;0.00;0;0;0
1;10;0.00;0.00;0;0;0
1;8;0.00;0.00;0;0;0
1;7;0.00;0.00;0;0;0
1;9;0.00;0.00;0;0;0
1;7;0.00;0.00;0;0;0
1;9;0.00;0.00;0;0;0
1;12;0.00;0.00;0;0;0
1;12;0.00;0.00;0;0;0
1;9;0.00;0.00;0;0;0
1;8;0.00;0.00;0;0;0
1;8;0.00;0.00;0;0;0
1;8;0.00;0.00;0;0;0
1;8;0.00;0.00;0;0;0
1;8;0.00;0.00;0;0;0
1;13;0.00;0.00;0;0;0
1;5;0.00;0.00;0;0;0
1;7;0.00;0.00;0;0;0
1;8;0.00;0.00;0;0;0
1;9;0.00;0.00;0;0;0
1;8;0.00;0.00;0;0;0
1;9;0.00;0.00;0;0;0
1;8;0.00;0.00;0;0;0
1;14;0.00;0.00;0;0;0
1;9;0.00;0.00;0;0;0
1;9;0.00;0.00;0;0;0
1;8;0.00;0.00;0;0;0
1;8;0.00;0.00;0;0;0
1;8;0.00;0.00;0;0;0
1;9;0.00;0.00;0;0;0
1;9;0.00;0.00;0;0;0
1;7;0.00;0.00;0;0;0
1;8;0.00;0.00;0;0;0
1;8;0.00;0.00;0;0;0
1;8;0.00;0.00;0;0;0
1;9;0.00;0.00;0;0;0
1;8;0.00;0.00;0;0;0
1;8;0.00;0.00;0;0;0
1;8;0.00;0.00;0;0;0
1;8;0.00;0.00;0;0;0
1;9;0.00;0.00;0;0;0
1;8;0.00;0.00;0;0;0
1;8;0.00;0.00;0;0;0
1;8;0.00;0.00;0;0;0
1;8;0.00;0.00;0;0;0
1;9;0.00;0.00;0;0;0
1;8;0.00;0.00;0;0;0
1;8;0.00;0.00;0;0;0
1;8;0.00;0.00;0;0;0
1;8;0.00;0.00;0;0;0
1;8;0.00;0.00;0;0;0
1;10;0.00;0.00;0;0;0
1;7;0.00;0.00;0;0;0
1;8;0.00;0.00;0;0;0
1;8;0.00;0.00;0;0;0
1;8;0.00;0.00;0;0;0
1;9;0.00;0.00;0;0;0
1;8;0.00;0.00;0;0;0
1;8;0.00;0.00;0;0;0
1;8;0.00;0.00;0;0;0
1;8;0.00;0.00;0;0;0
1;9;0.00;0.00;0;0;0
1;8;0.00;0.00;0;0;0
1;8;0.00;0.00;0;0;0
1;12;0.00;0.00;0;0;0
1;8;0.00;0.00;0;0;0
1;9;0.00;0.00;0;0;0
1;8;0.00;0.00;0;0;0
1;8;0.00;0.00;0;0;0
1;8;0.00;0.00;0;0;0
1;8;0.00;0.00;0;0;0
1;9;0.00;0.00;0;0;0
1;8;0.00;0.00;0;0;0
1;8;0.00;0.00;0;0;0
1;8;0.00;0.00;0;0;0
1;9;0.00;0.00;0;0;0
1;8;0.00;0.00;0;0;0
1;8;0.00;0.00;0;0;0
1;8;0.00;0.00;0;0;0
1;8;0.00;0.00;0;0;0
1;8;0.00;0.00;0;0;0
1;9;0.00;0.00;0;0;0
1;8;0.00;0.00;0;0;0
1;8;0.00;0.00;0;0;0
1;8;0.00;0.00;0;0;0
1;8;0.00;0.00;0;0;0
1;12;0.00;0.00;0;0;0
1;6;0.00;0.00;0;0;0
1;7;0.00;0.00;0;0;0
1;8;0.00;0.00;0;0;0
1;8;0.00;0.00;0;0;0
1;8;0.00;0.00;0;0;0
1;9;0.00;0.00;0;0;0
1;8;0.00;0.00;0;0;0
1;8;0.00;0.00;0;0;0
1;8;0.00;0.00;0;0;0
1;8;0.00;0.00;0;0;0
1;9;0.00;0.00;0;0;0
1;8;0.00;0.00;0;0;0
1;8;0.00;0.00;0;0;0
1;8;0.00;0.00;0;0;0
1;8;0.00;0.00;0;0;0
1;9;0.00;0.00;0;0;0
1;8;0.00;0.00;0;0;0
1;9;0.00;0.00;0;0;0
1;7;0.00;0.00;0;0;0
1;8;0.00;0.00;0;0;0
1;15;0.00;0.00;0;0;0
1;9;0.00;0.00;0;0;0
1;7;0.00;0.00;0;0;0
1;6;0.00;0.00;0;0;0
1;11;0.00;0.00;0;0;0
1;6;0.00;0.00;0;0;0
1;8;0.00;0.00;0;0;0
1;8;0.00;0.00;0;0;0
1;8;0.00;0.00;0;0;0
1;8;0.00;0.00;0;0;0
1;9;0.00;0.00;0;0;0
1;8;0.00;0.00;0;0;0
1;8;0.00;0.00;0;0;0
1;8;0.00;0.00;0;0;0
1;8;0.00;0.00;0;0;0
1;8;0.00;0.00;0;0;0
1;9;0.00;0.00;0;0;0
1;8;0.00;0.00;0;0;0
1;8;0.00;0.00;0;0;0
1;11;0.00;0.00;0;0;0
1;5;0.00;0.00;0;0;0
1;11;0.00;0.00;0;0;0
1;6;0.00;0.00;0;0;0
1;9;0.00;0.00;0;0;0
1;7;0.00;0.00;0;0;0
1;8;0.00;0.00;0;0;0
1;9;0.00;0.00;0;0;0
1;9;0.00;0.00;0;0;0
1;7;0.00;0.00;0;0;0
1;11;0.00;0.00;0;0;0
1;5;0.00;0.00;0;0;0
1;9;0.00;0.00;0;0;0
1;8;0.00;0.00;0;0;0
1;10;0.00;0.00;0;0;0
1;6;0.00;0.00;0;0;0
1;8;0.00;0.00;0;0;0
1;9;0.00;0.00;0;0;0
1;8;0.00;0.00;0;0;0
1;8;0.00;0.00;0;0;0
1;8;0.00;0.00;0;0;0
1;8;0.00;0.00;0;0;0
1;10;0.00;0.00;0;0;0
1;7;0.00;0.00;0;0;0
1;8;0.00;0.00;0;0;0
1;8;0.00;0.00;0;0;0
1;8;0.00;0.00;0;0;0
1;8;0.00;0.00;0;0;0
1;9;0.00;0.00;0;0;0
1;8;0.00;0.00;0;0;0
1;9;0.00;0.00;0;0;0
1;7;0.00;0.00;0;0;0
1;8;0.00;0.00;0;0;0
1;9;0.00;0.00;0;0;0
1;9;0.00;0.00;0;0;0
1;7;0.00;0.00;0;0;0
1;8;0.00;0.00;0;0;0
1;8;0.00;0.00;0;0;0
1;9;0.00;0.00;0;0;0
1;8;0.00;0.00;0;0;0
1;8;0.00;0.00;0;0;0
1;8;0.00;0.00;0;0;0
1;8;0.00;0.00;0;0;0
1;12;0.00;0.00;0;0;0
1;5;0.00;0.00;0;0;0
1;9;0.00;0.00;0;0;0
1;7;0.00;0.00;0;0;0
1;8;0.00;0.00;0;0;0
1;8;0.00;0.00;0;0;0
1;12;0.00;0.00;0;0;0
1;5;0.00;0.00;0;0;0
1;8;0.00;0.00;0;0;0
1;8;0.00;0.00;0;0;0
1;10;0.00;0.00;0;0;0
1;7;0.00;0.00;0;0;0
1;8;0.00;0.00;0;0;0
1;8;0.00;0.00;0;0;0
1;8;0.00;0.00;0;0;0
1;8;0.00;0.00;0;0;0
1;9;0.00;0.00;0;0;0
1;8;0.00;0.00;0;0;0
1;8;0.00;0.00;0;0;0
1;8;0.00;0.00;0;0;0
1;9;0.00;0.00;0;0;0
1;8;0.00;0.00;0;0;0
1;13;0.00;0.00;0;0;0
1;10;0.00;0.00;0;0;0
1;5;0.00;0.00;0;0;0
1;8;0.00;0.00;0;0;0
1;9;0.00;0.00;0;0;0
1;14;0.00;0.00;0;0;0
1;6;0.00;0.00;0;0;0
1;8;0.00;0.00;0;0;0
1;8;0.00;0.00;0;0;0
1;9;0.00;0.00;0;0;0
1;8;0.00;0.00;0;0;0
1;9;0.00;0.00;0;0;0
1;7;0.00;0.00;0;0;0
1;14;0.00;0.00;0;0;0
1;7;0.00;0.00;0;0;0
1;8;0.00;0.00;0;0;0
1;9;0.00;0.00;0;0;0
1;11;0.00;0.00;0;0;0
1;10;0.00;0.00;0;0;0
1;10;0.00;0.00;0;0;0
1;5;0.00;0.00;0;0;0
1;8;0.00;0.00;0;0;0
1;8;0.00;0.00;0;0;0
1;12;0.00;0.00;0;0;0
1;5;0.00;0.00;0;0;0
1;8;0.00;0.00;0;0;0
1;8;0.00;0.00;0;0;0
1;13;0.00;0.00;0;0;0
1;8;0.00;0.00;0;0;0
1;8;0.00;0.00;0;0;0
1;8;0.00;0.00;0;0;0
1;8;0.00;0.00;0;0;0
1;8;0.00;0.00;0;0;0
1;9;0.00;0.00;0;0;0
1;12;0.00;0.00;0;0;0
1;10;0.00;0.00;0;0;0
1;10;0.00;0.00;0;0;0
1;15;0.00;0.00;0;0;0
1;6;0.00;0.00;0;0;0
1;11;0.00;0.00;0;0;0
1;5;0.00;0.00;0;0;0
1;8;0.00;0.00;0;0;0
1;9;0.00;0.00;0;0;0
1;8;0.00;0.00;0;0;0
1;8;0.00;0.00;0;0;0
1;8;0.00;0.00;0;0;0
1;8;0.00;0.00;0;0;0
1;9;0.00;0.00;0;0;0
1;9;0.00;0.00;0;0;0
1;7;0.00;0.00;0;0;0
1;8;0.00;0.00;0;0;0
1;8;0.00;0.00;0;0;0
1;8;0.00;0.00;0;0;0
1;9;0.00;0.00;0;0;0
1;13;0.00;0.00;0;0;0
1;7;0.00;0.00;0;0;0
1;8;0.00;0.00;0;0;0
1;9;0.00;0.00;0;0;0
1;10;0.00;0.00;0;0;0
1;7;0.00;0.00;0;0;0
1;7;0.00;0.00;0;0;0
1;8;0.00;0.00;0;0;0
1;9;0.00;0.00;0;0;0
1;8;0.00;0.00;0;0;0
1;8;0.00;0.00;0;0;0
1;8;0.00;0.00;0;0;0
1;8;0.00;0.00;0;0;0
1;8;0.00;0.00;0;0;0
1;9;0.00;0.00;0;0;0
1;8;0.00;0.00;0;0;0
1;8;0.00;0.00;0;0;0
1;8;0.00;0.00;0;0;0
1;8;0.00;0.00;0;0;0
1;9;0.00;0.00;0;0;0
1;8;0.00;0.00;0;0;0
1;8;0.00;0.00;0;0;0
1;8;0.00;0.00;0;0;0
1;11;0.00;0.00;0;0;0
1;9;0.00;0.00;0;0;0
1;5;0.00;0.00;0;0;0
1;8;0.00;0.00;0;0;0
1;9;0.00;0.00;0;0;0
1;7;0.00;0.00;0;0;0
1;9;0.00;0.00;0;0;0
1;8;0.00;0.00;0;0;0
1;11;0.00;0.00;0;0;0
1;5;0.00;0.00;0;0;0
1;12;0.00;0.00;0;0;0
1;9;0.00;0.00;0;0;0
1;8;0.00;0.00;0;0;0
1;8;0.00;0.00;0;0;0
1;8;0.00;0.00;0;0;0
1;8;0.00;0.00;0;0;0
1;9;0.00;0.00;0;0;0
1;9;0.00;0.00;0;0;0
1;7;0.00;0.00;0;0;0
1;8;0.00;0.00;0;0;0
1;8;0.00;0.00;0;0;0
1;9;0.00;0.00;0;0;0
1;8;0.00;0.00;0;0;0
1;8;0.00;0.00;0;0;0
1;8;0.00;0.00;0;0;0
1;11;0.00;0.00;0;0;0
1;5;0.00;0.00;0;0;0
1;9;0.00;0.00;0;0;0
1;8;0.00;0.00;0;0;0
1;11;0.00;0.00;0;0;0
1;8;0.00;0.00;0;0;0
1;5;0.00;0.00;0;0;0
1;9;0.00;0.00;0;0;0
1;11;0.00;0.00;0;0;0
1;5;0.00;0.00;0;0;0
1;8;0.00;0.00;0;0;0
1;8;0.00;0.00;0;0;0
1;11;0.00;0.00;0;0;0
1;6;0.00;0.00;0;0;0
1;8;0.00;0.00;0;0;0
1;8;0.00;0.00;0;0;0
1;8;0.00;0.00;0;0;0
1;9;0.00;0.00;0;0;0
1;8;0.00;0.00;0;0;0
1;8;0.00;0.00;0;0;0
1;8;0.00;0.00;0;0;0
1;8;0.00;0.00;0;0;0
1;9;0.00;0.00;0;0;0
1;9;0.00;0.00;0;0;0
1;8;0.00;0.00;0;0;0
1;7;0.00;0.00;0;0;0
1;8;0.00;0.00;0;0;0
1;8;0.00;0.00;0;0;0
1;9;0.00;0.00;0;0;0
1;8;0.00;0.00;0;0;0
1;8;0.00;0.00;0;0;0
1;8;0.00;0.00;0;0;0
1;9;0.00;0.00;0;0;0
1;8;0.00;0.00;0;0;0
1;8;0.00;0.00;0;0;0
1;8;0.00;0.00;0;0;0
1;8;0.00;0.00;0;0;0
1;15;0.00;0.00;0;0;0
1;20;0.00;0.00;0;0;0
1;9;0.00;0.00;0;0;0
1;6;0.00;0.00;0;0;0
1;8;0.00;0.00;0;0;0
1;8;0.00;0.00;0;0;0
1;12;0.00;0.00;0;0;0
1;8;0.00;0.00;0;0;0
1;8;0.00;0.00;0;0;0
1;9;0.00;0.00;0;0;0
1;8;0.00;0.00;0;0;0
1;8;0.00;0.00;0;0;0
1;8;0.00;0.00;0;0;0
1;8;0.00;0.00;0;0;0
1;9;0.00;0.00;0;0;0
1;8;0.00;0.00;0;0;0
1;8;0.00;0.00;0;0;0
1;8;0.00;0.00;0;0;0
1;8;0.00;0.00;0;0;0
1;9;0.00;0.00;0;0;0
1;8;0.00;0.00;0;0;0
1;9;0.00;0.00;0;0;0
1;7;0.00;0.00;0;0;0
1;8;0.00;0.00;0;0;0
1;8;0.00;0.00;0;0;0
1;10;0.00;0.00;0;0;0
1;7;0.00;0.00;0;0;0
1;8;0.00;0.00;0;0;0
1;8;0.00;0.00;0;0;0
1;8;0.00;0.00;0;0;0
1;9;0.00;0.00;0;0;0
1;8;0.00;0.00;0;0;0
1;12;0.00;0.00;0;0;0
1;8;0.00;0.00;0;0;0
1;8;0.00;0.00;0;0;0
1;9;0.00;0.00;0;0;0
1;8;0.00;0.00;0;0;0
1;8;0.00;0.00;0;0;0
1;8;0.00;0.00;0;0;0
1;8;0.00;0.00;0;0;0
1;9;0.00;0.00;0;0;0
1;8;0.00;0.00;0;0;0
1;8;0.00;0.00;0;0;0
1;8;0.00;0.00;0;0;0
1;8;0.00;0.00;0;0;0
1;9;0.00;0.00;0;0;0
1;11;0.00;0.00;0;0;0
1;9;0.00;0.00;0;0;0
1;8;0.00;0.00;0;0;0
1;8;0.00;0.00;0;0;0
1;10;0.00;0.00;0;0;0
1;7;0.00;0.00;0;0;0
1;12;0.00;0.00;0;0;0
1;15;0.00;0.00;0;0;0
1;6;0.00;0.00;0;0;0
1;8;0.00;0.00;0;0;0
1;13;0.00;0.00;0;0;0
1;9;0.00;0.00;0;0;0
1;6;0.00;0.00;0;0;0
1;9;0.00;0.00;0;0;0
1;10;0.00;0.00;0;0;0
1;6;0.00;0.00;0;0;0
1;8;0.00;0.00;0;0;0
1;8;0.00;0.00;0;0;0
1;10;-0.02;0.00;-1;0;0
1;7;0.00;0.00;0;0;0
1;8;0.00;0.00;0;0;0
1;8;0.00;0.00;0;0;0
1;8;0.00;0.00;0;0;0
1;9;0.00;0.00;0;0;0
1;8;0.00;0.00;0;0;0
1;8;0.00;0.00;0;0;0
1;8;0.00;0.00;0;0;0
1;8;0.00;0.00;0;0;0
1;9;-0.02;0.00;-1;0;0
1;8;0.00;0.00;0;0;0
1;15;0.00;0.00;0;0;0
1;5;0.00;0.00;0;0;0
1;8;0.00;0.00;0;0;0
1;11;0.00;0.00;0;0;0
1;6;0.00;0.00;0;0;0
1;8;0.00;0.00;0;0;0
1;8;-0.02;0.00;-1;0;0
1;9;0.00;0.00;0;0;0
1;8;0.00;0.00;0;0;0
1;12;0.00;0.00;0;0;0
1;12;0.00;0.00;0;0;0
1;11;0.00;0.00;0;0;0
1;8;-0.02;0.00;-1;0;0
1;6;0.00;0.00;0;0;0
1;8;0.00;0.00;0;0;0
1;8;0.00;0.00;0;0;0
1;8;0.00;0.00;0;0;0
1;8;0.00;0.00;0;0;0
1;9;-0.01;0.02;0;0;1
1;10;-0.02;0.00;-1;0;0
1;7;0.00;0.00;0;0;0
1;7;0.00;0.00;0;0;0
1;8;0.00;0.00;0;0;0
1;9;0.00;0.00;0;0;0
1;11;0.00;0.00;0;0;0
1;7;-0.04;0.02;-1;0;1
1;6;0.00;0.00;0;0;0
1;15;0.00;0.00;0;0;0
1;9;0.00;0.00;0;0;0
1;5;0.00;0.00;0;0;0
1;8;0.00;0.00;0;0;0
1;9;-0.02;0.00;-1;0;0
1;13;-0.01;0.02;0;0;1
1;7;0.00;0.00;0;0;0
1;10;0.00;0.00;0;0;0
1;6;0.00;0.00;0;0;0
1;8;0.00;0.00;0;0;0
1;9;-0.02;0.00;-1;0;0
1;11;-0.01;0.02;0;0;1
1;5;0.00;0.00;0;0;0
1;8;0.00;0.00;0;0;0
1;8;0.00;0.00;0;0;0
1;8;0.00;0.00;0;0;0
1;9;0.00;0.00;0;0;0
1;8;-0.02;0.00;-1;0;0
1;8;0.00;0.00;0;0;0
1;8;-0.01;0.02;0;0;1
1;8;0.00;0.00;0;0;0
1;9;0.00;0.00;0;0;0
1;8;-0.02;0.00;-1;0;0
1;8;0.00;0.00;0;0;0
1;8;-0.01;-0.02;0;1;0
1;8;0.00;0.00;0;0;0
1;9;-0.01;0.02;0;0;1
1;9;0.00;0.00;0;0;0
1;7;-0.02;0.00;-1;0;0
1;8;0.00;0.00;0;0;0
1;8;0.00;0.00;0;0;0
1;9;0.00;0.00;0;0;0
1;8;0.00;0.00;0;0;0
1;8;-0.01;0.02;0;0;1
1;8;0.00;0.00;0;0;0
1;8;-0.02;0.00;-1;0;0
1;14;0.00;0.00;0;0;0
1;7;0.00;0.00;0;0;0
1;8;0.00;0.00;0;0;0
1;8;-0.01;0.02;0;0;1
1;8;-0.02;0.00;-1;0;0
1;9;0.00;0.00;0;0;0
1;8;0.00;0.00;0;0;0
1;8;0.00;0.00;0;0;0
1;12;0.00;0.00;0;0;0
1;8;-0.01;0.02;0;0;1
1;9;0.00;0.00;0;0;0
1;11;0.00;0.00;0;0;0
1;5;0.00;0.00;0;0;0
1;8;0.00;0.00;0;0;0
1;8;0.00;0.00;0;0;0
1;11;0.00;0.00;0;0;0
1;6;-0.01;0.02;0;0;1
1;8;0.00;0.00;0;0;0
1;8;-0.01;-0.02;0;1;0
1;22;0.00;0.00;0;0;0
1;7;0.00;0.00;0;0;0
1;8;-0.01;0.02;0;0;1
1;8;0.00;0.00;0;0;0
1;8;0.00;0.00;0;0;0
1;9;0.00;0.00;0;0;0
1;12;0.00;0.00;0;0;0
1;8;0.00;0.00;0;0;0
1;8;-0.01;0.02;0;0;1
1;8;0.00;0.00;0;0;0
1;12;0.00;0.00;0;0;0
1;9;0.00;0.00;0;0;0
1;20;-0.02;0.00;-1;0;0
1;9;-0.01;0.02;0;0;1
1;8;0.00;0.00;0;0;0
1;12;0.00;0.00;0;0;0
1;8;0.00;0.00;0;0;0
1;8;0.00;0.00;0;0;0
1;9;0.00;0.00;0;0;0
1;8;-0.04;0.02;-1;0;1
1;9;0.00;0.00;0;0;0
1;7;0.00;0.00;0;0;0
1;10;0.00;0.00;0;0;0
1;42;-0.04;0.02;-1;0;1
1;19;-0.02;0.00;-1;0;0
1;7;0.00;0.00;0;0;0
1;8;0.00;0.00;0;0;0
1;8;0.00;0.00;0;0;0
1;9;-0.01;0.02;0;0;1
1;8;0.00;0.00;0;0;0
1;8;0.00;0.00;0;0;0
1;8;0.00;0.00;0;0;0
1;8;0.00;0.00;0;0;0
1;10;0.00;0.00;0;0;0
1;7;-0.01;0.02;0;0;1
1;8;0.00;0.00;0;0;0
1;8;0.00;0.00;0;0;0
1;8;0.00;0.00;0;0;0
1;9;0.00;0.00;0;0;0
1;10;-0.01;0.02;0;0;1
1;6;0.00;0.00;0;0;0
1;8;0.00;0.00;0;0;0
1;18;0.00;0.00;0;0;0
1;10;-0.02;0.00;-1;0;0
1;5;0.00;0.00;0;0;0
1;8;0.00;0.00;0;0;0
1;22;-0.01;0.02;0;0;1
1;7;0.00;0.00;0;0;0
1;13;0.00;0.00;0;0;0
1;7;0.00;0.00;0;0;0
1;8;-0.01;0.02;0;0;1
1;10;0.00;0.00;0;0;0
1;7;0.00;0.00;0;0;0
1;8;0.00;0.00;0;0;0
1;8;0.00;0.00;0;0;0
1;8;0.00;0.00;0;0;0
1;9;-0.01;0.02;0;0;1
1;8;0.00;0.00;0;0;0
1;8;0.00;0.00;0;0;0
1;14;0.00;0.00;0;0;0
1;9;0.00;0.00;0;0;0
1;6;0.00;0.00;0;0;0
1;8;-0.01;0.02;0;0;1
1;8;0.00;0.00;0;0;0
1;8;0.00;0.00;0;0;0
1;13;0.00;0.00;0;0;0
1;8;0.00;0.00;0;0;0
1;9;0.00;0.00;0;0;0
1;8;0.00;0.00;0;0;0
1;8;-0.01;0.02;0;0;1
1;7;0.00;0.00;0;0;0
1;12;0.00;0.00;0;0;0
1;9;0.00;0.00;0;0;0
1;8;0.00;0.00;0;0;0
1;8;0.00;0.00;0;0;0
1;11;-0.01;0.02;0;0;1
1;6;0.00;0.00;0;0;0
1;8;0.00;0.00;0;0;0
1;8;0.00;0.00;0;0;0
1;8;0.00;0.00;0;0;0
1;8;0.00;0.00;0;0;0
1;9;0.00;0.00;0;0;0
1;8;-0.01;0.02;0;0;1
1;8;0.00;0.00;0;0;0
1;11;0.00;0.00;0;0;0
1;10;0.00;0.00;0;0;0
1;32;-0.01;0.02;0;0;1
1;13;0.00;0.00;0;0;0
1;8;0.00;0.00;0;0;0
1;8;0.00;0.00;0;0;0
1;8;0.00;0.00;0;0;0
1;8;0.00;0.00;0;0;0
1;9;0.00;0.00;0;0;0
1;8;-0.01;0.02;0;0;1
1;8;0.00;0.00;0;0;0
1;8;0.00;0.00;0;0;0
1;8;0.00;0.00;0;0;0
1;9;0.00;0.00;0;0;0
1;8;0.00;0.00;0;0;0
1;8;0.00;0.00;0;0;0
1;8;0.01;0.02;0;-1;0
1;8;0.00;0.00;0;0;0
1;8;-0.01;0.02;0;0;1
1;9;0.00;0.00;0;0;0
1;8;0.00;0.00;0;0;0
1;8;0.00;0.00;0;0;0
1;8;0.00;0.00;0;0;0
1;8;0.01;0.02;0;-1;0
1;13;0.00;0.00;0;0;0
1;8;-0.02;0.00;-1;0;0
1;8;-0.01;0.02;0;0;1
1;8;0.00;0.00;0;0;0
1;10;0.00;0.00;0;0;0
1;7;0.01;0.02;0;-1;0
1;8;0.00;0.00;0;0;0
1;8;0.00;0.00;0;0;0
1;8;0.00;0.00;0;0;0
1;8;-0.01;0.02;0;0;1
1;9;0.00;0.00;0;0;0
1;8;0.00;0.00;0;0;0
1;15;0.01;0.02;0;-1;0
1;6;0.00;0.00;0;0;0
1;8;0.00;0.00;0;0;0
1;8;0.00;0.00;0;0;0
1;11;0.00;0.00;0;0;0
1;9;0.00;0.00;0;0;0
1;8;0.00;0.04;0;-1;1
1;9;0.00;0.00;0;0;0
1;10;0.00;0.00;0;0;0
1;8;0.00;0.00;0;0;0
1;10;0.00;0.00;0;0;0
1;10;0.00;0.00;0;0;0
1;7;0.00;0.00;0;0;0
1;8;0.00;0.04;0;-1;1
1;12;0.00;0.00;0;0;0
1;8;0.00;0.00;0;0;0
1;8;0.00;0.00;0;0;0
1;9;0.00;0.00;0;0;0
1;8;-0.01;0.02;0;0;1
1;8;0.00;0.00;0;0;0
1;8;0.01;0.02;0;-1;0
1;8;0.00;0.00;0;0;0
1;9;0.00;0.00;0;0;0
1;8;0.00;0.00;0;0;0
1;7;0.00;0.00;0;0;0
1;9;-0.01;0.02;0;0;1
1;8;0.00;0.00;0;0;0
1;9;0.00;0.00;0;0;0
1;8;0.00;0.00;0;0;0
1;8;0.01;0.02;0;-1;0
1;8;0.00;0.00;0;0;0
1;8;0.00;0.00;0;0;0
1;9;0.00;0.00;0;0;0
1;8;-0.01;0.02;0;0;1
1;8;0.00;0.00;0;0;0
1;8;0.00;0.00;0;0;0
1;8;0.01;0.02;0;-1;0
1;9;0.00;0.00;0;0;0
1;8;0.00;0.00;0;0;0
1;16;0.00;0.00;0;0;0
1;8;0.00;0.00;0;0;0
1;8;0.00;0.04;0;-1;1
1;9;0.00;0.00;0;0;0
1;8;0.00;0.00;0;0;0
1;8;0.00;0.00;0;0;0
1;11;0.00;0.00;0;0;0
1;5;0.00;0.00;0;0;0
1;9;0.01;0.02;0;-1;0
1;8;0.00;0.00;0;0;0
1;12;-0.01;0.02;0;0;1
1;9;0.00;0.00;0;0;0
1;8;0.00;0.00;0;0;0
1;8;0.00;0.00;0;0;0
1;9;0.00;0.00;0;0;0
1;7;0.01;0.02;0;-1;0
1;8;-0.01;0.02;0;0;1
1;8;0.00;0.00;0;0;0
1;9;0.00;0.00;0;0;0
1;8;0.00;0.00;0;0;0
1;7;0.00;0.00;0;0;0
1;9;0.00;0.00;0;0;0
1;8;0.01;0.02;0;-1;0
1;9;-0.01;0.02;0;0;1
1;8;0.00;0.00;0;0;0
1;15;0.00;0.00;0;0;0
1;9;0.00;0.00;0;0;0
1;15;0.01;0.02;0;-1;0
1;8;-0.01;0.02;0;0;1
1;6;0.00;0.00;0;0;0
1;8;0.00;0.00;0;0;0
1;8;0.00;0.00;0;0;0
1;10;0.00;0.00;0;0;0
1;7;0.01;0.02;0;-1;0
1;7;0.00;0.00;0;0;0
1;9;-0.01;0.02;0;0;1
1;8;0.00;0.00;0;0;0
1;9;0.00;0.00;0;0;0
1;8;0.00;0.00;0;0;0
1;8;0.00;0.00;0;0;0
1;8;0.01;0.02;0;-1;0
1;8;0.00;0.00;0;0;0
1;8;0.00;0.00;0;0;0
1;9;-0.01;0.02;0;0;1
1;8;0.00;0.00;0;0;0
1;8;0.00;0.00;0;0;0
1;7;0.01;0.02;0;-1;0
1;10;0.00;0.00;0;0;0
1;8;0.00;0.00;0;0;0
1;8;0.00;0.00;0;0;0
1;8;0.00;0.00;0;0;0
1;11;-0.01;0.02;0;0;1
1;6;0.01;0.02;0;-1;0
1;8;0.00;0.00;0;0;0
1;9;0.00;0.00;0;0;0
1;10;0.00;0.00;0;0;0
1;9;0.00;0.00;0;0;0
1;13;0.00;0.04;0;-1;1
1;7;0.00;0.00;0;0;0
1;9;0.00;0.00;0;0;0
1;8;0.00;0.00;0;0;0
1;7;0.00;0.00;0;0;0
1;10;0.00;0.00;0;0;0
1;8;0.00;0.04;0;-1;1
1;8;0.00;0.00;0;0;0
1;8;0.00;0.00;0;0;0
1;8;0.00;0.00;0;0;0
1;9;0.00;0.00;0;0;0
1;8;0.00;0.00;0;0;0
1;8;-0.01;0.02;0;0;1
1;8;0.01;0.02;0;-1;0
1;8;0.00;0.00;0;0;0
1;9;0.00;0.00;0;0;0
1;7;0.00;0.00;0;0;0
1;8;0.00;0.00;0;0;0
1;8;0.00;0.00;0;0;0
1;9;0.00;0.04;0;-1;1
1;8;0.00;0.00;0;0;0
1;8;0.00;0.00;0;0;0
1;9;0.00;0.00;0;0;0
1;7;0.00;0.00;0;0;0
1;9;0.00;0.00;0;0;0
1;8;0.01;0.02;0;-1;0
1;9;-0.01;0.02;0;0;1
1;7;0.00;0.00;0;0;0
1;9;0.00;0.00;0;0;0
1;8;0.00;0.00;0;0;0
1;7;0.00;0.00;0;0;0
1;9;0.00;0.00;0;0;0
1;10;0.01;0.02;0;-1;0
1;7;-0.01;0.02;0;0;1
1;8;0.00;0.00;0;0;0
1;8;0.00;0.00;0;0;0
1;9;0.00;0.00;0;0;0
1;8;0.00;0.00;0;0;0
1;18;0.00;0.04;0;-1;1
1;16;0.00;0.00;0;0;0
1;9;0.00;0.00;0;0;0
1;5;0.00;0.00;0;0;0
1;11;0.01;0.02;0;-1;0
1;6;-0.01;0.02;0;0;1
1;7;0.00;0.00;0;0;0
1;9;0.00;0.00;0;0;0
1;8;0.00;0.00;0;0;0
1;7;0.00;0.00;0;0;0
1;9;0.00;0.00;0;0;0
1;8;0.00;0.04;0;-1;1
1;9;0.00;0.00;0;0;0
1;7;0.00;0.00;0;0;0
1;8;0.00;0.00;0;0;0
1;10;0.00;0.00;0;0;0
1;8;0.00;0.00;0;0;0
1;9;0.00;0.04;0;-1;1
1;8;0.00;0.00;0;0;0
1;7;0.00;0.00;0;0;0
1;8;0.00;0.00;0;0;0
1;8;0.00;0.00;0;0;0
1;9;0.00;0.00;0;0;0
1;7;0.01;0.02;0;-1;0
1;9;-0.01;0.02;0;0;1
1;8;0.00;0.00;0;0;0
1;8;0.00;0.00;0;0;0
1;8;0.00;0.00;0;0;0
1;8;0.00;0.00;0;0;0
1;8;0.00;0.00;0;0;0
1;8;0.00;0.04;0;-1;1
1;15;0.00;0.00;0;0;0
1;7;0.00;0.00;0;0;0
1;8;0.00;0.00;0;0;0
1;8;0.00;0.00;0;0;0
1;8;0.00;0.00;0;0;0
1;7;0.00;0.04;0;-1;1
1;8;0.00;0.00;0;0;0
1;9;0.00;0.00;0;0;0
1;9;0.00;0.00;0;0;0
1;7;0.00;0.00;0;0;0
1;8;0.00;0.00;0;0;0
1;8;0.00;0.04;0;-1;1
1;13;0.00;0.00;0;0;0
1;9;0.00;0.00;0;0;0
1;8;0.00;0.00;0;0;0
1;8;0.00;0.00;0;0;0
1;9;-0.01;0.02;0;0;1
1;9;0.01;0.02;0;-1;0
1;7;0.00;0.00;0;0;0
1;7;0.00;0.00;0;0;0
1;9;0.00;0.00;0;0;0
1;17;-0.01;0.02;0;0;1
1;8;0.01;0.02;0;-1;0
1;14;0.00;0.00;0;0;0
1;10;0.00;0.00;0;0;0
1;9;-0.01;0.02;0;0;1
1;7;0.00;0.00;0;0;0
1;8;0.00;0.00;0;0;0
1;9;0.01;0.02;0;-1;0
1;7;0.00;0.00;0;0;0
1;9;0.00;0.00;0;0;0
1;9;0.00;0.00;0;0;0
1;7;-0.01;0.02;0;0;1
1;8;0.00;0.00;0;0;0
1;8;0.01;0.02;0;-1;0
1;10;0.00;0.00;0;0;0
1;11;0.00;0.00;0;0;0
1;5;0.00;0.00;0;0;0
1;11;-0.01;0.02;0;0;1
1;5;0.00;0.00;0;0;0
1;9;0.00;0.00;0;0;0
1;7;0.01;0.02;0;-1;0
1;15;0.00;0.00;0;0;0
1;6;0.00;0.00;0;0;0
1;9;-0.01;0.02;0;0;1
1;8;0.00;0.00;0;0;0
1;13;0.00;0.00;0;0;0
1;7;0.01;0.02;0;-1;0
1;8;0.00;0.00;0;0;0
1;13;-0.01;0.02;0;0;1
1;7;0.00;0.00;0;0;0
1;9;0.00;0.00;0;0;0
1;8;0.00;0.00;0;0;0
1;7;0.00;0.00;0;0;0
1;8;0.01;0.02;0;-1;0
1;9;-0.01;0.02;0;0;1
1;9;0.00;0.00;0;0;0
1;7;0.00;0.00;0;0;0
1;8;0.00;0.00;0;0;0
1;8;0.00;0.00;0;0;0
1;9;0.00;0.00;0;0;0
1;8;0.00;0.04;0;-1;1
1;15;0.00;0.00;0;0;0
1;7;0.00;0.00;0;0;0
1;10;0.00;0.00;0;0;0
1;6;0.00;0.00;0;0;0
1;8;0.00;0.00;0;0;0
1;7;0.00;0.04;0;-1;1
1;8;0.00;0.00;0;0;0
1;8;0.00;0.00;0;0;0
1;10;0.00;0.00;0;0;0
1;8;0.00;0.00;0;0;0
1;8;0.00;0.00;0;0;0
1;8;-0.01;0.02;0;0;1
1;15;0.01;0.02;0;-1;0
1;7;0.00;0.00;0;0;0
1;9;0.00;0.00;0;0;0
1;8;0.00;0.00;0;0;0
1;7;-0.01;0.02;0;0;1
1;7;0.00;0.00;0;0;0
1;9;0.01;0.02;0;-1;0
1;7;0.00;0.00;0;0;0
1;8;0.00;0.00;0;0;0
1;8;0.00;0.00;0;0;0
1;9;-0.01;0.02;0;0;1
1;8;0.00;0.00;0;0;0
1;8;0.00;0.00;0;0;0
1;8;0.00;0.00;0;0;0
1;8;0.01;0.02;0;-1;0
1;8;0.00;0.00;0;0;0
1;9;0.00;0.00;0;0;0
1;8;0.00;0.00;0;0;0
1;8;0.00;0.00;0;0;0
1;8;0.00;0.00;0;0;0
1;8;0.00;0.00;0;0;0
1;9;0.01;0.02;0;-1;0
1;8;0.00;0.00;0;0;0
1;8;0.00;0.00;0;0;0
1;8;0.00;0.00;0;0;0
1;8;0.00;0.00;0;0;0
1;8;0.00;0.00;0;0;0
1;9;0.01;0.02;0;-1;0
1;11;0.00;0.00;0;0;0
1;7;0.00;0.00;0;0;0
1;7;0.00;0.00;0;0;0
1;7;0.00;0.00;0;0;0
1;13;0.00;0.00;0;0;0
1;5;0.00;0.00;0;0;0
1;8;0.00;0.00;0;0;0
1;8;0.00;0.00;0;0;0
1;8;0.01;0.02;0;-1;0
1;8;0.00;0.00;0;0;0
1;8;0.00;0.00;0;0;0
1;9;0.00;0.00;0;0;0
1;9;0.00;0.00;0;0;0
1;7;-0.01;0.02;0;0;1
1;9;0.00;0.00;0;0;0
1;7;0.00;0.00;0;0;0
1;13;0.01;0.02;0;-1;0
1;8;0.00;0.00;0;0;0
1;7;0.00;0.00;0;0;0
1;9;0.00;0.00;0;0;0
1;8;0.00;0.00;0;0;0
1;9;0.00;0.00;0;0;0
1;13;0.01;0.02;0;-1;0
1;16;0.00;0.00;0;0;0
1;8;0.00;0.00;0;0;0
1;8;0.00;0.00;0;0;0
1;9;0.00;0.00;0;0;0
1;7;0.00;0.00;0;0;0
1;9;0.00;0.00;0;0;0
1;7;0.00;0.04;0;-1;1
1;8;0.00;0.00;0;0;0
1;8;0.00;0.00;0;0;0
1;8;0.00;0.00;0;0;0
1;9;0.00;0.00;0;0;0
1;8;0.00;0.00;0;0;0
1;9;0.00;0.00;0;0;0
1;7;0.00;0.00;0;0;0
1;9;0.00;0.04;0;-1;1
1;8;0.00;0.00;0;0;0
1;8;0.00;0.00;0;0;0
1;8;0.00;0.00;0;0;0
1;9;0.00;0.00;0;0;0
1;8;0.00;0.00;0;0;0
1;8;0.00;0.00;0;0;0
1;8;0.01;0.02;0;-1;0
1;9;0.00;0.00;0;0;0
1;7;0.00;0.00;0;0;0
1;9;0.00;0.00;0;0;0
1;8;0.00;0.00;0;0;0
1;9;0.00;0.00;0;0;0
1;7;0.00;0.00;0;0;0
1;8;0.01;0.02;0;-1;0
1;9;0.00;0.00;0;0;0
1;9;0.00;0.00;0;0;0
1;8;0.00;0.00;0;0;0
1;8;0.00;0.00;0;0;0
1;8;0.00;0.00;0;0;0
1;7;0.00;0.00;0;0;0
1;8;0.00;0.00;0;0;0
1;9;0.01;0.02;0;-1;0
1;8;0.00;0.00;0;0;0
1;8;0.00;0.00;0;0;0
1;8;0.00;0.00;0;0;0
1;8;0.00;0.00;0;0;0
1;16;0.00;0.00;0;0;0
1;9;0.00;0.00;0;0;0
1;14;0.00;0.04;0;-1;1
1;9;0.00;0.00;0;0;0
1;10;0.00;0.00;0;0;0
1;6;0.00;0.00;0;0;0
1;7;0.00;0.00;0;0;0
1;8;0.00;0.00;0;0;0
1;7;0.00;0.00;0;0;0
1;9;0.00;0.00;0;0;0
1;8;0.01;0.02;0;-1;0
1;8;-0.01;0.02;0;0;1
1;8;0.00;0.00;0;0;0
1;15;0.00;0.00;0;0;0
1;7;0.00;0.00;0;0;0
1;12;0.01;0.02;0;-1;0
1;18;0.00;0.00;0;0;0
1;7;0.00;0.00;0;0;0
1;8;0.00;0.00;0;0;0
1;9;0.00;0.00;0;0;0
1;7;0.00;0.00;0;0;0
1;7;0.01;0.02;0;-1;0
1;8;0.00;0.00;0;0;0
1;13;0.00;0.00;0;0;0
1;5;0.00;0.00;0;0;0
1;8;0.00;0.00;0;0;0
1;8;0.00;0.00;0;0;0
1;11;0.01;0.02;0;-1;0
1;10;0.00;0.00;0;0;0
1;7;0.00;0.00;0;0;0
1;8;0.00;0.00;0;0;0
1;9;0.00;0.00;0;0;0
1;11;0.00;0.00;0;0;0
1;6;0.00;0.00;0;0;0
1;7;0.00;0.00;0;0;0
1;8;0.01;0.02;0;-1;0
1;15;0.00;0.00;0;0;0
1;14;0.00;0.00;0;0;0
1;9;0.00;0.00;0;0;0
1;9;0.00;0.00;0;0;0
1;7;0.00;0.00;0;0;0
1;10;0.00;0.00;0;0;0
1;7;0.01;0.02;0;-1;0
1;7;0.00;0.00;0;0;0
1;8;0.00;0.00;0;0;0
1;8;0.00;0.00;0;0;0
1;8;0.00;0.00;0;0;0
1;9;0.00;0.00;0;0;0
1;8;0.00;0.00;0;0;0
1;8;0.01;0.02;0;-1;0
1;8;0.00;0.00;0;0;0
1;8;0.00;0.00;0;0;0
1;9;0.00;0.00;0;0;0
1;8;0.00;0.00;0;0;0
1;8;0.00;0.00;0;0;0
1;8;0.01;0.02;0;-1;0
1;8;0.00;0.00;0;0;0
1;9;0.00;0.00;0;0;0
1;8;0.00;0.00;0;0;0
1;8;0.00;0.00;0;0;0
1;8;0.00;0.00;0;0;0
1;17;0.01;0.02;0;-1;0
1;5;0.00;0.00;0;0;0
1;8;0.00;0.00;0;0;0
1;7;0.00;0.00;0;0;0
1;8;0.00;0.00;0;0;0
1;8;0.00;0.00;0;0;0
1;9;0.00;0.00;0;0;0
1;8;0.00;0.00;0;0;0
1;8;0.01;0.02;0;-1;0
1;8;0.00;0.00;0;0;0
1;8;0.00;0.00;0;0;0
1;9;0.00;0.00;0;0;0
1;8;0.00;0.00;0;0;0
1;8;0.01;0.02;0;-1;0
1;11;0.02;0.00;1;0;0
1;6;0.01;0.02;0;-1;0
1;7;0.00;0.00;0;0;0
1;9;0.00;0.00;0;0;0
1;8;0.01;0.02;0;-1;0
1;8;0.00;0.00;0;0;0
1;8;0.01;0.02;0;-1;0
1;8;0.01;0.02;0;-1;0
1;9;0.00;0.00;0;0;0
1;8;0.01;0.02;0;-1;0
1;8;0.02;0.00;1;0;0
1;8;0.01;0.02;0;-1;0
1;17;0.00;0.00;0;0;0
1;8;0.01;0.02;0;-1;0
1;8;0.00;0.00;0;0;0
1;9;0.02;0.00;1;0;0
1;8;0.00;0.00;0;0;0
1;8;0.00;0.00;0;0;0
1;8;0.00;0.04;0;-1;1
1;8;0.02;0.00;1;0;0
1;11;0.00;0.00;0;0;0
1;6;0.00;0.00;0;0;0
1;12;0.00;0.00;0;0;0
1;5;0.02;0.00;1;0;0
1;9;0.00;0.00;0;0;0
1;7;0.00;0.00;0;0;0
1;8;0.00;0.00;0;0;0
1;7;0.00;0.00;0;0;0
1;9;0.00;0.00;0;0;0
1;8;0.00;0.00;0;0;0
1;12;0.01;0.02;0;-1;0
1;8;0.02;0.00;1;0;0
1;9;0.00;0.00;0;0;0
1;8;0.00;0.00;0;0;0
1;8;0.00;0.00;0;0;0
1;8;0.01;0.02;0;-1;0
1;8;0.00;0.00;0;0;0
1;8;0.00;0.00;0;0;0
1;9;0.00;0.00;0;0;0
1;8;0.00;0.00;0;0;0
1;8;0.04;0.02;1;-1;0
1;11;0.00;0.00;0;0;0
1;7;0.00;0.00;0;0;0
1;8;0.01;0.02;0;-1;0
1;7;0.00;0.00;0;0;0
1;8;0.01;0.02;0;-1;0
1;8;0.00;0.00;0;0;0
1;11;0.04;0.02;1;-1;0
1;7;0.00;0.00;0;0;0
1;15;0.01;0.02;0;-1;0
1;16;0.01;0.02;0;-1;0
1;9;0.01;0.02;0;-1;0
1;8;0.01;0.02;0;-1;0
1;8;0.02;0.00;1;0;0
1;8;0.01;0.02;0;-1;0
1;8;0.00;0.00;0;0;0
1;10;0.01;0.02;0;-1;0
1;8;0.00;0.00;0;0;0
1;7;0.02;0.00;1;0;0
1;8;0.01;0.02;0;-1;0
1;8;0.00;0.00;0;0;0
1;14;0.00;0.00;0;0;0
1;9;0.04;0.02;1;-1;0
1;7;0.00;0.00;0;0;0
1;16;0.00;0.00;0;0;0
1;35;0.00;0.00;0;0;0
1;6;0.00;0.00;0;0;0
1;10;0.01;0.02;0;-1;0
1;7;0.00;0.00;0;0;0
1;7;0.00;0.00;0;0;0
1;8;0.00;0.00;0;0;0
1;9;0.00;0.00;0;0;0
1;10;0.00;0.00;0;0;0
1;7;0.00;0.00;0;0;0
1;8;0.00;0.00;0;0;0
1;7;0.01;0.02;0;-1;0
1;9;0.00;0.00;0;0;0
1;7;0.00;0.00;0;0;0
1;9;0.00;0.00;0;0;0
1;8;0.00;0.00;0;0;0
1;8;0.00;0.00;0;0;0
1;8;0.00;0.00;0;0;0
1;8;0.01;0.02;0;-1;0
1;9;0.00;0.00;0;0;0
1;8;0.00;0.00;0;0;0
1;8;0.00;0.00;0;0;0
1;8;0.00;0.00;0;0;0
1;8;0.00;0.00;0;0;0
1;14;0.04;0.02;1;-1;0
1;7;0.00;0.00;0;0;0
1;8;0.00;0.00;0;0;0
1;8;0.00;0.00;0;0;0
1;8;0.00;0.00;0;0;0
1;10;0.00;0.00;0;0;0
1;7;0.00;0.00;0;0;0
1;8;0.02;0.00;1;0;0
1;8;0.01;0.02;0;-1;0
1;17;0.00;0.00;0;0;0
1;10;0.00;0.00;0;0;0
1;15;0.02;0.00;1;0;0
1;8;0.01;0.02;0;-1;0
1;9;0.00;0.00;0;0;0
1;8;0.00;0.00;0;0;0
1;8;0.01;0.02;0;-1;0
1;11;0.01;0.02;0;-1;0
1;8;0.00;0.00;0;0;0
1;13;0.01;0.02;0;-1;0
1;5;0.00;0.00;0;0;0
1;7;0.01;0.02;0;-1;0
1;8;0.02;0.00;1;0;0
1;14;0.01;0.02;0;-1;0
1;8;0.01;0.02;0;-1;0
1;7;0.00;0.00;0;0;0
1;14;0.01;0.02;0;-1;0
1;7;0.04;0.02;1;-1;0
1;9;0.00;0.00;0;0;0
1;7;0.01;0.02;0;-1;0
1;11;0.00;0.00;0;0;0
1;6;0.00;0.00;0;0;0
1;7;0.04;0.02;1;-1;0
1;8;0.00;0.00;0;0;0
1;9;0.00;0.00;0;0;0
1;8;0.00;0.00;0;0;0
1;12;0.04;0.02;1;-1;0
1;29;0.00;0.00;0;0;0
1;15;0.00;0.00;0;0;0
1;11;0.01;0.02;0;-1;0
1;16;0.00;0.00;0;0;0
1;12;0.00;0.00;0;0;0
1;7;0.00;0.00;0;0;0
1;8;0.00;0.00;0;0;0
1;9;0.00;0.00;0;0;0
1;8;0.00;0.00;0;0;0
1;20;0.01;0.02;0;-1;0
1;5;0.00;0.00;0;0;0
1;8;0.00;0.00;0;0;0
1;8;0.00;0.00;0;0;0
1;8;0.00;0.00;0;0;0
1;8;0.01;0.02;0;-1;0
1;8;0.00;0.00;0;0;0
1;20;0.00;0.00;0;0;0
1;6;0.00;0.00;0;0;0
1;8;0.00;0.00;0;0;0
1;8;0.01;0.02;0;-1;0
1;9;0.00;0.00;0;0;0
1;7;0.00;0.00;0;0;0
1;12;0.00;0.00;0;0;0
1;8;0.00;0.00;0;0;0
1;8;0.00;0.00;0;0;0
1;9;0.01;0.02;0;-1;0
1;12;0.02;0.00;1;0;0
1;5;0.00;0.00;0;0;0
1;7;0.00;0.00;0;0;0
1;8;0.00;0.00;0;0;0
1;10;0.00;0.00;0;0;0
1;15;0.00;0.00;0;0;0
1;5;0.04;0.02;1;-1;0
1;15;0.00;0.00;0;0;0
1;5;0.00;0.00;0;0;0
1;8;0.01;0.02;0;-1;0
1;8;0.00;0.00;0;0;0
1;8;0.02;0.00;1;0;0
1;8;0.01;0.02;0;-1;0
1;8;0.00;0.00;0;0;0
1;9;0.01;0.02;0;-1;0
1;8;0.00;0.00;0;0;0
1;8;0.01;0.02;0;-1;0
1;8;0.00;0.00;0;0;0
1;8;0.04;0.02;1;-1;0
1;9;0.00;0.00;0;0;0
1;8;0.01;0.02;0;-1;0
1;8;0.01;0.02;0;-1;0
1;8;0.02;0.00;1;0;0
1;8;0.01;0.02;0;-1;0
1;9;0.00;0.00;0;0;0
1;8;0.00;0.00;0;0;0
1;8;0.04;0.02;1;-1;0
1;8;0.00;0.00;0;0;0
1;8;0.00;0.00;0;0;0
1;8;0.00;0.00;0;0;0
1;9;0.02;0.00;1;0;0
1;8;0.00;0.00;0;0;0
1;8;0.00;0.00;0;0;0
1;8;0.01;0.02;0;-1;0
1;8;0.02;0.00;1;0;0
1;9;0.00;0.00;0;0;0
1;8;0.00;0.00;0;0;0
1;8;0.00;0.00;0;0;0
1;8;0.00;0.00;0;0;0
1;8;0.00;0.00;0;0;0
1;10;0.00;0.00;0;0;0
1;7;0.00;0.00;0;0;0
1;17;0.01;0.02;0;-1;0
1;9;0.00;0.00;0;0;0
1;8;0.00;0.00;0;0;0
1;7;0.00;0.00;0;0;0
1;8;0.00;0.00;0;0;0
1;8;0.00;0.00;0;0;0
1;8;0.00;0.00;0;0;0
1;9;0.01;0.02;0;-1;0
1;8;0.00;0.00;0;0;0
1;8;0.00;0.00;0;0;0
1;8;0.00;0.00;0;0;0
1;8;0.00;0.00;0;0;0
1;12;0.00;0.00;0;0;0
1;6;0.00;0.00;0;0;0
1;8;0.00;0.00;0;0;0
1;7;0.04;0.02;1;-1;0
1;12;0.00;0.00;0;0;0
1;9;0.00;0.00;0;0;0
1;8;0.01;0.02;0;-1;0
1;8;0.00;0.00;0;0;0
1;8;0.01;0.02;0;-1;0
1;9;0.00;0.00;0;0;0
1;8;0.02;0.00;1;0;0
1;8;0.01;0.02;0;-1;0
1;9;0.00;0.00;0;0;0
1;7;0.01;0.02;0;-1;0
1;10;0.00;0.00;0;0;0
1;13;0.01;0.02;0;-1;0
1;7;0.02;0.00;1;0;0
1;7;0.01;0.02;0;-1;0
1;8;0.00;0.00;0;0;0
1;8;0.01;0.02;0;-1;0
1;9;0.00;0.00;0;0;0
1;12;0.04;0.02;1;-1;0
1;8;0.00;0.00;0;0;0
1;8;0.01;0.02;0;-1;0
1;11;0.00;0.00;0;0;0
1;7;0.00;0.00;0;0;0
1;11;0.04;0.02;1;-1;0
1;5;0.00;0.00;0;0;0
1;11;0.00;0.00;0;0;0
1;5;0.00;0.00;0;0;0
1;10;0.00;0.00;0;0;0
1;7;0.02;0.00;1;0;0
1;10;0.00;0.00;0;0;0
1;9;0.00;0.00;0;0;0
1;11;0.00;0.00;0;0;0
1;10;0.01;0.02;0;-1;0
1;8;0.00;0.00;0;0;0
1;8;0.02;0.00;1;0;0
1;9;0.00;0.00;0;0;0
1;15;0.00;0.00;0;0;0
1;5;0.00;0.00;0;0;0
1;8;0.00;0.00;0;0;0
1;8;0.01;0.02;0;-1;0
1;9;0.00;0.00;0;0;0
1;9;0.02;0.00;1;0;0
1;7;0.00;0.00;0;0;0
1;8;0.00;0.00;0;0;0
1;8;0.00;0.00;0;0;0
1;8;0.01;0.02;0;-1;0
1;8;0.00;0.00;0;0;0
1;12;0.02;0.00;1;0;0
1;5;0.00;0.00;0;0;0
1;10;0.00;0.00;0;0;0
1;7;0.00;0.00;0;0;0
1;13;0.01;0.02;0;-1;0
1;7;0.00;0.00;0;0;0
1;8;0.00;0.00;0;0;0
1;11;0.02;0.00;1;0;0
1;13;0.00;0.00;0;0;0
1;9;0.00;0.00;0;0;0
1;12;0.01;0.02;0;-1;0
1;5;0.00;0.00;0;0;0
1;7;0.02;0.00;1;0;0
1;8;0.00;0.00;0;0;0
1;9;0.00;0.00;0;0;0
1;11;0.00;0.00;0;0;0
1;10;0.00;0.00;0;0;0
1;7;0.00;0.00;0;0;0
1;9;0.04;0.02;1;-1;0
1;8;0.00;0.00;0;0;0
1;8;0.00;0.00;0;0;0
1;8;0.00;0.00;0;0;0
1;8;0.00;0.00;0;0;0
1;8;0.01;0.02;0;-1;0
1;9;0.00;0.00;0;0;0
1;8;0.02;0.00;1;0;0
1;9;0.01;0.02;0;-1;0
1;11;0.00;0.00;0;0;0
1;9;0.01;0.02;0;-1;0
1;8;0.00;0.00;0;0;0
1;8;0.01;0.02;0;-1;0
1;15;0.04;0.02;1;-1;0
1;6;0.00;0.00;0;0;0
1;9;0.01;0.02;0;-1;0
1;14;0.01;0.02;0;-1;0
1;5;0.00;0.00;0;0;0
1;8;0.00;0.00;0;0;0
1;8;0.04;0.02;1;-1;0
1;10;0.00;0.00;0;0;0
1;7;0.00;0.00;0;0;0
1;8;0.01;0.02;0;-1;0
1;8;0.00;0.00;0;0;0
1;22;0.02;0.00;1;0;0
1;7;0.01;0.02;0;-1;0
1;8;0.00;0.00;0;0;0
1;8;0.02;0.00;1;0;0
1;8;0.00;0.00;0;0;0
1;9;0.00;0.00;0;0;0
1;8;0.00;0.00;0;0;0
1;8;0.00;0.00;0;0;0
1;8;0.00;0.00;0;0;0
1;8;0.00;0.00;0;0;0
1;23;0.04;0.02;1;-1;0
1;6;0.00;0.00;0;0;0
1;9;0.00;0.00;0;0;0
1;7;0.00;0.00;0;0;0
1;9;0.00;0.00;0;0;0
1;8;0.00;0.00;0;0;0
1;8;0.00;0.00;0;0;0
1;8;0.01;0.02;0;-1;0
1;8;0.00;0.00;0;0;0
1;9;0.02;0.00;1;0;0
1;8;0.00;0.00;0;0;0
1;8;0.00;0.00;0;0;0
1;11;0.00;0.00;0;0;0
1;6;0.00;0.00;0;0;0
1;8;0.01;0.02;0;-1;0
1;8;0.00;0.00;0;0;0
1;8;0.02;0.00;1;0;0
1;8;0.00;0.00;0;0;0
1;8;0.00;0.00;0;0;0
1;9;0.00;0.00;0;0;0
1;8;0.01;0.02;0;-1;0
1;8;0.00;0.00;0;0;0
1;8;0.02;0.00;1;0;0
1;10;0.00;0.00;0;0;0
1;8;0.00;0.00;0;0;0
1;7;0.00;0.00;0;0;0
1;12;0.01;0.02;0;-1;0
1;9;0.00;0.00;0;0;0
1;10;0.02;0.00;1;0;0
1;6;0.00;0.00;0;0;0
1;8;0.00;0.00;0;0;0
1;9;0.01;0.02;0;-1;0
1;7;0.00;0.00;0;0;0
1;8;0.00;0.00;0;0;0
1;9;0.00;0.00;0;0;0
1;17;0.02;0.00;1;0;0
1;14;0.01;0.02;0;-1;0
1;15;0.00;0.00;0;0;0
1;8;0.00;0.00;0;0;0
1;7;0.00;0.00;0;0;0
1;11;0.02;0.00;1;0;0
1;5;0.01;0.02;0;-1;0
1;9;0.00;0.00;0;0;0
1;8;0.00;0.00;0;0;0
1;11;0.00;0.00;0;0;0
1;5;0.00;0.00;0;0;0
1;8;0.00;0.00;0;0;0
1;12;0.04;0.02;1;-1;0
1;11;0.00;0.00;0;0;0
1;6;0.00;0.00;0;0;0
1;8;0.00;0.00;0;0;0
1;8;0.00;0.00;0;0;0
1;9;0.00;0.00;0;0;0
1;11;0.04;0.02;1;-1;0
1;6;0.00;0.00;0;0;0
1;7;0.00;0.00;0;0;0
1;8;0.00;0.00;0;0;0
1;12;0.00;0.00;0;0;0
1;5;0.00;0.00;0;0;0
1;9;0.04;0.02;1;-1;0
1;7;0.00;0.00;0;0;0
1;10;0.00;0.00;0;0;0
1;7;0.00;0.00;0;0;0
1;8;0.00;0.00;0;0;0
1;8;0.00;0.00;0;0;0
1;10;0.01;0.02;0;-1;0
1;6;0.02;0.00;1;0;0
1;8;0.00;0.00;0;0;0
1;9;0.00;0.00;0;0;0
1;9;0.00;0.00;0;0;0
1;7;0.00;0.00;0;0;0
1;8;0.01;0.02;0;-1;0
1;40;0.02;0.00;1;0;0
1;6;0.00;0.00;0;0;0
1;7;0.01;0.02;0;-1;0
1;10;0.00;0.00;0;0;0
1;9;0.00;0.00;0;0;0
1;10;0.02;0.00;1;0;0
1;4;0.00;0.00;0;0;0
1;8;0.00;0.00;0;0;0
1;9;0.00;0.00;0;0;0
1;14;0.01;0.02;0;-1;0
1;7;0.00;0.00;0;0;0
1;7;0.02;0.00;1;0;0
1;8;0.00;0.00;0;0;0
1;9;0.00;0.00;0;0;0
1;8;0.00;0.00;0;0;0
1;8;0.00;0.00;0;0;0
1;8;0.01;0.02;0;-1;0
1;8;0.00;0.00;0;0;0
1;9;0.00;0.00;0;0;0
1;8;0.00;0.00;0;0;0
1;8;0.02;0.00;1;0;0
1;8;0.00;0.00;0;0;0
1;8;0.01;0.02;0;-1;0
1;9;0.00;0.00;0;0;0
1;8;0.00;0.00;0;0;0
1;8;0.00;0.00;0;0;0
1;31;0.04;0.02;1;-1;0
1;6;0.00;0.00;0;0;0
1;10;0.00;0.00;0;0;0
1;6;0.00;0.00;0;0;0
1;8;0.00;0.00;0;0;0
1;9;0.02;0.00;1;0;0
1;8;0.00;0.00;0;0;0
1;8;0.01;0.02;0;-1;0
1;8;0.00;0.00;0;0;0
1;8;0.00;0.00;0;0;0
1;9;0.00;0.00;0;0;0
1;8;0.00;0.00;0;0;0
1;8;0.00;0.00;0;0;0
1;8;0.04;0.02;1;-1;0
1;8;0.00;0.00;0;0;0
1;9;0.00;0.00;0;0;0
1;8;0.00;0.00;0;0;0
1;8;0.00;0.00;0;0;0
1;8;0.00;0.00;0;0;0
1;8;0.00;0.00;0;0;0
1;8;0.04;0.02;1;-1;0
1;9;0.00;0.00;0;0;0
1;8;0.00;0.00;0;0;0
1;8;0.00;0.00;0;0;0
1;8;0.00;0.00;0;0;0
1;8;0.01;0.02;0;-1;0
1;9;0.00;0.00;0;0;0
1;8;0.00;0.00;0;0;0
1;8;0.00;0.00;0;0;0
1;8;0.02;0.00;1;0;0
1;8;0.00;0.00;0;0;0
1;9;0.01;0.02;0;-1;0
1;8;0.00;0.00;0;0;0
1;8;0.00;0.00;0;0;0
1;8;0.00;0.00;0;0;0
1;8;0.02;0.00;1;0;0
1;9;0.00;0.00;0;0;0
1;9;0.00;0.00;0;0;0
1;9;0.01;0.02;0;-1;0
1;6;0.00;0.00;0;0;0
1;8;0.00;0.00;0;0;0
1;13;0.02;0.00;1;0;0
1;8;0.00;0.00;0;0;0
1;8;0.00;0.00;0;0;0
1;8;0.01;0.02;0;-1;0
1;8;0.00;0.00;0;0;0
1;11;0.00;0.00;0;0;0
1;6;0.00;0.00;0;0;0
1;8;0.02;0.00;1;0;0
1;8;0.00;0.00;0;0;0
1;10;0.00;0.00;0;0;0
1;7;0.01;0.02;0;-1;0
1;8;0.00;0.00;0;0;0
1;8;0.00;0.00;0;0;0
1;9;0.00;0.00;0;0;0
1;7;0.00;0.00;0;0;0
1;8;0.00;0.00;0;0;0
1;9;0.04;0.02;1;-1;0
1;9;0.00;0.00;0;0;0
1;7;0.00;0.00;0;0;0
1;8;0.00;0.00;0;0;0
1;8;0.00;0.00;0;0;0
1;9;0.00;0.00;0;0;0
1;8;0.00;0.00;0;0;0
1;8;0.04;0.02;1;-1;0
1;8;0.00;0.00;0;0;0
1;10;0.00;0.00;0;0;0
1;7;0.00;0.00;0;0;0
1;8;0.00;0.00;0;0;0
1;9;0.00;0.00;0;0;0
1;12;0.02;0.00;1;0;0
1;7;0.01;0.02;0;-1;0
1;12;0.00;0.00;0;0;0
1;10;0.00;0.00;0;0;0
1;7;0.00;0.00;0;0;0
1;8;0.00;0.00;0;0;0
1;13;0.02;0.00;1;0;0
1;8;0.00;0.00;0;0;0
1;8;0.00;0.00;0;0;0
1;8;0.00;0.00;0;0;0
1;8;0.00;0.00;0;0;0
1;9;0.00;0.00;0;0;0
1;8;0.02;0.00;1;0;0
1;8;0.00;0.00;0;0;0
1;8;0.00;0.00;0;0;0
1;8;0.00;0.00;0;0;0
1;9;0.00;0.00;0;0;0
1;8;0.00;0.00;0;0;0
1;8;0.00;0.00;0;0;0
1;8;0.00;0.00;0;0;0
1;11;0.02;0.00;1;0;0
1;5;0.00;0.00;0;0;0
1;9;0.00;0.00;0;0;0
1;11;0.00;0.00;0;0;0
1;5;0.00;0.00;0;0;0
1;8;0.00;0.00;0;0;0
1;8;0.00;0.00;0;0;0
1;9;0.02;0.00;1;0;0
1;8;0.00;0.00;0;0;0
1;8;0.00;0.00;0;0;0
1;8;0.00;0.00;0;0;0
1;13;0.00;0.00;0;0;0
1;8;0.00;0.00;0;0;0
1;9;0.00;0.00;0;0;0
1;7;0.02;0.00;1;0;0
1;8;0.00;0.00;0;0;0
1;8;0.00;0.00;0;0;0
1;9;0.00;0.00;0;0;0
1;10;0.00;0.00;0;0;0
1;7;0.02;0.00;1;0;0
1;7;0.00;0.00;0;0;0
1;8;0.00;0.00;0;0;0
1;12;0.00;0.00;0;0;0
1;5;0.00;0.00;0;0;0
1;8;0.00;0.00;0;0;0
1;8;0.00;0.00;0;0;0
1;14;0.02;0.00;1;0;0
1;7;0.00;0.00;0;0;0
1;8;0.00;0.00;0;0;0
1;8;0.00;0.00;0;0;0
1;9;0.00;0.00;0;0;0
1;7;0.00;0.00;0;0;0
1;9;0.00;0.00;0;0;0
1;8;0.00;0.00;0;0;0
1;9;0.02;0.00;1;0;0
1;7;0.00;0.00;0;0;0
1;8;0.00;0.00;0;0;0
1;9;0.00;0.00;0;0;0
1;8;0.00;0.00;0;0;0
1;11;0.02;0.00;1;0;0
1;5;0.00;0.00;0;0;0
1;8;0.00;0.00;0;0;0
1;9;0.00;0.00;0;0;0
1;8;0.00;0.00;0;0;0
1;8;0.00;0.00;0;0;0
1;12;0.02;0.00;1;0;0
1;8;0.00;0.00;0;0;0
1;9;0.00;0.00;0;0;0
1;8;0.00;0.00;0;0;0
1;8;0.00;0.00;0;0;0
1;8;0.00;0.00;0;0;0
1;8;0.00;0.00;0;0;0
1;10;0.02;0.00;1;0;0
1;7;0.00;0.00;0;0;0
1;8;0.00;0.00;0;0;0
1;10;0.00;0.00;0;0;0
1;6;0.00;0.00;0;0;0
1;9;0.00;0.00;0;0;0
1;8;0.00;0.00;0;0;0
1;8;0.00;0.00;0;0;0
1;8;0.02;0.00;1;0;0
1;8;0.00;0.00;0;0;0
1;13;0.00;0.00;0;0;0
1;4;0.00;0.00;0;0;0
1;8;0.00;0.00;0;0;0
1;8;0.00;0.00;0;0;0
1;11;0.02;0.00;1;0;0
1;5;0.00;0.00;0;0;0
1;9;0.00;0.00;0;0;0
1;8;0.00;0.00;0;0;0
1;13;0.00;0.00;0;0;0
1;7;0.02;0.00;1;0;0
1;9;0.00;0.00;0;0;0
1;8;0.00;0.00;0;0;0
1;8;0.00;0.00;0;0;0
1;8;0.00;0.00;0;0;0
1;8;0.00;0.00;0;0;0
1;8;0.02;0.00;1;0;0
1;14;0.01;-0.02;0;0;-1
1;7;0.00;0.00;0;0;0
1;8;0.00;0.00;0;0;0
1;11;0.00;0.00;0;0;0
1;6;0.00;0.00;0;0;0
1;8;0.01;0.02;0;-1;0
1;8;0.00;0.00;0;0;0
1;9;0.02;0.00;1;0;0
1;7;0.01;-0.02;0;0;-1
1;8;0.00;0.00;0;0;0
1;10;0.00;0.00;0;0;0
1;12;0.00;0.00;0;0;0
1;10;0.00;0.00;0;0;0
1;5;0.00;0.00;0;0;0
1;12;0.02;0.00;1;0;0
1;5;0.00;0.00;0;0;0
1;8;0.01;-0.02;0;0;-1
1;8;0.00;0.00;0;0;0
1;8;0.00;0.00;0;0;0
1;8;0.02;0.00;1;0;0
1;9;0.00;0.00;0;0;0
1;9;0.00;0.00;0;0;0
1;7;0.00;0.00;0;0;0
1;8;0.01;-0.02;0;0;-1
1;12;0.00;0.00;0;0;0
1;5;0.00;0.00;0;0;0
1;9;0.02;0.00;1;0;0
1;7;0.00;0.00;0;0;0
1;12;0.01;-0.02;0;0;-1
1;9;0.00;0.00;0;0;0
1;8;0.00;0.00;0;0;0
1;10;0.00;0.00;0;0;0
1;7;0.00;0.00;0;0;0
1;7;0.00;0.00;0;0;0
1;8;0.04;-0.02;1;0;-1
1;13;0.00;0.00;0;0;0
1;8;0.00;0.00;0;0;0
1;8;0.00;0.00;0;0;0
1;8;0.00;0.00;0;0;0
1;9;0.00;0.00;0;0;0
1;8;0.02;0.00;1;0;0
1;8;0.01;-0.02;0;0;-1
1;11;0.00;0.00;0;0;0
1;6;0.00;0.00;0;0;0
1;7;0.00;0.00;0;0;0
1;9;0.02;0.00;1;0;0
1;11;0.00;0.00;0;0;0
1;5;0.00;0.00;0;0;0
1;9;0.00;0.00;0;0;0
1;13;0.04;-0.02;1;0;-1
1;9;0.00;0.00;0;0;0
1;10;0.00;0.00;0;0;0
1;11;0.00;0.00;0;0;0
1;11;0.01;-0.02;0;0;-1
1;8;0.00;0.00;0;0;0
1;7;0.02;0.00;1;0;0
1;8;0.00;0.00;0;0;0
1;10;0.00;0.00;0;0;0
1;9;0.01;-0.02;0;0;-1
1;6;0.00;0.00;0;0;0
1;12;0.00;0.00;0;0;0
1;8;0.02;0.00;1;0;0
1;8;0.00;0.00;0;0;0
1;9;0.00;0.00;0;0;0
1;8;0.01;-0.02;0;0;-1
1;8;0.00;0.00;0;0;0
1;8;0.02;0.00;1;0;0
1;8;0.00;0.00;0;0;0
1;8;0.00;0.00;0;0;0
1;9;0.00;0.00;0;0;0
1;12;0.00;0.00;0;0;0
1;42;0.04;-0.02;1;0;-1
1;11;0.02;0.00;1;0;0
1;11;0.00;0.00;0;0;0
1;7;0.01;-0.02;0;0;-1
1;7;0.00;0.00;0;0;0
1;8;0.00;0.00;0;0;0
1;8;0.00;0.00;0;0;0
1;8;0.00;0.00;0;0;0
1;9;0.00;0.00;0;0;0
1;8;0.04;-0.02;1;0;-1
1;8;0.00;0.00;0;0;0
1;8;0.00;0.00;0;0;0
1;8;0.00;0.00;0;0;0
1;12;0.00;0.00;0;0;0
1;5;0.00;0.00;0;0;0
1;8;0.04;-0.02;1;0;-1
1;8;0.00;0.00;0;0;0
1;8;0.00;0.00;0;0;0
1;8;0.00;0.00;0;0;0
1;9;0.00;0.00;0;0;0
1;9;0.02;0.00;1;0;0
1;7;0.01;-0.02;0;0;-1
1;8;0.00;0.00;0;0;0
1;8;0.00;0.00;0;0;0
1;9;0.00;0.00;0;0;0
1;8;0.00;0.00;0;0;0
1;8;0.02;0.00;1;0;0
1;8;0.00;0.00;0;0;0
1;8;0.01;-0.02;0;0;-1
1;9;0.00;0.00;0;0;0
1;8;0.00;0.00;0;0;0
1;8;0.00;0.00;0;0;0
1;8;0.00;0.00;0;0;0
1;8;0.02;0.00;1;0;0
1;9;0.01;-0.02;0;0;-1
1;8;0.00;0.00;0;0;0
1;8;0.00;0.00;0;0;0
1;8;0.00;0.00;0;0;0
1;9;0.00;0.00;0;0;0
1;23;0.04;-0.02;1;0;-1
1;5;0.00;0.00;0;0;0
1;10;0.00;0.00;0;0;0
1;6;0.00;0.00;0;0;0
1;10;0.02;0.00;1;0;0
1;7;0.00;0.00;0;0;0
1;10;0.01;-0.02;0;0;-1
1;6;0.00;0.00;0;0;0
1;8;0.00;0.00;0;0;0
1;9;0.02;0.00;1;0;0
1;9;0.00;0.00;0;0;0
1;7;0.00;0.00;0;0;0
1;8;0.01;-0.02;0;0;-1
1;8;0.00;0.00;0;0;0
1;8;0.00;0.00;0;0;0
1;10;0.00;0.00;0;0;0
1;10;0.02;0.00;1;0;0
1;6;0.00;0.00;0;0;0
1;11;0.01;-0.02;0;0;-1
1;13;0.00;0.00;0;0;0
1;8;0.00;0.00;0;0;0
1;9;0.00;0.00;0;0;0
1;8;0.04;-0.02;1;0;-1
1;7;0.00;0.00;0;0;0
1;8;0.00;0.00;0;0;0
1;9;0.00;0.00;0;0;0
1;8;0.00;0.00;0;0;0
1;7;0.00;0.00;0;0;0
1;8;0.02;0.00;1;0;0
1;19;0.01;-0.02;0;0;-1
1;5;0.00;0.00;0;0;0
1;12;0.00;0.00;0;0;0
1;8;0.02;0.00;1;0;0
1;9;0.00;0.00;0;0;0
1;8;0.00;0.00;0;0;0
1;9;0.01;-0.02;0;0;-1
1;7;0.00;0.00;0;0;0
1;8;0.00;0.00;0;0;0
1;9;0.02;0.00;1;0;0
1;9;0.00;0.00;0;0;0
1;7;0.00;0.00;0;0;0
1;8;0.00;0.00;0;0;0
1;8;0.01;-0.02;0;0;-1
1;9;0.00;0.00;0;0;0
1;15;0.00;0.00;0;0;0
1;6;0.02;0.00;1;0;0
1;7;0.01;-0.02;0;0;-1
1;8;0.00;0.00;0;0;0
1;11;0.00;0.00;0;0;0
1;6;0.00;0.00;0;0;0
1;15;0.00;0.00;0;0;0
1;7;0.04;-0.02;1;0;-1
1;6;0.00;0.00;0;0;0
1;9;0.00;0.00;0;0;0
1;8;0.00;0.00;0;0;0
1;8;0.00;0.00;0;0;0
1;8;0.00;0.00;0;0;0
1;8;0.04;-0.02;1;0;-1
1;9;0.00;0.00;0;0;0
1;10;0.00;0.00;0;0;0
1;7;0.00;0.00;0;0;0
1;7;0.00;0.00;0;0;0
1;8;0.02;0.00;1;0;0
1;16;0.01;-0.02;0;0;-1
1;6;0.00;0.00;0;0;0
1;7;0.00;0.00;0;0;0
1;8;0.00;0.00;0;0;0
1;13;0.04;-0.02;1;0;-1
1;8;0.00;0.00;0;0;0
1;8;0.00;0.00;0;0;0
1;11;0.00;0.00;0;0;0
1;6;0.00;0.00;0;0;0
1;7;0.00;0.00;0;0;0
1;9;0.00;0.00;0;0;0
1;11;0.04;-0.02;1;0;-1
1;11;0.00;0.00;0;0;0
1;6;0.00;0.00;0;0;0
1;9;0.00;0.00;0;0;0
1;8;0.00;0.00;0;0;0
1;8;0.00;0.00;0;0;0
1;9;0.01;-0.02;0;0;-1
1;19;0.02;0.00;1;0;0
1;5;0.00;0.00;0;0;0
1;8;0.00;0.00;0;0;0
1;11;0.00;0.00;0;0;0
1;6;0.00;0.00;0;0;0
1;7;0.04;-0.02;1;0;-1
1;12;0.00;0.00;0;0;0
1;8;0.00;0.00;0;0;0
1;6;0.00;0.00;0;0;0
1;12;0.00;0.00;0;0;0
1;8;0.00;0.00;0;0;0
1;8;0.01;-0.02;0;0;-1
1;8;0.02;0.00;1;0;0
1;8;0.00;0.00;0;0;0
1;8;0.00;0.00;0;0;0
1;8;0.00;0.00;0;0;0
1;9;0.00;0.00;0;0;0
1;8;0.01;-0.02;0;0;-1
1;8;0.00;0.00;0;0;0
1;8;0.02;0.00;1;0;0
1;13;0.00;0.00;0;0;0
1;8;0.00;0.00;0;0;0
1;8;0.01;-0.02;0;0;-1
1;8;0.00;0.00;0;0;0
1;9;0.00;0.00;0;0;0
1;7;0.02;0.00;1;0;0
1;9;0.00;0.00;0;0;0
1;8;0.00;0.00;0;0;0
1;8;0.00;0.00;0;0;0
1;8;0.01;-0.02;0;0;-1
1;8;0.00;0.00;0;0;0
1;9;0.00;0.00;0;0;0
1;9;0.02;0.00;1;0;0
1;7;0.00;0.00;0;0;0
1;8;0.00;0.00;0;0;0
1;8;0.00;0.00;0;0;0
1;9;0.01;-0.02;0;0;-1
1;8;0.00;0.00;0;0;0
1;8;0.00;0.00;0;0;0
1;8;0.02;0.00;1;0;0
1;8;0.00;0.00;0;0;0
1;9;0.00;0.00;0;0;0
1;8;0.00;0.00;0;0;0
1;8;0.01;-0.02;0;0;-1
1;8;0.00;0.00;0;0;0
1;10;0.00;0.00;0;0;0
1;7;0.00;0.00;0;0;0
1;8;0.02;0.00;1;0;0
1;8;0.00;0.00;0;0;0
1;11;0.01;-0.02;0;0;-1
1;17;0.00;0.00;0;0;0
1;6;0.00;0.00;0;0;0
1;8;0.00;0.00;0;0;0
1;7;0.02;0.00;1;0;0
1;10;0.00;0.00;0;0;0
1;6;0.01;-0.02;0;0;-1
1;10;0.00;0.00;0;0;0
1;10;0.00;0.00;0;0;0
1;5;0.00;0.00;0;0;0
1;8;0.02;0.00;1;0;0
1;8;0.01;-0.02;0;0;-1
1;9;0.00;0.00;0;0;0
1;8;0.00;0.00;0;0;0
1;8;0.00;0.00;0;0;0
1;8;0.01;-0.02;0;0;-1
1;9;0.00;0.00;0;0;0
1;8;0.02;0.00;1;0;0
1;13;0.01;-0.02;0;0;-1
1;7;0.00;0.00;0;0;0
1;8;0.00;0.00;0;0;0
1;9;0.01;-0.02;0;0;-1
1;9;0.00;0.00;0;0;0
1;7;0.00;0.00;0;0;0
1;8;0.02;0.00;1;0;0
1;8;0.00;0.00;0;0;0
1;11;0.01;-0.02;0;0;-1
1;6;0.00;0.00;0;0;0
1;8;0.00;0.00;0;0;0
1;8;0.04;-0.02;1;0;-1
1;18;0.00;0.00;0;0;0
1;10;0.00;0.00;0;0;0
1;5;0.00;0.00;0;0;0
1;9;0.00;0.00;0;0;0
1;7;0.01;-0.02;0;0;-1
1;11;0.00;0.00;0;0;0
1;10;0.02;0.00;1;0;0
1;8;0.00;0.00;0;0;0
1;8;0.00;0.00;0;0;0
1;8;0.00;0.00;0;0;0
1;8;0.00;0.00;0;0;0
1;9;0.01;-0.02;0;0;-1
1;8;0.00;0.00;0;0;0
1;8;0.02;0.00;1;0;0
1;9;0.00;0.00;0;0;0
1;7;0.00;0.00;0;0;0
1;11;0.00;0.00;0;0;0
1;6;0.00;0.00;0;0;0
1;8;0.01;-0.02;0;0;-1
1;8;0.02;0.00;1;0;0
1;8;0.01;-0.02;0;0;-1
1;8;0.00;0.00;0;0;0
1;9;0.00;0.00;0;0;0
1;8;0.01;-0.02;0;0;-1
1;8;0.00;0.00;0;0;0
1;8;0.01;-0.02;0;0;-1
1;8;0.00;0.00;0;0;0
1;12;0.01;-0.02;0;0;-1
1;5;0.00;0.00;0;0;0
1;8;0.04;-0.02;1;0;-1
1;8;0.00;0.00;0;0;0
1;8;0.01;-0.02;0;0;-1
1;9;0.00;0.00;0;0;0
1;8;0.01;-0.02;0;0;-1
1;8;0.02;0.00;1;0;0
1;14;0.01;-0.02;0;0;-1
1;6;0.01;-0.02;0;0;-1
1;9;0.00;0.00;0;0;0
1;8;0.04;-0.02;1;0;-1
1;8;0.00;0.00;0;0;0
1;8;0.01;-0.02;0;0;-1
1;8;0.00;0.00;0;0;0
1;14;0.01;-0.02;0;0;-1
1;7;0.00;0.00;0;0;0
1;8;0.04;-0.02;1;0;-1
1;8;0.00;0.00;0;0;0
1;8;0.00;0.00;0;0;0
1;9;0.01;-0.02;0;0;-1
1;8;0.00;0.00;0;0;0
1;8;0.01;-0.02;0;0;-1
1;9;0.00;0.00;0;0;0
1;7;0.01;-0.02;0;0;-1
1;9;0.00;0.00;0;0;0
1;8;0.01;-0.02;0;0;-1
1;8;0.00;0.00;0;0;0
1;11;0.04;-0.02;1;0;-1
1;5;0.00;0.00;0;0;0
1;9;0.00;0.00;0;0;0
1;9;0.01;-0.02;0;0;-1
1;7;0.00;0.00;0;0;0
1;8;0.01;-0.02;0;0;-1
1;8;0.00;0.00;0;0;0
1;9;0.02;0.00;1;0;0
1;8;0.01;-0.02;0;0;-1
1;8;0.00;0.00;0;0;0
1;10;0.00;0.00;0;0;0
1;6;0.00;0.00;0;0;0
1;8;0.02;0.00;1;0;0
1;12;0.01;-0.02;0;0;-1
1;5;0.00;0.00;0;0;0
1;11;0.00;0.00;0;0;0
1;11;0.00;0.00;0;0;0
1;7;0.02;0.00;1;0;0
1;8;0.00;0.00;0;0;0
1;8;0.00;0.00;0;0;0
1;8;0.00;0.00;0;0;0
1;8;0.00;0.00;0;0;0
1;9;0.00;0.00;0;0;0
1;8;0.00;0.00;0;0;0
1;8;0.00;0.00;0;0;0
1;8;0.01;-0.02;0;0;-1
1;11;0.00;0.00;0;0;0
1;5;0.00;0.00;0;0;0
1;9;0.00;0.00;0;0;0
1;8;0.02;0.00;1;0;0
1;8;0.00;0.00;0;0;0
1;8;0.01;-0.02;0;0;-1
1;8;0.00;0.00;0;0;0
1;9;0.00;0.00;0;0;0
1;8;0.01;-0.02;0;0;-1
1;11;0.00;0.00;0;0;0
1;5;0.01;-0.02;0;0;-1
1;8;0.00;0.00;0;0;0
1;9;0.04;-0.02;1;0;-1
1;13;0.01;-0.02;0;0;-1
1;7;0.00;0.00;0;0;0
1;8;0.01;-0.02;0;0;-1
1;8;0.00;0.00;0;0;0
1;11;0.04;-0.02;1;0;-1
1;6;0.00;0.00;0;0;0
1;8;0.01;-0.02;0;0;-1
1;8;0.01;-0.02;0;0;-1
1;8;0.00;0.00;0;0;0
1;13;0.04;-0.02;1;0;-1
1;11;0.01;-0.02;0;0;-1
1;9;0.01;-0.02;0;0;-1
1;8;0.00;0.00;0;0;0
1;9;0.01;-0.02;0;0;-1
1;8;0.02;0.00;1;0;0
1;8;0.00;0.00;0;0;0
1;8;0.01;-0.02;0;0;-1
1;8;0.00;0.00;0;0;0
1;9;0.00;0.00;0;0;0
1;8;0.00;0.00;0;0;0
1;8;0.00;0.00;0;0;0
1;8;0.04;-0.02;1;0;-1
1;7;0.00;0.00;0;0;0
1;9;0.00;0.00;0;0;0
1;9;0.00;0.00;0;0;0
1;10;0.00;0.00;0;0;0
1;7;0.00;0.00;0;0;0
1;7;0.02;0.00;1;0;0
1;8;0.00;0.00;0;0;0
1;9;0.00;0.00;0;0;0
1;8;0.00;0.00;0;0;0
1;8;0.00;0.00;0;0;0
1;8;0.00;0.00;0;0;0
1;8;0.00;0.00;0;0;0
1;9;0.00;0.00;0;0;0
1;8;0.00;0.00;0;0;0
1;8;0.04;-0.02;1;0;-1
1;8;0.00;0.00;0;0;0
1;8;0.00;0.00;0;0;0
1;9;0.00;0.00;0;0;0
1;8;0.00;0.00;0;0;0
1;8;0.00;0.00;0;0;0
1;8;0.00;0.00;0;0;0
1;8;0.01;-0.02;0;0;-1
1;12;0.02;0.00;1;0;0
1;5;0.00;0.00;0;0;0
1;8;0.00;0.00;0;0;0
1;8;0.00;0.00;0;0;0
1;8;0.01;-0.02;0;0;-1
1;8;0.00;0.00;0;0;0
1;9;0.00;0.00;0;0;0
1;16;0.02;0.00;1;0;0
1;10;0.00;0.00;0;0;0
1;6;0.01;-0.02;0;0;-1
1;12;0.00;0.00;0;0;0
1;5;0.00;0.00;0;0;0
1;8;0.00;0.00;0;0;0
1;8;0.00;0.00;0;0;0
1;8;0.04;-0.02;1;0;-1
1;9;0.00;0.00;0;0;0
1;8;0.00;0.00;0;0;0
1;8;0.01;-0.02;0;0;-1
1;11;0.00;0.00;0;0;0
1;5;0.01;-0.02;0;0;-1
1;9;0.00;0.00;0;0;0
1;8;0.01;-0.02;0;0;-1
1;12;0.02;0.00;1;0;0
1;8;0.01;-0.02;0;0;-1
1;8;0.00;0.00;0;0;0
1;9;0.01;-0.02;0;0;-1
1;8;0.00;0.00;0;0;0
1;10;0.04;-0.02;1;0;-1
1;6;0.01;-0.02;0;0;-1
1;8;0.00;0.00;0;0;0
1;8;0.01;-0.02;0;0;-1
1;11;0.00;0.00;0;0;0
1;6;0.01;-0.02;0;0;-1
1;8;0.02;0.00;1;0;0
1;8;0.01;-0.02;0;0;-1
1;11;0.00;0.00;0;0;0
1;6;0.00;0.00;0;0;0
1;8;0.01;-0.02;0;0;-1
1;8;0.00;0.00;0;0;0
1;10;-0.01;-0.02;0;1;0
1;6;0.00;0.00;0;0;0
1;9;0.00;0.00;0;0;0
1;8;0.01;-0.02;0;0;-1
1;11;0.00;0.00;0;0;0
1;14;-0.01;-0.02;0;1;0
1;9;0.00;0.00;0;0;0
1;10;0.00;0.00;0;0;0
1;7;0.00;0.00;0;0;0
1;6;0.00;0.00;0;0;0
1;9;0.00;0.00;0;0;0
1;14;0.00;0.00;0;0;0
1;6;0.00;0.00;0;0;0
1;8;-0.01;-0.02;0;1;0
1;11;0.01;-0.02;0;0;-1
1;5;0.00;0.00;0;0;0
1;9;0.00;0.00;0;0;0
1;8;0.00;0.00;0;0;0
1;13;0.00;0.00;0;0;0
1;17;0.00;0.00;0;0;0
1;7;0.01;-0.02;0;0;-1
1;8;0.00;0.00;0;0;0
1;8;-0.01;-0.02;0;1;0
1;7;0.00;0.00;0;0;0
1;8;0.00;0.00;0;0;0
1;9;0.00;0.00;0;0;0
1;8;0.00;0.00;0;0;0
1;8;0.01;-0.02;0;0;-1
1;8;0.00;0.00;0;0;0
1;11;0.00;0.00;0;0;0
1;6;-0.01;-0.02;0;1;0
1;8;0.00;0.00;0;0;0
1;8;0.01;-0.02;0;0;-1
1;7;0.00;0.00;0;0;0
1;8;0.00;0.00;0;0;0
1;9;0.01;-0.02;0;0;-1
1;9;0.00;0.00;0;0;0
1;8;0.01;-0.02;0;0;-1
1;7;0.00;0.00;0;0;0
1;9;-0.01;-0.02;0;1;0
1;9;0.01;-0.02;0;0;-1
1;8;0.00;0.00;0;0;0
1;7;0.01;-0.02;0;0;-1
1;11;0.00;0.00;0;0;0
1;6;0.01;-0.02;0;0;-1
1;12;0.00;0.00;0;0;0
1;7;0.00;-0.04;0;1;-1
1;6;0.00;0.00;0;0;0
1;8;0.01;-0.02;0;0;-1
1;8;0.00;0.00;0;0;0
1;7;0.01;-0.02;0;0;-1
1;9;0.00;0.00;0;0;0
1;9;0.00;-0.04;0;1;-1
1;7;0.00;0.00;0;0;0
1;9;0.01;-0.02;0;0;-1
1;8;0.00;0.00;0;0;0
1;9;0.00;0.00;0;0;0
1;7;0.00;-0.04;0;1;-1
1;11;0.00;0.00;0;0;0
1;6;0.01;-0.02;0;0;-1
1;8;0.00;0.00;0;0;0
1;9;0.00;0.00;0;0;0
1;8;0.01;-0.02;0;0;-1
1;14;-0.01;-0.02;0;1;0
1;9;0.01;-0.02;0;0;-1
1;10;0.00;0.00;0;0;0
1;8;0.00;0.00;0;0;0
1;7;0.00;0.00;0;0;0
1;9;0.00;0.00;0;0;0
1;8;0.01;-0.02;0;0;-1
1;8;-0.01;-0.02;0;1;0
1;9;0.00;0.00;0;0;0
1;11;0.00;0.00;0;0;0
1;5;0.00;0.00;0;0;0
1;8;0.02;0.00;1;0;0
1;7;0.00;0.00;0;0;0
1;13;-0.01;-0.02;0;1;0
1;5;0.00;0.00;0;0;0
1;8;0.00;0.00;0;0;0
1;8;0.00;0.00;0;0;0
1;8;0.01;-0.02;0;0;-1
1;9;0.00;0.00;0;0;0
1;14;0.00;0.00;0;0;0
1;7;-0.01;-0.02;0;1;0
1;11;0.00;0.00;0;0;0
1;12;0.01;-0.02;0;0;-1
1;5;0.00;0.00;0;0;0
1;8;0.00;0.00;0;0;0
1;8;0.00;0.00;0;0;0
1;8;0.01;-0.02;0;0;-1
1;7;0.00;0.00;0;0;0
1;10;-0.01;-0.02;0;1;0
1;7;0.01;-0.02;0;0;-1
1;8;0.00;0.00;0;0;0
1;9;0.00;0.00;0;0;0
1;7;0.01;-0.02;0;0;-1
1;12;0.00;0.00;0;0;0
1;7;0.01;-0.02;0;0;-1
1;7;-0.01;-0.02;0;1;0
1;8;0.01;-0.02;0;0;-1
1;8;0.00;0.00;0;0;0
1;9;0.01;-0.02;0;0;-1
1;8;0.00;0.00;0;0;0
1;7;0.00;-0.04;0;1;-1
1;24;0.01;-0.02;0;0;-1
1;9;0.01;-0.02;0;0;-1
1;5;0.00;0.00;0;0;0
1;22;0.00;-0.04;0;1;-1
1;7;0.01;-0.02;0;0;-1
1;12;0.00;0.00;0;0;0
1;7;0.01;-0.02;0;0;-1
1;8;0.00;0.00;0;0;0
1;8;0.00;-0.04;0;1;-1
1;11;0.00;0.00;0;0;0
1;7;0.00;0.00;0;0;0
1;8;0.01;-0.02;0;0;-1
1;26;-0.01;-0.02;0;1;0
1;7;0.00;0.00;0;0;0
1;8;0.00;0.00;0;0;0
1;9;0.01;-0.02;0;0;-1
1;7;0.00;0.00;0;0;0
1;9;-0.01;-0.02;0;1;0
1;8;0.00;0.00;0;0;0
1;8;0.00;0.00;0;0;0
1;7;0.00;0.00;0;0;0
1;8;0.00;0.00;0;0;0
1;9;0.00;0.00;0;0;0
1;8;0.00;0.00;0;0;0
1;12;-0.01;-0.02;0;1;0
1;7;0.00;0.00;0;0;0
1;6;0.00;0.00;0;0;0
1;8;0.00;0.00;0;0;0
1;9;0.01;-0.02;0;0;-1
1;10;0.00;0.00;0;0;0
1;6;0.00;0.00;0;0;0
1;8;0.00;0.00;0;0;0
1;8;0.00;0.00;0;0;0
1;9;-0.01;-0.02;0;1;0
1;8;0.01;-0.02;0;0;-1
1;7;0.00;0.00;0;0;0
1;11;0.00;0.00;0;0;0
1;6;0.00;0.00;0;0;0
1;8;0.00;0.00;0;0;0
1;8;0.01;-0.02;0;0;-1
1;11;-0.01;-0.02;0;1;0
1;6;0.00;0.00;0;0;0
1;8;0.00;0.00;0;0;0
1;9;0.00;0.00;0;0;0
1;9;0.01;-0.02;0;0;-1
1;7;0.00;0.00;0;0;0
1;7;-0.01;-0.02;0;1;0
1;8;0.01;-0.02;0;0;-1
1;9;0.00;0.00;0;0;0
1;9;0.01;-0.02;0;0;-1
1;7;0.00;0.00;0;0;0
1;8;0.01;-0.02;0;0;-1
1;8;0.00;0.00;0;0;0
1;13;0.01;-0.02;0;0;-1
1;5;-0.01;-0.02;0;1;0
1;7;0.01;-0.02;0;0;-1
1;8;0.00;0.00;0;0;0
1;8;0.01;-0.02;0;0;-1
1;9;0.00;0.00;0;0;0
1;8;0.01;-0.02;0;0;-1
1;12;0.00;-0.04;0;1;-1
1;5;0.00;0.00;0;0;0
1;28;0.02;-0.04;0;0;-2
1;5;0.00;0.00;0;0;0
1;8;0.00;-0.04;0;1;-1
1;10;0.01;-0.02;0;0;-1
1;6;0.00;0.00;0;0;0
1;15;0.00;0.00;0;0;0
1;6;0.00;-0.04;0;1;-1
1;7;0.00;0.00;0;0;0
1;9;0.00;0.00;0;0;0
1;9;0.00;0.00;0;0;0
1;8;0.01;-0.02;0;0;-1
1;8;-0.01;-0.02;0;1;0
1;7;0.00;0.00;0;0;0
1;9;0.00;0.00;0;0;0
1;8;0.00;0.00;0;0;0
1;8;0.00;0.00;0;0;0
1;9;0.00;0.00;0;0;0
1;7;-0.01;-0.02;0;1;0
1;9;0.00;0.00;0;0;0
1;7;0.00;0.00;0;0;0
1;9;0.01;-0.02;0;0;-1
1;8;0.00;0.00;0;0;0
1;8;0.00;0.00;0;0;0
1;9;0.00;0.00;0;0;0
1;13;0.00;0.00;0;0;0
1;8;0.00;0.00;0;0;0
1;7;-0.01;-0.02;0;1;0
1;8;0.00;0.00;0;0;0
1;12;0.01;-0.02;0;0;-1
1;5;0.00;0.00;0;0;0
1;9;0.00;0.00;0;0;0
1;8;0.00;0.00;0;0;0
1;10;0.00;0.00;0;0;0
1;6;-0.01;-0.02;0;1;0
1;8;0.00;0.00;0;0;0
1;7;0.01;-0.02;0;0;-1
1;9;0.00;0.00;0;0;0
1;8;0.00;0.00;0;0;0
1;8;0.00;0.00;0;0;0
1;8;0.00;0.00;0;0;0
1;8;-0.01;-0.02;0;1;0
1;10;0.01;-0.02;0;0;-1
1;11;0.00;0.00;0;0;0
1;12;0.00;0.00;0;0;0
1;11;-0.01;-0.02;0;1;0
1;7;0.00;0.00;0;0;0
1;8;0.00;0.00;0;0;0
1;7;0.01;-0.02;0;0;-1
1;8;0.00;0.00;0;0;0
1;8;0.00;0.00;0;0;0
1;9;0.00;0.00;0;0;0
1;8;0.00;-0.04;0;1;-1
1;18;0.01;-0.02;0;0;-1
1;15;0.01;-0.02;0;0;-1
1;9;0.00;0.00;0;0;0
1;7;0.01;-0.02;0;0;-1
1;8;0.00;0.00;0;0;0
1;8;0.01;-0.02;0;0;-1
1;8;0.00;0.00;0;0;0
1;9;0.00;-0.04;0;1;-1
1;8;0.00;0.00;0;0;0
1;8;0.01;-0.02;0;0;-1
1;14;0.01;-0.02;0;0;-1
1;8;-0.01;-0.02;0;1;0
1;7;0.01;-0.02;0;0;-1
1;14;0.01;-0.02;0;0;-1
1;7;0.01;-0.02;0;0;-1
1;7;0.00;0.00;0;0;0
1;9;0.00;-0.04;0;1;-1
1;9;0.00;0.00;0;0;0
1;7;0.00;0.00;0;0;0
1;8;0.00;0.00;0;0;0
1;8;0.01;-0.02;0;0;-1
1;9;-0.01;-0.02;0;1;0
1;8;0.00;0.00;0;0;0
1;8;0.00;0.00;0;0;0
1;8;0.01;-0.02;0;0;-1
1;10;0.00;0.00;0;0;0
1;7;-0.01;-0.02;0;1;0
1;9;0.00;0.00;0;0;0
1;7;0.00;0.00;0;0;0
1;8;0.00;0.00;0;0;0
1;8;0.00;0.00;0;0;0
1;8;0.00;0.00;0;0;0
1;9;-0.01;-0.02;0;1;0
1;8;0.00;0.00;0;0;0
1;8;0.01;-0.02;0;0;-1
1;8;0.00;0.00;0;0;0
1;8;0.00;0.00;0;0;0
1;9;0.00;0.00;0;0;0
1;8;0.00;0.00;0;0;0
1;8;0.00;0.00;0;0;0
1;8;-0.01;-0.02;0;1;0
1;16;0.01;-0.02;0;0;-1
1;6;0.00;0.00;0;0;0
1;8;0.00;0.00;0;0;0
1;9;0.00;0.00;0;0;0
1;15;0.00;0.00;0;0;0
1;9;-0.01;-0.02;0;1;0
1;8;0.00;0.00;0;0;0
1;12;0.01;-0.02;0;0;-1
1;11;0.00;0.00;0;0;0
1;15;-0.01;-0.02;0;1;0
1;6;0.00;0.00;0;0;0
1;8;0.00;0.00;0;0;0
1;7;0.01;-0.02;0;0;-1
1;8;0.00;0.00;0;0;0
1;9;0.00;0.00;0;0;0
1;8;0.00;0.00;0;0;0
1;8;-0.01;-0.02;0;1;0
1;8;0.00;0.00;0;0;0
1;9;0.00;0.00;0;0;0
1;9;0.01;-0.02;0;0;-1
1;8;0.00;0.00;0;0;0
1;7;0.00;0.00;0;0;0
1;11;0.00;0.00;0;0;0
1;6;-0.01;-0.02;0;1;0
1;9;0.00;0.00;0;0;0
1;7;0.00;0.00;0;0;0
1;8;0.01;-0.02;0;0;-1
1;8;0.00;0.00;0;0;0
1;8;0.00;0.00;0;0;0
1;13;0.00;0.00;0;0;0
1;6;-0.01;-0.02;0;1;0
1;7;0.00;0.00;0;0;0
1;7;0.01;-0.02;0;0;-1
1;8;0.00;0.00;0;0;0
1;8;0.00;0.00;0;0;0
1;9;0.00;0.00;0;0;0
1;8;-0.01;-0.02;0;1;0
1;8;0.00;0.00;0;0;0
1;8;0.00;0.00;0;0;0
1;8;0.01;-0.02;0;0;-1
1;9;0.00;0.00;0;0;0
1;8;0.00;0.00;0;0;0
1;8;0.00;0.00;0;0;0
1;8;-0.01;-0.02;0;1;0
1;8;0.00;0.00;0;0;0
1;9;0.00;0.00;0;0;0
1;8;0.01;-0.02;0;0;-1
1;8;0.00;0.00;0;0;0
1;14;-0.01;-0.02;0;1;0
1;11;0.00;0.00;0;0;0
1;9;0.00;0.00;0;0;0
1;8;0.00;0.00;0;0;0
1;8;0.00;0.00;0;0;0
1;8;0.01;-0.02;0;0;-1
1;10;0.00;0.00;0;0;0
1;7;-0.01;-0.02;0;1;0
1;7;0.00;0.00;0;0;0
1;8;0.00;0.00;0;0;0
1;9;0.00;0.00;0;0;0
1;7;0.01;-0.02;0;0;-1
1;9;0.00;0.00;0;0;0
1;8;0.00;0.00;0;0;0
1;8;-0.01;-0.02;0;1;0
1;9;0.00;0.00;0;0;0
1;7;0.00;0.00;0;0;0
1;10;0.00;0.00;0;0;0
1;7;0.00;0.00;0;0;0
1;9;0.00;0.00;0;0;0
1;8;0.01;-0.02;0;0;-1
1;7;-0.01;-0.02;0;1;0
1;9;0.00;0.00;0;0;0
1;8;0.00;0.00;0;0;0
1;8;0.00;0.00;0;0;0
1;8;0.00;0.00;0;0;0
1;8;0.00;0.00;0;0;0
1;9;0.00;0.00;0;0;0
1;8;0.00;-0.04;0;1;-1
1;8;0.00;0.00;0;0;0
1;8;0.00;0.00;0;0;0
1;8;0.00;0.00;0;0;0
1;8;0.00;0.00;0;0;0
1;10;0.00;0.00;0;0;0
1;7;0.00;0.00;0;0;0
1;8;0.00;-0.04;0;1;-1
1;8;0.00;0.00;0;0;0
1;8;0.00;0.00;0;0;0
1;9;0.01;-0.02;0;0;-1
1;13;0.00;0.00;0;0;0
1;8;0.00;0.00;0;0;0
1;9;0.00;-0.04;0;1;-1
1;10;0.00;0.00;0;0;0
1;6;0.01;-0.02;0;0;-1
1;8;0.00;0.00;0;0;0
1;7;0.00;0.00;0;0;0
1;8;0.01;-0.02;0;0;-1
1;8;0.00;0.00;0;0;0
1;9;0.01;-0.02;0;0;-1
1;8;-0.01;-0.02;0;1;0
1;8;0.01;-0.02;0;0;-1
1;8;0.00;0.00;0;0;0
1;8;0.01;-0.02;0;0;-1
1;9;0.00;0.00;0;0;0
1;8;0.00;0.00;0;0;0
1;8;0.00;-0.04;0;1;-1
1;8;0.00;0.00;0;0;0
1;8;0.01;-0.02;0;0;-1
1;9;0.00;0.00;0;0;0
1;8;0.00;0.00;0;0;0
1;9;0.00;0.00;0;0;0
1;11;0.00;-0.04;0;1;-1
1;8;0.00;0.00;0;0;0
1;9;0.00;0.00;0;0;0
1;8;0.00;0.00;0;0;0
1;15;0.00;0.00;0;0;0
1;6;-0.01;-0.02;0;1;0
1;7;0.00;0.00;0;0;0
1;9;0.00;0.00;0;0;0
1;8;0.00;0.00;0;0;0
1;8;0.00;0.00;0;0;0
1;8;0.00;0.00;0;0;0
1;8;0.00;0.00;0;0;0
1;9;0.01;-0.02;0;0;-1
1;8;-0.01;-0.02;0;1;0
1;8;0.00;0.00;0;0;0
1;14;0.00;0.00;0;0;0
1;14;0.00;0.00;0;0;0
1;6;0.00;0.00;0;0;0
1;16;0.01;-0.02;0;0;-1
1;8;0.00;0.00;0;0;0
1;8;0.00;0.00;0;0;0
1;8;-0.01;-0.02;0;1;0
1;8;0.00;0.00;0;0;0
1;8;0.01;-0.02;0;0;-1
1;8;0.00;0.00;0;0;0
1;9;0.00;0.00;0;0;0
1;9;0.00;0.00;0;0;0
1;7;0.01;-0.02;1;1;0
1;8;0.00;0.00;0;0;0
1;8;0.01;-0.02;0;0;-1
1;8;0.00;0.00;0;0;0
1;9;0.00;0.00;0;0;0
1;8;0.00;0.00;0;0;0
1;8;0.00;0.00;0;0;0
1;8;0.00;0.00;0;0;0
1;10;-0.01;-0.02;0;1;0
1;8;0.01;-0.02;0;0;-1
1;8;0.00;0.00;0;0;0
1;7;0.00;0.00;0;0;0
1;8;0.00;0.00;0;0;0
1;8;0.00;0.00;0;0;0
1;9;0.00;0.00;0;0;0
1;8;-0.01;-0.02;0;1;0
1;20;0.01;-0.02;0;0;-1
1;8;0.00;0.00;0;0;0
1;9;0.00;0.00;0;0;0
1;12;0.00;0.00;0;0;0
1;7;0.00;0.00;0;0;0
1;6;0.00;0.00;0;0;0
1;10;0.00;-0.04;0;1;-1
1;7;0.00;0.00;0;0;0
1;7;0.00;0.00;0;0;0
1;9;-0.01;-0.02;0;1;0
1;9;0.00;0.00;0;0;0
1;7;-0.01;-0.02;0;1;0
1;10;0.01;-0.02;0;0;-1
1;7;0.00;0.00;0;0;0
1;9;-0.01;-0.02;0;1;0
1;6;0.00;0.00;0;0;0
1;11;-0.01;-0.02;0;1;0
1;10;0.00;0.00;0;0;0
1;8;0.00;-0.04;0;1;-1
1;5;0.00;0.00;0;0;0
1;7;-0.01;-0.02;0;1;0
1;8;0.00;0.00;0;0;0
1;10;-0.01;-0.02;0;1;0
1;7;0.00;0.00;0;0;0
1;8;0.01;-0.02;0;0;-1
1;9;-0.01;-0.02;0;1;0
1;10;0.00;0.00;0;0;0
1;6;0.00;0.00;0;0;0
1;8;0.00;0.00;0;0;0
1;8;0.01;-0.02;0;0;-1
1;8;-0.01;-0.02;0;1;0
1;8;0.00;0.00;0;0;0
1;8;0.00;0.00;0;0;0
1;9;0.00;0.00;0;0;0
1;10;0.01;-0.02;0;0;-1
1;13;0.00;0.00;0;0;0
1;6;0.00;0.00;0;0;0
1;7;0.00;0.00;0;0;0
1;9;0.00;0.00;0;0;0
1;14;0.00;-0.04;0;1;-1
1;9;0.00;0.00;0;0;0
1;8;0.00;0.00;0;0;0
1;10;0.00;0.00;0;0;0
1;4;0.00;0.00;0;0;0
1;8;0.00;0.00;0;0;0
1;8;0.00;0.00;0;0;0
1;8;-0.01;-0.02;0;1;0
1;8;0.00;0.00;0;0;0
1;9;0.01;-0.02;0;0;-1
1;8;0.00;0.00;0;0;0
1;8;0.00;0.00;0;0;0
1;8;-0.01;-0.02;0;1;0
1;8;0.00;0.00;0;0;0
1;9;0.00;0.00;0;0;0
1;9;0.00;0.00;0;0;0
1;7;0.00;-0.04;0;1;-1
1;8;0.00;0.00;0;0;0
1;9;0.00;0.00;0;0;0
1;9;-0.01;-0.02;0;1;0
1;8;0.00;0.00;0;0;0
1;7;-0.01;-0.02;0;1;0
1;8;0.01;-0.02;0;0;-1
1;9;-0.01;-0.02;0;1;0
1;9;0.00;0.00;0;0;0
1;7;-0.01;-0.02;0;1;0
1;15;-0.01;-0.02;0;1;0
1;8;0.00;0.00;0;0;0
1;7;0.00;-0.04;0;1;-1
1;8;0.00;0.00;0;0;0
1;7;-0.01;-0.02;0;1;0
1;8;0.00;0.00;0;0;0
1;8;-0.01;-0.02;0;1;0
1;8;0.00;0.00;0;0;0
1;9;0.00;-0.04;0;1;-1
1;8;0.00;0.00;0;0;0
1;8;0.00;0.00;0;0;0
1;8;0.00;0.00;0;0;0
1;14;-0.01;-0.02;0;1;0
1;8;0.01;-0.02;0;0;-1
1;7;0.00;0.00;0;0;0
1;8;0.00;0.00;0;0;0
1;8;0.00;0.00;0;0;0
1;8;0.00;0.00;0;0;0
1;9;0.01;-0.02;0;0;-1
1;8;0.00;0.00;0;0;0
1;8;0.00;0.00;0;0;0
1;8;-0.01;-0.02;0;1;0
1;14;0.00;0.00;0;0;0
1;8;0.00;0.00;0;0;0
1;8;0.00;0.00;0;0;0
1;14;0.01;-0.02;0;0;-1
1;8;0.00;0.00;0;0;0
1;7;0.00;0.00;0;0;0
1;7;-0.01;-0.02;0;1;0
1;8;0.00;0.00;0;0;0
1;8;0.00;0.00;0;0;0
1;8;0.00;0.00;0;0;0
1;8;0.00;0.00;0;0;0
1;9;0.01;-0.02;0;0;-1
1;8;0.00;0.00;0;0;0
1;8;-0.01;-0.02;0;1;0
1;8;0.00;0.00;0;0;0
1;8;0.00;0.00;0;0;0
1;9;0.00;0.00;0;0;0
1;8;0.00;0.00;0;0;0
1;8;0.01;-0.02;0;0;-1
1;8;-0.01;-0.02;0;1;0
1;8;0.00;0.00;0;0;0
1;9;0.00;0.00;0;0;0
1;8;0.00;0.00;0;0;0
1;8;0.00;0.00;0;0;0
1;11;0.01;-0.02;0;0;-1
1;6;0.00;0.00;0;0;0
1;8;-0.01;-0.02;0;1;0
1;8;0.00;0.00;0;0;0
1;17;0.00;0.00;0;0;0
1;15;0.01;-0.02;0;0;-1
1;10;-0.01;-0.02;0;1;0
1;14;0.00;0.00;0;0;0
1;6;0.00;0.00;0;0;0
1;7;0.01;-0.02;0;0;-1
1;9;0.00;0.00;0;0;0
1;8;0.00;0.00;0;0;0
1;8;-0.01;-0.02;0;1;0
1;8;0.00;0.00;0;0;0
1;8;0.00;0.00;0;0;0
1;10;0.00;0.00;0;0;0
1;8;0.01;-0.02;0;0;-1
1;7;0.00;0.00;0;0;0
1;9;-0.01;-0.02;0;1;0
1;7;0.00;0.00;0;0;0
1;12;-0.01;-0.02;0;1;0
1;6;0.00;0.00;0;0;0
1;7;0.00;0.00;0;0;0
1;8;-0.01;-0.02;0;1;0
1;11;0.01;-0.02;0;0;-1
1;6;-0.01;-0.02;0;1;0
1;8;0.00;0.00;0;0;0
1;8;-0.01;-0.02;0;1;0
1;11;-0.01;-0.02;0;1;0
1;7;0.00;0.00;0;0;0
1;10;-0.01;-0.02;0;1;0
1;21;0.00;-0.04;0;1;-1
1;9;-0.01;-0.02;0;1;0
1;10;0.00;0.00;0;0;0
1;10;0.00;-0.04;0;1;-1
1;8;0.00;0.00;0;0;0
1;8;0.00;0.00;0;0;0
1;8;-0.01;-0.02;0;1;0
1;8;0.01;-0.02;0;0;-1
1;9;0.00;0.00;0;0;0
1;8;0.00;0.00;0;0;0
1;17;0.00;0.00;0;0;0
1;7;0.00;-0.04;0;1;-1
1;9;0.00;0.00;0;0;0
1;11;0.00;0.00;0;0;0
1;5;0.00;0.00;0;0;0
1;8;0.00;0.00;0;0;0
1;8;0.00;0.00;0;0;0
1;12;0.01;-0.02;0;0;-1
1;6;0.00;0.00;0;0;0
1;7;0.00;0.00;0;0;0
1;8;0.00;0.00;0;0;0
1;9;-0.01;-0.02;0;1;0
1;7;0.00;0.00;0;0;0
1;10;0.00;0.00;0;0;0
1;7;0.01;-0.02;0;0;-1
1;10;0.00;0.00;0;0;0
1;6;0.00;0.00;0;0;0
1;8;0.00;0.00;0;0;0
1;9;-0.01;-0.02;0;1;0
1;9;0.00;0.00;0;0;0
1;7;0.01;-0.02;0;0;-1
1;8;0.00;0.00;0;0;0
1;8;0.00;0.00;0;0;0
1;9;0.00;0.00;0;0;0
1;8;-0.01;-0.02;0;1;0
1;10;0.00;0.00;0;0;0
1;7;0.01;-0.02;0;0;-1
1;12;0.00;0.00;0;0;0
1;11;0.00;0.00;0;0;0
1;6;-0.01;-0.02;0;1;0
1;7;0.00;0.00;0;0;0
1;8;0.00;0.00;0;0;0
1;8;0.00;0.00;0;0;0
1;9;0.01;-0.02;0;0;-1
1;8;0.00;0.00;0;0;0
1;8;-0.01;-0.02;0;1;0
1;9;0.00;0.00;0;0;0
1;7;0.00;0.00;0;0;0
1;10;0.00;0.00;0;0;0
1;7;0.01;-0.02;0;0;-1
1;10;0.00;0.00;0;0;0
1;6;0.00;0.00;0;0;0
1;8;0.00;0.00;0;0;0
1;9;-0.01;-0.02;0;1;0
1;9;0.00;0.00;0;0;0
1;7;0.01;-0.02;0;0;-1
1;8;0.00;0.00;0;0;0
1;8;0.00;0.00;0;0;0
1;12;0.00;0.00;0;0;0
1;5;0.00;0.00;0;0;0
1;8;-0.01;-0.02;0;1;0
1;8;0.01;-0.02;0;0;-1
1;9;0.00;0.00;0;0;0
1;8;0.00;0.00;0;0;0
1;8;0.00;0.00;0;0;0
1;8;0.00;0.00;0;0;0
1;8;-0.01;-0.02;0;1;0
1;8;0.00;0.00;0;0;0
1;8;0.01;-0.02;0;0;-1
1;9;0.00;0.00;0;0;0
1;8;0.00;0.00;0;0;0
1;8;0.00;0.00;0;0;0
1;8;-0.01;-0.02;0;1;0
1;11;0.00;0.00;0;0;0
1;8;0.01;-0.02;0;0;-1
1;7;0.00;0.00;0;0;0
1;8;0.00;0.00;0;0;0
1;10;0.00;0.00;0;0;0
1;5;0.00;0.00;0;0;0
1;9;-0.01;-0.02;0;1;0
1;8;0.01;-0.02;0;0;-1
1;8;0.00;0.00;0;0;0
1;8;0.00;0.00;0;0;0
1;11;0.00;0.00;0;0;0
1;5;0.00;0.00;0;0;0
1;9;0.00;0.00;0;0;0
1;8;-0.01;-0.02;0;1;0
1;11;0.01;-0.02;0;0;-1
1;5;0.00;0.00;0;0;0
1;12;0.00;0.00;0;0;0
1;5;0.00;0.00;0;0;0
1;8;0.00;0.00;0;0;0
1;9;0.00;0.00;0;0;0
1;7;-0.01;-0.02;0;1;0
1;8;0.00;0.00;0;0;0
1;9;0.01;-0.02;0;0;-1
1;8;0.00;0.00;0;0;0
1;8;0.00;0.00;0;0;0
1;8;0.00;0.00;0;0;0
1;8;0.00;0.00;0;0;0
1;9;-0.01;-0.02;0;1;0
1;8;0.01;-0.02;0;0;-1
1;14;0.00;0.00;0;0;0
1;6;0.00;0.00;0;0;0
1;16;0.00;0.00;0;0;0
1;9;0.00;-0.04;0;1;-1
1;7;0.00;0.00;0;0;0
1;5;0.00;0.00;0;0;0
1;9;0.00;0.00;0;0;0
1;12;0.00;0.00;0;0;0
1;6;0.00;0.00;0;0;0
1;7;0.01;-0.02;0;0;-1
1;7;0.00;0.00;0;0;0
1;11;-0.01;-0.02;0;1;0
1;6;0.00;0.00;0;0;0
1;12;0.00;0.00;0;0;0
1;5;0.00;0.00;0;0;0
1;11;0.00;0.00;0;0;0
1;4;0.01;-0.02;0;0;-1
1;8;-0.01;-0.02;0;1;0
1;9;0.00;0.00;0;0;0
1;12;0.00;0.00;0;0;0
1;8;0.00;0.00;0;0;0
1;8;0.00;0.00;0;0;0
1;8;0.01;-0.02;0;0;-1
1;9;-0.01;-0.02;0;1;0
1;8;0.00;0.00;0;0;0
1;8;0.00;0.00;0;0;0
1;13;0.00;0.00;0;0;0
1;7;0.00;0.00;0;0;0
1;18;0.00;-0.04;0;1;-1
1;9;0.00;0.00;0;0;0
1;6;0.00;0.00;0;0;0
1;12;0.00;0.00;0;0;0
1;5;0.00;0.00;0;0;0
1;9;0.00;0.00;0;0;0
1;7;0.01;-0.02;0;0;-1
1;8;0.00;0.00;0;0;0
1;8;-0.01;-0.02;0;1;0
1;12;0.00;0.00;0;0;0
1;6;0.00;0.00;0;0;0
1;11;0.00;0.00;0;0;0
1;5;0.00;0.00;0;0;0
1;7;0.01;-0.02;0;0;-1
1;9;0.00;0.00;0;0;0
1;8;0.00;0.00;0;0;0
1;8;-0.01;-0.02;0;1;0
1;8;0.00;0.00;0;0;0
1;8;0.00;0.00;0;0;0
1;14;0.00;0.00;0;0;0
1;8;0.00;0.00;0;0;0
1;7;-0.01;-0.02;0;1;0
1;10;0.00;0.00;0;0;0
1;6;0.00;0.00;0;0;0
1;9;0.00;0.00;0;0;0
1;8;0.00;0.00;0;0;0
1;9;0.00;0.00;0;0;0
1;7;0.00;0.00;0;0;0
1;8;0.00;0.00;0;0;0
1;9;0.00;0.00;0;0;0
1;9;-0.01;-0.02;0;1;0
1;7;0.00;0.00;0;0;0
1;8;0.00;0.00;0;0;0
1;8;0.00;0.00;0;0;0
1;10;0.00;0.00;0;0;0
1;11;0.00;0.00;0;0;0
1;4;0.00;0.00;0;0;0
1;8;0.00;0.00;0;0;0
1;8;0.00;0.00;0;0;0
1;8;-0.01;-0.02;0;1;0
1;9;0.00;0.00;0;0;0
1;8;-0.02;0.00;-1;0;0
1;11;0.00;0.00;0;0;0
1;5;0.00;0.00;0;0;0
1;8;0.00;0.00;0;0;0
1;9;0.00;0.00;0;0;0
1;8;0.00;0.00;0;0;0
1;8;-0.01;-0.02;0;1;0
1;8;-0.02;0.00;-1;0;0
1;8;0.00;0.00;0;0;0
1;9;0.00;0.00;0;0;0
1;11;0.00;0.00;0;0;0
1;5;0.00;0.00;0;0;0
1;8;-0.01;-0.02;0;1;0
1;8;-0.02;0.00;-1;0;0
1;12;0.00;0.00;0;0;0
1;6;0.00;0.00;0;0;0
1;7;0.00;0.00;0;0;0
1;8;0.00;0.00;0;0;0
1;10;-0.01;-0.02;0;1;0
1;6;0.00;0.00;0;0;0
1;9;-0.02;0.00;-1;0;0
1;19;0.00;0.00;0;0;0
1;5;0.00;0.00;0;0;0
1;9;0.00;0.00;0;0;0
1;8;-0.01;-0.02;0;1;0
1;9;0.00;0.00;0;0;0
1;7;-0.02;0.00;-1;0;0
1;8;0.00;0.00;0;0;0
1;8;0.00;0.00;0;0;0
1;10;0.00;0.00;0;0;0
1;7;0.00;0.00;0;0;0
1;8;0.00;0.00;0;0;0
1;8;0.00;0.00;0;0;0
1;8;-0.04;-0.02;-1;1;0
1;15;0.00;0.00;0;0;0
1;7;0.00;0.00;0;0;0
1;8;0.00;0.00;0;0;0
1;7;0.00;0.00;0;0;0
1;8;0.00;0.00;0;0;0
1;9;-0.04;-0.02;-1;1;0
1;9;0.00;0.00;0;0;0
1;7;0.00;0.00;0;0;0
1;8;-0.01;-0.02;0;1;0
1;8;0.00;0.00;0;0;0
1;10;0.00;0.00;0;0;0
1;8;-0.01;-0.02;0;1;0
1;11;-0.02;0.00;-1;0;0
1;9;0.00;0.00;0;0;0
1;7;0.00;0.00;0;0;0
1;9;-0.01;-0.02;0;1;0
1;16;0.00;0.00;0;0;0
1;5;-0.02;0.00;-1;0;0
1;7;0.01;-0.02;0;0;-1
1;9;0.00;0.00;0;0;0
1;8;0.00;0.00;0;0;0
1;8;-0.01;-0.02;0;1;0
1;8;0.00;0.00;0;0;0
1;8;-0.02;0.00;-1;0;0
1;8;0.00;0.00;0;0;0
1;9;0.00;0.00;0;0;0
1;8;0.00;0.00;0;0;0
1;8;0.00;0.00;0;0;0
1;8;-0.01;-0.02;0;1;0
1;8;0.00;0.00;0;0;0
1;16;-0.02;0.00;-1;0;0
1;5;0.00;0.00;0;0;0
1;8;0.00;0.00;0;0;0
1;9;0.00;0.00;0;0;0
1;9;-0.01;-0.02;0;1;0
1;7;0.00;0.00;0;0;0
1;8;0.00;0.00;0;0;0
1;8;-0.02;0.00;-1;0;0
1;9;0.00;0.00;0;0;0
1;7;0.00;0.00;0;0;0
1;9;0.00;0.00;0;0;0
1;8;0.00;0.00;0;0;0
1;8;-0.01;-0.02;0;1;0
1;8;-0.02;0.00;-1;0;0
1;8;0.00;0.00;0;0;0
1;9;0.00;0.00;0;0;0
1;9;0.00;0.00;0;0;0
1;7;0.00;0.00;0;0;0
1;8;0.00;0.00;0;0;0
1;11;-0.04;-0.02;-1;1;0
1;6;0.00;0.00;0;0;0
1;9;0.00;0.00;0;0;0
1;7;0.00;0.00;0;0;0
1;14;0.00;0.00;0;0;0
1;7;-0.01;-0.02;0;1;0
1;15;0.00;0.00;0;0;0
1;9;-0.02;0.00;-1;0;0
1;8;0.00;0.00;0;0;0
1;8;0.00;0.00;0;0;0
1;9;0.00;0.00;0;0;0
1;8;-0.01;-0.02;0;1;0
1;8;0.00;0.00;0;0;0
1;11;-0.02;0.00;-1;0;0
1;6;0.00;0.00;0;0;0
1;8;0.00;0.00;0;0;0
1;8;0.00;0.00;0;0;0
1;8;0.00;0.00;0;0;0
1;8;-0.01;-0.02;0;1;0
1;8;0.00;0.00;0;0;0
1;24;-0.02;0.00;-1;0;0
1;8;0.00;0.00;0;0;0
1;5;0.00;0.00;0;0;0
1;8;0.00;0.00;0;0;0
1;9;0.00;0.00;0;0;0
1;8;-0.01;-0.02;0;1;0
1;8;-0.02;0.00;-1;0;0
1;8;0.00;0.00;0;0;0
1;8;0.00;0.00;0;0;0
1;9;0.00;0.00;0;0;0
1;8;0.00;0.00;0;0;0
1;8;-0.01;-0.02;0;1;0
1;8;0.00;0.00;0;0;0
1;8;-0.02;0.00;-1;0;0
1;8;0.00;0.00;0;0;0
1;9;-0.01;-0.02;0;1;0
1;8;0.00;0.00;0;0;0
1;8;0.00;0.00;0;0;0
1;8;-0.01;-0.02;0;1;0
1;15;-0.04;-0.02;-1;1;0
1;10;0.01;-0.02;0;0;-1
1;4;-0.01;-0.02;0;1;0
1;15;-0.01;-0.02;0;1;0
1;9;0.00;0.00;0;0;0
1;9;-0.04;-0.02;-1;1;0
1;8;0.00;0.00;0;0;0
1;8;-0.01;-0.02;0;1;0
1;8;0.01;-0.02;0;0;-1
1;8;-0.01;-0.02;0;1;0
1;9;-0.01;-0.02;0;1;0
1;8;0.00;0.00;0;0;0
1;9;-0.02;-0.04;-1;1;-1
1;7;0.00;0.00;0;0;0
1;8;0.00;0.00;0;0;0
1;9;-0.01;-0.02;0;1;0
1;8;0.00;0.00;0;0;0
1;8;0.00;0.00;0;0;0
1;14;-0.01;-0.02;0;1;0
1;6;0.00;0.00;0;0;0
1;9;0.01;-0.02;0;0;-1
1;8;0.00;0.00;0;0;0
1;8;0.00;0.00;0;0;0
1;16;0.00;0.00;0;0;0
1;9;-0.01;-0.02;0;1;0
1;8;0.00;0.00;0;0;0
1;9;0.00;0.00;0;0;0
1;7;0.00;0.00;0;0;0
1;8;0.00;0.00;0;0;0
1;9;0.00;0.00;0;0;0
1;15;0.00;0.00;0;0;0
1;9;0.00;0.00;0;0;0
1;5;0.00;0.00;0;0;0
1;9;0.00;0.00;0;0;0
1;7;-0.01;-0.02;0;1;0
1;8;0.00;0.00;0;0;0
1;8;0.00;0.00;0;0;0
1;10;0.00;0.00;0;0;0
1;6;0.00;0.00;0;0;0
1;9;0.00;0.00;0;0;0
1;8;0.00;0.00;0;0;0
1;12;-0.01;-0.02;0;1;0
1;8;0.00;0.00;0;0;0
1;8;0.00;0.00;0;0;0
1;12;0.00;0.00;0;0;0
1;6;0.00;0.00;0;0;0
1;7;-0.01;-0.02;0;1;0
1;8;0.00;0.00;0;0;0
1;11;0.00;0.00;0;0;0
1;9;0.00;0.00;0;0;0
1;5;0.00;0.00;0;0;0
1;8;0.00;0.00;0;0;0
1;8;0.00;0.00;0;0;0
1;8;0.00;0.00;0;0;0
1;10;-0.01;-0.02;0;1;0
1;7;0.00;0.00;0;0;0
1;9;0.00;0.00;0;0;0
1;7;0.00;0.00;0;0;0
1;8;0.00;0.00;0;0;0
1;9;0.00;0.00;0;0;0
1;10;-0.01;-0.02;0;1;0
1;6;0.00;0.00;0;0;0
1;8;0.00;0.00;0;0;0
1;8;0.00;0.00;0;0;0
1;11;0.00;0.00;0;0;0
1;6;0.00;0.00;0;0;0
1;9;-0.04;-0.02;-1;1;0
1;11;0.00;0.00;0;0;0
1;4;0.00;0.00;0;0;0
1;8;0.00;0.00;0;0;0
1;9;0.00;0.00;0;0;0
1;8;0.00;0.00;0;0;0
1;8;-0.02;0.00;-1;0;0
1;8;-0.01;-0.02;0;1;0
1;8;0.00;0.00;0;0;0
1;9;0.00;0.00;0;0;0
1;8;0.00;0.00;0;0;0
1;8;0.00;0.00;0;0;0
1;8;0.00;0.00;0;0;0
1;8;-0.04;-0.02;-1;1;0
1;9;0.00;0.00;0;0;0
1;8;0.00;0.00;0;0;0
1;8;0.00;0.00;0;0;0
1;8;0.00;0.00;0;0;0
1;8;0.00;0.00;0;0;0
1;12;-0.01;-0.02;0;1;0
1;5;-0.02;0.00;-1;0;0
1;8;0.00;0.00;0;0;0
1;8;0.00;0.00;0;0;0
1;8;0.00;0.00;0;0;0
1;8;0.00;0.00;0;0;0
1;9;0.00;0.00;0;0;0
1;8;-0.01;-0.02;0;1;0
1;28;-0.02;0.00;-1;0;0
1;8;0.00;0.00;0;0;0
1;11;-0.01;-0.02;0;1;0
1;6;0.00;0.00;0;0;0
1;8;-0.02;0.00;-1;0;0
1;8;0.00;0.00;0;0;0
1;9;0.00;0.00;0;0;0
1;8;0.00;0.00;0;0;0
1;8;0.00;0.00;0;0;0
1;8;0.00;0.00;0;0;0
1;8;0.00;0.00;0;0;0
1;9;-0.02;0.00;-1;0;0
1;8;0.00;0.00;0;0;0
1;12;0.00;0.00;0;0;0
1;8;-0.01;-0.02;0;1;0
1;9;0.00;0.00;0;0;0
1;8;0.00;0.00;0;0;0
1;8;0.00;0.00;0;0;0
1;8;-0.02;0.00;-1;0;0
1;8;0.00;0.00;0;0;0
1;8;0.00;0.00;0;0;0
1;9;-0.01;-0.02;0;1;0
1;11;0.00;0.00;0;0;0
1;6;0.00;0.00;0;0;0
1;7;0.00;0.00;0;0;0
1;8;0.00;0.00;0;0;0
1;10;-0.02;0.00;-1;0;0
1;7;-0.01;-0.02;0;1;0
1;8;0.00;0.00;0;0;0
1;8;0.00;0.00;0;0;0
1;8;0.00;0.00;0;0;0
1;9;0.00;0.00;0;0;0
1;8;0.00;0.00;0;0;0
1;8;-0.02;0.00;-1;0;0
1;8;-0.01;-0.02;0;1;0
1;8;0.00;0.00;0;0;0
1;9;0.00;0.00;0;0;0
1;8;0.00;0.00;0;0;0
1;8;0.00;0.00;0;0;0
1;8;0.00;0.00;0;0;0
1;10;-0.01;-0.02;0;1;0
1;6;-0.02;0.00;-1;0;0
1;11;0.00;0.00;0;0;0
1;6;0.00;0.00;0;0;0
1;8;0.00;0.00;0;0;0
1;8;0.00;0.00;0;0;0
1;13;-0.01;-0.02;0;1;0
1;14;-0.02;0.00;-1;0;0
1;10;0.00;0.00;0;0;0
1;8;0.00;0.00;0;0;0
1;9;0.00;0.00;0;0;0
1;8;-0.01;-0.02;0;1;0
1;8;0.00;0.00;0;0;0
1;8;0.00;0.00;0;0;0
1;8;0.00;0.00;0;0;0
1;8;-0.02;0.00;-1;0;0
1;9;-0.01;-0.02;0;1;0
1;8;0.00;0.00;0;0;0
1;8;0.00;0.00;0;0;0
1;8;-0.01;-0.02;0;1;0
1;8;0.00;0.00;0;0;0
1;9;0.00;0.00;0;0;0
1;8;-0.02;0.00;-1;0;0
1;8;-0.01;-0.02;0;1;0
1;8;0.00;0.00;0;0;0
1;8;0.00;0.00;0;0;0
1;9;0.00;0.00;0;0;0
1;8;0.00;0.00;0;0;0
1;8;-0.04;-0.02;-1;1;0
1;8;0.00;0.00;0;0;0
1;8;0.00;0.00;0;0;0
1;9;0.00;0.00;0;0;0
1;8;0.00;0.00;0;0;0
1;8;0.00;0.00;0;0;0
1;8;-0.01;-0.02;0;1;0
1;8;-0.02;0.00;-1;0;0
1;9;0.00;0.00;0;0;0
1;8;0.00;0.00;0;0;0
1;8;0.00;0.00;0;0;0
1;8;0.00;0.00;0;0;0
1;8;0.00;0.00;0;0;0
1;8;0.00;0.00;0;0;0
1;9;-0.01;-0.02;0;1;0
1;8;-0.02;0.00;-1;0;0
1;8;0.00;0.00;0;0;0
1;13;0.00;0.00;0;0;0
1;8;0.00;0.00;0;0;0
1;8;0.00;0.00;0;0;0
1;8;0.00;0.00;0;0;0
1;9;-0.04;-0.02;-1;1;0
1;7;0.00;0.00;0;0;0
1;8;0.00;0.00;0;0;0
1;9;0.00;0.00;0;0;0
1;8;0.00;0.00;0;0;0
1;8;0.00;0.00;0;0;0
1;8;0.00;0.00;0;0;0
1;8;-0.04;-0.02;-1;1;0
1;13;0.00;0.00;0;0;0
1;8;0.00;0.00;0;0;0
1;8;0.00;0.00;0;0;0
1;14;0.00;0.00;0;0;0
1;7;-0.01;-0.02;0;1;0
1;8;-0.02;0.00;-1;0;0
1;11;0.00;0.00;0;0;0
1;5;0.00;0.00;0;0;0
1;8;0.00;0.00;0;0;0
1;9;0.00;0.00;0;0;0
1;11;0.00;0.00;0;0;0
1;5;-0.01;-0.02;0;1;0
1;8;-0.02;0.00;-1;0;0
1;8;0.00;0.00;0;0;0
1;12;0.00;0.00;0;0;0
1;5;0.00;0.00;0;0;0
1;8;0.00;0.00;0;0;0
1;8;0.00;0.00;0;0;0
1;8;-0.01;-0.02;0;1;0
1;8;-0.02;0.00;-1;0;0
1;14;0.00;0.00;0;0;0
1;7;0.00;0.00;0;0;0
1;8;0.00;0.00;0;0;0
1;8;0.00;0.00;0;0;0
1;9;-0.01;-0.02;0;1;0
1;8;-0.02;0.00;-1;0;0
1;12;0.00;0.00;0;0;0
1;12;0.00;0.00;0;0;0
1;8;0.00;0.00;0;0;0
1;9;0.00;0.00;0;0;0
1;12;-0.04;-0.02;-1;1;0
1;8;0.00;0.00;0;0;0
1;8;0.00;0.00;0;0;0
1;9;0.00;0.00;0;0;0
1;8;0.00;0.00;0;0;0
1;8;0.00;0.00;0;0;0
1;8;-0.04;-0.02;-1;1;0
1;8;0.00;0.00;0;0;0
1;11;0.00;0.00;0;0;0
1;6;0.00;0.00;0;0;0
1;8;0.00;0.00;0;0;0
1;8;0.00;0.00;0;0;0
1;12;-0.04;-0.02;-1;1;0
1;9;0.00;0.00;0;0;0
1;8;0.00;0.00;0;0;0
1;21;0.00;0.00;0;0;0
1;7;-0.02;0.00;-1;0;0
1;13;-0.01;-0.02;0;1;0
1;8;0.00;0.00;0;0;0
1;8;0.00;0.00;0;0;0
1;8;0.00;0.00;0;0;0
1;8;0.00;0.00;0;0;0
1;9;-0.02;0.00;-1;0;0
1;8;0.00;0.00;0;0;0
1;8;-0.01;-0.02;0;1;0
1;8;0.00;0.00;0;0;0
1;8;0.00;0.00;0;0;0
1;9;0.00;0.00;0;0;0
1;8;-0.02;0.00;-1;0;0
1;8;0.00;0.00;0;0;0
1;8;0.00;0.00;0;0;0
1;8;-0.01;-0.02;0;1;0
1;12;0.00;0.00;0;0;0
1;5;0.00;0.00;0;0;0
1;11;0.00;0.00;0;0;0
1;5;-0.02;0.00;-1;0;0
1;8;0.00;0.00;0;0;0
1;10;0.00;0.00;0;0;0
1;13;-0.01;-0.02;0;1;0
1;10;0.00;0.00;0;0;0
1;11;-0.02;0.00;-1;0;0
1;9;0.00;0.00;0;0;0
1;5;0.00;0.00;0;0;0
1;8;0.00;0.00;0;0;0
1;9;0.00;0.00;0;0;0
1;9;-0.01;-0.02;0;1;0
1;6;0.00;0.00;0;0;0
1;9;-0.02;0.00;-1;0;0
1;8;0.00;0.00;0;0;0
1;8;0.00;0.00;0;0;0
1;8;0.00;0.00;0;0;0
1;8;0.00;0.00;0;0;0
1;9;-0.04;-0.02;-1;1;0
1;8;0.00;0.00;0;0;0
1;8;0.00;0.00;0;0;0
1;8;0.00;0.00;0;0;0
1;8;0.00;0.00;0;0;0
1;9;0.00;0.00;0;0;0
1;11;-0.02;0.00;-1;0;0
1;5;0.00;0.00;0;0;0
1;8;-0.01;-0.02;0;1;0
1;8;0.00;0.00;0;0;0
1;9;0.00;0.00;0;0;0
1;8;0.00;0.00;0;0;0
1;8;0.00;0.00;0;0;0
1;8;-0.02;0.00;-1;0;0
1;8;0.00;0.00;0;0;0
1;9;-0.01;-0.02;0;1;0
1;8;0.00;0.00;0;0;0
1;8;0.00;0.00;0;0;0
1;8;0.00;0.00;0;0;0
1;11;-0.02;0.00;-1;0;0
1;6;0.00;0.00;0;0;0
1;8;0.00;0.00;0;0;0
1;8;0.00;0.00;0;0;0
1;8;0.00;0.00;0;0;0
1;8;-0.01;-0.02;0;1;0
1;10;-0.02;0.00;-1;0;0
1;7;0.00;0.00;0;0;0
1;8;0.00;0.00;0;0;0
1;8;0.00;0.00;0;0;0
1;8;0.00;0.00;0;0;0
1;11;0.00;0.00;0;0;0
1;6;0.00;0.00;0;0;0
1;11;-0.04;-0.02;-1;1;0
1;9;0.00;0.00;0;0;0
1;9;0.00;0.00;0;0;0
1;7;0.00;0.00;0;0;0
1;9;0.00;0.00;0;0;0
1;8;0.00;0.00;0;0;0
1;8;-0.02;0.00;-1;0;0
1;9;-0.01;-0.02;0;1;0
1;7;0.00;0.00;0;0;0
1;9;0.00;0.00;0;0;0
1;8;0.00;0.00;0;0;0
1;8;0.00;0.00;0;0;0
1;8;-0.02;0.00;-1;0;0
1;15;0.00;0.00;0;0;0
1;6;0.00;0.00;0;0;0
1;8;-0.01;-0.02;0;1;0
1;8;0.00;0.00;0;0;0
1;9;0.00;0.00;0;0;0
1;7;-0.04;-0.02;-1;1;0
1;9;0.00;0.00;0;0;0
1;8;0.00;0.00;0;0;0
1;8;-0.01;-0.02;0;1;0
1;8;0.00;0.00;0;0;0
1;8;-0.01;-0.02;0;1;0
1;9;0.00;0.00;0;0;0
1;8;-0.02;0.00;-1;0;0
1;11;-0.01;-0.02;0;1;0
1;5;0.00;0.00;0;0;0
1;10;-0.01;-0.02;0;1;0
1;7;0.00;0.00;0;0;0
1;8;-0.01;-0.02;0;1;0
1;8;-0.02;0.00;-1;0;0
1;11;-0.01;-0.02;0;1;0
1;6;0.00;0.00;0;0;0
1;7;0.00;0.00;0;0;0
1;9;0.00;0.00;0;0;0
1;8;-0.04;-0.02;-1;1;0
1;8;0.00;0.00;0;0;0
1;8;0.00;0.00;0;0;0
1;8;0.00;0.00;0;0;0
1;12;-0.02;0.00;-1;0;0
1;5;0.00;0.00;0;0;0
1;8;0.00;0.00;0;0;0
1;8;0.00;0.00;0;0;0
1;8;0.00;0.00;0;0;0
1;9;-0.01;-0.02;0;1;0
1;13;-0.02;0.00;-1;0;0
1;13;0.00;0.00;0;0;0
1;6;0.00;0.00;0;0;0
1;11;0.00;0.00;0;0;0
1;6;0.00;0.00;0;0;0
1;8;0.00;0.00;0;0;0
1;8;0.00;0.00;0;0;0
1;8;-0.01;-0.02;0;1;0
1;9;-0.02;0.00;-1;0;0
1;8;0.00;0.00;0;0;0
1;8;0.00;0.00;0;0;0
1;8;0.00;0.00;0;0;0
1;8;0.00;0.00;0;0;0
1;8;0.00;0.00;0;0;0
1;9;-0.01;-0.02;0;1;0
1;8;-0.02;0.00;-1;0;0
1;8;0.00;0.00;0;0;0
1;8;0.00;0.00;0;0;0
1;8;0.00;0.00;0;0;0
1;9;0.00;0.00;0;0;0
1;8;-0.01;-0.02;0;1;0
1;7;0.00;0.00;0;0;0
1;9;-0.02;0.00;-1;0;0
1;8;0.00;0.00;0;0;0
1;9;0.00;0.00;0;0;0
1;8;0.00;0.00;0;0;0
1;11;0.00;0.00;0;0;0
1;6;-0.02;0.00;-1;0;0
1;9;-0.01;-0.02;0;1;0
1;7;0.00;0.00;0;0;0
1;11;0.00;0.00;0;0;0
1;5;0.00;0.00;0;0;0
1;9;0.00;0.00;0;0;0
1;7;0.00;0.00;0;0;0
1;11;-0.02;0.00;-1;0;0
1;6;0.00;0.00;0;0;0
1;8;0.00;0.00;0;0;0
1;8;-0.01;-0.02;0;1;0
1;8;0.00;0.00;0;0;0
1;8;0.00;0.00;0;0;0
1;9;0.00;0.00;0;0;0
1;8;-0.02;0.00;-1;0;0
1;10;0.00;0.00;0;0;0
1;6;0.00;0.00;0;0;0
1;8;-0.01;-0.02;0;1;0
1;9;0.00;0.00;0;0;0
1;8;0.00;0.00;0;0;0
1;8;0.00;0.00;0;0;0
1;8;-0.02;0.00;-1;0;0
1;8;0.00;0.00;0;0;0
1;9;0.00;0.00;0;0;0
1;8;-0.01;-0.02;0;1;0
1;9;0.00;0.00;0;0;0
1;7;0.00;0.00;0;0;0
1;8;0.00;0.00;0;0;0
1;9;-0.02;0.00;-1;0;0
1;8;-0.01;-0.02;0;1;0
1;8;0.00;0.00;0;0;0
1;8;0.00;0.00;0;0;0
1;8;0.00;0.00;0;0;0
1;9;-0.01;-0.02;0;1;0
1;8;0.00;0.00;0;0;0
1;8;-0.02;0.00;-1;0;0
1;8;0.00;0.00;0;0;0
1;8;0.00;0.00;0;0;0
1;8;-0.01;-0.02;0;1;0
1;8;0.00;0.00;0;0;0
1;13;-0.02;0.00;-1;0;0
1;8;0.00;0.00;0;0;0
1;8;0.00;0.00;0;0;0
1;9;0.00;0.00;0;0;0
1;8;-0.01;-0.02;0;1;0
1;9;-0.02;0.00;-1;0;0
1;7;0.00;0.00;0;0;0
1;8;0.00;0.00;0;0;0
1;8;0.00;0.00;0;0;0
1;9;-0.01;-0.02;0;1;0
1;8;0.00;0.00;0;0;0
1;8;-0.02;0.00;-1;0;0
1;8;0.00;0.00;0;0;0
1;8;0.00;0.00;0;0;0
1;9;0.00;0.00;0;0;0
1;8;0.00;0.00;0;0;0
1;10;-0.01;-0.02;0;1;0
1;6;0.00;0.00;0;0;0
1;8;-0.02;0.00;-1;0;0
1;9;0.00;0.00;0;0;0
1;8;-0.01;-0.02;0;1;0
1;8;0.00;0.00;0;0;0
1;8;0.00;0.00;0;0;0
1;8;-0.01;-0.02;0;1;0
1;9;-0.02;0.00;-1;0;0
1;8;-0.01;-0.02;0;1;0
1;7;0.00;0.00;0;0;0
1;9;-0.01;-0.02;0;1;0
1;8;0.00;0.00;0;0;0
1;9;-0.01;-0.02;0;1;0
1;8;0.00;0.00;0;0;0
1;7;-0.01;-0.02;0;1;0
1;10;-0.02;0.00;-1;0;0
1;15;-0.01;-0.02;0;1;0
1;9;-0.01;-0.02;0;1;0
1;8;0.00;0.00;0;0;0
1;10;-0.01;-0.02;0;1;0
1;6;-0.02;0.00;-1;0;0
1;8;-0.01;-0.02;0;1;0
1;9;0.00;0.00;0;0;0
1;8;0.00;0.00;0;0;0
1;8;0.00;0.00;0;0;0
1;8;-0.01;-0.02;0;1;0
1;8;0.00;0.00;0;0;0
1;11;0.00;0.00;0;0;0
1;6;0.00;0.00;0;0;0
1;8;0.00;0.00;0;0;0
1;8;0.00;0.00;0;0;0
1;9;0.00;0.00;0;0;0
1;8;0.00;0.00;0;0;0
1;8;0.00;0.00;0;0;0
1;8;-0.01;-0.02;0;1;0
1;10;0.00;0.00;0;0;0
1;6;0.00;0.00;0;0;0
1;9;0.00;0.00;0;0;0
1;8;0.00;0.00;0;0;0
1;8;0.00;0.00;0;0;0
1;8;0.00;0.00;0;0;0
1;8;0.00;0.00;0;0;0
1;8;-0.01;-0.02;0;1;0
1;9;0.00;0.00;0;0;0
1;8;0.00;0.00;0;0;0
1;7;0.00;0.00;0;0;0
1;11;0.00;0.00;0;0;0
1;6;0.00;0.00;0;0;0
1;9;-0.01;-0.02;0;1;0
1;8;0.00;0.00;0;0;0
1;11;0.00;0.00;0;0;0
1;6;0.00;0.00;0;0;0
1;7;0.00;0.00;0;0;0
1;9;0.00;0.00;0;0;0
1;10;0.00;0.00;0;0;0
1;6;-0.01;-0.02;0;1;0
1;8;0.00;0.00;0;0;0
1;8;0.00;0.00;0;0;0
1;8;0.00;0.00;0;0;0
1;9;0.00;0.00;0;0;0
1;16;0.00;0.00;0;0;0
1;8;-0.01;-0.02;0;1;0
1;8;0.00;0.00;0;0;0
1;12;0.00;0.00;0;0;0
1;5;0.00;0.00;0;0;0
1;8;0.00;0.00;0;0;0
1;21;-0.01;-0.02;0;1;0
1;8;0.00;0.00;0;0;0
1;8;0.00;0.00;0;0;0
1;10;0.00;0.00;0;0;0
1;7;0.00;0.00;0;0;0
1;8;0.00;0.00;0;0;0
1;8;-0.01;-0.02;0;1;0
1;8;0.00;0.00;0;0;0
1;8;0.00;0.00;0;0;0
1;8;0.00;0.00;0;0;0
1;7;-0.02;0.00;-1;0;0
1;13;0.00;0.00;0;0;0
1;8;-0.01;-0.02;0;1;0
1;5;0.00;0.00;0;0;0
1;8;0.00;0.00;0;0;0
1;10;0.00;0.00;0;0;0
1;7;-0.02;0.00;-1;0;0
1;8;0.00;0.00;0;0;0
1;7;0.00;0.00;0;0;0
1;10;-0.01;-0.02;0;1;0
1;9;0.00;0.00;0;0;0
1;6;0.00;0.00;0;0;0
1;10;0.00;0.00;0;0;0
1;14;-0.02;0.00;-1;0;0
1;11;-0.01;-0.02;0;1;0
1;6;0.00;0.00;0;0;0
1;11;0.00;0.00;0;0;0
1;6;0.00;0.00;0;0;0
1;7;0.00;0.00;0;0;0
1;9;-0.04;-0.02;-1;1;0
1;9;0.00;0.00;0;0;0
1;7;0.00;0.00;0;0;0
1;8;0.00;0.00;0;0;0
1;8;0.00;0.00;0;0;0
1;12;0.00;0.00;0;0;0
1;9;-0.02;0.00;-1;0;0
1;8;-0.01;-0.02;0;1;0
1;13;0.00;0.00;0;0;0
1;11;0.00;0.00;0;0;0
1;9;0.00;0.00;0;0;0
1;7;0.00;0.00;0;0;0
1;8;-0.04;-0.02;-1;1;0
1;17;0.00;0.00;0;0;0
1;8;0.00;0.00;0;0;0
1;9;0.00;0.00;0;0;0
1;9;0.00;0.00;0;0;0
1;9;-0.04;-0.02;-1;1;0
1;8;0.00;0.00;0;0;0
1;17;0.00;0.00;0;0;0
1;6;0.00;0.00;0;0;0
1;8;0.00;0.00;0;0;0
1;7;0.00;0.00;0;0;0
1;13;-0.04;-0.02;-1;1;0
1;9;0.00;0.00;0;0;0
1;8;0.00;0.00;0;0;0
1;13;0.00;0.00;0;0;0
1;7;0.00;0.00;0;0;0
1;12;-0.01;-0.02;0;1;0
1;6;0.00;0.00;0;0;0
1;7;-0.02;0.00;-1;0;0
1;8;0.00;0.00;0;0;0
1;7;0.00;0.00;0;0;0
1;13;0.00;0.00;0;0;0
1;6;0.00;0.00;0;0;0
1;7;-0.01;-0.02;0;1;0
1;8;-0.02;0.00;-1;0;0
1;12;0.00;0.00;0;0;0
1;9;0.00;0.00;0;0;0
1;9;0.00;0.00;0;0;0
1;8;0.00;0.00;0;0;0
1;8;-0.01;-0.02;0;1;0
1;11;0.00;0.00;0;0;0
1;8;-0.02;0.00;-1;0;0
1;9;0.00;0.00;0;0;0
1;8;0.00;0.00;0;0;0
1;8;0.00;0.00;0;0;0
1;8;-0.01;-0.02;0;1;0
1;8;0.00;0.00;0;0;0
1;8;0.00;0.00;0;0;0
1;8;-0.02;0.00;-1;0;0
1;8;0.00;0.00;0;0;0
1;8;0.00;0.00;0;0;0
1;9;-0.01;-0.02;0;1;0
1;8;0.00;0.00;0;0;0
1;8;0.00;0.00;0;0;0
1;8;0.00;0.00;0;0;0
1;9;-0.02;0.00;-1;0;0
1;9;0.00;0.00;0;0;0
1;7;-0.01;-0.02;0;1;0
1;8;0.00;0.00;0;0;0
1;8;0.00;0.00;0;0;0
1;8;0.00;0.00;0;0;0
1;8;0.00;0.00;0;0;0
1;9;0.00;0.00;0;0;0
1;9;-0.02;0.00;-1;0;0
1;7;-0.01;-0.02;0;1;0
1;8;0.00;0.00;0;0;0
1;8;0.00;0.00;0;0;0
1;10;0.00;0.00;0;0;0
1;8;0.00;0.00;0;0;0
1;8;0.00;0.00;0;0;0
1;8;-0.04;-0.02;-1;1;0
1;7;0.00;0.00;0;0;0
1;9;0.00;0.00;0;0;0
1;8;0.00;0.00;0;0;0
1;8;0.00;0.00;0;0;0
1;8;0.00;0.00;0;0;0
1;8;-0.01;-0.02;0;1;0
1;9;0.00;0.00;0;0;0
1;8;-0.02;0.00;-1;0;0
1;11;0.00;0.00;0;0;0
1;6;0.00;0.00;0;0;0
1;8;0.00;0.00;0;0;0
1;8;0.00;0.00;0;0;0
1;8;-0.01;-0.02;0;1;0
1;9;0.00;0.00;0;0;0
1;7;-0.02;0.00;-1;0;0
1;8;0.00;0.00;0;0;0
1;10;0.00;0.00;0;0;0
1;8;0.00;0.00;0;0;0
1;7;0.00;0.00;0;0;0
1;8;-0.01;-0.02;0;1;0
1;10;0.00;0.00;0;0;0
1;7;0.00;0.00;0;0;0
1;9;-0.02;0.00;-1;0;0
1;13;0.00;0.00;0;0;0
1;7;0.00;0.00;0;0;0
1;8;-0.01;-0.02;0;1;0
1;7;0.00;0.00;0;0;0
1;9;0.00;0.00;0;0;0
1;9;0.00;0.00;0;0;0
1;15;-0.02;0.00;-1;0;0
1;5;0.00;0.00;0;0;0
1;9;-0.01;-0.02;0;1;0
1;9;0.00;0.00;0;0;0
1;15;0.00;0.00;0;0;0
1;11;-0.02;0.00;-1;0;0
1;10;0.00;0.00;0;0;0
1;8;0.00;0.00;0;0;0
1;8;-0.01;-0.02;0;1;0
1;7;0.00;0.00;0;0;0
1;11;0.00;0.00;0;0;0
1;7;0.00;0.00;0;0;0
1;8;0.00;0.00;0;0;0
1;7;-0.02;0.00;-1;0;0
1;10;0.00;0.00;0;0;0
1;7;-0.01;-0.02;0;1;0
1;9;0.00;0.00;0;0;0
1;8;0.00;0.00;0;0;0
1;11;0.00;0.00;0;0;0
1;6;0.00;0.00;0;0;0
1;7;-0.02;0.00;-1;0;0
1;8;0.00;0.00;0;0;0
1;9;-0.01;-0.02;0;1;0
1;8;0.00;0.00;0;0;0
1;7;0.00;0.00;0;0;0
1;18;-0.02;0.00;-1;0;0
1;8;0.00;0.00;0;0;0
1;8;0.00;0.00;0;0;0
1;10;-0.01;-0.02;0;1;0
1;6;0.00;0.00;0;0;0
1;7;0.00;0.00;0;0;0
1;9;0.00;0.00;0;0;0
1;12;-0.02;0.00;-1;0;0
1;5;0.00;0.00;0;0;0
1;8;0.00;0.00;0;0;0
1;7;-0.01;-0.02;0;1;0
1;13;0.00;0.00;0;0;0
1;5;0.00;0.00;0;0;0
1;8;0.00;0.00;0;0;0
1;7;-0.02;0.00;-1;0;0
1;10;0.00;0.00;0;0;0
1;7;0.00;0.00;0;0;0
1;9;-0.01;-0.02;0;1;0
1;8;0.00;0.00;0;0;0
1;7;0.00;0.00;0;0;0
1;9;0.00;0.00;0;0;0
1;9;-0.02;0.00;-1;0;0
1;8;0.00;0.00;0;0;0
1;8;0.00;0.00;0;0;0
1;9;0.00;0.00;0;0;0
1;7;-0.01;-0.02;0;1;0
1;8;0.00;0.00;0;0;0
1;8;0.00;0.00;0;0;0
1;8;-0.02;0.00;-1;0;0
1;9;0.00;0.00;0;0;0
1;8;0.00;0.00;0;0;0
1;7;0.00;0.00;0;0;0
1;17;-0.01;-0.02;0;1;0
1;5;0.00;0.00;0;0;0
1;8;0.00;0.00;0;0;0
1;7;-0.02;0.00;-1;0;0
1;10;0.00;0.00;0;0;0
1;8;0.00;0.00;0;0;0
1;8;0.00;0.00;0;0;0
1;7;-0.01;-0.02;0;1;0
1;10;0.00;0.00;0;0;0
1;7;0.00;0.00;0;0;0
1;9;-0.02;0.00;-1;0;0
1;8;0.00;0.00;0;0;0
1;8;0.00;0.00;0;0;0
1;11;0.00;0.00;0;0;0
1;5;0.00;0.00;0;0;0
1;9;-0.01;-0.02;0;1;0
1;8;-0.02;0.00;-1;0;0
1;7;0.00;0.00;0;0;0
1;8;0.00;0.00;0;0;0
1;8;0.00;0.00;0;0;0
1;8;0.00;0.00;0;0;0
1;9;0.00;0.00;0;0;0
1;8;-0.01;-0.02;0;1;0
1;8;-0.02;0.00;-1;0;0
1;8;0.00;0.00;0;0;0
1;8;0.00;0.00;0;0;0
1;12;0.00;0.00;0;0;0
1;7;0.00;0.00;0;0;0
1;7;0.00;0.00;0;0;0
1;8;-0.04;-0.02;-1;1;0
1;8;0.00;0.00;0;0;0
1;11;0.00;0.00;0;0;0
1;6;0.00;0.00;0;0;0
1;7;0.00;0.00;0;0;0
1;8;0.00;0.00;0;0;0
1;8;0.00;0.00;0;0;0
1;9;-0.04;-0.02;-1;1;0
1;8;0.00;0.00;0;0;0
1;10;0.00;0.00;0;0;0
1;7;0.00;0.00;0;0;0
1;17;0.00;0.00;0;0;0
1;8;0.00;0.00;0;0;0
1;7;-0.04;-0.02;-1;1;0
1;8;0.00;0.00;0;0;0
1;10;0.00;0.00;0;0;0
1;7;0.00;0.00;0;0;0
1;8;0.00;0.00;0;0;0
1;8;0.00;0.00;0;0;0
1;9;0.00;0.00;0;0;0
1;8;-0.02;0.00;-1;0;0
1;7;-0.01;-0.02;0;1;0
1;9;0.00;0.00;0;0;0
1;9;0.00;0.00;0;0;0
1;8;0.00;0.00;0;0;0
1;8;0.00;0.00;0;0;0
1;7;0.00;0.00;0;0;0
1;9;-0.02;0.00;-1;0;0
1;8;0.00;0.00;0;0;0
1;8;-0.01;-0.02;0;1;0
1;8;0.00;0.00;0;0;0
1;8;0.00;0.00;0;0;0
1;9;0.00;0.00;0;0;0
1;8;-0.02;0.00;-1;0;0
1;8;0.00;0.00;0;0;0
1;8;0.00;0.00;0;0;0
1;12;-0.01;-0.02;0;1;0
1;6;0.00;0.00;0;0;0
1;8;0.00;0.00;0;0;0
1;8;0.00;0.00;0;0;0
1;7;-0.02;0.00;-1;0;0
1;8;0.00;0.00;0;0;0
1;12;-0.01;-0.02;0;1;0
1;6;0.00;0.00;0;0;0
1;8;0.00;0.00;0;0;0
1;7;0.00;0.00;0;0;0
1;9;-0.02;0.00;-1;0;0
1;7;0.00;0.00;0;0;0
1;9;0.00;0.00;0;0;0
1;8;0.00;0.00;0;0;0
1;13;0.00;0.00;0;0;0
1;8;-0.02;0.00;-1;0;0
1;9;0.00;0.00;0;0;0
1;8;0.00;0.00;0;0;0
1;7;0.00;0.00;0;0;0
1;8;0.00;0.00;0;0;0
1;20;-0.02;0.00;-1;0;0
1;7;0.00;0.00;0;0;0
1;10;0.00;0.00;0;0;0
1;5;0.00;0.00;0;0;0
1;8;0.00;0.00;0;0;0
1;7;0.00;0.00;0;0;0
1;12;-0.02;0.00;-1;0;0
1;7;0.00;0.00;0;0;0
1;7;0.00;0.00;0;0;0
1;9;0.00;0.00;0;0;0
1;9;0.00;0.00;0;0;0
1;7;0.00;0.00;0;0;0
1;7;0.00;0.00;0;0;0
1;8;-0.02;0.00;-1;0;0
1;11;0.00;0.00;0;0;0
1;6;0.00;0.00;0;0;0
1;9;0.00;0.00;0;0;0
1;7;0.00;0.00;0;0;0
1;11;0.00;0.00;0;0;0
1;8;-0.02;0.00;-1;0;0
1;6;0.00;0.00;0;0;0
1;7;0.00;0.00;0;0;0
1;12;0.00;0.00;0;0;0
1;6;0.00;0.00;0;0;0
1;8;0.00;0.00;0;0;0
1;8;0.00;0.00;0;0;0
1;9;-0.02;0.00;-1;0;0
1;9;0.00;0.00;0;0;0
1;7;0.00;0.00;0;0;0
1;7;0.00;0.00;0;0;0
1;8;0.00;0.00;0;0;0
1;8;0.00;0.00;0;0;0
1;9;-0.02;0.00;-1;0;0
1;8;0.00;0.00;0;0;0
1;8;0.00;0.00;0;0;0
1;8;0.00;0.00;0;0;0
1;8;0.00;0.00;0;0;0
1;9;0.00;0.00;0;0;0
1;8;0.00;0.00;0;0;0
1;8;-0.02;0.00;-1;0;0
1;8;0.00;0.00;0;0;0
1;8;0.00;0.00;0;0;0
1;9;0.00;0.00;0;0;0
1;8;0.00;0.00;0;0;0
1;8;0.00;0.00;0;0;0
1;8;0.00;0.00;0;0;0
1;8;-0.02;0.00;-1;0;0
1;12;0.00;0.00;0;0;0
1;6;0.00;0.00;0;0;0
1;8;0.00;0.00;0;0;0
1;7;0.00;0.00;0;0;0
1;11;-0.02;0.00;-1;0;0
1;6;0.00;0.00;0;0;0
1;8;0.00;0.00;0;0;0
1;8;0.00;0.00;0;0;0
1;12;0.00;0.00;0;0;0
1;5;0.00;0.00;0;0;0
1;7;0.00;0.00;0;0;0
1;9;-0.02;0.00;-1;0;0
1;12;0.00;0.00;0;0;0
1;5;0.00;0.00;0;0;0
1;7;0.00;0.00;0;0;0
1;8;0.00;0.00;0;0;0
1;12;-0.02;0.00;-1;0;0
1;6;0.00;0.00;0;0;0
1;7;0.00;0.00;0;0;0
1;8;0.00;0.00;0;0;0
1;10;0.00;0.00;0;0;0
1;6;0.00;0.00;0;0;0
1;9;0.00;0.00;0;0;0
1;8;-0.02;0.00;-1;0;0
1;8;0.00;0.00;0;0;0
1;9;0.00;0.00;0;0;0
1;8;0.00;0.00;0;0;0
1;8;0.00;0.00;0;0;0
1;10;0.00;0.00;0;0;0
1;7;-0.02;0.00;-1;0;0
1;8;0.00;0.00;0;0;0
1;7;0.00;0.00;0;0;0
1;11;0.00;0.00;0;0;0
1;7;0.00;0.00;0;0;0
1;7;0.00;0.00;0;0;0
1;9;-0.02;0.00;-1;0;0
1;7;0.00;0.00;0;0;0
1;9;0.00;0.00;0;0;0
1;8;0.00;0.00;0;0;0
1;9;0.00;0.00;0;0;0
1;8;0.00;0.00;0;0;0
1;7;-0.02;0.00;-1;0;0
1;9;0.00;0.00;0;0;0
1;11;0.00;0.00;0;0;0
1;7;0.00;0.00;0;0;0
1;7;0.00;0.00;0;0;0
1;8;0.00;0.00;0;0;0
1;7;-0.02;0.00;-1;0;0
1;9;0.00;0.00;0;0;0
1;8;0.00;0.00;0;0;0
1;8;0.00;0.00;0;0;0
1;8;0.00;0.00;0;0;0
1;8;-0.02;0.00;-1;0;0
1;16;0.00;0.00;0;0;0
1;6;0.00;0.00;0;0;0
1;7;0.00;0.00;0;0;0
1;8;0.00;0.00;0;0;0
1;9;0.00;0.00;0;0;0
1;8;-0.02;0.00;-1;0;0
1;8;0.00;0.00;0;0;0
1;12;0.00;0.00;0;0;0
1;8;0.00;0.00;0;0;0
1;9;0.00;0.00;0;0;0
1;8;-0.02;0.00;-1;0;0
1;11;0.00;0.00;0;0;0
1;6;0.00;0.00;0;0;0
1;8;0.00;0.00;0;0;0
1;8;0.00;0.00;0;0;0
1;9;0.00;0.00;0;0;0
1;8;0.00;0.00;0;0;0
1;7;-0.02;0.00;-1;0;0
1;8;0.00;0.00;0;0;0
1;10;0.00;0.00;0;0;0
1;7;0.00;0.00;0;0;0
1;8;0.00;0.00;0;0;0
1;8;0.00;0.00;0;0;0
1;8;-0.02;0.00;-1;0;0
1;8;0.00;0.00;0;0;0
1;9;0.00;0.00;0;0;0
1;9;0.00;0.00;0;0;0
1;7;0.00;0.00;0;0;0
1;7;0.00;0.00;0;0;0
1;8;-0.02;0.00;-1;0;0
1;12;0.00;0.00;0;0;0
1;6;0.00;0.00;0;0;0
1;7;0.00;0.00;0;0;0
1;8;0.00;0.00;0;0;0
1;8;0.00;0.00;0;0;0
1;9;-0.02;0.00;-1;0;0
1;8;0.00;0.00;0;0;0
1;8;0.00;0.00;0;0;0
1;12;0.00;0.00;0;0;0
1;5;0.00;0.00;0;0;0
1;8;0.00;0.00;0;0;0
1;8;0.00;0.00;0;0;0
1;8;-0.02;0.00;-1;0;0
1;8;0.00;0.00;0;0;0
1;19;0.00;0.00;0;0;0
1;7;0.00;0.00;0;0;0
1;7;0.00;0.00;0;0;0
1;8;-0.02;0.00;-1;0;0
1;8;0.00;0.00;0;0;0
1;8;0.00;0.00;0;0;0
1;9;0.00;0.00;0;0;0
1;10;0.00;0.00;0;0;0
1;7;0.00;0.00;0;0;0
1;7;0.00;0.00;0;0;0
1;8;-0.02;0.00;-1;0;0
1;11;0.00;0.00;0;0;0
1;7;0.00;0.00;0;0;0
1;7;0.00;0.00;0;0;0
1;8;0.00;0.00;0;0;0
1;9;0.00;0.00;0;0;0
1;8;-0.02;0.00;-1;0;0
1;8;0.00;0.00;0;0;0
1;8;0.00;0.00;0;0;0
1;8;0.00;0.00;0;0;0
1;9;-0.01;0.02;0;0;1
1;8;0.00;0.00;0;0;0
1;8;-0.02;0.00;-1;0;0
1;9;0.00;0.00;0;0;0
1;8;0.00;0.00;0;0;0
1;7;0.00;0.00;0;0;0
1;8;0.00;0.00;0;0;0
1;15;-0.02;0.00;-1;0;0
1;7;0.00;0.00;0;0;0
1;7;0.00;0.00;0;0;0
1;12;0.00;0.00;0;0;0
1;6;0.00;0.00;0;0;0
1;7;0.00;0.00;0;0;0
1;8;-0.02;0.00;-1;0;0
1;9;0.00;0.00;0;0;0
1;8;-0.01;-0.02;0;1;0
1;7;0.00;0.00;0;0;0
1;9;0.00;0.00;0;0;0
1;12;0.00;0.00;0;0;0
1;5;-0.04;0.02;-1;0;1
1;7;0.00;0.00;0;0;0
1;8;0.00;0.00;0;0;0
1;9;0.00;0.00;0;0;0
1;8;0.00;0.00;0;0;0
1;8;0.00;0.00;0;0;0
1;9;0.00;0.00;0;0;0
1;14;-0.04;0.02;-1;0;1
1;7;0.00;0.00;0;0;0
1;8;0.00;0.00;0;0;0
1;7;0.00;0.00;0;0;0
1;8;0.00;0.00;0;0;0
1;11;0.00;0.00;0;0;0
1;6;0.00;0.00;0;0;0
1;8;-0.04;0.02;-1;0;1
1;8;0.00;0.00;0;0;0
1;9;0.00;0.00;0;0;0
1;7;0.00;0.00;0;0;0
1;9;0.00;0.00;0;0;0
1;14;0.00;0.00;0;0;0
1;7;-0.02;0.00;-1;0;0
1;7;-0.01;0.02;0;0;1
1;8;0.00;0.00;0;0;0
1;13;0.00;0.00;0;0;0
1;5;0.00;0.00;0;0;0
1;7;0.00;0.00;0;0;0
1;8;0.00;0.00;0;0;0
1;12;-0.02;0.00;-1;0;0
1;6;0.00;0.00;0;0;0
1;7;-0.01;0.02;0;0;1
1;9;0.00;0.00;0;0;0
1;8;0.00;0.00;0;0;0
1;8;0.00;0.00;0;0;0
1;8;0.00;0.00;0;0;0
1;8;-0.02;0.00;-1;0;0
1;9;0.00;0.00;0;0;0
1;7;0.00;0.00;0;0;0
1;8;-0.01;0.02;0;0;1
1;9;0.00;0.00;0;0;0
1;9;0.00;0.00;0;0;0
1;7;0.00;0.00;0;0;0
1;8;-0.02;0.00;-1;0;0
1;8;0.00;0.00;0;0;0
1;9;0.00;0.00;0;0;0
1;8;-0.01;0.02;0;0;1
1;8;0.00;0.00;0;0;0
1;9;0.00;0.00;0;0;0
1;9;0.00;0.00;0;0;0
1;7;-0.02;0.00;-1;0;0
1;8;0.00;0.00;0;0;0
1;13;0.00;0.00;0;0;0
1;7;-0.01;0.02;0;0;1
1;8;0.00;0.00;0;0;0
1;9;0.00;0.00;0;0;0
1;9;-0.02;0.00;-1;0;0
1;7;0.00;0.00;0;0;0
1;8;0.00;0.00;0;0;0
1;8;0.00;0.00;0;0;0
1;8;0.00;0.00;0;0;0
1;18;-0.01;0.02;0;0;1
1;7;-0.02;0.00;-1;0;0
1;8;0.00;0.00;0;0;0
1;8;0.00;0.00;0;0;0
1;9;0.00;0.00;0;0;0
1;8;0.00;0.00;0;0;0
1;8;-0.01;0.02;0;0;1
1;13;-0.02;0.00;-1;0;0
1;7;0.00;0.00;0;0;0
1;9;0.00;0.00;0;0;0
1;8;0.00;0.00;0;0;0
1;10;0.00;0.00;0;0;0
1;9;0.00;0.00;0;0;0
1;10;-0.01;0.02;0;0;1
1;8;-0.02;0.00;-1;0;0
1;8;0.00;0.00;0;0;0
1;8;0.00;0.00;0;0;0
1;8;0.00;0.00;0;0;0
1;12;0.00;0.00;0;0;0
1;6;0.00;0.00;0;0;0
1;7;-0.01;0.02;0;0;1
1;8;-0.02;0.00;-1;0;0
1;9;0.00;0.00;0;0;0
1;7;0.00;0.00;0;0;0
1;12;0.00;0.00;0;0;0
1;6;0.00;0.00;0;0;0
1;8;0.00;0.00;0;0;0
1;7;-0.04;0.02;-1;0;1
1;8;0.00;0.00;0;0;0
1;9;0.00;0.00;0;0;0
1;10;0.00;0.00;0;0;0
1;6;0.00;0.00;0;0;0
1;8;0.00;0.00;0;0;0
1;8;0.00;0.00;0;0;0
1;10;-0.04;0.02;-1;0;1
1;8;0.00;0.00;0;0;0
1;7;0.00;0.00;0;0;0
1;8;0.00;0.00;0;0;0
1;9;0.00;0.00;0;0;0
1;8;0.00;0.00;0;0;0
1;8;0.00;0.00;0;0;0
1;8;0.00;0.00;0;0;0
1;9;-0.01;0.02;0;0;1
1;7;0.00;0.00;0;0;0
1;9;0.00;0.00;0;0;0
1;8;0.00;0.00;0;0;0
1;8;0.00;0.00;0;0;0
1;14;0.00;0.00;0;0;0
1;8;-0.01;0.02;0;0;1
1;8;0.00;0.00;0;0;0
1;8;0.00;0.00;0;0;0
1;10;0.00;0.00;0;0;0
1;5;0.00;0.00;0;0;0
1;8;0.00;0.00;0;0;0
1;9;0.00;0.00;0;0;0
1;8;-0.01;0.02;0;0;1
1;8;0.00;0.00;0;0;0
1;8;0.00;0.00;0;0;0
1;8;0.00;0.00;0;0;0
1;8;0.00;0.00;0;0;0
1;9;0.00;0.00;0;0;0
1;8;-0.01;0.02;0;0;1
1;8;0.00;0.00;0;0;0
1;9;0.00;0.00;0;0;0
1;12;0.00;0.00;0;0;0
1;5;0.00;0.00;0;0;0
1;7;0.00;0.00;0;0;0
1;8;0.00;0.00;0;0;0
1;8;-0.01;0.02;0;0;1
1;8;0.00;0.00;0;0;0
1;12;0.00;0.00;0;0;0
1;9;0.00;0.00;0;0;0
1;5;0.00;0.00;0;0;0
1;7;0.00;0.00;0;0;0
1;12;0.00;0.00;0;0;0
1;6;-0.01;0.02;0;0;1
1;7;0.00;0.00;0;0;0
1;9;0.00;0.00;0;0;0
1;8;0.00;0.00;0;0;0
1;8;0.00;0.00;0;0;0
1;8;0.00;0.00;0;0;0
1;8;0.00;0.00;0;0;0
1;12;-0.01;0.02;0;0;1
1;5;0.00;0.00;0;0;0
1;7;0.00;0.00;0;0;0
1;8;0.00;0.00;0;0;0
1;13;0.00;0.00;0;0;0
1;5;0.00;0.00;0;0;0
1;7;-0.01;0.02;0;0;1
1;8;0.00;0.00;0;0;0
1;9;0.00;0.00;0;0;0
1;9;0.00;0.00;0;0;0
1;7;0.00;0.00;0;0;0
1;9;0.00;0.00;0;0;0
1;7;-0.01;0.02;0;0;1
1;8;0.00;0.00;0;0;0
1;10;0.00;0.00;0;0;0
1;7;0.00;0.00;0;0;0
1;8;0.00;0.00;0;0;0
1;8;0.00;0.00;0;0;0
1;17;-0.01;0.02;0;0;1
1;5;0.00;0.00;0;0;0
1;7;0.00;0.00;0;0;0
1;13;0.00;0.00;0;0;0
1;8;0.00;0.00;0;0;0
1;8;0.00;0.00;0;0;0
1;8;-0.01;0.02;0;0;1
1;11;0.00;0.00;0;0;0
1;6;0.00;0.00;0;0;0
1;7;0.00;0.00;0;0;0
1;12;0.00;0.00;0;0;0
1;6;0.00;0.00;0;0;0
1;8;-0.01;0.02;0;0;1
1;7;0.00;0.00;0;0;0
1;12;0.00;0.00;0;0;0
1;5;0.00;0.00;0;0;0
1;9;0.00;0.00;0;0;0
1;7;0.00;0.00;0;0;0
1;11;-0.01;0.02;0;0;1
1;6;0.00;0.00;0;0;0
1;7;0.00;0.00;0;0;0
1;9;0.00;0.00;0;0;0
1;11;0.00;0.00;0;0;0
1;6;0.00;0.00;0;0;0
1;7;0.00;0.00;0;0;0
1;8;-0.01;0.02;0;0;1
1;12;0.00;0.00;0;0;0
1;6;0.00;0.00;0;0;0
1;7;0.00;0.00;0;0;0
1;9;0.00;0.00;0;0;0
1;8;0.00;0.00;0;0;0
1;7;-0.01;0.02;0;0;1
1;9;0.00;0.00;0;0;0
1;8;0.00;0.00;0;0;0
1;10;0.00;0.00;0;0;0
1;7;0.00;0.00;0;0;0
1;7;0.00;0.00;0;0;0
1;9;-0.01;0.02;0;0;1
1;10;0.00;0.00;0;0;0
1;6;0.00;0.00;0;0;0
1;8;0.00;0.00;0;0;0
1;8;0.00;0.00;0;0;0
1;9;0.00;0.00;0;0;0
1;16;-0.01;0.02;0;0;1
1;8;0.00;0.00;0;0;0
1;8;0.00;0.00;0;0;0
1;9;0.00;0.00;0;0;0
1;9;0.00;0.00;0;0;0
1;7;-0.01;0.02;0;0;1
1;8;0.00;0.00;0;0;0
1;9;0.00;0.00;0;0;0
1;8;0.00;0.00;0;0;0
1;8;0.00;0.00;0;0;0
1;8;0.00;0.00;0;0;0
1;11;-0.01;0.02;0;0;1
1;6;0.00;0.00;0;0;0
1;7;0.00;0.00;0;0;0
1;9;0.00;0.00;0;0;0
1;11;0.00;0.00;0;0;0
1;6;0.00;0.00;0;0;0
1;7;-0.01;0.02;0;0;1
1;8;0.00;0.00;0;0;0
1;11;0.00;0.00;0;0;0
1;6;0.00;0.00;0;0;0
1;8;0.00;0.00;0;0;0
1;8;0.00;0.00;0;0;0
1;13;-0.01;0.02;0;0;1
1;5;0.00;0.00;0;0;0
1;7;0.00;0.00;0;0;0
1;9;0.00;0.00;0;0;0
1;7;0.00;0.00;0;0;0
1;8;0.00;0.00;0;0;0
1;9;0.00;0.00;0;0;0
1;8;-0.01;0.02;0;0;1
1;10;0.00;0.00;0;0;0
1;7;0.00;0.00;0;0;0
1;7;0.00;0.00;0;0;0
1;9;0.00;0.00;0;0;0
1;9;0.00;0.00;0;0;0
1;7;-0.01;0.02;0;0;1
1;8;0.00;0.00;0;0;0
1;8;0.00;0.00;0;0;0
1;14;0.00;0.00;0;0;0
1;7;0.00;0.00;0;0;0
1;8;0.00;0.00;0;0;0
1;11;-0.01;0.02;0;0;1
1;6;0.00;0.00;0;0;0
1;8;0.00;0.00;0;0;0
1;8;0.00;0.00;0;0;0
1;8;0.00;0.00;0;0;0
1;9;0.00;0.00;0;0;0
1;10;-0.01;0.02;0;0;1
1;7;0.00;0.00;0;0;0
1;7;0.00;0.00;0;0;0
1;8;0.00;0.00;0;0;0
1;11;0.00;0.00;0;0;0
1;6;0.00;0.00;0;0;0
1;7;-0.01;0.02;0;0;1
1;9;0.00;0.00;0;0;0
1;10;0.00;0.00;0;0;0
1;7;0.00;0.00;0;0;0
1;7;0.00;0.00;0;0;0
1;8;0.00;0.00;0;0;0
1;9;-0.01;0.02;0;0;1
1;8;0.00;0.00;0;0;0
1;8;0.00;0.00;0;0;0
1;8;0.00;0.00;0;0;0
1;8;0.00;0.00;0;0;0
1;10;0.00;0.00;0;0;0
1;7;0.00;0.00;0;0;0
1;9;-0.01;0.02;0;0;1
1;8;0.00;0.00;0;0;0
1;7;0.00;0.00;0;0;0
1;10;0.00;0.00;0;0;0
1;11;0.00;0.00;0;0;0
1;8;0.00;0.00;0;0;0
1;8;-0.01;0.02;0;0;1
1;8;0.00;0.00;0;0;0
1;12;0.00;0.00;0;0;0
1;5;0.00;0.00;0;0;0
1;8;0.00;0.00;0;0;0
1;9;0.00;0.00;0;0;0
1;9;-0.01;0.02;0;0;1
1;7;0.00;0.00;0;0;0
1;8;0.00;0.00;0;0;0
1;8;0.00;0.00;0;0;0
1;19;0.00;0.00;0;0;0
1;7;-0.01;0.02;0;0;1
1;8;0.00;0.00;0;0;0
1;9;0.00;0.00;0;0;0
1;10;0.00;0.00;0;0;0
1;5;0.00;0.00;0;0;0
1;14;-0.01;0.02;0;0;1
1;7;0.00;0.00;0;0;0
1;7;0.00;0.00;0;0;0
1;8;0.00;0.00;0;0;0
1;11;0.00;0.00;0;0;0
1;7;0.00;0.00;0;0;0
1;12;-0.01;0.02;0;0;1
1;10;0.00;0.00;0;0;0
1;5;0.00;0.00;0;0;0
1;10;0.00;0.00;0;0;0
1;7;0.00;0.00;0;0;0
1;8;0.00;0.00;0;0;0
1;8;0.00;0.00;0;0;0
1;10;0.00;0.00;0;0;0
1;8;0.00;0.00;0;0;0
1;10;0.00;0.00;0;0;0
1;5;0.00;0.00;0;0;0
1;10;0.00;0.00;0;0;0
1;6;0.00;0.00;0;0;0
1;12;0.00;0.00;0;0;0
1;18;0.00;0.00;0;0;0
1;10;-0.01;0.02;0;0;1
1;26;0.00;0.00;0;0;0
1;8;0.00;0.00;0;0;0
1;8;0.00;0.00;0;0;0
1;8;0.00;0.00;0;0;0
1;8;0.00;0.00;0;0;0
1;9;0.00;0.00;0;0;0
1;8;0.00;0.00;0;0;0
1;8;0.00;0.00;0;0;0
1;8;0.00;0.00;0;0;0
1;8;0.00;0.00;0;0;0
1;9;0.00;0.00;0;0;0
1;9;0.00;0.00;0;0;0
1;7;0.00;0.00;0;0;0
1;8;0.00;0.00;0;0;0
1;11;0.00;0.00;0;0;0
1;7;0.00;0.00;0;0;0
1;7;0.00;0.00;0;0;0
1;8;0.00;0.00;0;0;0
1;8;0.00;0.00;0;0;0
1;8;0.00;0.00;0;0;0
1;8;0.00;0.00;0;0;0
1;9;0.00;0.00;0;0;0
1;8;0.00;0.00;0;0;0
1;8;0.00;0.00;0;0;0
1;8;0.00;0.00;0;0;0
1;8;0.00;0.00;0;0;0
1;9;0.00;0.00;0;0;0
1;8;0.00;0.00;0;0;0
1;11;0.00;0.00;0;0;0
1;5;0.00;0.00;0;0;0
1;8;0.00;0.00;0;0;0
1;9;0.00;0.00;0;0;0
1;8;0.00;0.00;0;0;0
1;8;0.00;0.00;0;0;0
1;8;0.00;0.00;0;0;0
1;8;0.00;0.00;0;0;0
1;9;0.00;0.00;0;0;0
1;8;0.00;0.00;0;0;0
1;8;0.00;0.00;0;0;0
1;8;0.00;0.00;0;0;0
1;9;0.00;0.00;0;0;0
1;11;0.00;0.00;0;0;0
1;4;0.00;0.00;0;0;0
1;8;0.00;0.00;0;0;0
1;9;0.00;0.00;0;0;0
1;7;0.00;0.00;0;0;0
1;10;0.00;0.00;0;0;0
1;7;0.00;0.00;0;0;0
1;8;0.00;0.00;0;0;0
1;8;0.00;0.00;0;0;0
1;8;0.00;0.00;0;0;0
1;8;0.00;0.00;0;0;0
1;9;0.00;0.00;0;0;0
1;8;0.00;0.00;0;0;0
1;9;0.00;0.00;0;0;0
1;10;0.00;0.00;0;0;0
1;5;0.00;0.00;0;0;0
1;9;0.00;0.00;0;0;0
1;8;0.00;0.00;0;0;0
1;8;0.00;0.00;0;0;0
1;8;0.00;0.00;0;0;0
1;8;0.00;0.00;0;0;0
1;9;0.00;0.00;0;0;0
1;11;0.00;0.00;0;0;0
1;5;0.00;0.00;0;0;0
1;8;0.00;0.00;0;0;0
1;8;0.00;0.00;0;0;0
1;11;0.00;0.00;0;0;0
1;8;0.00;0.00;0;0;0
1;6;0.00;0.00;0;0;0
1;8;0.00;0.00;0;0;0
1;11;0.00;0.00;0;0;0
1;5;0.00;0.00;0;0;0
1;9;0.00;0.00;0;0;0
1;8;0.00;0.00;0;0;0
1;8;0.00;0.00;0;0;0
1;8;0.00;0.00;0;0;0
1;8;0.00;0.00;0;0;0
1;9;0.00;0.00;0;0;0
1;8;0.00;0.00;0;0;0
1;8;0.00;0.00;0;0;0
1;9;0.00;0.00;0;0;0
1;7;0.00;0.00;0;0;0
1;9;0.00;0.00;0;0;0
1;8;0.00;0.00;0;0;0
1;11;0.00;0.00;0;0;0
1;5;0.00;0.00;0;0;0
1;8;0.00;0.00;0;0;0
1;9;0.00;0.00;0;0;0
1;9;0.00;0.00;0;0;0
1;7;0.00;0.00;0;0;0
1;8;0.00;0.00;0;0;0
1;8;0.00;0.00;0;0;0
1;9;0.00;0.00;0;0;0
1;8;0.00;0.00;0;0;0
1;8;0.00;0.00;0;0;0
1;8;0.00;0.00;0;0;0
1;8;0.00;0.00;0;0;0
1;8;0.00;0.00;0;0;0
1;9;0.00;0.00;0;0;0
1;11;0.00;0.00;0;0;0
1;11;0.00;0.00;0;0;0
1;6;0.00;0.00;0;0;0
1;10;0.00;0.00;0;0;0
1;8;0.00;0.00;0;0;0
1;7;0.00;0.00;0;0;0
1;8;0.00;0.00;0;0;0
1;8;0.00;0.00;0;0;0
1;8;0.00;0.00;0;0;0
1;9;0.00;0.00;0;0;0
1;8;0.00;0.00;0;0;0
1;8;0.00;0.00;0;0;0
1;8;0.00;0.00;0;0;0
1;8;0.00;0.00;0;0;0
1;9;0.00;0.00;0;0;0
1;8;0.00;0.00;0;0;0
1;12;0.00;0.00;0;0;0
1;8;0.00;0.00;0;0;0
1;8;0.00;0.00;0;0;0
1;9;0.00;0.00;0;0;0
1;8;0.00;0.00;0;0;0
1;8;0.00;0.00;0;0;0
1;8;0.00;0.00;0;0;0
1;8;0.00;0.00;0;0;0
1;9;0.00;0.00;0;0;0
1;8;0.00;0.00;0;0;0
1;8;0.00;0.00;0;0;0
1;8;0.00;0.00;0;0;0
1;8;0.00;0.00;0;0;0
1;9;0.00;0.00;0;0;0
1;8;0.00;0.00;0;0;0
1;8;0.00;0.00;0;0;0
1;8;0.00;0.00;0;0;0
1;8;0.00;0.00;0;0;0
1;9;0.00;0.00;0;0;0
1;8;0.00;0.00;0;0;0
1;11;0.00;0.00;0;0;0
1;5;0.00;0.00;0;0;0
1;9;0.00;0.00;0;0;0
1;8;0.00;0.00;0;0;0
1;11;0.00;0.00;0;0;0
1;5;0.00;0.00;0;0;0
1;8;0.00;0.00;0;0;0
1;8;0.00;0.00;0;0;0
1;12;0.00;0.00;0;0;0
1;5;0.00;0.00;0;0;0
1;11;0.00;0.00;0;0;0
1;5;0.00;0.00;0;0;0
1;11;0.00;0.00;0;0;0
1;5;0.00;0.00;0;0;0
1;9;0.00;0.00;0;0;0
1;8;0.00;0.00;0;0;0
1;11;0.00;0.00;0;0;0
1;5;0.00;0.00;0;0;0
1;8;0.00;0.00;0;0;0
1;9;0.00;0.00;0;0;0
1;8;0.00;0.00;0;0;0
1;8;0.00;0.00;0;0;0
1;8;0.00;0.00;0;0;0
1;8;0.00;0.00;0;0;0
1;9;0.00;0.00;0;0;0
1;9;0.00;0.00;0;0;0
1;7;0.00;0.00;0;0;0
1;8;0.00;0.00;0;0;0
1;9;0.00;0.00;0;0;0
1;8;0.00;0.00;0;0;0
1;8;0.00;0.00;0;0;0
1;8;0.00;0.00;0;0;0
1;8;0.00;0.00;0;0;0
1;8;0.00;0.00;0;0;0
1;8;0.00;0.00;0;0;0
1;9;0.00;0.00;0;0;0
1;8;0.00;0.00;0;0;0
1;18;0.00;0.00;0;0;0
1;10;0.00;0.00;0;0;0
1;6;0.00;0.00;0;0;0
1;9;0.00;0.00;0;0;0
1;6;0.00;0.00;0;0;0
1;8;0.00;0.00;0;0;0
1;8;0.00;0.00;0;0;0
1;12;0.00;0.00;0;0;0
1;6;0.00;0.00;0;0;0
1;7;0.00;0.00;0;0;0
1;8;0.00;0.00;0;0;0
1;8;0.00;0.00;0;0;0
1;9;0.00;0.00;0;0;0
1;8;0.00;0.00;0;0;0
1;8;0.00;0.00;0;0;0
1;11;0.00;0.00;0;0;0
1;5;0.00;0.00;0;0;0
1;9;0.00;0.00;0;0;0
1;8;0.00;0.00;0;0;0
1;8;0.00;0.00;0;0;0
1;8;0.00;0.00;0;0;0
1;8;0.00;0.00;0;0;0
1;8;0.00;0.00;0;0;0
1;9;0.00;0.00;0;0;0
1;8;0.00;0.00;0;0;0
1;8;0.00;0.00;0;0;0
1;8;0.00;0.00;0;0;0
1;8;0.00;0.00;0;0;0
1;9;0.00;0.00;0;0;0
1;8;0.00;0.00;0;0;0
1;8;0.00;0.00;0;0;0
1;8;0.00;0.00;0;0;0
1;8;0.00;0.00;0;0;0
1;9;0.00;0.00;0;0;0
1;8;0.00;0.00;0;0;0
1;8;0.00;0.00;0;0;0
1;8;0.00;0.00;0;0;0
1;8;0.00;0.00;0;0;0
1;9;0.00;0.00;0;0;0
1;15;0.00;0.00;0;0;0
1;5;0.00;0.00;0;0;0
1;8;0.00;0.00;0;0;0
1;8;0.00;0.00;0;0;0
1;9;0.00;0.00;0;0;0
1;8;0.00;0.00;0;0;0
1;8;0.00;0.00;0;0;0
1;8;0.00;0.00;0;0;0
1;8;0.00;0.00;0;0;0
1;18;0.00;0.00;0;0;0
1;8;0.00;0.00;0;0;0
1;7;0.00;0.00;0;0;0
1;12;0.00;0.00;0;0;0
1;9;0.00;0.00;0;0;0
1;8;0.00;0.00;0;0;0
1;12;0.00;0.00;0;0;0
1;8;0.00;0.00;0;0;0
1;8;0.00;0.00;0;0;0
1;9;0.00;0.00;0;0;0
1;9;0.00;0.00;0;0;0
1;7;0.00;0.00;0;0;0
1;8;0.00;0.00;0;0;0
1;8;0.00;0.00;0;0;0
1;9;0.00;0.00;0;0;0
1;8;0.00;0.00;0;0;0
1;10;0.00;0.00;0;0;0
1;7;0.00;0.00;0;0;0
1;8;0.00;0.00;0;0;0
1;8;0.00;0.00;0;0;0
1;8;0.00;0.00;0;0;0
1;8;0.00;0.00;0;0;0
1;11;0.00;0.00;0;0;0
1;5;0.00;0.00;0;0;0
1;9;0.00;0.00;0;0;0
1;11;0.00;0.00;0;0;0
1;5;0.00;0.00;0;0;0
1;8;0.00;0.00;0;0;0
1;8;0.00;0.00;0;0;0
1;9;0.00;0.00;0;0;0
1;11;0.00;0.00;0;0;0
1;5;0.00;0.00;0;0;0
1;8;0.00;0.00;0;0;0
1;11;0.00;0.00;0;0;0
1;5;0.00;0.00;0;0;0
1;9;0.00;0.00;0;0;0
1;8;0.00;0.00;0;0;0
1;8;0.00;0.00;0;0;0
1;8;0.00;0.00;0;0;0
1;8;0.00;0.00;0;0;0
1;9;0.00;0.00;0;0;0
1;8;0.00;0.00;0;0;0
1;8;0.00;0.00;0;0;0
1;8;0.00;0.00;0;0;0
1;8;0.00;0.00;0;0;0
1;9;0.00;0.00;0;0;0
1;8;0.00;0.00;0;0;0
1;10;0.00;0.00;0;0;0
1;6;0.00;0.00;0;0;0
1;8;0.00;0.00;0;0;0
1;9;0.00;0.00;0;0;0
1;9;0.00;0.00;0;0;0
1;7;0.00;0.00;0;0;0
1;8;0.00;0.00;0;0;0
1;8;0.00;0.00;0;0;0
1;9;0.00;0.00;0;0;0
1;8;0.00;0.00;0;0;0
1;8;0.00;0.00;0;0;0
1;11;0.00;0.00;0;0;0
1;6;0.00;0.00;0;0;0
1;7;0.00;0.00;0;0;0
1;9;0.00;0.00;0;0;0
1;11;0.00;0.00;0;0;0
1;5;0.00;0.00;0;0;0
1;8;0.00;0.00;0;0;0
1;8;0.00;0.00;0;0;0
1;12;0.00;0.00;0;0;0
1;5;0.00;0.00;0;0;0
1;8;0.00;0.00;0;0;0
1;8;0.00;0.00;0;0;0
1;10;0.00;0.00;0;0;0
1;7;0.00;0.00;0;0;0
1;8;0.00;0.00;0;0;0
1;8;0.00;0.00;0;0;0
1;11;0.00;0.00;0;0;0
1;5;0.00;0.00;0;0;0
1;9;0.00;0.00;0;0;0
1;8;0.00;0.00;0;0;0
1;11;0.00;0.00;0;0;0
1;5;0.00;0.00;0;0;0
1;8;0.00;0.00;0;0;0
1;8;0.00;0.00;0;0;0
1;9;0.00;0.00;0;0;0
1;10;0.00;0.00;0;0;0
1;7;0.00;0.00;0;0;0
1;7;0.00;0.00;0;0;0
1;8;0.00;0.00;0;0;0
1;9;0.00;0.00;0;0;0
1;8;0.00;0.00;0;0;0
1;8;0.00;0.00;0;0;0
1;8;0.00;0.00;0;0;0
1;8;0.00;0.00;0;0;0
1;9;0.00;0.00;0;0;0
1;8;0.00;0.00;0;0;0
1;8;0.00;0.00;0;0;0
1;19;0.00;0.00;0;0;0
1;6;0.00;0.00;0;0;0
1;8;0.00;0.00;0;0;0
1;9;0.00;0.00;0;0;0
1;7;0.00;0.00;0;0;0
1;8;0.00;0.00;0;0;0
1;9;0.00;0.00;0;0;0
1;11;0.00;0.00;0;0;0
1;6;0.00;0.00;0;0;0
1;7;0.00;0.00;0;0;0
1;8;0.00;0.00;0;0;0
1;8;0.00;0.00;0;0;0
1;9;0.00;0.00;0;0;0
1;8;0.00;0.00;0;0;0
1;8;0.00;0.00;0;0;0
1;10;0.00;0.00;0;0;0
1;6;0.00;0.00;0;0;0
1;9;0.00;0.00;0;0;0
1;8;0.00;0.00;0;0;0
1;11;0.00;0.00;0;0;0
1;5;0.00;0.00;0;0;0
1;8;0.00;0.00;0;0;0
1;9;0.00;0.00;0;0;0
1;12;0.00;0.00;0;0;0
1;8;0.00;0.00;0;0;0
1;8;0.00;0.00;0;0;0
1;13;0.00;0.00;0;0;0
1;8;0.00;0.00;0;0;0
1;8;0.00;0.00;0;0;0
1;8;0.00;0.00;0;0;0
1;9;0.01;0.02;0;-1;0
1;8;0.00;0.00;0;0;0
1;8;0.00;0.00;0;0;0
1;8;0.00;0.00;0;0;0
1;9;0.00;0.00;0;0;0
1;7;0.00;0.00;0;0;0
1;8;0.00;0.00;0;0;0
1;10;0.00;0.00;0;0;0
1;14;0.01;0.02;0;-1;0
1;8;0.00;0.00;0;0;0
1;8;0.00;0.00;0;0;0
1;8;0.00;0.00;0;0;0
1;6;0.00;0.00;0;0;0
1;8;0.00;0.00;0;0;0
1;8;0.00;0.00;0;0;0
1;8;0.01;0.02;0;-1;0
1;8;0.00;0.00;0;0;0
1;13;0.00;0.00;0;0;0
1;8;0.00;0.00;0;0;0
1;8;0.00;0.00;0;0;0
1;8;0.00;0.00;0;0;0
1;24;0.00;0.00;0;0;0
1;5;0.00;0.00;0;0;0
1;10;0.00;0.00;0;0;0
1;7;0.00;0.00;0;0;0
1;10;0.00;0.00;0;0;0
1;6;0.01;0.02;0;-1;0
1;11;0.00;0.00;0;0;0
1;5;0.00;0.00;0;0;0
1;8;0.00;0.00;0;0;0
1;9;0.00;0.00;0;0;0
1;8;0.00;0.00;0;0;0
1;8;0.01;0.02;0;-1;0
1;8;0.00;0.00;0;0;0
1;8;0.00;0.00;0;0;0
1;9;0.00;0.00;0;0;0
1;8;0.00;0.00;0;0;0
1;8;0.00;0.00;0;0;0
1;7;0.00;0.00;0;0;0
1;9;0.01;0.02;0;-1;0
1;8;0.00;0.00;0;0;0
1;9;0.00;0.00;0;0;0
1;8;0.00;0.00;0;0;0
1;8;0.00;0.00;0;0;0
1;8;0.00;0.00;0;0;0
1;8;0.00;0.00;0;0;0
1;9;0.00;0.00;0;0;0
1;8;0.00;0.00;0;0;0
1;8;0.00;0.00;0;0;0
1;8;0.00;0.00;0;0;0
1;8;0.00;0.00;0;0;0
1;22;0.00;0.00;0;0;0
1;9;0.00;0.00;0;0;0
1;9;0.00;0.00;0;0;0
1;5;0.00;0.00;0;0;0
1;9;0.00;0.00;0;0;0
1;14;0.00;0.00;0;0;0
1;6;0.00;0.00;0;0;0
1;8;0.00;0.00;0;0;0
1;14;0.00;0.00;0;0;0
1;7;0.00;0.00;0;0;0
1;25;0.00;0.00;0;0;0
1;8;0.00;0.00;0;0;0
1;15;0.00;0.00;0;0;0
1;6;0.00;0.00;0;0;0
1;7;0.00;0.00;0;0;0
1;9;0.00;0.00;0;0;0
1;12;0.00;0.00;0;0;0
1;8;0.01;0.02;0;-1;0
1;8;0.00;0.00;0;0;0
1;11;0.00;0.00;0;0;0
1;5;0.00;0.00;0;0;0
1;9;0.00;0.00;0;0;0
1;8;0.00;0.00;0;0;0
1;20;0.00;0.00;0;0;0
1;9;0.00;0.00;0;0;0
1;15;0.00;0.00;0;0;0
1;5;0.00;0.00;0;0;0
1;13;0.00;0.00;0;0;0
1;14;0.00;0.00;0;0;0
1;8;0.00;0.00;0;0;0
1;6;0.00;0.00;0;0;0
1;8;0.00;0.00;0;0;0
1;9;0.00;0.00;0;0;0
1;17;0.00;0.00;0;0;0
1;21;0.00;0.00;0;0;0
1;6;0.00;0.00;0;0;0
1;9;0.01;0.02;0;-1;0
1;8;0.00;0.00;0;0;0
1;8;0.00;0.00;0;0;0
1;8;0.00;0.00;0;0;0
1;8;0.00;0.00;0;0;0
1;12;0.00;0.00;0;0;0
1;6;0.00;0.00;0;0;0
1;7;0.00;0.00;0;0;0
1;8;0.00;0.00;0;0;0
1;8;0.00;0.00;0;0;0
1;9;0.00;0.00;0;0;0
1;8;0.00;0.00;0;0;0
1;8;0.00;0.00;0;0;0
1;8;0.00;0.00;0;0;0
1;8;0.00;0.00;0;0;0
1;12;0.00;0.00;0;0;0
1;6;0.00;0.00;0;0;0
1;7;0.00;0.00;0;0;0
1;19;0.00;0.00;0;0;0
1;9;0.00;0.00;0;0;0
1;6;0.00;0.00;0;0;0
1;17;0.01;0.02;0;-1;0
1;6;0.00;0.00;0;0;0
1;8;0.00;0.00;0;0;0
1;9;0.00;0.00;0;0;0
1;8;0.00;0.00;0;0;0
1;10;0.00;0.00;0;0;0
1;7;0.00;0.00;0;0;0
1;11;0.01;0.02;0;-1;0
1;9;0.00;0.00;0;0;0
1;8;0.00;0.00;0;0;0
1;8;0.00;0.00;0;0;0
1;8;0.00;0.00;0;0;0
1;8;0.00;0.00;0;0;0
1;9;0.00;0.00;0;0;0
1;8;0.00;0.00;0;0;0
1;8;0.00;0.00;0;0;0
1;18;0.00;0.00;0;0;0
1;11;0.01;0.02;0;-1;0
1;8;0.00;0.00;0;0;0
1;8;0.00;0.00;0;0;0
1;7;0.00;0.00;0;0;0
1;9;0.00;0.00;0;0;0
1;9;0.00;0.00;0;0;0
1;8;0.00;0.00;0;0;0
1;8;0.00;0.00;0;0;0
1;10;0.00;0.00;0;0;0
1;6;0.00;0.00;0;0;0
1;9;0.00;0.00;0;0;0
1;8;0.00;0.00;0;0;0
1;8;0.00;0.00;0;0;0
1;8;0.00;0.00;0;0;0
1;8;0.00;0.00;0;0;0
1;13;0.00;0.00;0;0;0
1;8;0.00;0.00;0;0;0
1;8;0.01;0.02;0;-1;0
1;8;0.00;0.00;0;0;0
1;8;0.00;0.00;0;0;0
1;9;0.00;0.00;0;0;0
1;8;0.00;0.00;0;0;0
1;8;0.00;0.00;0;0;0
1;8;0.00;0.00;0;0;0
1;8;0.00;0.00;0;0;0
1;15;0.01;0.02;0;-1;0
1;6;0.00;0.00;0;0;0
1;8;0.00;0.00;0;0;0
1;8;0.00;0.00;0;0;0
1;8;0.00;0.00;0;0;0
1;9;0.00;0.00;0;0;0
1;8;0.00;0.00;0;0;0
1;10;0.00;0.00;0;0;0
1;6;0.01;0.02;0;-1;0
1;8;0.00;0.00;0;0;0
1;9;0.00;0.00;0;0;0
1;8;0.00;0.00;0;0;0
1;8;0.00;0.00;0;0;0
1;8;0.00;0.00;0;0;0
1;8;0.00;0.00;0;0;0
1;9;0.00;0.00;0;0;0
1;8;0.00;0.00;0;0;0
1;8;0.00;0.00;0;0;0
1;8;0.00;0.00;0;0;0
1;8;0.00;0.00;0;0;0
1;9;0.00;0.00;0;0;0
1;8;0.00;0.00;0;0;0
1;7;0.00;0.00;0;0;0
1;9;0.00;0.00;0;0;0
1;8;0.00;0.00;0;0;0
1;8;0.00;0.00;0;0;0
1;9;0.00;0.00;0;0;0
1;8;0.00;0.00;0;0;0
1;8;0.00;0.00;0;0;0
1;8;0.00;0.00;0;0;0
1;8;0.00;0.00;0;0;0
1;9;0.00;0.00;0;0;0
1;8;0.00;0.00;0;0;0
1;9;0.00;0.00;0;0;0
1;7;0.00;0.00;0;0;0
1;8;0.00;0.00;0;0;0
1;9;0.00;0.00;0;0;0
1;8;0.00;0.00;0;0;0
1;8;0.00;0.00;0;0;0
1;8;0.00;0.00;0;0;0
1;8;0.00;0.00;0;0;0
1;9;0.00;0.00;0;0;0
1;8;0.00;0.00;0;0;0
1;8;0.00;0.00;0;0;0
1;11;0.00;0.00;0;0;0
1;9;0.00;0.00;0;0;0
1;9;0.00;0.00;0;0;0
1;8;0.00;0.00;0;0;0
1;8;0.00;0.00;0;0;0
1;8;0.00;0.00;0;0;0
1;8;0.00;0.00;0;0;0
1;9;0.00;0.00;0;0;0
1;8;0.00;0.00;0;0;0
1;10;0.00;0.00;0;0;0
1;6;0.00;0.00;0;0;0
1;11;0.00;0.00;0;0;0
1;6;0.00;0.00;0;0;0
1;8;0.00;0.00;0;0;0
1;8;0.00;0.00;0;0;0
1;10;0.00;0.00;0;0;0
1;7;0.00;0.00;0;0;0
1;7;0.00;0.00;0;0;0
1;9;0.00;0.00;0;0;0
1;7;0.00;0.00;0;0;0
1;13;0.00;0.00;0;0;0
1;11;0.00;0.00;0;0;0
1;6;0.00;0.00;0;0;0
1;14;0.00;0.00;0;0;0
1;6;0.00;0.00;0;0;0
1;8;0.00;0.00;0;0;0
1;9;0.00;0.00;0;0;0
1;11;0.00;0.00;0;0;0
1;5;0.00;0.00;0;0;0
1;8;0.00;0.00;0;0;0
1;8;0.00;0.00;0;0;0
1;11;0.00;0.00;0;0;0
1;6;0.00;0.00;0;0;0
1;8;0.00;0.00;0;0;0
1;12;0.00;0.00;0;0;0
1;10;0.00;0.00;0;0;0
1;6;0.00;0.00;0;0;0
1;19;0.00;0.00;0;0;0
1;6;0.00;0.00;0;0;0
1;9;0.00;0.00;0;0;0
1;7;0.00;0.00;0;0;0
1;14;0.00;0.00;0;0;0
1;7;0.00;0.00;0;0;0
1;10;0.00;0.00;0;0;0
1;6;0.00;0.00;0;0;0
1;16;0.00;0.00;0;0;0
1;8;0.00;0.00;0;0;0
1;5;0.00;0.00;0;0;0
1;8;0.00;0.00;0;0;0
1;11;0.01;0.02;0;-1;0
1;5;0.00;0.00;0;0;0
1;9;0.00;0.00;0;0;0
1;7;0.00;0.00;0;0;0
1;9;0.00;0.00;0;0;0
1;7;0.00;0.00;0;0;0
1;9;0.00;0.00;0;0;0
1;8;0.00;0.00;0;0;0
1;9;0.00;0.00;0;0;0
1;9;0.00;0.00;0;0;0
1;7;0.00;0.00;0;0;0
1;8;0.00;0.00;0;0;0
1;12;0.00;0.00;0;0;0
1;5;0.00;0.00;0;0;0
1;8;0.00;0.00;0;0;0
1;8;0.00;0.00;0;0;0
1;12;0.00;0.00;0;0;0
1;9;0.00;0.00;0;0;0
1;8;0.00;0.00;0;0;0
1;12;0.00;0.00;0;0;0
1;8;0.00;0.00;0;0;0
1;10;0.00;0.00;0;0;0
1;15;0.00;0.00;0;0;0
1;9;0.00;0.00;0;0;0
1;7;0.00;0.00;0;0;0
1;8;0.00;0.00;0;0;0
1;20;0.00;0.00;0;0;0
1;5;0.00;0.00;0;0;0
1;8;0.00;0.00;0;0;0
1;15;0.00;0.00;0;0;0
1;8;0.00;0.00;0;0;0
1;6;0.00;0.00;0;0;0
1;11;0.00;0.00;0;0;0
1;9;0.00;0.00;0;0;0
1;9;0.00;0.00;0;0;0
1;11;0.00;0.00;0;0;0
1;6;0.00;0.00;0;0;0
1;7;0.00;0.00;0;0;0
1;8;0.00;0.00;0;0;0
1;14;0.00;0.00;0;0;0
1;24;0.00;0.00;0;0;0
1;7;0.00;0.00;0;0;0
1;9;0.00;0.00;0;0;0
1;7;0.00;0.00;0;0;0
1;8;0.00;0.00;0;0;0
1;8;0.00;0.00;0;0;0
1;9;0.00;0.00;0;0;0
1;9;0.00;0.00;0;0;0
1;8;0.00;0.00;0;0;0
1;8;0.00;0.00;0;0;0
1;7;0.00;0.00;0;0;0
1;9;0.00;0.00;0;0;0
1;8;0.00;0.00;0;0;0
1;8;0.00;0.00;0;0;0
1;7;0.00;0.00;0;0;0
1;9;0.00;0.00;0;0;0
1;7;0.00;0.00;0;0;0
1;8;0.00;0.00;0;0;0
1;10;0.00;0.00;0;0;0
1;8;0.00;0.00;0;0;0
1;7;0.00;0.00;0;0;0
1;8;0.00;0.00;0;0;0
1;8;0.00;0.00;0;0;0
1;9;0.00;0.00;0;0;0
1;8;0.00;0.00;0;0;0
1;8;0.00;0.00;0;0;0
1;9;0.00;0.00;0;0;0
1;7;0.00;0.00;0;0;0
1;10;0.00;0.00;0;0;0
1;8;0.00;0.00;0;0;0
1;8;0.00;0.00;0;0;0
1;7;0.00;0.00;0;0;0
1;8;0.00;0.00;0;0;0
1;9;0.00;0.00;0;0;0
1;9;0.00;0.00;0;0;0
1;7;0.00;0.00;0;0;0
1;8;0.00;0.00;0;0;0
1;9;0.00;0.00;0;0;0
1;9;0.00;0.00;0;0;0
1;11;0.00;0.00;0;0;0
1;5;0.00;0.00;0;0;0
1;11;0.00;0.00;0;0;0
1;6;0.00;0.00;0;0;0
1;9;0.00;0.00;0;0;0
1;7;0.00;0.00;0;0;0
1;11;0.00;0.00;0;0;0
1;7;0.00;0.00;0;0;0
1;16;0.00;0.00;0;0;0
1;7;0.00;0.00;0;0;0
1;8;0.00;0.00;0;0;0
1;8;0.00;0.00;0;0;0
1;14;0.00;0.00;0;0;0
1;7;0.00;0.00;0;0;0
1;12;0.00;0.00;0;0;0
1;14;0.00;0.00;0;0;0
1;7;0.00;0.00;0;0;0
1;12;0.00;0.00;0;0;0
1;9;0.00;0.00;0;0;0
1;7;0.00;0.00;0;0;0
1;8;0.00;0.00;0;0;0
1;9;0.00;0.00;0;0;0
1;8;0.00;0.00;0;0;0
1;8;0.00;0.00;0;0;0
1;8;0.00;0.00;0;0;0
1;13;0.00;0.00;0;0;0
1;7;0.00;0.00;0;0;0
1;11;0.00;0.00;0;0;0
1;13;0.00;0.00;0;0;0
1;5;0.00;0.00;0;0;0
1;10;0.01;0.02;0;-1;0
1;6;0.00;0.00;0;0;0
1;13;0.00;0.00;0;0;0
1;7;0.00;0.00;0;0;0
1;9;0.00;0.00;0;0;0
1;12;0.00;0.00;0;0;0
1;9;0.00;0.00;0;0;0
1;8;0.00;0.00;0;0;0
1;10;0.00;0.00;0;0;0
1;12;0.01;0.02;0;-1;0
1;6;0.00;0.00;0;0;0
1;9;0.00;0.00;0;0;0
1;8;0.00;0.00;0;0;0
1;7;0.00;0.00;0;0;0
1;9;0.00;0.00;0;0;0
1;7;0.00;0.00;0;0;0
1;9;0.00;0.00;0;0;0
1;8;0.00;0.00;0;0;0
1;8;-0.01;0.02;0;0;1
1;8;0.01;0.02;0;-1;0
1;8;0.00;0.00;0;0;0
1;9;0.00;0.00;0;0;0
1;11;0.00;0.00;0;0;0
1;9;0.00;0.00;0;0;0
1;8;-0.01;0.02;0;0;1
1;8;0.00;0.00;0;0;0
1;9;0.00;0.00;0;0;0
1;12;0.01;0.02;0;-1;0
1;5;0.00;0.00;0;0;0
1;13;0.00;0.00;0;0;0
1;10;0.00;0.00;0;0;0
1;9;-0.01;0.02;0;0;1
1;11;0.00;0.00;0;0;0
1;11;0.01;0.02;0;-1;0
1;7;0.00;0.00;0;0;0
1;14;0.00;0.00;0;0;0
1;7;0.00;0.00;0;0;0
1;7;-0.01;0.02;0;0;1
1;8;0.00;0.00;0;0;0
1;10;0.00;0.00;0;0;0
1;7;0.01;0.02;0;-1;0
1;8;0.00;0.00;0;0;0
1;8;0.00;0.00;0;0;0
1;9;-0.01;0.02;0;0;1
1;15;0.00;0.00;0;0;0
1;21;0.01;0.02;0;-1;0
1;8;0.00;0.00;0;0;0
1;8;-0.01;0.02;0;0;1
1;11;0.00;0.00;0;0;0
1;7;0.00;0.00;0;0;0
1;7;0.00;0.00;0;0;0
1;8;0.01;0.02;0;-1;0
1;8;0.00;0.00;0;0;0
1;10;-0.01;0.02;0;0;1
1;8;0.00;0.00;0;0;0
1;8;0.00;0.00;0;0;0
1;7;0.00;0.00;0;0;0
1;9;0.00;0.00;0;0;0
1;9;0.01;0.02;0;-1;0
1;7;0.00;0.00;0;0;0
1;8;0.00;0.00;0;0;0
1;8;0.00;0.00;0;0;0
1;8;0.00;0.00;0;0;0
1;10;0.00;0.00;0;0;0
1;8;0.00;0.00;0;0;0
1;9;0.00;0.00;0;0;0
1;8;0.00;0.00;0;0;0
1;7;0.00;0.00;0;0;0
1;8;0.00;0.00;0;0;0
1;8;0.00;0.00;0;0;0
1;8;0.00;0.00;0;0;0
1;8;0.00;0.00;0;0;0
1;8;0.00;0.00;0;0;0
1;14;0.00;0.00;0;0;0
1;9;0.00;0.00;0;0;0
1;7;0.00;0.00;0;0;0
1;8;0.00;0.00;0;0;0
1;10;-0.01;0.02;0;0;1
1;14;0.00;0.00;0;0;0
1;5;0.00;0.00;0;0;0
1;14;0.00;0.00;0;0;0
1;7;0.00;0.00;0;0;0
1;12;0.00;0.00;0;0;0
1;16;0.00;0.04;0;-1;1
1;8;0.00;0.00;0;0;0
1;9;0.00;0.00;0;0;0
1;16;0.00;0.00;0;0;0
1;12;0.00;0.00;0;0;0
1;10;0.00;0.04;0;-1;1
1;7;0.00;0.00;0;0;0
1;8;0.00;0.00;0;0;0
1;8;0.00;0.00;0;0;0
1;9;0.00;0.00;0;0;0
1;7;0.00;0.00;0;0;0
1;8;0.01;0.02;0;-1;0
1;9;-0.01;0.02;0;0;1
1;10;0.00;0.00;0;0;0
1;7;0.00;0.00;0;0;0
1;7;0.00;0.00;0;0;0
1;8;0.00;0.00;0;0;0
1;9;0.01;0.02;0;-1;0
1;8;0.00;0.00;0;0;0
1;8;-0.01;0.02;0;0;1
1;7;0.00;0.00;0;0;0
1;8;0.00;0.00;0;0;0
1;8;0.00;0.00;0;0;0
1;9;0.00;0.00;0;0;0
1;8;0.01;0.02;0;-1;0
1;8;-0.01;0.02;0;0;1
1;8;0.00;0.00;0;0;0
1;8;0.00;0.00;0;0;0
1;9;0.00;0.00;0;0;0
1;8;0.00;0.00;0;0;0
1;8;0.00;0.00;0;0;0
1;8;0.00;0.00;0;0;0
1;8;0.01;0.02;0;-1;0
1;9;-0.01;0.02;0;0;1
1;8;0.00;0.00;0;0;0
1;9;0.00;0.00;0;0;0
1;10;0.00;0.00;0;0;0
1;6;0.00;0.00;0;0;0
1;9;0.01;0.02;0;-1;0
1;8;-0.01;0.02;0;0;1
1;7;0.00;0.00;0;0;0
1;8;0.00;0.00;0;0;0
1;11;0.00;0.00;0;0;0
1;7;0.00;0.00;0;0;0
1;8;0.01;0.02;0;-1;0
1;7;0.00;0.00;0;0;0
1;11;-0.01;0.02;0;0;1
1;7;0.00;0.00;0;0;0
1;8;0.00;0.00;0;0;0
1;10;0.00;0.00;0;0;0
1;7;0.01;0.02;0;-1;0
1;7;0.00;0.00;0;0;0
1;7;0.00;0.00;0;0;0
1;8;-0.01;0.02;0;0;1
1;12;0.00;0.00;0;0;0
1;6;0.00;0.00;0;0;0
1;7;0.00;0.00;0;0;0
1;8;0.01;0.02;0;-1;0
1;10;0.00;0.00;0;0;0
1;8;0.00;0.00;0;0;0
1;8;-0.01;0.02;0;0;1
1;7;0.00;0.00;0;0;0
1;16;0.00;0.00;0;0;0
1;5;0.01;0.02;0;-1;0
1;8;0.00;0.00;0;0;0
1;14;0.00;0.00;0;0;0
1;6;-0.01;0.02;0;0;1
1;8;0.00;0.00;0;0;0
1;8;0.00;0.00;0;0;0
1;11;0.01;0.02;0;-1;0
1;6;0.00;0.00;0;0;0
1;9;0.00;0.00;0;0;0
1;6;0.00;0.00;0;0;0
1;10;-0.01;0.02;0;0;1
1;8;0.00;0.00;0;0;0
1;8;0.01;0.02;0;-1;0
1;9;0.00;0.00;0;0;0
1;10;0.00;0.00;0;0;0
1;5;0.00;0.00;0;0;0
1;14;0.00;0.00;0;0;0
1;8;-0.01;0.02;0;0;1
1;8;0.00;0.00;0;0;0
1;10;0.01;0.02;0;-1;0
1;6;0.00;0.00;0;0;0
1;7;0.00;0.00;0;0;0
1;8;0.00;0.00;0;0;0
1;12;-0.01;0.02;0;0;1
1;15;0.00;0.00;0;0;0
1;7;0.00;0.00;0;0;0
1;7;0.01;0.02;0;-1;0
1;8;0.00;0.00;0;0;0
1;8;0.00;0.00;0;0;0
1;8;0.00;0.00;0;0;0
1;9;-0.01;0.02;0;0;1
1;8;0.01;0.02;0;-1;0
1;8;0.00;0.00;0;0;0
1;8;0.00;0.00;0;0;0
1;8;0.00;0.00;0;0;0
1;10;0.00;0.00;0;0;0
1;7;0.00;0.00;0;0;0
1;12;0.00;0.04;0;-1;1
1;5;0.00;0.00;0;0;0
1;12;0.00;0.00;0;0;0
1;13;0.00;0.00;0;0;0
1;7;0.00;0.00;0;0;0
1;9;0.01;0.02;0;-1;0
1;8;-0.01;0.02;0;0;1
1;11;0.00;0.00;0;0;0
1;6;0.00;0.00;0;0;0
1;9;0.00;0.00;0;0;0
1;7;0.00;0.00;0;0;0
1;9;0.00;0.00;0;0;0
1;7;0.01;0.02;0;-1;0
1;9;0.00;0.00;0;0;0
1;7;-0.01;0.02;0;0;1
1;8;0.00;0.00;0;0;0
1;8;0.00;0.00;0;0;0
1;8;0.00;0.00;0;0;0
1;9;0.00;0.00;0;0;0
1;8;0.01;0.02;0;-1;0
1;8;0.00;0.00;0;0;0
1;11;-0.01;0.02;0;0;1
1;9;0.00;0.00;0;0;0
1;9;0.00;0.00;0;0;0
1;8;0.00;0.00;0;0;0
1;12;0.01;0.02;0;-1;0
1;8;0.00;0.00;0;0;0
1;9;0.00;0.00;0;0;0
1;8;0.00;0.00;0;0;0
1;8;0.00;0.00;0;0;0
1;8;0.00;0.04;0;-1;1
1;8;0.00;0.00;0;0;0
1;11;0.00;0.00;0;0;0
1;7;0.00;0.00;0;0;0
1;7;0.00;0.00;0;0;0
1;8;0.00;0.00;0;0;0
1;8;0.00;0.00;0;0;0
1;8;0.01;0.02;0;-1;0
1;9;-0.01;0.02;0;0;1
1;12;0.00;0.00;0;0;0
1;5;0.00;0.00;0;0;0
1;8;0.00;0.00;0;0;0
1;7;0.00;0.00;0;0;0
1;13;0.01;0.02;0;-1;0
1;5;0.00;0.00;0;0;0
1;8;-0.01;0.02;0;0;1
1;8;0.00;0.00;0;0;0
1;11;0.00;0.00;0;0;0
1;6;0.00;0.00;0;0;0
1;8;0.01;0.02;0;-1;0
1;7;0.00;0.00;0;0;0
1;11;0.00;0.00;0;0;0
1;6;0.00;0.00;0;0;0
1;9;-0.01;0.02;0;0;1
1;9;0.00;0.00;0;0;0
1;10;0.01;0.02;0;-1;0
1;5;0.00;0.00;0;0;0
1;7;0.00;0.00;0;0;0
1;8;0.00;0.00;0;0;0
1;12;0.00;0.00;0;0;0
1;6;-0.01;0.02;0;0;1
1;8;0.00;0.00;0;0;0
1;8;0.01;0.02;0;-1;0
1;14;0.00;0.00;0;0;0
1;10;0.00;0.00;0;0;0
1;8;0.00;0.00;0;0;0
1;9;0.00;0.00;0;0;0
1;10;0.01;0.02;0;-1;0
1;29;-0.01;0.02;0;0;1
1;9;0.00;0.00;0;0;0
1;11;0.01;0.02;0;-1;0
1;7;0.00;0.00;0;0;0
1;9;-0.01;0.02;0;0;1
1;8;0.00;0.00;0;0;0
1;12;0.00;0.00;0;0;0
1;7;0.00;0.00;0;0;0
1;9;0.01;0.02;0;-1;0
1;9;0.00;0.00;0;0;0
1;7;-0.01;0.02;0;0;1
1;7;0.00;0.00;0;0;0
1;9;0.00;0.00;0;0;0
1;8;0.00;0.00;0;0;0
1;8;0.00;0.00;0;0;0
1;8;0.01;0.02;0;-1;0
1;10;-0.01;0.02;0;0;1
1;8;0.00;0.00;0;0;0
1;7;0.00;0.00;0;0;0
1;8;0.00;0.00;0;0;0
1;9;0.00;0.00;0;0;0
1;7;0.01;0.02;0;-1;0
1;8;0.00;0.00;0;0;0
1;9;0.00;0.00;0;0;0
1;8;0.00;0.00;0;0;0
1;8;0.00;0.00;0;0;0
1;8;-0.01;0.02;0;0;1
1;8;0.01;0.02;0;-1;0
1;9;0.00;0.00;0;0;0
1;8;0.00;0.00;0;0;0
1;8;0.00;0.00;0;0;0
1;8;0.00;0.00;0;0;0
1;14;-0.01;0.02;0;0;1
1;11;0.01;0.02;0;-1;0
1;8;0.00;0.00;0;0;0
1;8;0.00;0.00;0;0;0
1;8;0.00;0.00;0;0;0
1;9;-0.01;0.02;0;0;1
1;11;0.00;0.00;0;0;0
1;6;0.01;0.02;0;-1;0
1;7;0.00;0.00;0;0;0
1;8;0.00;0.00;0;0;0
1;9;0.00;0.00;0;0;0
1;8;0.00;0.00;0;0;0
1;8;-0.01;0.02;0;0;1
1;9;0.00;0.00;0;0;0
1;8;0.01;0.02;0;-1;0
1;7;0.00;0.00;0;0;0
1;12;0.00;0.00;0;0;0
1;9;0.00;0.00;0;0;0
1;5;-0.01;0.02;0;0;1
1;8;0.00;0.00;0;0;0
1;7;0.01;0.02;0;-1;0
1;9;0.00;0.00;0;0;0
1;8;0.00;0.00;0;0;0
1;8;0.00;0.00;0;0;0
1;9;0.00;0.00;0;0;0
1;7;-0.01;0.02;0;0;1
1;10;0.01;0.02;0;-1;0
1;7;0.00;0.00;0;0;0
1;9;0.00;0.00;0;0;0
1;7;0.00;0.00;0;0;0
1;8;0.00;0.00;0;0;0
1;9;0.00;0.00;0;0;0
1;8;-0.01;0.02;0;0;1
1;8;0.01;0.02;0;-1;0
1;8;0.00;0.00;0;0;0
1;8;0.00;0.00;0;0;0
1;9;0.00;0.00;0;0;0
1;8;0.00;0.00;0;0;0
1;8;-0.01;0.02;0;0;1
1;12;0.01;0.02;0;-1;0
1;8;0.00;0.00;0;0;0
1;10;0.00;0.00;0;0;0
1;7;0.00;0.00;0;0;0
1;8;-0.01;0.02;0;0;1
1;8;0.00;0.00;0;0;0
1;8;0.00;0.00;0;0;0
1;9;0.01;0.02;0;-1;0
1;13;0.00;0.00;0;0;0
1;7;0.00;0.00;0;0;0
1;8;-0.01;0.02;0;0;1
1;11;0.00;0.00;0;0;0
1;7;0.00;0.00;0;0;0
1;7;0.01;0.02;0;-1;0
1;8;0.00;0.00;0;0;0
1;8;0.00;0.00;0;0;0
1;8;-0.01;0.02;0;0;1
1;9;0.00;0.00;0;0;0
1;8;0.00;0.00;0;0;0
1;8;0.01;0.02;0;-1;0
1;8;0.00;0.00;0;0;0
1;10;0.00;0.00;0;0;0
1;8;0.00;0.00;0;0;0
1;7;-0.01;0.02;0;0;1
1;8;0.00;0.00;0;0;0
1;12;0.01;0.02;0;-1;0
1;12;0.00;0.00;0;0;0
1;9;0.00;0.00;0;0;0
1;14;-0.01;0.02;0;0;1
1;7;0.00;0.00;0;0;0
1;7;0.01;0.02;0;-1;0
1;12;0.00;0.00;0;0;0
1;6;0.00;0.00;0;0;0
1;7;-0.01;0.02;0;0;1
1;8;0.00;0.00;0;0;0
1;8;0.00;0.00;0;0;0
1;8;0.00;0.00;0;0;0
1;9;0.01;0.02;0;-1;0
1;8;0.00;0.00;0;0;0
1;13;-0.01;0.02;0;0;1
1;7;0.00;0.00;0;0;0
1;9;0.00;0.00;0;0;0
1;11;0.01;0.02;0;-1;0
1;6;0.00;0.00;0;0;0
1;8;0.00;0.00;0;0;0
1;7;-0.01;0.02;0;0;1
1;11;0.00;0.00;0;0;0
1;7;0.00;0.00;0;0;0
1;7;0.00;0.00;0;0;0
1;8;0.00;0.00;0;0;0
1;12;0.01;0.02;0;-1;0
1;5;-0.01;0.02;0;0;1
1;8;0.00;0.00;0;0;0
1;9;0.00;0.00;0;0;0
1;10;0.00;0.00;0;0;0
1;6;0.00;0.00;0;0;0
1;7;0.01;0.02;0;-1;0
1;9;-0.01;0.02;0;0;1
1;10;0.00;0.00;0;0;0
1;6;0.00;0.00;0;0;0
1;8;0.00;0.00;0;0;0
1;8;0.00;0.00;0;0;0
1;10;0.00;0.04;0;-1;1
1;7;0.00;0.00;0;0;0
1;9;-0.01;0.02;0;0;1
1;7;0.00;0.00;0;0;0
1;8;0.00;0.00;0;0;0
1;9;-0.01;0.02;0;0;1
1;8;0.00;0.00;0;0;0
1;8;-0.01;0.02;0;0;1
1;8;0.01;0.02;0;-1;0
1;8;-0.01;0.02;0;0;1
1;8;0.00;0.00;0;0;0
1;9;-0.01;0.02;0;0;1
1;8;-0.01;0.02;0;0;1
1;8;0.00;0.00;0;0;0
1;8;0.01;0.02;0;-1;0
1;8;-0.01;0.02;0;0;1
1;9;0.00;0.00;0;0;0
1;11;0.00;0.00;0;0;0
1;6;-0.01;0.02;0;0;1
1;7;0.01;0.02;0;-1;0
1;8;0.00;0.00;0;0;0
1;9;0.00;0.00;0;0;0
1;9;-0.01;0.02;0;0;1
1;7;0.00;0.00;0;0;0
1;8;0.01;0.02;0;-1;0
1;10;0.00;0.00;0;0;0
1;8;0.00;0.00;0;0;0
1;7;0.00;0.00;0;0;0
1;8;0.00;0.00;0;0;0
1;13;-0.01;0.02;0;0;1
1;8;0.01;0.02;0;-1;0
1;9;0.00;0.00;0;0;0
1;7;0.00;0.00;0;0;0
1;8;0.00;0.00;0;0;0
1;8;0.00;0.00;0;0;0
1;8;0.00;0.00;0;0;0
1;9;-0.01;0.02;0;0;1
1;8;0.00;0.00;0;0;0
1;8;0.01;0.02;0;-1;0
1;8;0.00;0.00;0;0;0
1;8;0.00;0.00;0;0;0
1;12;0.00;0.00;0;0;0
1;6;0.00;0.00;0;0;0
1;7;-0.01;0.02;0;0;1
1;12;0.00;0.00;0;0;0
1;8;0.00;0.00;0;0;0
1;9;0.01;0.02;0;-1;0
1;8;0.00;0.00;0;0;0
1;8;0.00;0.00;0;0;0
1;8;-0.01;0.02;0;0;1
1;8;0.00;0.00;0;0;0
1;9;0.00;0.00;0;0;0
1;8;0.00;0.00;0;0;0
1;8;0.01;0.02;0;-1;0
1;9;0.00;0.00;0;0;0
1;7;-0.01;0.02;0;0;1
1;9;0.00;0.00;0;0;0
1;8;0.00;0.00;0;0;0
1;8;0.00;0.00;0;0;0
1;8;0.00;0.00;0;0;0
1;8;0.01;0.02;0;-1;0
1;12;-0.01;0.02;0;0;1
1;6;0.00;0.00;0;0;0
1;11;0.00;0.00;0;0;0
1;5;0.00;0.00;0;0;0
1;10;0.00;0.00;0;0;0
1;6;0.00;0.00;0;0;0
1;8;-0.01;0.02;0;0;1
1;8;0.01;0.02;0;-1;0
1;8;0.00;0.00;0;0;0
1;8;0.00;0.00;0;0;0
1;8;0.00;0.00;0;0;0
1;9;0.00;0.00;0;0;0
1;8;0.00;0.00;0;0;0
1;8;-0.01;0.02;0;0;1
1;8;0.00;0.00;0;0;0
1;8;0.01;0.02;0;-1;0
1;11;0.00;0.00;0;0;0
1;6;0.00;0.00;0;0;0
1;8;0.00;0.00;0;0;0
1;8;-0.01;0.02;0;0;1
1;11;0.00;0.00;0;0;0
1;7;0.00;0.00;0;0;0
1;7;0.01;0.02;0;-1;0
1;8;0.00;0.00;0;0;0
1;10;0.00;0.00;0;0;0
1;7;-0.01;0.02;0;0;1
1;7;0.00;0.00;0;0;0
1;9;0.00;0.00;0;0;0
1;9;0.00;0.00;0;0;0
1;7;0.00;0.00;0;0;0
1;8;0.01;0.02;0;-1;0
1;8;-0.01;0.02;0;0;1
1;9;0.00;0.00;0;0;0
1;11;0.00;0.00;0;0;0
1;6;0.00;0.00;0;0;0
1;7;0.00;0.00;0;0;0
1;8;0.01;0.02;0;-1;0
1;9;-0.01;0.02;0;0;1
1;8;0.00;0.00;0;0;0
1;8;0.00;0.00;0;0;0
1;9;0.00;0.00;0;0;0
1;10;0.00;0.00;0;0;0
1;6;0.00;0.00;0;0;0
1;8;0.00;0.04;0;-1;1
1;8;0.00;0.00;0;0;0
1;8;0.00;0.00;0;0;0
1;10;0.00;0.00;0;0;0
1;8;0.00;0.00;0;0;0
1;7;0.00;0.00;0;0;0
1;10;-0.01;0.02;0;0;1
1;6;0.01;0.02;0;-1;0
1;8;0.00;0.00;0;0;0
1;8;0.00;0.00;0;0;0
1;10;0.00;0.00;0;0;0
1;7;0.00;0.00;0;0;0
1;8;0.00;0.00;0;0;0
1;8;-0.01;0.02;0;0;1
1;9;0.00;0.00;0;0;0
1;8;0.01;0.02;0;-1;0
1;8;0.00;0.00;0;0;0
1;8;0.00;0.00;0;0;0
1;9;0.00;0.00;0;0;0
1;8;0.00;0.00;0;0;0
1;8;-0.01;0.02;0;0;1
1;8;0.00;0.00;0;0;0
1;10;0.00;0.00;0;0;0
1;6;0.01;0.02;0;-1;0
1;8;0.00;0.00;0;0;0
1;9;0.00;0.00;0;0;0
1;8;0.00;0.00;0;0;0
1;8;-0.01;0.02;0;0;1
1;8;0.00;0.00;0;0;0
1;8;0.00;0.00;0;0;0
1;10;0.00;0.00;0;0;0
1;7;0.01;0.02;0;-1;0
1;12;0.00;0.00;0;0;0
1;9;-0.01;0.02;0;0;1
1;7;0.00;0.00;0;0;0
1;9;0.00;0.00;0;0;0
1;8;0.00;0.00;0;0;0
1;11;0.01;0.02;0;-1;0
1;6;0.00;0.00;0;0;0
1;7;0.00;0.00;0;0;0
1;8;-0.01;0.02;0;0;1
1;9;0.00;0.00;0;0;0
1;8;0.00;0.00;0;0;0
1;9;0.00;0.00;0;0;0
1;7;0.00;0.00;0;0;0
1;8;0.00;0.00;0;0;0
1;9;0.01;0.02;0;-1;0
1;9;-0.01;0.02;0;0;1
1;7;0.00;0.00;0;0;0
1;8;0.00;0.00;0;0;0
1;8;0.00;0.00;0;0;0
1;9;0.00;0.00;0;0;0
1;8;0.00;0.00;0;0;0
1;8;0.01;0.02;0;-1;0
1;8;-0.01;0.02;0;0;1
1;8;0.00;0.00;0;0;0
1;12;0.00;0.00;0;0;0
1;5;0.00;0.00;0;0;0
1;11;0.00;0.00;0;0;0
1;6;0.01;0.02;0;-1;0
1;7;0.00;0.00;0;0;0
1;9;-0.01;0.02;0;0;1
1;11;0.00;0.00;0;0;0
1;5;0.00;0.00;0;0;0
1;8;0.00;0.00;0;0;0
1;8;0.00;0.00;0;0;0
1;8;0.00;0.00;0;0;0
1;9;0.01;0.02;0;-1;0
1;8;-0.01;0.02;0;0;1
1;8;0.00;0.00;0;0;0
1;12;0.00;0.00;0;0;0
1;9;0.00;0.00;0;0;0
1;8;0.00;0.00;0;0;0
1;8;0.00;0.00;0;0;0
1;8;-0.01;0.02;0;0;1
1;8;0.01;0.02;0;-1;0
1;9;0.00;0.00;0;0;0
1;8;0.00;0.00;0;0;0
1;8;0.00;0.00;0;0;0
1;8;0.00;0.00;0;0;0
1;8;0.00;0.00;0;0;0
1;17;0.00;0.04;0;-1;1
1;8;0.00;0.00;0;0;0
1;8;0.00;0.00;0;0;0
1;8;0.00;0.00;0;0;0
1;8;0.00;0.00;0;0;0
1;9;0.00;0.00;0;0;0
1;8;0.00;0.04;0;-1;1
1;10;0.00;0.00;0;0;0
1;6;0.00;0.00;0;0;0
1;8;0.00;0.00;0;0;0
1;9;0.00;0.00;0;0;0
1;8;-0.01;0.02;0;0;1
1;8;0.01;0.02;0;-1;0
1;11;-0.01;0.02;0;0;1
1;6;0.00;0.00;0;0;0
1;8;-0.01;0.02;0;0;1
1;8;0.00;0.00;0;0;0
1;10;-0.01;0.02;0;0;1
1;7;0.00;0.00;0;0;0
1;7;0.00;0.00;0;0;0
1;8;0.00;0.04;0;-1;1
1;9;0.00;0.00;0;0;0
1;11;-0.01;0.02;0;0;1
1;5;0.00;0.00;0;0;0
1;8;0.00;0.00;0;0;0
1;9;-0.01;0.02;0;0;1
1;8;0.00;0.00;0;0;0
1;11;-0.01;0.02;0;0;1
1;6;0.00;0.00;0;0;0
1;7;0.00;0.04;0;-1;1
1;8;0.00;0.00;0;0;0
1;9;0.00;0.00;0;0;0
1;8;-0.01;0.02;0;0;1
1;8;0.00;0.00;0;0;0
1;8;-0.01;0.02;0;0;1
1;8;0.01;0.02;0;-1;0
1;10;-0.01;0.02;0;0;1
1;7;0.00;0.00;0;0;0
1;8;0.00;0.00;0;0;0
1;8;-0.01;0.02;0;0;1
1;13;0.00;0.00;0;0;0
1;8;0.01;0.02;0;-1;0
1;8;0.00;0.00;0;0;0
1;8;-0.01;0.02;0;0;1
1;10;0.00;0.00;0;0;0
1;6;0.00;0.00;0;0;0
1;9;0.01;0.02;0;-1;0
1;8;0.00;0.00;0;0;0
1;8;0.00;0.00;0;0;0
1;8;0.00;0.00;0;0;0
1;8;-0.01;0.02;0;0;1
1;9;0.01;0.02;0;-1;0
1;8;0.00;0.00;0;0;0
1;9;0.00;0.00;0;0;0
1;7;0.00;0.00;0;0;0
1;8;0.00;0.00;0;0;0
1;10;0.00;0.00;0;0;0
1;7;0.00;0.00;0;0;0
1;8;-0.01;0.02;0;0;1
1;8;0.00;0.00;0;0;0
1;8;0.01;0.02;0;-1;0
1;15;0.00;0.00;0;0;0
1;7;0.00;0.00;0;0;0
1;8;0.00;0.00;0;0;0
1;7;0.00;0.00;0;0;0
1;25;0.00;0.04;0;-1;1
1;4;0.00;0.00;0;0;0
1;11;0.00;0.00;0;0;0
1;5;0.00;0.00;0;0;0
1;8;0.00;0.00;0;0;0
1;9;0.01;0.02;0;-1;0
1;8;0.00;0.00;0;0;0
1;8;-0.01;0.02;0;0;1
1;8;0.00;0.00;0;0;0
1;8;0.00;0.00;0;0;0
1;11;0.00;0.00;0;0;0
1;6;0.01;0.02;0;-1;0
1;8;0.00;0.00;0;0;0
1;9;-0.01;0.02;0;0;1
1;9;0.00;0.00;0;0;0
1;6;0.00;0.00;0;0;0
1;9;-0.01;0.02;0;0;1
1;8;0.00;0.00;0;0;0
1;9;0.00;0.04;0;-1;1
1;7;0.00;0.00;0;0;0
1;8;0.00;0.00;0;0;0
1;9;-0.01;0.02;0;0;1
1;8;0.00;0.00;0;0;0
1;8;-0.01;0.02;0;0;1
1;8;0.00;0.00;0;0;0
1;8;-0.01;0.02;0;0;1
1;10;0.01;0.02;0;-1;0
1;7;-0.01;0.02;0;0;1
1;13;-0.01;0.02;0;0;1
1;8;0.00;0.00;0;0;0
1;16;0.00;0.04;0;-1;1
1;7;0.00;0.00;0;0;0
1;12;0.00;0.00;0;0;0
1;5;0.00;0.00;0;0;0
1;8;0.00;0.04;0;-1;1
1;9;0.00;0.00;0;0;0
1;8;0.00;0.00;0;0;0
1;8;0.00;0.00;0;0;0
1;8;0.00;0.00;0;0;0
1;8;0.00;0.00;0;0;0
1;9;0.00;0.04;0;-1;1
1;8;0.00;0.00;0;0;0
1;11;0.00;0.00;0;0;0
1;5;0.00;0.00;0;0;0
1;8;0.00;0.00;0;0;0
1;10;0.00;0.00;0;0;0
1;8;0.00;0.00;0;0;0
1;7;0.00;0.00;0;0;0
1;11;0.00;0.00;0;0;0
1;14;0.01;0.02;0;-1;0
1;8;-0.01;0.02;0;0;1
1;11;0.00;0.00;0;0;0
1;20;0.00;0.00;0;0;0
1;9;0.01;0.02;0;-1;0
1;6;0.00;0.00;0;0;0
1;13;-0.01;0.02;0;0;1
1;6;0.00;0.00;0;0;0
1;11;0.00;0.00;0;0;0
1;9;0.01;0.02;0;-1;0
1;8;0.00;0.00;0;0;0
1;5;0.00;0.00;0;0;0
1;8;-0.01;0.02;0;0;1
1;25;0.00;0.00;0;0;0
1;16;0.00;0.04;0;-1;1
1;6;0.00;0.00;0;0;0
1;7;0.00;0.00;0;0;0
1;8;0.00;0.00;0;0;0
1;9;-0.01;0.02;0;0;1
1;7;0.00;0.00;0;0;0
1;8;0.00;0.00;0;0;0
1;8;0.01;0.02;0;-1;0
1;9;0.00;0.00;0;0;0
1;8;-0.01;0.02;0;0;1
1;8;0.00;0.00;0;0;0
1;8;0.00;0.00;0;0;0
1;8;0.00;0.00;0;0;0
1;9;0.01;0.02;0;-1;0
1;8;-0.01;0.02;0;0;1
1;8;0.00;0.00;0;0;0
1;8;0.00;0.00;0;0;0
1;8;0.00;0.00;0;0;0
1;9;0.00;0.00;0;0;0
1;8;0.01;0.02;0;-1;0
1;8;0.00;0.00;0;0;0
1;8;-0.01;0.02;0;0;1
1;8;0.00;0.00;0;0;0
1;8;0.00;0.00;0;0;0
1;11;0.00;0.00;0;0;0
1;6;0.01;0.02;0;-1;0
1;12;0.00;0.00;0;0;0
1;5;-0.01;0.02;0;0;1
1;7;0.00;0.00;0;0;0
1;9;0.00;0.00;0;0;0
1;18;0.00;0.00;0;0;0
1;7;0.01;0.02;0;-1;0
1;7;0.00;0.00;0;0;0
1;13;-0.01;0.02;0;0;1
1;4;0.00;0.00;0;0;0
1;10;0.00;0.00;0;0;0
1;6;0.00;0.00;0;0;0
1;10;0.01;0.02;0;-1;0
1;7;0.00;0.00;0;0;0
1;8;-0.01;0.02;0;0;1
1;8;0.00;0.00;0;0;0
1;9;0.00;0.00;0;0;0
1;8;0.00;0.00;0;0;0
1;9;0.01;0.02;0;-1;0
1;10;0.00;0.00;0;0;0
1;9;-0.01;0.02;0;0;1
1;8;0.00;0.00;0;0;0
1;8;0.00;0.00;0;0;0
1;17;0.01;0.02;0;-1;0
1;15;-0.01;0.02;0;0;1
1;11;0.00;0.00;0;0;0
1;8;0.00;0.00;0;0;0
1;7;0.00;0.00;0;0;0
1;8;0.00;0.00;0;0;0
1;9;0.01;0.02;0;-1;0
1;7;0.00;0.00;0;0;0
1;8;-0.01;0.02;0;0;1
1;9;0.00;0.00;0;0;0
1;8;0.00;0.00;0;0;0
1;8;0.00;0.00;0;0;0
1;8;0.00;0.00;0;0;0
1;8;0.00;0.04;0;-1;1
1;13;0.00;0.00;0;0;0
1;8;-0.01;0.02;0;0;1
1;8;0.00;0.00;0;0;0
1;8;0.00;0.00;0;0;0
1;8;-0.01;0.02;0;0;1
1;9;0.00;0.00;0;0;0
1;8;0.00;0.04;0;-1;1
1;8;0.00;0.00;0;0;0
1;8;-0.01;0.02;0;0;1
1;8;0.00;0.00;0;0;0
1;9;-0.01;0.02;0;0;1
1;8;-0.01;0.02;0;0;1
1;8;0.00;0.00;0;0;0
1;8;0.00;0.04;0;-1;1
1;8;0.00;0.00;0;0;0
1;9;-0.01;0.02;0;0;1
1;8;0.00;0.00;0;0;0
1;8;-0.01;0.02;0;0;1
1;8;0.00;0.04;0;-1;1
1;8;0.00;0.00;0;0;0
1;9;0.00;0.00;0;0;0
1;8;-0.01;0.02;0;0;1
1;8;0.00;0.00;0;0;0
1;33;0.00;0.04;0;-1;1
1;10;0.00;0.00;0;0;0
1;14;0.01;0.02;0;-1;0
1;8;0.00;0.00;0;0;0
1;9;0.00;0.00;0;0;0
1;11;-0.01;0.02;0;0;1
1;5;0.00;0.00;0;0;0
1;8;0.00;0.00;0;0;0
1;8;0.01;0.02;0;-1;0
1;12;0.00;0.00;0;0;0
1;9;0.00;0.00;0;0;0
1;8;-0.01;0.02;0;0;1
1;12;0.00;0.00;0;0;0
1;9;0.00;0.00;0;0;0
1;10;0.01;0.02;0;-1;0
1;6;0.00;0.00;0;0;0
1;9;0.00;0.00;0;0;0
1;7;-0.01;0.02;0;0;1
1;9;0.00;0.00;0;0;0
1;8;0.00;0.00;0;0;0
1;11;0.00;0.00;0;0;0
1;5;0.01;0.02;0;-1;0
1;8;0.00;0.00;0;0;0
1;9;0.00;0.00;0;0;0
1;8;-0.01;0.02;0;0;1
1;8;0.00;0.00;0;0;0
1;8;0.00;0.00;0;0;0
1;8;0.00;0.00;0;0;0
1;8;0.01;0.02;0;-1;0
1;9;0.00;0.00;0;0;0
1;8;0.00;0.00;0;0;0
1;8;-0.01;0.02;0;0;1
1;8;0.00;0.00;0;0;0
1;10;0.01;0.02;0;-1;0
1;8;0.00;0.00;0;0;0
1;7;0.00;0.00;0;0;0
1;8;0.00;0.00;0;0;0
1;11;-0.01;0.02;0;0;1
1;6;0.00;0.00;0;0;0
1;8;0.00;0.00;0;0;0
1;9;0.01;0.02;0;-1;0
1;10;0.00;0.00;0;0;0
1;5;0.00;0.00;0;0;0
1;11;-0.01;0.02;0;0;1
1;6;0.00;0.00;0;0;0
1;12;0.00;0.00;0;0;0
1;8;0.01;0.02;0;-1;0
1;8;0.00;0.00;0;0;0
1;15;0.00;0.00;0;0;0
1;11;-0.01;0.02;0;0;1
1;13;0.00;0.00;0;0;0
1;11;0.01;0.02;0;-1;0
1;9;0.00;0.00;0;0;0
1;7;0.00;0.00;0;0;0
1;11;-0.01;0.02;0;0;1
1;5;0.00;0.00;0;0;0
1;8;0.00;0.00;0;0;0
1;9;0.01;0.02;0;-1;0
1;8;0.00;0.00;0;0;0
1;8;0.00;0.00;0;0;0
1;8;-0.01;0.02;0;0;1
1;8;0.00;0.00;0;0;0
1;8;0.00;0.00;0;0;0
1;9;0.01;0.02;0;-1;0
1;8;0.00;0.00;0;0;0
1;8;0.00;0.00;0;0;0
1;8;0.00;0.00;0;0;0
1;8;-0.01;0.02;0;0;1
1;9;0.00;0.00;0;0;0
1;8;0.01;0.02;0;-1;0
1;8;0.00;0.00;0;0;0
1;8;0.00;0.00;0;0;0
1;8;0.00;0.00;0;0;0
1;9;0.00;0.00;0;0;0
1;8;-0.01;0.02;0;0;1
1;8;0.00;0.00;0;0;0
1;12;0.00;0.00;0;0;0
1;8;0.00;0.00;0;0;0
1;9;0.00;0.00;0;0;0
1;13;0.00;0.00;0;0;0
1;7;-0.01;0.02;0;0;1
1;8;0.01;0.02;0;-1;0
1;9;0.00;0.00;0;0;0
1;12;0.00;0.00;0;0;0
1;11;0.00;0.00;0;0;0
1;9;0.00;0.00;0;0;0
1;8;0.00;0.04;0;-1;1
1;9;0.00;0.00;0;0;0
1;8;0.00;0.00;0;0;0
1;8;0.00;0.00;0;0;0
1;11;0.00;0.00;0;0;0
1;16;-0.01;0.02;0;0;1
1;7;0.01;0.02;0;-1;0
1;10;-0.01;0.02;0;0;1
1;6;0.00;0.00;0;0;0
1;7;0.00;0.00;0;0;0
1;14;-0.01;0.02;0;0;1
1;8;-0.01;0.02;0;0;1
1;7;0.00;0.00;0;0;0
1;8;0.01;0.02;0;-1;0
1;8;-0.01;0.02;0;0;1
1;9;0.00;0.00;0;0;0
1;8;0.00;0.00;0;0;0
1;8;-0.01;0.02;0;0;1
1;8;0.00;0.00;0;0;0
1;8;-0.01;0.02;0;0;1
1;9;0.01;0.02;0;-1;0
1;9;-0.01;0.02;0;0;1
1;7;0.00;0.00;0;0;0
1;8;0.00;0.00;0;0;0
1;8;-0.01;0.02;0;0;1
1;9;0.00;0.00;0;0;0
1;9;0.00;0.04;0;-1;1
1;7;0.00;0.00;0;0;0
1;8;0.00;0.00;0;0;0
1;8;-0.01;0.02;0;0;1
1;9;0.00;0.00;0;0;0
1;8;0.00;0.04;0;-1;1
1;8;0.00;0.00;0;0;0
1;8;-0.01;0.02;0;0;1
1;8;0.00;0.00;0;0;0
1;13;-0.01;0.02;0;0;1
1;11;0.00;0.00;0;0;0
1;5;0.01;0.02;0;-1;0
1;8;-0.01;0.02;0;0;1
1;10;0.00;0.00;0;0;0
1;7;0.00;0.00;0;0;0
1;8;-0.01;0.02;0;0;1
1;8;0.00;0.00;0;0;0
1;9;0.00;0.00;0;0;0
1;8;0.00;0.00;0;0;0
1;9;0.00;0.00;0;0;0
1;10;0.00;0.00;0;0;0
1;6;0.00;0.00;0;0;0
1;7;-0.01;0.02;0;0;1
1;9;0.00;0.00;0;0;0
1;11;0.00;0.00;0;0;0
1;7;0.00;0.00;0;0;0
1;6;0.00;0.00;0;0;0
1;8;0.00;0.00;0;0;0
1;11;0.00;0.00;0;0;0
1;5;0.00;0.00;0;0;0
1;9;0.00;0.00;0;0;0
1;8;0.00;0.00;0;0;0
1;8;-0.01;0.02;0;0;1
1;8;0.00;0.00;0;0;0
1;8;0.00;0.00;0;0;0
1;9;0.00;0.00;0;0;0
1;11;0.00;0.00;0;0;0
1;8;0.01;0.02;0;-1;0
1;5;0.00;0.00;0;0;0
1;8;-0.01;0.02;0;0;1
1;11;0.00;0.00;0;0;0
1;6;0.00;0.00;0;0;0
1;8;0.00;0.00;0;0;0
1;8;0.00;0.00;0;0;0
1;10;0.00;0.00;0;0;0
1;14;0.00;0.04;0;-1;1
1;5;0.00;0.00;0;0;0
1;12;0.00;0.00;0;0;0
1;8;0.00;0.00;0;0;0
1;8;-0.01;0.02;0;0;1
1;9;0.00;0.00;0;0;0
1;8;0.00;0.00;0;0;0
1;8;-0.01;0.02;0;0;1
1;10;0.01;0.02;0;-1;0
1;6;-0.01;0.02;0;0;1
1;9;0.00;0.00;0;0;0
1;11;-0.01;0.02;0;0;1
1;9;0.00;0.00;0;0;0
1;8;-0.01;0.02;0;0;1
1;8;0.00;0.00;0;0;0
1;12;-0.01;0.02;0;0;1
1;5;0.00;0.04;0;-1;1
1;8;0.00;0.00;0;0;0
1;8;-0.01;0.02;0;0;1
1;8;0.00;0.00;0;0;0
1;9;-0.01;0.02;0;0;1
1;8;0.00;0.00;0;0;0
1;8;0.00;0.04;0;-1;1
1;8;0.00;0.00;0;0;0
1;8;-0.01;0.02;0;0;1
1;9;0.00;0.00;0;0;0
1;8;0.00;0.00;0;0;0
1;8;0.00;0.00;0;0;0
1;8;0.00;0.04;0;-1;1
1;8;0.00;0.00;0;0;0
1;9;0.00;0.00;0;0;0
1;9;0.00;0.00;0;0;0
1;7;0.00;0.00;0;0;0
1;8;-0.01;0.02;0;0;1
1;13;0.01;0.02;0;-1;0
1;8;0.00;0.00;0;0;0
1;9;0.00;0.00;0;0;0
1;7;0.00;0.00;0;0;0
1;9;0.00;0.00;0;0;0
1;7;0.00;0.00;0;0;0
1;9;0.00;0.00;0;0;0
1;8;0.00;0.00;0;0;0
1;9;0.00;0.00;0;0;0
1;9;0.00;0.04;0;-1;1
1;6;0.00;0.00;0;0;0
1;9;0.00;0.00;0;0;0
1;9;0.00;0.00;0;0;0
1;7;0.00;0.00;0;0;0
1;8;0.00;0.00;0;0;0
1;8;0.00;0.00;0;0;0
1;8;0.00;0.00;0;0;0
1;9;-0.01;0.02;0;0;1
1;8;0.00;0.00;0;0;0
1;8;0.01;0.02;0;-1;0
1;8;0.00;0.00;0;0;0
1;8;0.00;0.00;0;0;0
1;13;-0.01;0.02;0;0;1
1;8;0.00;0.00;0;0;0
1;8;0.00;0.00;0;0;0
1;9;0.00;0.00;0;0;0
1;7;0.01;0.02;0;-1;0
1;9;0.00;0.00;0;0;0
1;8;-0.01;0.02;0;0;1
1;9;0.00;0.00;0;0;0
1;7;0.00;0.00;0;0;0
1;8;0.00;0.00;0;0;0
1;9;0.00;0.00;0;0;0
1;8;0.01;0.02;0;-1;0
1;8;0.00;0.00;0;0;0
1;8;-0.01;0.02;0;0;1
1;8;0.00;0.00;0;0;0
1;12;0.00;0.00;0;0;0
1;5;0.00;0.00;0;0;0
1;8;0.00;0.00;0;0;0
1;8;0.00;0.00;0;0;0
1;8;0.00;0.00;0;0;0
1;9;0.00;0.04;0;-1;1
1;8;0.00;0.00;0;0;0
1;11;0.00;0.00;0;0;0
1;5;0.00;0.00;0;0;0
1;8;0.00;0.00;0;0;0
1;9;0.00;0.00;0;0;0
1;8;0.00;0.00;0;0;0
1;9;-0.01;0.02;0;0;1
1;7;0.01;0.02;0;-1;0
1;8;0.00;0.00;0;0;0
1;12;0.00;0.00;0;0;0
1;7;0.00;0.00;0;0;0
1;6;-0.01;0.02;0;0;1
1;8;0.00;0.00;0;0;0
1;8;0.00;0.00;0;0;0
1;8;0.00;0.00;0;0;0
1;9;0.01;0.02;0;-1;0
1;8;0.00;0.00;0;0;0
1;8;-0.01;0.02;0;0;1
1;8;0.00;0.00;0;0;0
1;8;0.00;0.00;0;0;0
1;9;0.00;0.00;0;0;0
1;8;0.01;0.02;0;-1;0
1;8;0.00;0.00;0;0;0
1;8;-0.01;0.02;0;0;1
1;8;0.00;0.00;0;0;0
1;9;0.00;0.00;0;0;0
1;8;0.00;0.00;0;0;0
1;8;0.00;0.00;0;0;0
1;8;0.00;0.00;0;0;0
1;8;0.00;0.04;0;-1;1
1;9;0.00;0.00;0;0;0
1;9;0.00;0.00;0;0;0
1;11;0.00;0.00;0;0;0
1;8;0.00;0.00;0;0;0
1;11;-0.01;0.02;0;0;1
1;6;0.00;0.00;0;0;0
1;8;0.01;0.02;0;-1;0
1;8;0.00;0.00;0;0;0
1;8;0.00;0.00;0;0;0
1;8;0.00;0.00;0;0;0
1;9;0.00;0.00;0;0;0
1;8;-0.01;0.02;0;0;1
1;9;0.00;0.00;0;0;0
1;7;0.00;0.00;0;0;0
1;8;0.01;0.02;0;-1;0
1;15;0.00;0.00;0;0;0
1;6;-0.01;0.02;0;0;1
1;8;0.00;0.00;0;0;0
1;8;0.00;0.00;0;0;0
1;11;0.00;0.00;0;0;0
1;6;0.00;0.00;0;0;0
1;8;0.00;0.00;0;0;0
1;8;0.01;0.02;0;-1;0
1;11;-0.01;0.02;0;0;1
1;5;0.00;0.00;0;0;0
1;9;0.00;0.00;0;0;0
1;8;0.00;0.00;0;0;0
1;8;0.00;0.00;0;0;0
1;16;0.01;0.02;0;-1;0
1;8;-0.01;0.02;0;0;1
1;11;0.00;0.00;0;0;0
1;6;0.00;0.00;0;0;0
1;8;0.00;0.00;0;0;0
1;8;0.01;0.02;0;-1;0
1;12;-0.01;0.02;0;0;1
1;9;0.00;0.00;0;0;0
1;8;0.00;0.00;0;0;0
1;11;0.00;0.00;0;0;0
1;5;0.00;0.00;0;0;0
1;8;0.00;0.00;0;0;0
1;9;0.00;0.00;0;0;0
1;8;-0.01;0.02;0;0;1
1;8;0.00;0.00;0;0;0
1;9;0.00;0.00;0;0;0
1;7;0.00;0.00;0;0;0
1;9;0.00;0.00;0;0;0
1;8;-0.01;0.02;0;0;1
1;8;0.00;0.00;0;0;0
1;8;0.00;0.00;0;0;0
1;8;0.00;0.00;0;0;0
1;9;0.00;0.00;0;0;0
1;10;0.00;0.00;0;0;0
1;6;0.00;0.00;0;0;0
1;8;-0.01;0.02;0;0;1
1;8;0.00;0.00;0;0;0
1;9;0.00;0.00;0;0;0
1;8;0.00;0.00;0;0;0
1;8;0.00;0.00;0;0;0
1;8;0.00;0.00;0;0;0
1;8;0.00;0.00;0;0;0
1;9;-0.01;0.02;0;0;1
1;8;0.00;0.00;0;0;0
1;8;0.00;0.00;0;0;0
1;8;0.00;0.00;0;0;0
1;8;0.00;0.00;0;0;0
1;8;0.00;0.00;0;0;0
1;11;-0.01;0.02;0;0;1
1;7;0.00;0.00;0;0;0
1;7;0.00;0.00;0;0;0
1;8;0.00;0.00;0;0;0
1;8;0.00;0.00;0;0;0
1;9;0.00;0.00;0;0;0
1;8;-0.01;0.02;0;0;1
1;8;0.00;0.00;0;0;0
1;8;0.00;0.00;0;0;0
1;8;0.00;0.00;0;0;0
1;9;0.00;0.00;0;0;0
1;8;0.00;0.00;0;0;0
1;11;0.00;0.00;0;0;0
1;5;-0.01;0.02;0;0;1
1;8;0.00;0.00;0;0;0
1;9;0.00;0.00;0;0;0
1;12;0.00;0.00;0;0;0
1;8;0.00;0.00;0;0;0
1;8;0.00;0.00;0;0;0
1;8;-0.01;0.02;0;0;1
1;9;0.00;0.00;0;0;0
1;8;0.00;0.00;0;0;0
1;8;0.00;0.00;0;0;0
1;8;0.00;0.00;0;0;0
1;8;0.00;0.00;0;0;0
1;9;0.00;0.00;0;0;0
1;8;0.00;0.00;0;0;0
1;10;0.00;0.00;0;0;0
1;6;0.00;0.00;0;0;0
1;11;0.00;0.00;0;0;0
1;6;0.00;0.00;0;0;0
1;8;0.00;0.00;0;0;0
1;8;0.00;0.00;0;0;0
1;11;0.00;0.00;0;0;0
1;5;0.00;0.00;0;0;0
1;8;0.00;0.00;0;0;0
1;9;0.00;0.00;0;0;0
1;11;0.00;0.00;0;0;0
1;5;0.00;0.00;0;0;0
1;8;0.00;0.00;0;0;0
1;10;0.00;0.00;0;0;0
1;8;0.00;0.00;0;0;0
1;7;0.00;0.00;0;0;0
1;8;0.00;0.00;0;0;0
1;8;0.00;0.00;0;0;0
1;9;0.00;0.00;0;0;0
1;8;0.00;0.00;0;0;0
1;8;0.00;0.00;0;0;0
1;8;0.00;0.00;0;0;0
1;9;0.00;0.00;0;0;0
1;7;0.00;0.00;0;0;0
1;10;0.00;0.00;0;0;0
1;7;0.00;0.00;0;0;0
1;10;0.00;0.00;0;0;0
1;7;0.00;0.00;0;0;0
1;7;0.00;0.00;0;0;0
1;9;0.00;0.00;0;0;0
1;8;0.00;0.00;0;0;0
1;8;0.00;0.00;0;0;0
1;8;0.00;0.00;0;0;0
1;8;0.00;0.00;0;0;0
1;8;0.00;0.00;0;0;0
1;9;0.00;0.00;0;0;0
1;8;0.00;0.00;0;0;0
1;8;0.00;0.00;0;0;0
1;8;0.00;0.00;0;0;0
1;8;0.00;0.00;0;0;0
1;9;0.00;0.00;0;0;0
1;8;0.00;0.00;0;0;0
1;8;0.00;0.00;0;0;0
1;8;0.00;0.00;0;0;0
1;8;0.00;0.00;0;0;0
1;9;0.00;0.00;0;0;0
1;8;0.00;0.00;0;0;0
1;8;0.00;0.00;0;0;0
1;16;0.00;0.00;0;0;0
1;9;0.00;0.00;0;0;0
1;10;0.00;0.00;0;0;0
1;6;0.00;0.00;0;0;0
1;8;0.00;0.00;0;0;0
1;8;0.00;0.00;0;0;0
1;12;0.00;0.00;0;0;0
1;5;0.00;0.00;0;0;0
1;8;0.00;0.00;0;0;0
1;8;0.00;0.00;0;0;0
1;8;0.00;0.00;0;0;0
1;8;0.00;0.00;0;0;0
1;9;0.00;0.00;0;0;0
1;8;0.00;0.00;0;0;0
1;10;0.00;0.00;0;0;0
1;6;0.00;0.00;0;0;0
1;8;0.00;0.00;0;0;0
1;15;0.00;0.00;0;0;0
1;9;0.00;0.00;0;0;0
1;5;0.00;0.00;0;0;0
1;8;0.00;0.00;0;0;0
1;12;0.00;0.00;0;0;0
1;5;0.00;0.00;0;0;0
1;8;0.00;0.00;0;0;0
1;8;0.00;0.00;0;0;0
1;11;0.00;0.00;0;0;0
1;5;0.00;0.00;0;0;0
1;9;0.00;0.00;0;0;0
1;8;0.00;0.00;0;0;0
1;9;0.00;0.00;0;0;0
1;7;0.00;0.00;0;0;0
1;7;0.00;0.00;0;0;0
1;10;0.00;0.00;0;0;0
1;12;0.00;0.00;0;0;0
1;8;0.00;0.00;0;0;0
1;8;0.00;0.00;0;0;0
1;14;0.00;0.00;0;0;0
1;7;0.00;0.00;0;0;0
1;8;0.00;0.00;0;0;0
1;8;0.00;0.00;0;0;0
1;8;0.00;0.00;0;0;0
1;7;0.00;0.00;0;0;0
1;10;0.00;0.00;0;0;0
1;8;0.00;0.00;0;0;0
1;8;0.00;0.00;0;0;0
1;8;0.00;0.00;0;0;0
1;8;0.00;0.00;0;0;0
1;8;0.00;0.00;0;0;0
1;9;0.00;0.00;0;0;0
1;8;0.00;0.00;0;0;0
1;8;0.00;0.00;0;0;0
1;8;0.00;0.00;0;0;0
1;9;0.00;0.00;0;0;0
1;11;0.00;0.00;0;0;0
1;5;0.00;0.00;0;0;0
1;8;0.00;0.00;0;0;0
1;8;0.00;0.00;0;0;0
1;12;0.00;0.00;0;0;0
1;5;0.00;0.00;0;0;0
1;8;0.00;0.00;0;0;0
1;8;0.00;0.00;0;0;0
1;9;0.00;0.00;0;0;0
1;8;0.00;0.00;0;0;0
1;8;0.00;0.00;0;0;0
1;8;0.00;0.00;0;0;0
1;12;0.00;0.00;0;0;0
1;8;0.00;0.00;0;0;0
1;9;0.00;0.00;0;0;0
1;8;0.00;0.00;0;0;0
1;9;0.00;0.00;0;0;0
1;7;0.00;0.00;0;0;0
1;8;0.00;0.00;0;0;0
1;9;0.00;0.00;0;0;0
1;8;0.00;0.00;0;0;0
1;8;0.00;0.00;0;0;0
1;8;0.00;0.00;0;0;0
1;11;0.00;0.00;0;0;0
1;7;0.00;0.00;0;0;0
1;7;0.00;0.00;0;0;0
1;8;0.00;0.00;0;0;0
1;10;0.00;0.00;0;0;0
1;6;0.00;0.00;0;0;0
1;10;0.00;0.00;0;0;0
1;7;0.00;0.00;0;0;0
1;11;0.00;0.00;0;0;0
1;5;0.00;0.00;0;0;0
1;8;0.00;0.00;0;0;0
1;8;0.00;0.00;0;0;0
1;9;0.00;0.00;0;0;0
1;8;0.00;0.00;0;0;0
1;7;0.00;0.00;0;0;0
1;9;0.00;0.00;0;0;0
1;8;0.00;0.00;0;0;0
1;9;0.00;0.00;0;0;0
1;8;0.00;0.00;0;0;0
1;11;0.00;0.00;0;0;0
1;5;0.00;0.00;0;0;0
1;8;0.00;0.00;0;0;0
1;10;0.00;0.00;0;0;0
1;7;0.00;0.00;0;0;0
1;8;0.00;0.00;0;0;0
1;8;0.00;0.00;0;0;0
1;8;0.00;0.00;0;0;0
1;9;0.00;0.00;0;0;0
1;8;0.00;0.00;0;0;0
1;7;0.00;0.00;0;0;0
1;11;0.00;0.00;0;0;0
1;6;0.00;0.00;0;0;0
1;13;0.00;0.00;0;0;0
1;11;0.00;0.00;0;0;0
1;5;0.00;0.00;0;0;0
1;8;0.00;0.00;0;0;0
1;8;-0.01;0.02;0;0;1
1;8;0.00;0.00;0;0;0
1;9;0.00;0.00;0;0;0
1;7;0.00;0.00;0;0;0
1;8;0.00;0.00;0;0;0
1;10;0.00;0.00;0;0;0
1;7;0.00;0.00;0;0;0
1;8;-0.01;0.02;0;0;1
1;9;0.00;0.00;0;0;0
1;9;0.00;0.00;0;0;0
1;7;0.00;0.00;0;0;0
1;8;0.00;0.00;0;0;0
1;8;0.00;0.00;0;0;0
1;9;0.00;0.00;0;0;0
1;8;-0.01;0.02;0;0;1
1;8;0.00;0.00;0;0;0
1;7;0.00;0.00;0;0;0
1;9;0.00;0.00;0;0;0
1;8;0.00;0.00;0;0;0
1;8;0.00;0.00;0;0;0
1;9;0.00;0.00;0;0;0
1;8;-0.01;0.02;0;0;1
1;8;0.00;0.00;0;0;0
1;9;0.00;0.00;0;0;0
1;11;0.00;0.00;0;0;0
1;5;0.00;0.00;0;0;0
1;8;0.00;0.00;0;0;0
1;8;0.00;0.00;0;0;0
1;9;0.00;0.00;0;0;0
1;7;0.00;0.00;0;0;0
1;15;0.00;0.00;0;0;0
1;6;0.00;0.00;0;0;0
1;9;0.00;0.00;0;0;0
1;8;0.00;0.00;0;0;0
1;12;0.00;0.00;0;0;0
1;12;0.00;0.00;0;0;0
1;8;0.00;0.00;0;0;0
1;9;0.00;0.00;0;0;0
1;7;0.00;0.00;0;0;0
1;9;0.00;0.00;0;0;0
1;7;0.00;0.00;0;0;0
1;8;0.00;0.00;0;0;0
1;9;0.00;0.00;0;0;0
1;9;0.00;0.00;0;0;0
1;8;0.00;0.00;0;0;0
1;7;0.00;0.00;0;0;0
1;8;0.00;0.00;0;0;0
1;9;0.00;0.00;0;0;0
1;13;0.00;0.00;0;0;0
1;8;0.00;0.00;0;0;0
1;8;0.00;0.00;0;0;0
1;7;0.00;0.00;0;0;0
1;10;0.00;0.00;0;0;0
1;8;0.00;0.00;0;0;0
1;8;0.00;0.00;0;0;0
1;7;0.00;0.00;0;0;0
1;8;0.00;0.00;0;0;0
1;9;0.00;0.00;0;0;0
1;9;0.00;0.00;0;0;0
1;7;0.00;0.00;0;0;0
1;8;0.00;0.00;0;0;0
1;9;0.00;0.00;0;0;0
1;9;0.00;0.00;0;0;0
1;7;0.00;0.00;0;0;0
1;8;0.00;0.00;0;0;0
1;8;0.00;0.00;0;0;0
1;8;0.00;0.00;0;0;0
1;15;0.00;0.00;0;0;0
1;7;0.00;0.00;0;0;0
1;8;0.00;0.00;0;0;0
1;8;0.00;0.00;0;0;0
1;8;0.00;0.00;0;0;0
1;9;0.00;0.00;0;0;0
1;8;0.00;0.00;0;0;0
1;7;0.00;0.00;0;0;0
1;9;0.00;0.00;0;0;0
1;7;0.00;0.00;0;0;0
1;10;0.00;0.00;0;0;0
1;8;0.00;0.00;0;0;0
1;8;0.00;0.00;0;0;0
1;8;0.00;0.00;0;0;0
1;8;0.00;0.00;0;0;0
1;8;0.00;0.00;0;0;0
1;9;0.00;0.00;0;0;0
1;8;0.00;0.00;0;0;0
1;7;0.00;0.00;0;0;0
1;8;0.00;0.00;0;0;0
1;11;0.00;0.00;0;0;0
1;10;0.00;0.00;0;0;0
1;6;0.00;0.00;0;0;0
1;7;0.00;0.00;0;0;0
1;8;0.00;0.00;0;0;0
1;12;0.00;0.00;0;0;0
1;5;0.00;0.00;0;0;0
1;8;0.00;0.00;0;0;0
1;7;0.00;0.00;0;0;0
1;11;0.00;0.00;0;0;0
1;6;0.00;0.00;0;0;0
1;9;0.00;0.00;0;0;0
1;7;0.00;0.00;0;0;0
1;10;0.00;0.00;0;0;0
1;7;0.00;0.00;0;0;0
1;8;0.00;0.00;0;0;0
1;8;0.00;0.00;0;0;0
1;10;0.00;0.00;0;0;0
1;7;0.00;0.00;0;0;0
1;7;0.00;0.00;0;0;0
1;9;0.00;0.00;0;0;0
1;9;0.00;0.00;0;0;0
1;8;0.00;0.00;0;0;0
1;7;0.00;0.00;0;0;0
1;9;0.00;0.00;0;0;0
1;9;0.00;0.00;0;0;0
1;8;0.00;0.00;0;0;0
1;8;0.00;0.00;0;0;0
1;8;0.00;0.00;0;0;0
1;7;0.00;0.00;0;0;0
1;8;0.00;0.00;0;0;0
1;8;0.00;0.00;0;0;0
1;9;0.00;0.00;0;0;0
1;8;0.00;0.00;0;0;0
1;8;0.00;0.00;0;0;0
1;9;0.00;0.00;0;0;0
1;7;0.00;0.00;0;0;0
1;9;0.00;0.00;0;0;0
1;14;-0.01;0.02;0;0;1
1;7;0.00;0.00;0;0;0
1;8;0.00;0.00;0;0;0
1;8;0.00;0.00;0;0;0
1;12;0.00;0.00;0;0;0
1;5;0.00;0.00;0;0;0
1;7;0.00;0.00;0;0;0
1;9;0.00;0.00;0;0;0
1;11;-0.01;0.02;0;0;1
1;9;0.00;0.00;0;0;0
1;8;0.00;0.00;0;0;0
1;12;0.00;0.00;0;0;0
1;8;0.00;0.00;0;0;0
1;6;0.00;0.00;0;0;0
1;9;0.00;0.00;0;0;0
1;9;0.00;0.00;0;0;0
1;11;0.00;0.00;0;0;0
1;7;0.00;0.00;0;0;0
1;8;0.00;0.00;0;0;0
1;8;0.00;0.00;0;0;0
1;8;0.00;0.00;0;0;0
1;8;0.00;0.00;0;0;0
1;11;0.00;0.00;0;0;0
1;7;0.00;0.00;0;0;0
1;7;0.00;0.00;0;0;0
1;8;0.00;0.00;0;0;0
1;11;0.00;0.00;0;0;0
1;6;0.00;0.00;0;0;0
1;8;0.00;0.00;0;0;0
1;8;0.00;0.00;0;0;0
1;12;0.00;0.00;0;0;0
1;5;0.00;0.00;0;0;0
1;8;0.00;0.00;0;0;0
1;8;0.00;0.00;0;0;0
1;11;0.00;0.00;0;0;0
1;11;0.00;0.00;0;0;0
1;10;0.00;0.00;0;0;0
1;12;0.00;0.00;0;0;0
1;6;0.00;0.00;0;0;0
1;7;0.00;0.00;0;0;0
1;9;0.00;0.00;0;0;0
1;8;0.00;0.00;0;0;0
1;13;0.00;0.00;0;0;0
1;8;0.00;0.00;0;0;0
1;7;0.00;0.00;0;0;0
1;8;0.00;0.00;0;0;0
1;12;0.00;0.00;0;0;0
1;8;0.00;0.00;0;0;0
1;9;0.00;0.00;0;0;0
1;8;0.00;0.00;0;0;0
1;12;0.00;0.00;0;0;0
1;5;0.00;0.00;0;0;0
1;11;0.00;0.00;0;0;0
1;6;0.00;0.00;0;0;0
1;8;0.00;0.00;0;0;0
1;7;0.00;0.00;0;0;0
1;8;0.00;0.00;0;0;0
1;8;0.00;0.00;0;0;0
1;9;0.00;0.00;0;0;0
1;8;0.00;0.00;0;0;0
1;8;0.00;0.00;0;0;0
1;9;0.00;0.00;0;0;0
1;8;0.00;0.00;0;0;0
1;8;0.00;0.00;0;0;0
1;8;0.00;0.00;0;0;0
1;11;0.00;0.00;0;0;0
1;6;0.00;0.00;0;0;0
1;7;0.00;0.00;0;0;0
1;9;0.00;0.00;0;0;0
1;11;0.00;0.00;0;0;0
1;6;0.00;0.00;0;0;0
1;8;0.00;0.00;0;0;0
1;8;0.00;0.00;0;0;0
1;12;0.00;0.00;0;0;0
1;5;0.00;0.00;0;0;0
1;9;0.00;0.00;0;0;0
1;7;0.00;0.00;0;0;0
1;10;0.00;0.00;0;0;0
1;6;-0.01;0.02;0;0;1
1;9;0.00;0.00;0;0;0
1;8;0.00;0.00;0;0;0
1;11;0.00;0.00;0;0;0
1;5;0.00;0.00;0;0;0
1;7;0.00;0.00;0;0;0
1;9;0.00;0.00;0;0;0
1;10;0.00;0.00;0;0;0
1;7;0.00;0.00;0;0;0
1;7;0.00;0.00;0;0;0
1;8;0.00;0.00;0;0;0
1;10;0.00;0.00;0;0;0
1;8;0.00;0.00;0;0;0
1;10;0.00;0.00;0;0;0
1;6;0.00;0.00;0;0;0
1;8;0.00;0.00;0;0;0
1;8;0.00;0.00;0;0;0
1;9;0.00;0.00;0;0;0
1;7;0.00;0.00;0;0;0
1;8;0.00;0.00;0;0;0
1;8;0.00;0.00;0;0;0
1;8;0.00;0.00;0;0;0
1;9;-0.01;0.02;0;0;1
1;8;0.00;0.00;0;0;0
1;9;0.00;0.00;0;0;0
1;7;0.00;0.00;0;0;0
1;8;0.00;0.00;0;0;0
1;12;0.00;0.00;0;0;0
1;9;0.00;0.00;0;0;0
1;5;0.00;0.00;0;0;0
1;8;-0.01;0.02;0;0;1
1;8;0.00;0.00;0;0;0
1;9;0.00;0.00;0;0;0
1;8;0.00;0.00;0;0;0
1;7;0.00;0.00;0;0;0
1;9;0.00;0.00;0;0;0
1;11;0.00;0.00;0;0;0
1;9;0.00;0.00;0;0;0
1;8;-0.01;0.02;0;0;1
1;8;0.00;0.00;0;0;0
1;8;0.00;0.00;0;0;0
1;9;0.00;0.00;0;0;0
1;8;0.00;0.00;0;0;0
1;9;0.00;0.00;0;0;0
1;7;0.00;0.00;0;0;0
1;10;-0.01;0.02;0;0;1
1;7;0.00;0.00;0;0;0
1;11;0.00;0.00;0;0;0
1;7;0.00;0.00;0;0;0
1;6;0.00;0.00;0;0;0
1;8;0.00;0.00;0;0;0
1;18;0.00;0.00;0;0;0
1;12;-0.01;0.02;0;0;1
1;13;0.00;0.00;0;0;0
1;8;0.00;0.00;0;0;0
1;8;0.00;0.00;0;0;0
1;7;0.00;0.00;0;0;0
1;9;0.00;0.00;0;0;0
1;8;0.00;0.00;0;0;0
1;11;-0.01;0.02;0;0;1
1;9;0.00;0.00;0;0;0
1;12;0.00;0.00;0;0;0
1;8;0.00;0.00;0;0;0
1;5;0.00;0.00;0;0;0
1;10;0.00;0.00;0;0;0
1;8;-0.01;0.02;0;0;1
1;22;0.00;0.00;0;0;0
1;5;0.00;0.00;0;0;0
1;14;0.00;0.00;0;0;0
1;8;0.00;0.00;0;0;0
1;7;0.00;0.00;0;0;0
1;11;0.00;0.00;0;0;0
1;9;0.00;0.00;0;0;0
1;9;0.00;0.00;0;0;0
1;7;0.00;0.00;0;0;0
1;20;0.00;0.00;0;0;0
1;9;0.00;0.00;0;0;0
1;8;0.00;0.00;0;0;0
1;8;0.00;0.00;0;0;0
1;8;0.00;0.00;0;0;0
1;8;0.00;0.00;0;0;0
1;8;0.00;0.00;0;0;0
1;9;0.00;0.00;0;0;0
1;8;0.00;0.00;0;0;0
1;8;0.00;0.00;0;0;0
1;8;0.00;0.00;0;0;0
1;9;0.00;0.00;0;0;0
1;9;0.00;0.00;0;0;0
1;7;0.00;0.00;0;0;0
1;8;0.00;0.00;0;0;0
1;8;0.00;0.00;0;0;0
1;8;0.00;0.00;0;0;0
1;8;0.00;0.00;0;0;0
1;9;0.00;0.00;0;0;0
1;8;0.00;0.00;0;0;0
1;8;0.00;0.00;0;0;0
1;8;0.00;0.00;0;0;0
1;8;0.00;0.00;0;0;0
1;9;0.00;0.00;0;0;0
1;8;0.00;0.00;0;0;0
1;8;0.00;0.00;0;0;0
1;8;0.00;0.00;0;0;0
1;9;0.00;0.00;0;0;0
1;8;0.00;0.00;0;0;0
1;8;0.00;0.00;0;0;0
1;8;0.00;0.00;0;0;0
1;8;0.00;0.00;0;0;0
1;8;0.00;0.00;0;0;0
1;10;0.00;0.00;0;0;0
1;8;0.00;0.00;0;0;0
1;8;0.00;0.00;0;0;0
1;7;0.00;0.00;0;0;0
1;9;0.00;0.00;0;0;0
1;9;0.00;0.00;0;0;0
1;9;0.00;0.00;0;0;0
1;13;0.00;0.00;0;0;0
1;6;0.00;0.00;0;0;0
1;7;0.00;0.00;0;0;0
1;12;-0.01;0.02;0;0;1
1;6;0.00;0.00;0;0;0
1;8;0.00;0.00;0;0;0
1;7;0.00;0.00;0;0;0
1;11;0.00;0.00;0;0;0
1;8;0.00;0.00;0;0;0
1;7;0.00;0.00;0;0;0
1;7;0.00;0.00;0;0;0
1;12;0.00;0.00;0;0;0
1;5;0.00;0.00;0;0;0
1;7;0.00;0.00;0;0;0
1;9;0.00;0.00;0;0;0
1;8;0.00;0.00;0;0;0
1;8;0.00;0.00;0;0;0
1;8;0.00;0.00;0;0;0
1;8;0.00;0.00;0;0;0
1;9;0.00;0.00;0;0;0
1;8;0.00;0.00;0;0;0
1;8;0.00;0.00;0;0;0
1;8;0.00;0.00;0;0;0
1;9;0.00;0.00;0;0;0
1;9;0.00;0.00;0;0;0
1;7;0.00;0.00;0;0;0
1;8;0.00;0.00;0;0;0
1;10;0.00;0.00;0;0;0
1;7;0.00;0.00;0;0;0
1;8;0.00;0.00;0;0;0
1;17;0.00;0.00;0;0;0
1;7;0.00;0.00;0;0;0
1;8;0.00;0.00;0;0;0
1;8;0.00;0.00;0;0;0
1;10;0.00;0.00;0;0;0
1;7;0.00;0.00;0;0;0
1;8;0.00;0.00;0;0;0
1;9;0.00;0.00;0;0;0
1;8;0.00;0.00;0;0;0
1;8;0.00;0.00;0;0;0
1;7;0.00;0.00;0;0;0
1;8;0.00;0.00;0;0;0
1;8;0.00;0.00;0;0;0
1;8;0.00;0.00;0;0;0
1;10;0.00;0.00;0;0;0
1;8;0.00;0.00;0;0;0
1;7;0.00;0.00;0;0;0
1;11;0.00;0.00;0;0;0
1;6;0.00;0.00;0;0;0
1;8;-0.01;0.02;0;0;1
1;11;0.00;0.00;0;0;0
1;11;0.00;0.00;0;0;0
1;7;0.00;0.00;0;0;0
1;8;0.00;0.00;0;0;0
1;8;0.00;0.00;0;0;0
1;9;0.00;0.00;0;0;0
1;7;0.00;0.00;0;0;0
1;8;0.00;0.00;0;0;0
1;8;-0.01;0.02;0;0;1
1;10;0.00;0.00;0;0;0
1;7;0.00;0.00;0;0;0
1;8;0.00;0.00;0;0;0
1;8;0.00;0.00;0;0;0
1;8;0.00;0.00;0;0;0
1;9;0.00;0.00;0;0;0
1;8;0.00;0.00;0;0;0
1;8;-0.01;0.02;0;0;1
1;8;0.00;0.00;0;0;0
1;8;0.00;0.00;0;0;0
1;9;0.00;0.00;0;0;0
1;8;0.00;0.00;0;0;0
1;8;0.00;0.00;0;0;0
1;8;0.00;0.00;0;0;0
1;8;0.00;0.00;0;0;0
1;12;0.00;0.00;0;0;0
1;6;0.00;0.00;0;0;0
1;8;0.00;0.00;0;0;0
1;7;0.00;0.00;0;0;0
1;12;0.00;0.00;0;0;0
1;9;0.00;0.00;0;0;0
1;8;0.00;0.00;0;0;0
1;8;-0.01;0.02;0;0;1
1;8;0.00;0.00;0;0;0
1;8;0.00;0.00;0;0;0
1;8;0.00;0.00;0;0;0
1;9;0.00;0.00;0;0;0
1;8;0.00;0.00;0;0;0
1;11;-0.01;0.02;0;0;1
1;6;0.00;0.00;0;0;0
1;7;0.00;0.00;0;0;0
1;9;0.00;0.00;0;0;0
1;11;0.00;0.00;0;0;0
1;6;0.00;0.00;0;0;0
1;7;0.00;0.00;0;0;0
1;8;0.00;0.00;0;0;0
1;9;-0.01;0.02;0;0;1
1;9;0.00;0.00;0;0;0
1;7;0.00;0.00;0;0;0
1;8;0.00;0.00;0;0;0
1;11;0.00;0.00;0;0;0
1;7;0.00;0.00;0;0;0
1;7;0.00;0.00;0;0;0
1;10;-0.01;0.02;0;0;1
1;11;0.00;0.00;0;0;0
1;7;0.00;0.00;0;0;0
1;9;0.00;0.00;0;0;0
1;8;0.00;0.00;0;0;0
1;8;0.00;0.00;0;0;0
1;8;0.00;0.00;0;0;0
1;8;-0.01;0.02;0;0;1
1;12;0.00;0.00;0;0;0
1;6;0.00;0.00;0;0;0
1;7;0.00;0.00;0;0;0
1;8;0.00;0.00;0;0;0
1;11;0.00;0.00;0;0;0
1;10;-0.01;0.02;0;0;1
1;8;0.00;0.00;0;0;0
1;8;0.00;0.00;0;0;0
1;8;0.00;0.00;0;0;0
1;8;0.00;0.00;0;0;0
1;9;0.00;0.00;0;0;0
1;8;0.00;0.00;0;0;0
1;9;0.00;0.00;0;0;0
1;7;-0.01;0.02;0;0;1
1;8;0.00;0.00;0;0;0
1;9;0.00;0.00;0;0;0
1;8;0.00;0.00;0;0;0
1;8;0.00;0.00;0;0;0
1;8;0.00;0.00;0;0;0
1;9;0.00;0.00;0;0;0
1;10;-0.01;0.02;0;0;1
1;6;0.00;0.00;0;0;0
1;8;0.00;0.00;0;0;0
1;8;0.00;0.00;0;0;0
1;8;0.00;0.00;0;0;0
1;13;0.00;0.00;0;0;0
1;5;-0.01;0.02;0;0;1
1;7;0.00;0.00;0;0;0
1;8;0.00;0.00;0;0;0
1;9;0.00;0.00;0;0;0
1;8;0.00;0.00;0;0;0
1;8;0.00;0.00;0;0;0
1;10;-0.01;0.02;0;0;1
1;7;0.00;0.00;0;0;0
1;7;0.00;0.00;0;0;0
1;8;0.00;0.00;0;0;0
1;9;0.00;0.00;0;0;0
1;9;0.00;0.00;0;0;0
1;8;0.00;0.00;0;0;0
1;7;-0.01;0.02;0;0;1
1;8;0.00;0.00;0;0;0
1;11;0.00;0.00;0;0;0
1;7;0.00;0.00;0;0;0
1;7;0.00;0.00;0;0;0
1;8;0.00;0.00;0;0;0
1;11;0.00;0.00;0;0;0
1;8;-0.01;0.02;0;0;1
1;7;0.00;0.00;0;0;0
1;7;0.00;0.00;0;0;0
1;9;0.00;0.00;0;0;0
1;7;0.00;0.00;0;0;0
1;8;0.00;0.00;0;0;0
1;10;0.00;0.00;0;0;0
1;8;-0.01;0.02;0;0;1
1;7;0.00;0.00;0;0;0
1;8;0.00;0.00;0;0;0
1;8;0.00;0.00;0;0;0
1;10;0.00;0.00;0;0;0
1;8;0.00;0.00;0;0;0
1;8;0.00;0.00;0;0;0
1;11;-0.01;0.02;0;0;1
1;8;0.00;0.00;0;0;0
1;9;0.00;0.00;0;0;0
1;18;0.00;0.00;0;0;0
1;7;0.00;0.00;0;0;0
1;7;-0.01;0.02;0;0;1
1;9;0.00;0.00;0;0;0
1;10;0.00;0.00;0;0;0
1;6;0.00;0.00;0;0;0
1;8;0.00;0.00;0;0;0
1;8;0.00;0.00;0;0;0
1;11;0.00;0.00;0;0;0
1;6;-0.01;0.02;0;0;1
1;8;0.00;0.00;0;0;0
1;8;0.00;0.00;0;0;0
1;9;0.00;0.00;0;0;0
1;10;0.00;0.00;0;0;0
1;17;0.00;0.00;0;0;0
1;5;-0.01;0.02;0;0;1
1;11;0.00;0.00;0;0;0
1;6;0.00;0.00;0;0;0
1;8;0.00;0.00;0;0;0
1;8;0.00;0.00;0;0;0
1;12;0.00;0.00;0;0;0
1;8;-0.01;0.02;0;0;1
1;9;0.00;0.00;0;0;0
1;8;0.00;0.00;0;0;0
1;9;0.00;0.00;0;0;0
1;7;0.00;0.00;0;0;0
1;8;0.00;0.00;0;0;0
1;9;-0.01;0.02;0;0;1
1;11;0.00;0.00;0;0;0
1;6;0.00;0.00;0;0;0
1;7;0.00;0.00;0;0;0
1;8;0.00;0.00;0;0;0
1;10;0.00;0.00;0;0;0
1;7;0.00;0.00;0;0;0
1;8;-0.01;0.02;0;0;1
1;9;0.00;0.00;0;0;0
1;7;0.00;0.00;0;0;0
1;8;0.00;0.00;0;0;0
1;9;0.00;0.00;0;0;0
1;8;0.00;0.00;0;0;0
1;8;0.00;0.00;0;0;0
1;8;-0.01;0.02;0;0;1
1;8;0.00;0.00;0;0;0
1;12;0.00;0.00;0;0;0
1;5;0.00;0.00;0;0;0
1;11;0.00;0.00;0;0;0
1;5;0.00;0.00;0;0;0
1;10;-0.01;0.02;0;0;1
1;7;0.00;0.00;0;0;0
1;8;0.00;0.00;0;0;0
1;8;0.00;0.00;0;0;0
1;9;0.00;0.00;0;0;0
1;7;0.00;0.00;0;0;0
1;9;0.00;0.00;0;0;0
1;8;-0.01;0.02;0;0;1
1;10;0.00;0.00;0;0;0
1;6;0.00;0.00;0;0;0
1;8;0.00;0.00;0;0;0
1;8;0.00;0.00;0;0;0
1;11;0.00;0.00;0;0;0
1;7;-0.01;0.02;0;0;1
1;10;0.00;0.00;0;0;0
1;6;0.00;0.00;0;0;0
1;7;0.00;0.00;0;0;0
1;9;0.00;0.00;0;0;0
1;8;0.00;0.00;0;0;0
1;8;0.00;0.00;0;0;0
1;8;-0.01;0.02;0;0;1
1;8;0.00;0.00;0;0;0
1;10;0.00;0.00;0;0;0
1;7;0.00;0.00;0;0;0
1;12;0.00;0.00;0;0;0
1;9;0.00;0.00;0;0;0
1;7;-0.01;0.02;0;0;1
1;9;0.00;0.00;0;0;0
1;8;0.00;0.00;0;0;0
1;11;0.00;0.00;0;0;0
1;5;0.00;0.00;0;0;0
1;8;0.00;0.00;0;0;0
1;9;-0.01;0.02;0;0;1
1;9;0.00;0.00;0;0;0
1;7;0.00;0.00;0;0;0
1;8;0.00;0.00;0;0;0
1;8;0.00;0.00;0;0;0
1;11;0.00;0.00;0;0;0
1;6;-0.01;0.02;0;0;1
1;9;0.00;0.00;0;0;0
1;7;0.00;0.00;0;0;0
1;9;0.00;0.00;0;0;0
1;8;0.00;0.00;0;0;0
1;8;0.00;0.00;0;0;0
1;8;-0.01;0.02;0;0;1
1;9;0.00;0.00;0;0;0
1;7;0.00;0.00;0;0;0
1;8;0.00;0.00;0;0;0
1;9;0.00;0.00;0;0;0
1;9;0.00;0.00;0;0;0
1;7;-0.01;0.02;0;0;1
1;8;0.00;0.00;0;0;0
1;8;0.00;0.00;0;0;0
1;10;0.00;0.00;0;0;0
1;7;0.00;0.00;0;0;0
1;8;0.00;0.00;0;0;0
1;11;-0.01;0.02;0;0;1
1;6;0.00;0.00;0;0;0
1;8;0.00;0.00;0;0;0
1;8;0.00;0.00;0;0;0
1;8;0.00;0.00;0;0;0
1;8;0.00;0.00;0;0;0
1;16;-0.01;0.02;0;0;1
1;6;0.00;0.00;0;0;0
1;8;0.00;0.00;0;0;0
1;7;0.00;0.00;0;0;0
1;9;0.00;0.00;0;0;0
1;7;0.00;0.00;0;0;0
1;9;0.00;0.00;0;0;0
1;15;-0.01;0.02;0;0;1
1;6;0.00;0.00;0;0;0
1;7;0.00;0.00;0;0;0
1;8;0.00;0.00;0;0;0
1;10;0.00;0.00;0;0;0
1;7;-0.01;0.02;0;0;1
1;8;0.00;0.00;0;0;0
1;8;0.00;0.00;0;0;0
1;18;0.00;0.00;0;0;0
1;7;0.00;0.00;0;0;0
1;8;-0.01;0.02;0;0;1
1;9;0.00;0.00;0;0;0
1;7;0.00;0.00;0;0;0
1;9;0.00;0.00;0;0;0
1;9;0.00;0.00;0;0;0
1;8;0.00;0.00;0;0;0
1;7;-0.01;0.02;0;0;1
1;8;0.00;0.00;0;0;0
1;9;0.00;0.00;0;0;0
1;10;0.00;0.00;0;0;0
1;7;0.00;0.00;0;0;0
1;8;0.00;0.00;0;0;0
1;11;-0.01;0.02;0;0;1
1;6;0.00;0.00;0;0;0
1;7;0.00;0.00;0;0;0
1;8;-0.02;0.00;-1;0;0
1;15;0.00;0.00;0;0;0
1;6;0.00;0.00;0;0;0
1;9;-0.01;0.02;0;0;1
1;7;0.00;0.00;0;0;0
1;9;0.00;0.00;0;0;0
1;7;-0.02;0.00;-1;0;0
1;8;0.00;0.00;0;0;0
1;9;0.00;0.00;0;0;0
1;9;-0.01;0.02;0;0;1
1;7;0.00;0.00;0;0;0
1;8;0.00;0.00;0;0;0
1;8;0.00;0.00;0;0;0
1;8;0.00;0.00;0;0;0
1;9;-0.02;0.00;-1;0;0
1;9;-0.01;0.02;0;0;1
1;7;0.00;0.00;0;0;0
1;8;0.01;0.02;0;-1;0
1;8;0.00;0.00;0;0;0
1;9;0.00;0.00;0;0;0
1;8;0.00;0.00;0;0;0
1;8;0.00;0.00;0;0;0
1;12;-0.04;0.02;-1;0;1
1;5;0.00;0.00;0;0;0
1;8;0.00;0.00;0;0;0
1;8;0.00;0.00;0;0;0
1;8;0.00;0.00;0;0;0
1;8;0.00;0.00;0;0;0
1;8;-0.04;0.02;-1;0;1
1;9;0.00;0.00;0;0;0
1;8;0.00;0.00;0;0;0
1;8;0.00;0.00;0;0;0
1;8;0.00;0.00;0;0;0
1;8;-0.01;0.02;0;0;1
1;9;0.00;0.00;0;0;0
1;8;0.00;0.00;0;0;0
1;8;0.00;0.00;0;0;0
1;8;-0.02;0.00;-1;0;0
1;8;0.00;0.00;0;0;0
1;8;-0.01;0.02;0;0;1
1;9;0.00;0.00;0;0;0
1;8;0.00;0.00;0;0;0
1;9;0.00;0.00;0;0;0
1;7;0.00;0.00;0;0;0
1;8;0.00;0.00;0;0;0
1;9;-0.04;0.02;-1;0;1
1;8;0.00;0.00;0;0;0
1;8;0.00;0.00;0;0;0
1;9;0.00;0.00;0;0;0
1;7;0.00;0.00;0;0;0
1;10;0.00;0.00;0;0;0
1;7;-0.01;0.02;0;0;1
1;8;0.00;0.00;0;0;0
1;8;0.00;0.00;0;0;0
1;8;0.00;0.00;0;0;0
1;10;0.00;0.00;0;0;0
1;7;0.00;0.00;0;0;0
1;8;0.00;0.00;0;0;0
1;8;-0.01;0.02;0;0;1
1;8;0.00;0.00;0;0;0
1;11;-0.02;0.00;-1;0;0
1;6;0.01;0.02;0;-1;0
1;9;0.00;0.00;0;0;0
1;8;0.00;0.00;0;0;0
1;8;-0.01;0.02;0;0;1
1;7;0.00;0.00;0;0;0
1;9;0.00;0.00;0;0;0
1;11;0.00;0.00;0;0;0
1;5;0.00;0.00;0;0;0
1;8;0.00;0.00;0;0;0
1;8;-0.02;0.00;-1;0;0
1;11;-0.01;0.02;0;0;1
1;6;0.00;0.00;0;0;0
1;8;0.00;0.00;0;0;0
1;8;0.00;0.00;0;0;0
1;16;0.00;0.00;0;0;0
1;5;0.00;0.00;0;0;0
1;8;-0.04;0.02;-1;0;1
1;8;0.00;0.00;0;0;0
1;8;0.00;0.00;0;0;0
1;8;-0.01;0.02;0;0;1
1;9;0.00;0.00;0;0;0
1;11;0.00;0.00;0;0;0
1;5;-0.01;0.02;0;0;1
1;8;-0.02;0.00;-1;0;0
1;8;-0.01;0.02;0;0;1
1;9;0.00;0.00;0;0;0
1;8;-0.01;0.02;0;0;1
1;9;0.00;0.00;0;0;0
1;7;-0.01;0.02;0;0;1
1;8;0.00;0.00;0;0;0
1;9;-0.01;0.02;0;0;1
1;8;-0.02;0.00;-1;0;0
1;8;-0.01;0.02;0;0;1
1;11;0.00;0.00;0;0;0
1;6;-0.01;0.02;0;0;1
1;8;0.00;0.00;0;0;0
1;8;0.00;0.00;0;0;0
1;8;0.00;0.00;0;0;0
1;8;-0.02;0.00;-1;0;0
1;8;-0.01;0.02;0;0;1
1;11;0.00;0.00;0;0;0
1;7;0.00;0.00;0;0;0
1;7;0.00;0.00;0;0;0
1;8;0.00;0.00;0;0;0
1;8;0.00;0.00;0;0;0
1;9;-0.01;0.02;0;0;1
1;8;0.00;0.00;0;0;0
1;8;0.00;0.00;0;0;0
1;8;0.00;0.00;0;0;0
1;8;0.00;0.00;0;0;0
1;8;0.00;0.00;0;0;0
1;10;-0.01;0.02;0;0;1
1;7;0.00;0.00;0;0;0
1;15;0.00;0.00;0;0;0
1;9;0.00;0.00;0;0;0
1;9;0.00;0.00;0;0;0
1;8;0.00;0.00;0;0;0
1;8;0.00;0.00;0;0;0
1;8;-0.01;0.02;0;0;1
1;9;0.00;0.00;0;0;0
1;8;0.00;0.00;0;0;0
1;15;0.00;0.00;0;0;0
1;5;0.00;0.00;0;0;0
1;13;0.00;0.00;0;0;0
1;14;-0.01;0.02;0;0;1
1;6;0.00;0.00;0;0;0
1;8;0.00;0.00;0;0;0
1;8;0.00;0.00;0;0;0
1;13;0.00;0.00;0;0;0
1;9;0.00;0.00;0;0;0
1;7;0.00;0.00;0;0;0
1;14;-0.01;0.02;0;0;1
1;6;0.00;0.00;0;0;0
1;8;0.00;0.00;0;0;0
1;9;0.00;0.00;0;0;0
1;12;0.00;0.00;0;0;0
1;5;0.00;0.00;0;0;0
1;11;-0.01;0.02;0;0;1
1;10;0.00;0.00;0;0;0
1;7;0.00;0.00;0;0;0
1;10;0.00;0.00;0;0;0
1;6;0.00;0.00;0;0;0
1;15;0.00;0.00;0;0;0
1;7;-0.01;0.02;0;0;1
1;7;0.00;0.00;0;0;0
1;8;0.00;0.00;0;0;0
1;8;0.00;0.00;0;0;0
1;8;0.00;0.00;0;0;0
1;9;0.00;0.00;0;0;0
1;10;0.00;0.00;0;0;0
1;6;-0.01;0.02;0;0;1
1;8;-0.02;0.00;-1;0;0
1;8;0.00;0.00;0;0;0
1;9;0.00;0.00;0;0;0
1;8;0.00;0.00;0;0;0
1;8;0.00;0.00;0;0;0
1;8;0.00;0.00;0;0;0
1;8;0.00;0.00;0;0;0
1;8;-0.04;0.02;-1;0;1
1;9;0.00;0.00;0;0;0
1;8;-0.01;0.02;0;0;1
1;8;0.00;0.00;0;0;0
1;8;-0.01;0.02;0;0;1
1;10;0.00;0.00;0;0;0
1;7;0.00;0.00;0;0;0
1;8;0.00;0.00;0;0;0
1;8;-0.04;0.02;-1;0;1
1;8;0.00;0.00;0;0;0
1;8;0.00;0.00;0;0;0
1;9;0.00;0.00;0;0;0
1;8;0.00;0.00;0;0;0
1;10;-0.01;0.02;0;0;1
1;6;0.00;0.00;0;0;0
1;8;-0.04;0.02;-1;0;1
1;9;0.00;0.00;0;0;0
1;8;0.00;0.00;0;0;0
1;8;-0.01;0.02;0;0;1
1;8;0.00;0.00;0;0;0
1;11;0.00;0.00;0;0;0
1;6;-0.01;0.02;0;0;1
1;8;0.00;0.00;0;0;0
1;8;-0.02;0.00;-1;0;0
1;11;0.00;0.00;0;0;0
1;6;0.00;0.00;0;0;0
1;7;0.00;0.00;0;0;0
1;9;-0.01;0.02;0;0;1
1;10;-0.02;0.00;-1;0;0
1;6;0.00;0.00;0;0;0
1;8;0.00;0.00;0;0;0
1;8;0.00;0.00;0;0;0
1;9;0.00;0.00;0;0;0
1;8;0.00;0.00;0;0;0
1;8;-0.02;0.00;-1;0;0
1;8;0.00;0.00;0;0;0
1;11;0.00;0.00;0;0;0
1;6;0.00;0.00;0;0;0
1;8;-0.01;0.02;0;0;1
1;8;0.00;0.00;0;0;0
1;8;0.00;0.00;0;0;0
1;8;-0.02;0.00;-1;0;0
1;9;0.00;0.00;0;0;0
1;8;0.00;0.00;0;0;0
1;11;0.00;0.00;0;0;0
1;6;0.00;0.00;0;0;0
1;7;-0.01;0.02;0;0;1
1;8;0.00;0.00;0;0;0
1;9;0.00;0.00;0;0;0
1;8;-0.02;0.00;-1;0;0
1;8;0.00;0.00;0;0;0
1;10;0.00;0.00;0;0;0
1;6;0.00;0.00;0;0;0
1;23;-0.01;0.02;0;0;1
1;8;-0.02;0.00;-1;0;0
1;7;0.00;0.00;0;0;0
1;16;0.00;0.00;0;0;0
1;8;0.00;0.00;0;0;0
1;8;0.00;0.00;0;0;0
1;8;-0.04;0.02;-1;0;1
1;8;0.00;0.00;0;0;0
1;9;0.00;0.00;0;0;0
1;8;0.00;0.00;0;0;0
1;8;0.00;0.00;0;0;0
1;7;0.00;0.00;0;0;0
1;8;-0.02;0.00;-1;0;0
1;9;0.00;0.00;0;0;0
1;8;-0.01;0.02;0;0;1
1;8;0.00;0.00;0;0;0
1;8;0.00;0.00;0;0;0
1;8;0.00;0.00;0;0;0
1;9;0.00;0.00;0;0;0
1;8;0.00;0.00;0;0;0
1;8;0.00;0.00;0;0;0
1;8;-0.01;0.02;0;0;1
1;10;0.00;0.00;0;0;0
1;7;0.00;0.00;0;0;0
1;8;0.00;0.00;0;0;0
1;8;0.00;0.00;0;0;0
1;9;0.00;0.00;0;0;0
1;7;0.00;0.00;0;0;0
1;10;-0.01;0.02;0;0;1
1;10;0.00;0.00;0;0;0
1;6;0.00;0.00;0;0;0
1;7;0.00;0.00;0;0;0
1;8;0.00;0.00;0;0;0
1;8;0.00;0.00;0;0;0
1;9;-0.02;0.00;-1;0;0
1;8;0.00;0.00;0;0;0
1;8;0.00;0.00;0;0;0
1;8;-0.01;0.02;0;0;1
1;8;0.00;0.00;0;0;0
1;9;0.00;0.00;0;0;0
1;8;0.00;0.00;0;0;0
1;8;-0.02;0.00;-1;0;0
1;9;0.00;0.00;0;0;0
1;14;0.00;0.00;0;0;0
1;6;-0.01;0.02;0;0;1
1;8;0.00;0.00;0;0;0
1;11;-0.02;0.00;-1;0;0
1;5;0.00;0.00;0;0;0
1;8;0.00;0.00;0;0;0
1;9;0.00;0.00;0;0;0
1;8;0.00;0.00;0;0;0
1;8;0.00;0.00;0;0;0
1;8;-0.04;0.02;-1;0;1
1;8;0.00;0.00;0;0;0
1;12;0.00;0.00;0;0;0
1;9;0.00;0.00;0;0;0
1;8;0.00;0.00;0;0;0
1;8;0.00;0.00;0;0;0
1;8;-0.02;0.00;-1;0;0
1;9;-0.01;0.02;0;0;1
1;8;0.00;0.00;0;0;0
1;9;0.00;0.00;0;0;0
1;14;0.00;0.00;0;0;0
1;6;0.00;0.00;0;0;0
1;11;-0.04;0.02;-1;0;1
1;7;0.00;0.00;0;0;0
1;6;0.00;0.00;0;0;0
1;13;0.00;0.00;0;0;0
1;17;-0.02;0.00;-1;0;0
1;7;-0.01;0.02;0;0;1
1;8;0.00;0.00;0;0;0
1;22;0.00;0.00;0;0;0
1;8;-0.02;0.00;-1;0;0
1;14;0.00;0.00;0;0;0
1;5;-0.01;0.02;0;0;1
1;8;0.00;0.00;0;0;0
1;9;0.00;0.00;0;0;0
1;11;0.00;0.00;0;0;0
1;8;0.00;0.00;0;0;0
1;5;0.00;0.00;0;0;0
1;8;-0.02;0.00;-1;0;0
1;9;-0.01;0.02;0;0;1
1;8;0.00;0.00;0;0;0
1;8;0.00;0.00;0;0;0
1;8;0.00;0.00;0;0;0
1;8;0.00;0.00;0;0;0
1;9;0.00;0.00;0;0;0
1;8;-0.01;0.02;0;0;1
1;8;0.00;0.00;0;0;0
1;8;0.00;0.00;0;0;0
1;12;0.00;0.00;0;0;0
1;14;0.00;0.00;0;0;0
1;9;-0.01;0.02;0;0;1
1;6;0.00;0.00;0;0;0
1;8;0.00;0.00;0;0;0
1;9;0.00;0.00;0;0;0
1;8;0.00;0.00;0;0;0
1;8;0.00;0.00;0;0;0
1;10;0.00;0.00;0;0;0
1;6;-0.01;0.02;0;0;1
1;8;0.00;0.00;0;0;0
1;9;0.00;0.00;0;0;0
1;8;0.00;0.00;0;0;0
1;8;0.00;0.00;0;0;0
1;8;0.00;0.00;0;0;0
1;8;0.00;0.00;0;0;0
1;9;0.00;0.00;0;0;0
1;8;-0.01;0.02;0;0;1
1;8;0.00;0.00;0;0;0
1;8;0.00;0.00;0;0;0
1;8;0.00;0.00;0;0;0
1;9;0.00;0.00;0;0;0
1;8;0.00;0.00;0;0;0
1;8;0.00;0.00;0;0;0
1;8;-0.01;0.02;0;0;1
1;8;0.00;0.00;0;0;0
1;9;0.00;0.00;0;0;0
1;8;0.00;0.00;0;0;0
1;8;0.00;0.00;0;0;0
1;8;0.00;0.00;0;0;0
1;8;0.00;0.00;0;0;0
1;9;-0.01;0.02;0;0;1
1;8;0.00;0.00;0;0;0
1;8;0.00;0.00;0;0;0
1;8;0.00;0.00;0;0;0
1;9;0.00;0.00;0;0;0
1;7;0.00;0.00;0;0;0
1;9;-0.01;0.02;0;0;1
1;8;0.00;0.00;0;0;0
1;11;0.00;0.00;0;0;0
1;5;0.00;0.00;0;0;0
1;9;0.00;0.00;0;0;0
1;8;0.00;0.00;0;0;0
1;8;0.00;0.00;0;0;0
1;8;-0.01;0.02;0;0;1
1;9;0.00;0.00;0;0;0
1;7;0.00;0.00;0;0;0
1;9;0.00;0.00;0;0;0
1;8;0.00;0.00;0;0;0
1;8;0.00;0.00;0;0;0
1;8;0.00;0.00;0;0;0
1;8;-0.01;0.02;0;0;1
1;18;0.00;0.00;0;0;0
1;7;0.00;0.00;0;0;0
1;8;0.00;0.00;0;0;0
1;8;0.00;0.00;0;0;0
1;9;0.00;0.00;0;0;0
1;8;-0.01;0.02;0;0;1
1;8;0.00;0.00;0;0;0
1;11;0.00;0.00;0;0;0
1;5;0.00;0.00;0;0;0
1;8;0.00;0.00;0;0;0
1;9;0.00;0.00;0;0;0
1;10;-0.01;0.02;0;0;1
1;6;0.00;0.00;0;0;0
1;11;0.00;0.00;0;0;0
1;5;0.00;0.00;0;0;0
1;12;0.00;0.00;0;0;0
1;5;0.00;0.00;0;0;0
1;8;-0.01;0.02;0;0;1
1;8;0.00;0.00;0;0;0
1;9;0.00;0.00;0;0;0
1;8;0.00;0.00;0;0;0
1;8;0.00;0.00;0;0;0
1;8;0.00;0.00;0;0;0
1;8;-0.01;0.02;0;0;1
1;8;0.00;0.00;0;0;0
1;9;0.00;0.00;0;0;0
1;8;0.00;0.00;0;0;0
1;13;0.00;0.00;0;0;0
1;7;0.00;0.00;0;0;0
1;8;-0.01;0.02;0;0;1
1;12;0.00;0.00;0;0;0
1;5;0.00;0.00;0;0;0
1;8;0.00;0.00;0;0;0
1;8;0.00;0.00;0;0;0
1;8;0.00;0.00;0;0;0
1;9;-0.01;0.02;0;0;1
1;11;0.00;0.00;0;0;0
1;5;0.00;0.00;0;0;0
1;8;0.00;0.00;0;0;0
1;8;0.00;0.00;0;0;0
1;12;-0.01;0.02;0;0;1
1;5;0.00;0.00;0;0;0
1;8;0.00;0.00;0;0;0
1;8;0.00;0.00;0;0;0
1;10;0.00;0.00;0;0;0
1;6;0.00;0.00;0;0;0
1;9;0.00;0.00;0;0;0
1;8;-0.01;0.02;0;0;1
1;9;0.00;0.00;0;0;0
1;7;0.00;0.00;0;0;0
1;8;0.00;0.00;0;0;0
1;9;0.00;0.00;0;0;0
1;13;-0.01;0.02;0;0;1
1;7;0.00;0.00;0;0;0
1;8;0.00;0.00;0;0;0
1;8;0.00;0.00;0;0;0
1;9;0.00;0.00;0;0;0
1;8;-0.01;0.02;0;0;1
1;8;0.00;0.00;0;0;0
1;8;0.00;0.00;0;0;0
1;8;0.00;0.00;0;0;0
1;9;0.00;0.00;0;0;0
1;8;0.00;0.00;0;0;0
1;8;-0.01;0.02;0;0;1
1;8;0.00;0.00;0;0;0
1;8;0.00;0.00;0;0;0
1;9;0.00;0.00;0;0;0
1;8;0.00;0.00;0;0;0
1;8;0.00;0.00;0;0;0
1;8;-0.01;0.02;0;0;1
1;17;0.00;0.00;0;0;0
1;8;0.00;0.00;0;0;0
1;8;0.00;0.00;0;0;0
1;8;0.00;0.00;0;0;0
1;9;0.00;0.00;0;0;0
1;8;0.00;0.00;0;0;0
1;8;0.00;0.00;0;0;0
1;8;0.00;0.00;0;0;0
1;8;0.00;0.00;0;0;0
1;8;0.00;0.00;0;0;0
1;8;0.00;0.00;0;0;0
1;9;0.00;0.00;0;0;0
1;8;0.00;0.00;0;0;0
1;8;0.00;0.00;0;0;0
1;8;0.00;0.00;0;0;0
1;8;0.00;0.00;0;0;0
1;9;0.00;0.00;0;0;0
1;11;0.00;0.00;0;0;0
1;5;0.00;0.00;0;0;0
1;8;0.00;0.00;0;0;0
1;8;0.00;0.00;0;0;0
1;15;0.00;0.00;0;0;0
1;6;0.00;0.00;0;0;0
1;8;0.00;0.00;0;0;0
1;8;0.00;0.00;0;0;0
1;8;0.00;0.00;0;0;0
1;9;0.00;0.00;0;0;0
1;8;0.00;0.00;0;0;0
1;8;0.00;0.00;0;0;0
1;8;0.00;0.00;0;0;0
1;8;0.00;0.00;0;0;0
1;9;0.00;0.00;0;0;0
1;8;0.00;0.00;0;0;0
1;11;0.00;0.00;0;0;0
1;6;0.00;0.00;0;0;0
1;7;0.00;0.00;0;0;0
1;12;0.00;0.00;0;0;0
1;6;0.00;0.00;0;0;0
1;7;0.00;0.00;0;0;0
1;8;0.00;0.00;0;0;0
1;11;0.00;0.00;0;0;0
1;6;0.00;0.00;0;0;0
1;8;0.00;0.00;0;0;0
1;8;0.00;0.00;0;0;0
1;10;0.00;0.00;0;0;0
1;6;0.00;0.00;0;0;0
1;8;0.00;0.00;0;0;0
1;9;0.00;0.00;0;0;0
1;11;0.00;0.00;0;0;0
1;5;0.00;0.00;0;0;0
1;8;0.00;0.00;0;0;0
1;8;0.00;0.00;0;0;0
1;11;0.00;0.00;0;0;0
1;6;0.00;0.00;0;0;0
1;8;0.00;0.00;0;0;0
1;8;0.00;0.00;0;0;0
1;8;0.00;0.00;0;0;0
1;9;0.00;0.00;0;0;0
1;8;0.00;0.00;0;0;0
1;8;0.00;0.00;0;0;0
1;8;0.00;0.00;0;0;0
1;8;0.00;0.00;0;0;0
1;10;0.00;0.00;0;0;0
1;7;0.00;0.00;0;0;0
1;8;0.00;0.00;0;0;0
1;8;0.00;0.00;0;0;0
1;8;0.00;0.00;0;0;0
1;9;0.00;0.00;0;0;0
1;8;0.00;0.00;0;0;0
1;8;0.00;0.00;0;0;0
1;8;0.00;0.00;0;0;0
1;8;0.00;0.00;0;0;0
1;13;0.00;0.00;0;0;0
1;9;0.00;0.00;0;0;0
1;8;0.00;0.00;0;0;0
1;7;0.00;0.00;0;0;0
1;8;0.00;0.00;0;0;0
1;9;0.00;0.00;0;0;0
1;8;0.00;0.00;0;0;0
1;8;0.00;0.00;0;0;0
1;8;0.00;0.00;0;0;0
1;8;0.00;0.00;0;0;0
1;8;0.00;0.00;0;0;0
1;9;0.00;0.00;0;0;0
1;8;0.00;0.00;0;0;0
1;8;0.00;0.00;0;0;0
1;8;0.00;0.00;0;0;0
1;8;0.00;0.00;0;0;0
1;9;0.00;0.00;0;0;0
1;9;0.00;0.00;0;0;0
1;7;0.00;0.00;0;0;0
1;8;0.00;0.00;0;0;0
1;8;0.00;0.00;0;0;0
1;11;0.00;0.00;0;0;0
1;7;0.00;0.00;0;0;0
1;7;0.00;0.00;0;0;0
1;10;0.00;0.00;0;0;0
1;6;0.00;0.00;0;0;0
1;9;0.00;0.00;0;0;0
1;8;0.00;0.00;0;0;0
1;14;0.00;0.00;0;0;0
1;6;0.00;0.00;0;0;0
1;8;0.00;0.00;0;0;0
1;9;0.00;0.00;0;0;0
1;8;0.00;0.00;0;0;0
1;8;0.00;0.00;0;0;0
1;8;0.00;0.00;0;0;0
1;8;0.00;0.00;0;0;0
1;9;0.00;0.00;0;0;0
1;8;0.00;0.00;0;0;0
1;9;0.00;0.00;0;0;0
1;7;0.00;0.00;0;0;0
1;13;0.00;0.00;0;0;0
1;8;0.00;0.00;0;0;0
1;8;0.00;0.00;0;0;0
1;8;0.00;0.00;0;0;0
1;8;0.00;0.00;0;0;0
1;14;0.00;0.00;0;0;0
1;7;0.00;0.00;0;0;0
1;10;0.00;0.00;0;0;0
1;7;0.00;0.00;0;0;0
1;12;0.00;0.00;0;0;0
1;11;0.00;0.00;0;0;0
1;5;0.00;0.00;0;0;0
1;11;0.00;0.00;0;0;0
1;10;0.00;0.00;0;0;0
1;7;0.00;0.00;0;0;0
1;9;0.00;0.00;0;0;0
1;10;0.00;0.00;0;0;0
1;6;0.00;0.00;0;0;0
1;10;0.00;0.00;0;0;0
1;6;0.00;0.00;0;0;0
1;12;0.00;0.00;0;0;0
1;6;0.00;0.00;0;0;0
1;8;0.00;0.00;0;0;0
1;16;0.00;0.00;0;0;0
1;11;0.00;0.00;0;0;0
1;6;0.00;0.00;0;0;0
1;9;0.00;0.00;0;0;0
1;6;0.00;0.00;0;0;0
1;8;0.00;0.00;0;0;0
1;8;0.00;0.00;0;0;0
1;11;0.00;0.00;0;0;0
1;7;0.00;0.00;0;0;0
1;7;0.00;0.00;0;0;0
1;11;0.00;0.00;0;0;0
1;8;0.00;0.00;0;0;0
1;8;0.00;0.00;0;0;0
1;6;0.00;0.00;0;0;0
1;19;0.00;0.00;0;0;0
1;7;0.00;0.00;0;0;0
1;7;0.00;0.00;0;0;0
1;9;0.00;0.00;0;0;0
1;7;0.00;0.00;0;0;0
1;13;0.00;0.00;0;0;0
1;7;0.00;0.00;0;0;0
1;9;0.00;0.00;0;0;0
1;8;0.00;0.00;0;0;0
1;11;0.00;0.00;0;0;0
1;5;0.00;0.00;0;0;0
1;8;0.00;0.00;0;0;0
1;9;0.00;0.00;0;0;0
1;9;0.00;0.00;0;0;0
1;7;0.00;0.00;0;0;0
1;8;0.00;0.00;0;0;0
1;8;0.00;0.00;0;0;0
1;12;0.00;0.00;0;0;0
1;5;0.00;0.00;0;0;0
1;8;0.00;0.00;0;0;0
1;8;0.00;0.00;0;0;0
1;8;-0.01;0.02;0;0;1
1;9;0.00;0.00;0;0;0
1;8;0.00;0.00;0;0;0
1;8;0.00;0.00;0;0;0
1;8;0.00;0.00;0;0;0
1;9;0.00;0.00;0;0;0
1;8;0.00;0.00;0;0;0
1;11;-0.01;0.02;0;0;1
1;6;0.00;0.00;0;0;0
1;7;0.00;0.00;0;0;0
1;8;0.00;0.00;0;0;0
1;11;0.00;0.00;0;0;0
1;6;0.00;0.00;0;0;0
1;8;0.00;0.00;0;0;0
1;8;0.00;0.00;0;0;0
1;9;-0.01;0.02;0;0;1
1;7;0.00;0.00;0;0;0
1;9;0.00;0.00;0;0;0
1;9;0.00;0.00;0;0;0
1;12;0.00;0.00;0;0;0
1;7;0.00;0.00;0;0;0
1;8;0.00;0.00;0;0;0
1;9;-0.01;0.02;0;0;1
1;8;0.00;0.00;0;0;0
1;8;0.00;0.00;0;0;0
1;8;0.00;0.00;0;0;0
1;15;0.00;0.00;0;0;0
1;6;0.00;0.00;0;0;0
1;8;0.00;0.00;0;0;0
1;8;-0.01;0.02;0;0;1
1;11;0.00;0.00;0;0;0
1;5;0.00;0.00;0;0;0
1;9;0.00;0.00;0;0;0
1;8;0.00;0.00;0;0;0
1;8;0.00;0.00;0;0;0
1;8;-0.01;0.02;0;0;1
1;8;0.00;0.00;0;0;0
1;9;0.00;0.00;0;0;0
1;8;0.00;0.00;0;0;0
1;7;0.00;0.00;0;0;0
1;8;0.00;0.00;0;0;0
1;9;-0.01;0.02;0;0;1
1;9;0.00;0.00;0;0;0
1;8;0.00;0.00;0;0;0
1;14;0.00;0.00;0;0;0
1;6;0.00;0.00;0;0;0
1;8;0.00;0.00;0;0;0
1;11;-0.01;0.02;0;0;1
1;6;0.00;0.00;0;0;0
1;8;0.00;0.00;0;0;0
1;8;0.00;0.00;0;0;0
1;9;0.00;0.00;0;0;0
1;8;0.00;0.00;0;0;0
1;8;-0.01;0.02;0;0;1
1;7;0.00;0.00;0;0;0
1;9;0.00;0.00;0;0;0
1;8;0.00;0.00;0;0;0
1;9;0.00;0.00;0;0;0
1;7;0.00;0.00;0;0;0
1;9;-0.01;0.02;0;0;1
1;8;0.00;0.00;0;0;0
1;8;0.00;0.00;0;0;0
1;9;0.00;0.00;0;0;0
1;9;0.00;0.00;0;0;0
1;7;0.00;0.00;0;0;0
1;8;-0.01;0.02;0;0;1
1;11;0.00;0.00;0;0;0
1;6;0.00;0.00;0;0;0
1;8;0.00;0.00;0;0;0
1;8;0.00;0.00;0;0;0
1;11;-0.01;0.02;0;0;1
1;5;0.00;0.00;0;0;0
1;8;0.00;0.00;0;0;0
1;9;0.00;0.00;0;0;0
1;9;0.00;0.00;0;0;0
1;7;0.00;0.00;0;0;0
1;8;0.00;0.00;0;0;0
1;8;-0.01;0.02;0;0;1
1;8;0.00;0.00;0;0;0
1;8;0.00;0.00;0;0;0
1;15;0.00;0.00;0;0;0
1;5;0.00;0.00;0;0;0
1;8;-0.01;0.02;0;0;1
1;13;0.00;0.00;0;0;0
1;8;0.00;0.00;0;0;0
1;7;0.00;0.00;0;0;0
1;9;0.00;0.00;0;0;0
1;14;-0.01;0.02;0;0;1
1;7;0.00;0.00;0;0;0
1;8;0.00;0.00;0;0;0
1;8;0.00;0.00;0;0;0
1;8;0.00;0.00;0;0;0
1;8;0.00;0.00;0;0;0
1;9;-0.01;0.02;0;0;1
1;12;0.00;0.00;0;0;0
1;9;0.00;0.00;0;0;0
1;7;0.00;0.00;0;0;0
1;9;0.00;0.00;0;0;0
1;8;0.00;0.00;0;0;0
1;7;-0.01;0.02;0;0;1
1;9;0.00;0.00;0;0;0
1;8;0.00;0.00;0;0;0
1;10;0.00;0.00;0;0;0
1;7;0.00;0.00;0;0;0
1;8;0.00;0.00;0;0;0
1;10;0.00;0.00;0;0;0
1;9;-0.01;0.02;0;0;1
1;6;0.00;0.00;0;0;0
1;8;0.00;0.00;0;0;0
1;8;0.00;0.00;0;0;0
1;8;0.00;0.00;0;0;0
1;8;0.00;0.00;0;0;0
1;9;0.00;0.00;0;0;0
1;10;-0.01;0.02;0;0;1
1;6;0.00;0.00;0;0;0
1;8;0.00;0.00;0;0;0
1;7;0.00;0.00;0;0;0
1;9;0.00;0.00;0;0;0
1;9;0.00;0.00;0;0;0
1;8;-0.01;0.02;0;0;1
1;7;0.00;0.00;0;0;0
1;12;0.00;0.00;0;0;0
1;5;0.00;0.00;0;0;0
1;9;0.00;0.00;0;0;0
1;8;0.00;0.00;0;0;0
1;7;0.00;0.00;0;0;0
1;9;-0.01;0.02;0;0;1
1;8;0.00;0.00;0;0;0
1;9;0.00;0.00;0;0;0
1;7;0.00;0.00;0;0;0
1;9;0.00;0.00;0;0;0
1;7;0.00;0.00;0;0;0
1;9;0.00;0.00;0;0;0
1;8;-0.01;0.02;0;0;1
1;8;0.00;0.00;0;0;0
1;16;0.00;0.00;0;0;0
1;5;0.00;0.00;0;0;0
1;8;0.00;0.00;0;0;0
1;9;0.00;0.00;0;0;0
1;8;0.00;0.00;0;0;0
1;8;-0.01;0.02;0;0;1
1;7;0.00;0.00;0;0;0
1;12;0.00;0.00;0;0;0
1;7;0.00;0.00;0;0;0
1;7;0.00;0.00;0;0;0
1;8;0.00;0.00;0;0;0
1;9;-0.01;0.02;0;0;1
1;8;0.00;0.00;0;0;0
1;8;0.00;0.00;0;0;0
1;8;0.00;0.00;0;0;0
1;8;0.00;0.00;0;0;0
1;8;0.00;0.00;0;0;0
1;7;0.00;0.00;0;0;0
1;9;-0.01;0.02;0;0;1
1;14;0.00;0.00;0;0;0
1;7;0.00;0.00;0;0;0
1;7;0.00;0.00;0;0;0
1;12;0.00;0.00;0;0;0
1;6;0.00;0.00;0;0;0
1;8;-0.01;0.02;0;0;1
1;7;0.00;0.00;0;0;0
1;8;0.00;0.00;0;0;0
1;8;0.00;0.00;0;0;0
1;8;0.00;0.00;0;0;0
1;9;0.00;0.00;0;0;0
1;8;0.00;0.00;0;0;0
1;8;0.00;0.00;0;0;0
1;8;-0.01;0.02;0;0;1
1;8;0.00;0.00;0;0;0
1;11;0.00;0.00;0;0;0
1;11;0.00;0.00;0;0;0
1;7;0.00;0.00;0;0;0
1;8;0.00;0.00;0;0;0
1;10;0.00;0.00;0;0;0
1;8;-0.01;0.02;0;0;1
1;10;0.00;0.00;0;0;0
1;6;0.00;0.00;0;0;0
1;7;0.00;0.00;0;0;0
1;14;0.00;0.00;0;0;0
1;8;0.00;0.00;0;0;0
1;9;-0.01;0.02;0;0;1
1;7;0.01;0.02;0;-1;0
1;8;0.00;0.00;0;0;0
1;9;0.00;0.00;0;0;0
1;7;0.00;0.00;0;0;0
1;8;0.00;0.00;0;0;0
1;9;0.00;0.00;0;0;0
1;8;0.00;0.00;0;0;0
1;9;-0.01;0.02;0;0;1
1;8;0.00;0.00;0;0;0
1;8;0.01;0.02;0;-1;0
1;7;0.00;0.00;0;0;0
1;8;0.00;0.00;0;0;0
1;8;0.00;0.00;0;0;0
1;9;0.00;0.00;0;0;0
1;8;-0.01;0.02;0;0;1
1;8;0.00;0.00;0;0;0
1;8;-0.02;0.00;-1;0;0
1;8;0.00;0.00;0;0;0
1;9;0.01;0.02;0;-1;0
1;8;0.00;0.00;0;0;0
1;8;0.00;0.00;0;0;0
1;9;-0.01;0.02;0;0;1
1;7;0.00;0.00;0;0;0
1;9;0.00;0.00;0;0;0
1;8;0.00;0.00;0;0;0
1;8;0.00;0.00;0;0;0
1;8;0.01;0.02;0;-1;0
1;8;0.00;0.00;0;0;0
1;10;-0.01;0.02;0;0;1
1;8;0.00;0.00;0;0;0
1;7;0.00;0.00;0;0;0
1;8;0.00;0.00;0;0;0
1;8;0.00;0.00;0;0;0
1;8;0.01;0.02;0;-1;0
1;10;0.00;0.00;0;0;0
1;7;-0.01;0.02;0;0;1
1;9;0.00;0.00;0;0;0
1;8;0.00;0.00;0;0;0
1;7;0.00;0.00;0;0;0
1;9;0.01;0.02;0;-1;0
1;8;0.00;0.00;0;0;0
1;8;0.00;0.00;0;0;0
1;9;0.00;0.00;0;0;0
1;8;-0.01;0.02;0;0;1
1;8;0.01;0.02;0;-1;0
1;9;0.00;0.00;0;0;0
1;7;0.00;0.00;0;0;0
1;8;0.00;0.00;0;0;0
1;8;0.00;0.00;0;0;0
1;10;0.00;0.00;0;0;0
1;7;0.01;0.02;0;-1;0
1;8;-0.01;0.02;0;0;1
1;12;0.00;0.00;0;0;0
1;8;0.00;0.00;0;0;0
1;7;0.00;0.00;0;0;0
1;7;0.01;0.02;0;-1;0
1;7;-0.01;0.02;0;0;1
1;8;0.00;0.00;0;0;0
1;8;0.00;0.00;0;0;0
1;8;0.00;0.00;0;0;0
1;12;0.01;0.02;0;-1;0
1;10;0.00;0.00;0;0;0
1;7;-0.01;0.02;0;0;1
1;8;0.00;0.00;0;0;0
1;9;0.00;0.00;0;0;0
1;8;0.01;0.02;0;-1;0
1;8;0.00;0.00;0;0;0
1;9;0.00;0.00;0;0;0
1;8;0.00;0.00;0;0;0
1;7;-0.01;0.02;0;0;1
1;9;0.00;0.00;0;0;0
1;8;0.01;0.02;0;-1;0
1;12;0.00;0.00;0;0;0
1;8;0.00;0.00;0;0;0
1;5;0.00;0.00;0;0;0
1;9;0.00;0.00;0;0;0
1;10;-0.01;0.02;0;0;1
1;7;0.00;0.00;0;0;0
1;7;0.01;0.02;0;-1;0
1;7;0.00;0.00;0;0;0
1;9;0.00;0.00;0;0;0
1;8;0.00;0.00;0;0;0
1;8;0.00;0.00;0;0;0
1;8;-0.01;0.02;0;0;1
1;11;0.01;0.02;0;-1;0
1;7;0.00;0.00;0;0;0
1;12;0.00;0.00;0;0;0
1;8;0.00;0.00;0;0;0
1;7;0.00;0.00;0;0;0
1;9;-0.01;0.02;0;0;1
1;10;0.01;0.02;0;-1;0
1;7;0.00;0.00;0;0;0
1;7;0.00;0.00;0;0;0
1;9;0.00;0.00;0;0;0
1;8;0.00;0.00;0;0;0
1;9;0.00;0.00;0;0;0
1;7;0.00;0.04;0;-1;1
1;12;0.00;0.00;0;0;0
1;12;0.00;0.00;0;0;0
1;5;0.00;0.00;0;0;0
1;9;0.00;0.00;0;0;0
1;8;0.00;0.00;0;0;0
1;8;0.01;0.02;0;-1;0
1;7;-0.01;0.02;0;0;1
1;8;0.00;0.00;0;0;0
1;14;0.00;0.00;0;0;0
1;8;0.00;0.00;0;0;0
1;7;0.00;0.00;0;0;0
1;10;0.01;0.02;0;-1;0
1;7;0.00;0.00;0;0;0
1;8;0.00;0.00;0;0;0
1;8;-0.01;0.02;0;0;1
1;9;0.00;0.00;0;0;0
1;8;0.00;0.00;0;0;0
1;7;0.00;0.00;0;0;0
1;9;0.00;0.00;0;0;0
1;9;0.00;0.00;0;0;0
1;8;-0.01;0.02;0;0;1
1;10;0.00;0.00;0;0;0
1;15;0.00;0.00;0;0;0
1;11;0.00;0.00;0;0;0
1;5;-0.01;0.02;0;0;1
1;7;0.00;0.00;0;0;0
1;8;0.00;0.00;0;0;0
1;9;0.00;0.00;0;0;0
1;9;0.00;0.00;0;0;0
1;7;0.00;0.00;0;0;0
1;8;0.01;0.02;0;-1;0
1;8;0.00;0.00;0;0;0
1;8;0.00;0.00;0;0;0
1;10;0.00;0.00;0;0;0
1;8;-0.01;0.02;0;0;1
1;7;0.01;0.02;0;-1;0
1;8;0.00;0.00;0;0;0
1;8;0.00;0.00;0;0;0
1;9;0.00;0.00;0;0;0
1;11;0.00;0.00;0;0;0
1;9;0.00;0.00;0;0;0
1;5;0.01;0.02;0;-1;0
1;8;-0.01;0.02;0;0;1
1;10;0.00;0.00;0;0;0
1;7;0.00;0.00;0;0;0
1;7;0.00;0.00;0;0;0
1;8;0.00;0.00;0;0;0
1;8;-0.01;0.02;0;0;1
1;12;0.01;0.02;0;-1;0
1;6;0.00;0.00;0;0;0
1;7;0.00;0.00;0;0;0
1;8;0.00;0.00;0;0;0
1;8;0.00;0.00;0;0;0
1;9;-0.01;0.02;0;0;1
1;8;0.00;0.00;0;0;0
1;9;0.01;0.02;0;-1;0
1;7;0.00;0.00;0;0;0
1;8;0.00;0.00;0;0;0
1;8;0.00;0.00;0;0;0
1;13;-0.01;0.02;0;0;1
1;5;0.00;0.00;0;0;0
1;8;0.00;0.00;0;0;0
1;7;0.01;0.02;0;-1;0
1;9;0.00;0.00;0;0;0
1;9;0.00;0.00;0;0;0
1;7;0.00;0.00;0;0;0
1;8;0.00;0.00;0;0;0
1;11;0.00;0.04;0;-1;1
1;6;0.00;0.00;0;0;0
1;9;0.00;0.00;0;0;0
1;12;0.00;0.00;0;0;0
1;8;0.00;0.00;0;0;0
1;8;0.00;0.00;0;0;0
1;7;0.00;0.04;0;-1;1
1;14;0.00;0.00;0;0;0
1;8;0.00;0.00;0;0;0
1;7;0.00;0.00;0;0;0
1;13;-0.01;0.02;0;0;1
1;8;0.00;0.00;0;0;0
1;13;0.00;0.00;0;0;0
1;15;-0.01;0.02;0;0;1
1;5;0.00;0.00;0;0;0
1;9;0.00;0.00;0;0;0
1;7;0.00;0.00;0;0;0
1;8;0.00;0.00;0;0;0
1;8;0.00;0.00;0;0;0
1;17;-0.01;0.02;0;0;1
1;5;0.00;0.00;0;0;0
1;7;0.00;0.00;0;0;0
1;13;0.00;0.00;0;0;0
1;14;0.00;0.00;0;0;0
1;10;0.00;0.00;0;0;0
1;11;0.00;0.00;0;0;0
1;6;-0.01;0.02;0;0;1
1;8;0.00;0.00;0;0;0
1;12;0.00;0.00;0;0;0
1;6;0.00;0.00;0;0;0
1;7;0.00;0.00;0;0;0
1;8;0.00;0.00;0;0;0
1;10;-0.01;0.02;0;0;1
1;8;0.00;0.00;0;0;0
1;7;0.00;0.00;0;0;0
1;9;0.00;0.00;0;0;0
1;10;0.00;0.00;0;0;0
1;6;0.00;0.00;0;0;0
1;7;0.01;0.02;0;-1;0
1;9;-0.01;0.02;0;0;1
1;9;0.00;0.00;0;0;0
1;8;0.00;0.00;0;0;0
1;7;0.00;0.00;0;0;0
1;9;0.00;0.00;0;0;0
1;9;0.01;0.02;0;-1;0
1;7;0.00;0.00;0;0;0
1;7;0.00;0.00;0;0;0
1;8;-0.01;0.02;0;0;1
1;8;0.00;0.00;0;0;0
1;12;0.00;0.00;0;0;0
1;5;0.01;0.02;0;-1;0
1;7;0.00;0.00;0;0;0
1;8;0.00;0.00;0;0;0
1;12;0.00;0.00;0;0;0
1;5;0.00;0.00;0;0;0
1;8;-0.01;0.02;0;0;1
1;9;0.00;0.00;0;0;0
1;7;0.01;0.02;0;-1;0
1;8;0.00;0.00;0;0;0
1;8;0.00;0.00;0;0;0
1;11;-0.01;0.02;0;0;1
1;7;0.00;0.00;0;0;0
1;9;0.00;0.00;0;0;0
1;7;0.00;0.00;0;0;0
1;7;0.00;0.00;0;0;0
1;13;0.01;0.02;0;-1;0
1;5;-0.01;0.02;0;0;1
1;7;0.00;0.00;0;0;0
1;8;0.00;0.00;0;0;0
1;11;0.00;0.00;0;0;0
1;7;0.00;0.00;0;0;0
1;7;0.01;0.02;0;-1;0
1;9;-0.01;0.02;0;0;1
1;7;0.00;0.00;0;0;0
1;8;0.00;0.00;0;0;0
1;13;0.00;0.00;0;0;0
1;8;0.00;0.00;0;0;0
1;9;0.00;0.04;0;-1;1
1;8;0.00;0.00;0;0;0
1;7;0.00;0.00;0;0;0
1;9;0.00;0.00;0;0;0
1;8;0.00;0.00;0;0;0
1;8;0.00;0.00;0;0;0
1;12;0.00;0.04;0;-1;1
1;8;0.00;0.00;0;0;0
1;8;0.00;0.00;0;0;0
1;6;0.00;0.00;0;0;0
1;8;0.00;0.00;0;0;0
1;12;-0.01;0.02;0;0;1
1;12;0.01;0.02;0;-1;0
1;13;0.00;0.00;0;0;0
1;8;0.00;0.00;0;0;0
1;8;0.00;0.00;0;0;0
1;7;-0.01;0.02;0;0;1
1;11;0.01;0.02;0;-1;0
1;18;0.00;0.00;0;0;0
1;8;0.00;0.00;0;0;0
1;11;0.00;0.00;0;0;0
1;14;0.00;0.04;0;-1;1
1;5;0.00;0.00;0;0;0
1;10;0.00;0.00;0;0;0
1;7;0.00;0.00;0;0;0
1;14;0.00;0.00;0;0;0
1;6;-0.01;0.02;0;0;1
1;16;0.00;0.00;0;0;0
1;7;0.00;0.00;0;0;0
1;8;0.01;0.02;0;-1;0
1;10;0.00;0.00;0;0;0
1;7;-0.01;0.02;0;0;1
1;17;0.00;0.00;0;0;0
1;7;0.00;0.00;0;0;0
1;9;0.00;0.00;0;0;0
1;10;-0.01;0.02;0;0;1
1;7;0.00;0.00;0;0;0
1;8;0.00;0.00;0;0;0
1;7;0.00;0.00;0;0;0
1;9;0.00;0.00;0;0;0
1;8;0.00;0.00;0;0;0
1;12;-0.01;0.02;0;0;1
1;8;0.00;0.00;0;0;0
1;8;0.00;0.00;0;0;0
1;9;0.00;0.00;0;0;0
1;8;0.00;0.00;0;0;0
1;11;0.00;0.00;0;0;0
1;6;0.00;0.00;0;0;0
1;7;-0.01;0.02;0;0;1
1;9;0.00;0.00;0;0;0
1;10;0.00;0.00;0;0;0
1;6;0.00;0.00;0;0;0
1;8;0.00;0.00;0;0;0
1;8;0.00;0.00;0;0;0
1;9;0.00;0.00;0;0;0
1;8;-0.01;0.02;0;0;1
1;8;0.00;0.00;0;0;0
1;8;0.00;0.00;0;0;0
1;8;0.00;0.00;0;0;0
1;13;0.00;0.00;0;0;0
1;5;0.00;0.00;0;0;0
1;7;-0.01;0.02;0;0;1
1;8;0.00;0.00;0;0;0
1;10;0.00;0.00;0;0;0
1;6;0.00;0.00;0;0;0
1;12;0.00;0.00;0;0;0
1;6;-0.01;0.02;0;0;1
1;9;0.00;0.00;0;0;0
1;7;0.00;0.00;0;0;0
1;12;0.00;0.00;0;0;0
1;8;0.00;0.00;0;0;0
1;10;0.00;0.00;0;0;0
1;9;-0.01;0.02;0;0;1
1;8;0.00;0.00;0;0;0
1;7;0.00;0.00;0;0;0
1;7;0.00;0.00;0;0;0
1;8;0.00;0.00;0;0;0
1;8;0.00;0.00;0;0;0
1;8;0.00;0.00;0;0;0
1;9;-0.01;0.02;0;0;1
1;8;0.00;0.00;0;0;0
1;8;0.01;0.02;0;-1;0
1;8;0.00;0.00;0;0;0
1;14;0.00;0.00;0;0;0
1;13;-0.01;0.02;0;0;1
1;11;0.00;0.00;0;0;0
1;8;0.00;0.00;0;0;0
1;11;0.00;0.00;0;0;0
1;5;0.00;0.00;0;0;0
1;11;-0.01;0.02;0;0;1
1;5;0.00;0.00;0;0;0
1;10;0.00;0.00;0;0;0
1;7;0.00;0.00;0;0;0
1;14;0.00;0.00;0;0;0
1;7;0.00;0.00;0;0;0
1;9;-0.01;0.02;0;0;1
1;9;0.00;0.00;0;0;0
1;9;0.00;0.00;0;0;0
1;4;0.00;0.00;0;0;0
1;8;0.00;0.00;0;0;0
1;8;0.00;0.00;0;0;0
1;9;0.00;0.00;0;0;0
1;6;0.00;0.00;0;0;0
1;9;0.00;0.00;0;0;0
1;8;0.00;0.00;0;0;0
1;8;0.00;0.00;0;0;0
1;8;0.00;0.00;0;0;0
1;9;0.00;0.00;0;0;0
1;10;0.00;0.00;0;0;0
1;13;0.00;0.00;0;0;0
1;6;0.00;0.00;0;0;0
1;15;0.00;0.00;0;0;0
1;8;0.00;0.00;0;0;0
1;5;0.00;0.00;0;0;0
1;9;0.00;0.00;0;0;0
1;7;0.00;0.00;0;0;0
1;9;0.00;0.00;0;0;0
1;7;0.00;0.00;0;0;0
1;12;0.00;0.00;0;0;0
1;7;0.00;0.00;0;0;0
1;11;0.00;0.00;0;0;0
1;7;0.00;0.00;0;0;0
1;8;0.00;0.00;0;0;0
1;9;0.00;0.00;0;0;0
1;9;0.00;0.00;0;0;0
1;7;0.00;0.00;0;0;0
1;8;0.00;0.00;0;0;0
1;8;0.00;0.00;0;0;0
1;10;0.00;0.00;0;0;0
1;7;0.00;0.00;0;0;0
1;8;0.00;0.00;0;0;0
1;8;0.00;0.00;0;0;0
1;8;0.00;0.00;0;0;0
1;8;0.00;0.00;0;0;0
1;9;0.00;0.00;0;0;0
1;8;-0.01;0.02;0;0;1
1;9;0.00;0.00;0;0;0
1;7;0.00;0.00;0;0;0
1;8;0.00;0.00;0;0;0
1;9;0.00;0.00;0;0;0
1;8;0.00;0.00;0;0;0
1;8;0.00;0.00;0;0;0
1;9;0.01;0.02;0;-1;0
1;10;0.00;0.00;0;0;0
1;6;0.00;0.00;0;0;0
1;8;0.00;0.00;0;0;0
1;9;0.00;0.00;0;0;0
1;14;0.00;0.00;0;0;0
1;6;0.00;0.00;0;0;0
1;8;0.01;0.02;0;-1;0
1;8;0.00;0.00;0;0;0
1;9;0.00;0.00;0;0;0
1;7;0.00;0.00;0;0;0
1;8;0.00;0.00;0;0;0
1;9;0.00;0.00;0;0;0
1;9;0.00;0.00;0;0;0
1;7;0.01;0.02;0;-1;0
1;8;0.00;0.00;0;0;0
1;8;0.00;0.00;0;0;0
1;9;0.00;0.00;0;0;0
1;8;0.00;0.00;0;0;0
1;9;0.00;0.00;0;0;0
1;10;0.00;0.00;0;0;0
1;6;0.00;0.00;0;0;0
1;8;0.00;0.00;0;0;0
1;8;0.00;0.00;0;0;0
1;16;0.00;0.00;0;0;0
1;8;0.00;0.00;0;0;0
1;9;0.00;0.00;0;0;0
1;11;0.00;0.00;0;0;0
1;6;0.00;0.00;0;0;0
1;8;0.00;0.00;0;0;0
1;7;0.00;0.00;0;0;0
1;8;0.00;0.00;0;0;0
1;9;0.00;0.00;0;0;0
1;11;0.00;0.00;0;0;0
1;6;0.00;0.00;0;0;0
1;7;0.00;0.00;0;0;0
1;8;0.00;0.00;0;0;0
1;10;0.00;0.00;0;0;0
1;8;0.01;0.02;0;-1;0
1;7;0.00;0.00;0;0;0
1;9;0.00;0.00;0;0;0
1;13;0.00;0.00;0;0;0
1;10;0.00;0.00;0;0;0
1;6;0.00;0.00;0;0;0
1;8;0.00;0.00;0;0;0
1;7;0.00;0.00;0;0;0
1;12;0.01;0.02;0;-1;0
1;5;0.00;0.00;0;0;0
1;9;0.00;0.00;0;0;0
1;9;0.00;0.00;0;0;0
1;6;0.00;0.00;0;0;0
1;8;0.00;0.00;0;0;0
1;9;0.00;0.00;0;0;0
1;8;0.01;0.02;0;-1;0
1;8;0.00;0.00;0;0;0
1;8;0.00;0.00;0;0;0
1;12;0.00;0.00;0;0;0
1;11;0.00;0.00;0;0;0
1;6;0.00;0.00;0;0;0
1;8;0.00;0.00;0;0;0
1;9;0.00;0.00;0;0;0
1;9;0.01;0.02;0;-1;0
1;7;0.00;0.00;0;0;0
1;11;0.00;0.00;0;0;0
1;7;0.00;0.00;0;0;0
1;7;-0.01;0.02;0;0;1
1;7;0.00;0.00;0;0;0
1;9;0.00;0.00;0;0;0
1;8;0.00;0.00;0;0;0
1;11;0.01;0.02;0;-1;0
1;6;0.00;0.00;0;0;0
1;7;0.00;0.00;0;0;0
1;9;0.00;0.00;0;0;0
1;8;0.00;0.00;0;0;0
1;8;0.00;0.00;0;0;0
1;12;0.00;0.00;0;0;0
1;5;0.00;0.00;0;0;0
1;9;0.01;0.02;0;-1;0
1;7;0.00;0.00;0;0;0
1;8;0.00;0.00;0;0;0
1;8;0.00;0.00;0;0;0
1;9;0.00;0.00;0;0;0
1;7;0.00;0.00;0;0;0
1;11;0.00;0.00;0;0;0
1;7;0.01;0.02;0;-1;0
1;10;0.00;0.00;0;0;0
1;6;0.00;0.00;0;0;0
1;7;0.00;0.00;0;0;0
1;9;0.00;0.00;0;0;0
1;14;0.00;0.00;0;0;0
1;7;0.00;0.00;0;0;0
1;8;0.01;0.02;0;-1;0
1;8;0.00;0.00;0;0;0
1;11;0.00;0.00;0;0;0
1;6;0.00;0.00;0;0;0
1;7;0.00;0.00;0;0;0
1;11;-0.01;0.02;0;0;1
1;6;0.00;0.00;0;0;0
1;8;0.01;0.02;0;-1;0
1;8;0.00;0.00;0;0;0
1;11;0.00;0.00;0;0;0
1;6;0.00;0.00;0;0;0
1;7;0.00;0.00;0;0;0
1;9;0.00;0.00;0;0;0
1;10;0.00;0.00;0;0;0
1;6;0.00;0.00;0;0;0
1;8;0.01;0.02;0;-1;0
1;8;0.00;0.00;0;0;0
1;11;0.00;0.00;0;0;0
1;8;0.00;0.00;0;0;0
1;6;0.00;0.00;0;0;0
1;8;0.00;0.00;0;0;0
1;8;0.00;0.00;0;0;0
1;8;0.01;0.02;0;-1;0
1;9;0.00;0.00;0;0;0
1;9;0.00;0.00;0;0;0
1;9;-0.01;0.02;0;0;1
1;8;0.00;0.00;0;0;0
1;7;0.00;0.00;0;0;0
1;8;0.00;0.00;0;0;0
1;9;0.00;0.00;0;0;0
1;8;0.01;0.02;0;-1;0
1;8;0.00;0.00;0;0;0
1;10;-0.01;0.02;0;0;1
1;6;0.00;0.00;0;0;0
1;8;0.00;0.00;0;0;0
1;8;0.00;0.00;0;0;0
1;11;0.00;0.00;0;0;0
1;5;0.00;0.00;0;0;0
1;12;0.01;0.02;0;-1;0
1;5;-0.01;0.02;0;0;1
1;8;0.00;0.00;0;0;0
1;8;0.00;0.00;0;0;0
1;13;0.00;0.00;0;0;0
1;8;0.00;0.00;0;0;0
1;8;0.00;0.00;0;0;0
1;8;0.01;0.02;0;-1;0
1;8;-0.01;0.02;0;0;1
1;8;0.00;0.00;0;0;0
1;9;0.00;0.00;0;0;0
1;8;0.00;0.00;0;0;0
1;8;0.00;0.00;0;0;0
1;8;0.00;0.00;0;0;0
1;8;-0.01;0.02;0;0;1
1;10;0.00;0.00;0;0;0
1;7;0.01;0.02;0;-1;0
1;8;0.00;0.00;0;0;0
1;11;0.00;0.00;0;0;0
1;12;0.00;0.00;0;0;0
1;7;-0.01;0.02;0;0;1
1;7;0.00;0.00;0;0;0
1;8;0.01;0.02;0;-1;0
1;9;0.00;0.00;0;0;0
1;11;0.00;0.00;0;0;0
1;11;0.00;0.00;0;0;0
1;9;-0.01;0.02;0;0;1
1;6;0.01;0.02;0;-1;0
1;7;0.00;0.00;0;0;0
1;8;0.00;0.00;0;0;0
1;12;0.00;0.00;0;0;0
1;6;0.00;0.00;0;0;0
1;11;0.00;0.00;0;0;0
1;4;0.01;0.02;0;-1;0
1;8;0.00;0.00;0;0;0
1;9;0.00;0.00;0;0;0
1;8;0.00;0.00;0;0;0
1;8;0.00;0.00;0;0;0
1;11;0.00;0.00;0;0;0
1;6;0.00;0.00;0;0;0
1;8;0.01;0.02;0;-1;0
1;8;0.00;0.00;0;0;0
1;8;0.00;0.00;0;0;0
1;8;0.00;0.00;0;0;0
1;9;0.00;0.00;0;0;0
1;7;0.00;0.00;0;0;0
1;9;0.00;0.00;0;0;0
1;8;0.01;0.02;0;-1;0
1;10;0.00;0.00;0;0;0
1;8;0.00;0.00;0;0;0
1;7;0.00;0.00;0;0;0
1;11;0.00;0.00;0;0;0
1;8;0.01;0.02;0;-1;0
1;7;0.00;0.00;0;0;0
1;7;0.00;0.00;0;0;0
1;10;0.00;0.00;0;0;0
1;7;0.00;0.00;0;0;0
1;7;0.00;0.00;0;0;0
1;10;0.01;0.02;0;-1;0
1;10;0.00;0.00;0;0;0
1;7;0.00;0.00;0;0;0
1;6;0.00;0.00;0;0;0
1;8;0.00;0.00;0;0;0
1;18;0.00;0.00;0;0;0
1;6;0.00;0.00;0;0;0
1;9;0.00;0.00;0;0;0
1;8;0.00;0.00;0;0;0
1;8;0.01;0.02;0;-1;0
1;8;0.00;0.00;0;0;0
1;8;0.00;0.00;0;0;0
1;12;0.00;0.00;0;0;0
1;6;0.00;0.00;0;0;0
1;7;0.00;0.00;0;0;0
1;8;0.01;0.02;0;-1;0
1;8;0.00;0.00;0;0;0
1;8;0.00;0.00;0;0;0
1;9;0.00;0.00;0;0;0
1;8;0.00;0.00;0;0;0
1;15;0.01;0.02;0;-1;0
1;6;0.00;0.00;0;0;0
1;8;0.00;0.00;0;0;0
1;13;0.00;0.00;0;0;0
1;8;0.00;0.00;0;0;0
1;9;0.00;0.00;0;0;0
1;6;0.00;0.00;0;0;0
1;13;0.01;0.02;0;-1;0
1;8;0.00;0.00;0;0;0
1;8;0.00;0.00;0;0;0
1;8;0.00;0.00;0;0;0
1;8;0.00;0.00;0;0;0
1;13;0.00;0.00;0;0;0
1;9;0.01;0.02;0;-1;0
1;7;0.00;0.00;0;0;0
1;12;0.00;0.00;0;0;0
1;9;0.00;0.00;0;0;0
1;10;0.00;0.00;0;0;0
1;6;0.00;0.00;0;0;0
1;11;0.00;0.00;0;0;0
1;6;0.01;0.02;0;-1;0
1;8;0.00;0.00;0;0;0
1;8;0.00;0.00;0;0;0
1;11;0.00;0.00;0;0;0
1;6;0.00;0.00;0;0;0
1;10;0.00;0.00;0;0;0
1;5;0.00;0.00;0;0;0
1;9;0.01;0.02;0;-1;0
1;8;0.00;0.00;0;0;0
1;9;0.00;0.00;0;0;0
1;9;0.00;0.00;0;0;0
1;6;0.00;0.00;0;0;0
1;9;0.00;0.00;0;0;0
1;8;0.00;0.00;0;0;0
1;8;0.01;0.02;0;-1;0
1;8;0.00;0.00;0;0;0
1;8;0.00;0.00;0;0;0
1;9;0.00;0.00;0;0;0
1;8;0.00;0.00;0;0;0
1;8;0.00;0.00;0;0;0
1;8;0.00;0.00;0;0;0
1;8;0.01;0.02;0;-1;0
1;12;0.00;0.00;0;0;0
1;5;0.00;0.00;0;0;0
1;8;0.00;0.00;0;0;0
1;9;0.00;0.00;0;0;0
1;7;0.00;0.00;0;0;0
1;9;0.00;0.00;0;0;0
1;8;0.01;0.02;0;-1;0
1;9;0.00;0.00;0;0;0
1;10;0.00;0.00;0;0;0
1;5;0.00;0.00;0;0;0
1;8;0.00;0.00;0;0;0
1;9;0.00;0.00;0;0;0
1;8;0.00;0.00;0;0;0
1;8;0.01;0.02;0;-1;0
1;8;0.00;0.00;0;0;0
1;12;0.00;0.00;0;0;0
1;5;0.00;0.00;0;0;0
1;8;0.00;0.00;0;0;0
1;13;0.00;0.00;0;0;0
1;10;0.01;0.02;0;-1;0
1;6;0.00;0.00;0;0;0
1;12;0.00;0.00;0;0;0
1;4;0.00;0.00;0;0;0
1;8;0.00;0.00;0;0;0
1;8;0.00;0.00;0;0;0
1;12;0.01;0.02;0;-1;0
1;5;0.00;0.00;0;0;0
1;7;0.00;0.00;0;0;0
1;9;0.00;0.00;0;0;0
1;10;0.00;0.00;0;0;0
1;6;0.00;0.00;0;0;0
1;9;0.00;0.00;0;0;0
1;7;0.00;0.00;0;0;0
1;9;0.00;0.00;0;0;0
1;7;0.00;0.00;0;0;0
1;8;0.00;0.00;0;0;0
1;9;0.00;0.00;0;0;0
1;12;0.00;0.00;0;0;0
1;8;0.00;0.00;0;0;0
1;8;0.00;0.00;0;0;0
1;8;0.00;0.00;0;0;0
1;10;0.00;0.00;0;0;0
1;8;0.00;0.00;0;0;0
1;7;0.00;0.00;0;0;0
1;11;0.00;0.00;0;0;0
1;5;0.00;0.00;0;0;0
1;9;0.00;0.00;0;0;0
1;8;0.00;0.00;0;0;0
1;11;0.00;0.00;0;0;0
1;5;0.00;0.00;0;0;0
1;8;0.00;0.00;0;0;0
1;9;0.00;0.00;0;0;0
1;11;0.01;0.02;0;-1;0
1;5;0.00;0.00;0;0;0
1;9;0.00;0.00;0;0;0
1;7;0.00;0.00;0;0;0
1;9;0.00;0.00;0;0;0
1;8;0.00;0.00;0;0;0
1;8;0.00;0.00;0;0;0
1;9;0.01;0.02;0;-1;0
1;8;0.00;0.00;0;0;0
1;7;0.00;0.00;0;0;0
1;9;0.00;0.00;0;0;0
1;8;0.00;0.00;0;0;0
1;8;0.01;0.02;0;-1;0
1;8;0.00;0.00;0;0;0
1;9;0.00;0.00;0;0;0
1;12;0.00;0.00;0;0;0
1;10;0.00;0.00;0;0;0
1;12;0.01;0.02;0;-1;0
1;7;0.00;0.00;0;0;0
1;8;0.00;0.00;0;0;0
1;8;0.00;0.00;0;0;0
1;8;0.00;0.00;0;0;0
1;8;0.00;0.00;0;0;0
1;8;0.00;0.00;0;0;0
1;9;0.00;0.00;0;0;0
1;8;0.00;0.00;0;0;0
1;8;0.01;0.02;0;-1;0
1;8;0.00;0.00;0;0;0
1;10;0.00;0.00;0;0;0
1;8;0.00;0.00;0;0;0
1;7;0.00;0.00;0;0;0
1;8;0.00;0.00;0;0;0
1;14;0.01;0.02;0;-1;0
1;13;0.00;0.00;0;0;0
1;7;0.00;0.00;0;0;0
1;10;0.00;0.00;0;0;0
1;6;0.00;0.00;0;0;0
1;7;0.00;0.00;0;0;0
1;8;0.01;0.02;0;-1;0
1;18;0.00;0.00;0;0;0
1;9;0.00;0.00;0;0;0
1;8;0.00;0.00;0;0;0
1;8;0.00;0.00;0;0;0
1;9;0.01;0.02;0;-1;0
1;6;0.00;0.00;0;0;0
1;8;0.00;0.00;0;0;0
1;8;0.00;0.00;0;0;0
1;8;0.00;0.00;0;0;0
1;9;0.00;0.00;0;0;0
1;8;0.00;0.00;0;0;0
1;8;0.00;0.00;0;0;0
1;8;0.00;0.00;0;0;0
1;8;0.00;0.00;0;0;0
1;8;0.00;0.00;0;0;0
1;9;0.00;0.00;0;0;0
1;8;0.00;0.00;0;0;0
1;8;0.00;0.00;0;0;0
1;8;0.00;0.00;0;0;0
1;8;0.00;0.00;0;0;0
1;13;0.00;0.00;0;0;0
1;6;0.00;0.00;0;0;0
1;7;0.00;0.00;0;0;0
1;7;0.00;0.00;0;0;0
1;11;0.00;0.00;0;0;0
1;6;0.00;0.00;0;0;0
1;8;0.00;0.00;0;0;0
1;12;0.00;0.00;0;0;0
1;12;0.00;0.00;0;0;0
1;9;0.00;0.00;0;0;0
1;8;0.00;0.00;0;0;0
1;8;0.00;0.00;0;0;0
1;9;0.00;0.00;0;0;0
1;7;0.00;0.00;0;0;0
1;9;0.00;0.00;0;0;0
1;8;0.00;0.00;0;0;0
1;8;0.00;0.00;0;0;0
1;8;0.00;0.00;0;0;0
1;8;0.00;0.00;0;0;0
1;8;0.00;0.00;0;0;0
1;9;0.00;0.00;0;0;0
1;8;0.00;0.00;0;0;0
1;8;0.00;0.00;0;0;0
1;8;0.00;0.00;0;0;0
1;8;0.00;0.00;0;0;0
1;9;0.00;0.00;0;0;0
1;8;0.00;0.00;0;0;0
1;8;0.00;0.00;0;0;0
1;8;0.00;0.00;0;0;0
1;8;0.00;0.00;0;0;0
1;9;0.00;0.00;0;0;0
1;8;0.01;0.02;0;-1;0
1;8;0.00;0.00;0;0;0
1;8;0.00;0.00;0;0;0
1;8;0.00;0.00;0;0;0
1;9;0.00;0.00;0;0;0
1;8;0.00;0.00;0;0;0
1;8;0.00;0.00;0;0;0
1;8;0.00;0.00;0;0;0
1;8;0.00;0.00;0;0;0
1;9;0.00;0.00;0;0;0
1;8;0.00;0.00;0;0;0
1;8;0.00;0.00;0;0;0
1;8;0.00;0.00;0;0;0
1;8;0.00;0.00;0;0;0
1;8;0.00;0.00;0;0;0
1;9;0.00;0.00;0;0;0
1;8;0.00;0.00;0;0;0
1;8;0.00;0.00;0;0;0
1;8;0.00;0.00;0;0;0
1;8;0.01;0.02;0;-1;0
1;9;0.00;0.00;0;0;0
1;17;0.00;0.00;0;0;0
1;7;0.00;0.00;0;0;0
1;8;0.00;0.00;0;0;0
1;9;0.00;0.00;0;0;0
1;10;0.00;0.00;0;0;0
1;11;0.00;0.00;0;0;0
1;24;0.00;0.00;0;0;0
1;13;0.00;0.00;0;0;0
1;13;0.00;0.00;0;0;0
1;18;0.00;0.00;0;0;0
1;16;0.00;0.00;0;0;0
1;6;0.00;0.00;0;0;0
1;7;0.00;0.00;0;0;0
1;15;0.00;0.00;0;0;0
1;9;0.00;0.00;0;0;0
1;10;0.00;0.00;0;0;0
1;10;0.00;0.00;0;0;0
1;6;0.00;0.00;0;0;0
1;8;0.00;0.00;0;0;0
1;8;0.00;0.00;0;0;0
1;10;0.00;0.00;0;0;0
1;6;0.00;0.00;0;0;0
1;8;0.00;0.00;0;0;0
1;9;0.00;0.00;0;0;0
1;8;0.00;0.00;0;0;0
1;9;0.00;0.00;0;0;0
1;7;0.00;0.00;0;0;0
1;8;0.00;0.00;0;0;0
1;9;0.00;0.00;0;0;0
1;9;0.00;0.00;0;0;0
1;7;0.00;0.00;0;0;0
1;11;0.00;0.00;0;0;0
1;6;0.00;0.00;0;0;0
1;9;0.00;0.00;0;0;0
1;7;0.00;0.00;0;0;0
1;10;0.00;0.00;0;0;0
1;6;0.00;0.00;0;0;0
1;8;0.00;0.00;0;0;0
1;9;0.00;0.00;0;0;0
1;8;0.00;0.00;0;0;0
1;8;0.00;0.00;0;0;0
1;8;0.00;0.00;0;0;0
1;9;0.00;0.00;0;0;0
1;8;0.00;0.00;0;0;0
1;8;0.00;0.00;0;0;0
1;8;0.00;0.00;0;0;0
1;9;0.00;0.00;0;0;0
1;7;0.00;0.00;0;0;0
1;8;0.00;0.00;0;0;0
1;9;0.00;0.00;0;0;0
1;8;0.00;0.00;0;0;0
1;8;0.00;0.00;0;0;0
1;8;0.00;0.00;0;0;0
1;8;0.00;0.00;0;0;0
1;13;0.00;0.00;0;0;0
1;8;0.00;0.00;0;0;0
1;8;0.00;0.00;0;0;0
1;8;0.00;0.00;0;0;0
1;8;0.00;0.00;0;0;0
1;9;0.00;0.00;0;0;0
1;8;0.00;0.00;0;0;0
1;9;0.00;0.00;0;0;0
1;7;0.00;0.00;0;0;0
1;11;0.00;0.00;0;0;0
1;6;0.00;0.00;0;0;0
1;19;0.00;0.00;0;0;0
1;7;0.00;0.00;0;0;0
1;6;0.00;0.00;0;0;0
1;9;0.00;0.00;0;0;0
1;8;0.00;0.00;0;0;0
1;8;0.00;0.00;0;0;0
1;11;0.00;0.00;0;0;0
1;6;0.00;0.00;0;0;0
1;9;0.00;0.00;0;0;0
1;7;0.00;0.00;0;0;0
1;8;0.00;0.00;0;0;0
1;8;0.00;0.00;0;0;0
1;8;0.00;0.00;0;0;0
1;9;0.00;0.00;0;0;0
1;9;0.00;0.00;0;0;0
1;7;0.00;0.00;0;0;0
1;8;0.00;0.00;0;0;0
1;8;0.00;0.00;0;0;0
1;8;0.00;0.00;0;0;0
1;9;0.00;0.00;0;0;0
1;8;0.00;0.00;0;0;0
1;8;0.00;0.00;0;0;0
1;8;0.00;0.00;0;0;0
1;8;0.00;0.00;0;0;0
1;10;0.00;0.00;0;0;0
1;7;0.00;0.00;0;0;0
1;9;0.00;0.00;0;0;0
1;7;0.00;0.00;0;0;0
1;9;0.00;0.00;0;0;0
1;8;0.00;0.00;0;0;0
1;8;0.00;0.00;0;0;0
1;8;0.00;0.00;0;0;0
1;9;0.00;0.00;0;0;0
1;7;0.00;0.00;0;0;0
1;9;0.00;0.00;0;0;0
1;8;0.00;0.00;0;0;0
1;9;0.00;0.00;0;0;0
1;7;0.00;0.00;0;0;0
1;8;0.00;0.00;0;0;0
1;9;0.00;0.00;0;0;0
1;8;0.00;0.00;0;0;0
1;9;0.00;0.00;0;0;0
1;8;0.00;0.00;0;0;0
1;7;0.00;0.00;0;0;0
1;14;0.00;0.00;0;0;0
1;7;0.00;0.00;0;0;0
1;8;0.00;0.00;0;0;0
1;8;0.00;0.00;0;0;0
1;8;0.00;0.00;0;0;0
1;9;0.00;0.00;0;0;0
1;9;0.00;0.00;0;0;0
1;8;0.00;0.00;0;0;0
1;8;0.00;0.00;0;0;0
1;7;0.00;0.00;0;0;0
1;10;0.00;0.00;0;0;0
1;7;0.00;0.00;0;0;0
1;11;0.00;0.00;0;0;0
1;5;0.00;0.00;0;0;0
1;8;0.00;0.00;0;0;0
1;8;0.00;0.00;0;0;0
1;10;0.00;0.00;0;0;0
1;7;0.00;0.00;0;0;0
1;11;0.00;0.00;0;0;0
1;6;0.00;0.00;0;0;0
1;8;0.00;0.00;0;0;0
1;8;0.00;0.00;0;0;0
1;12;0.00;0.00;0;0;0
1;4;0.00;0.00;0;0;0
1;12;0.00;0.00;0;0;0
1;8;0.00;0.00;0;0;0
1;9;0.00;0.00;0;0;0
1;8;0.00;0.00;0;0;0
1;9;0.00;0.00;0;0;0
1;7;0.00;0.00;0;0;0
1;8;0.00;0.00;0;0;0
1;9;0.00;0.00;0;0;0
1;8;0.00;0.00;0;0;0
1;8;0.00;0.00;0;0;0
1;8;0.00;0.00;0;0;0
1;8;0.00;0.00;0;0;0
1;9;0.00;0.00;0;0;0
1;8;0.00;0.00;0;0;0
1;8;0.00;0.00;0;0;0
1;8;0.00;0.00;0;0;0
1;8;0.00;0.00;0;0;0
1;9;0.00;0.00;0;0;0
1;8;0.00;0.00;0;0;0
1;11;0.00;0.00;0;0;0
1;7;0.00;0.00;0;0;0
1;6;0.00;0.00;0;0;0
1;9;0.00;0.00;0;0;0
1;8;0.00;0.00;0;0;0
1;12;0.00;0.00;0;0;0
1;8;0.00;0.00;0;0;0
1;8;0.00;0.00;0;0;0
1;9;0.00;0.00;0;0;0
1;8;0.00;0.00;0;0;0
1;8;0.00;0.00;0;0;0
1;8;0.00;0.00;0;0;0
1;8;0.00;0.00;0;0;0
1;9;0.00;0.00;0;0;0
1;8;0.00;0.00;0;0;0
1;8;0.00;0.00;0;0;0
1;10;0.00;0.00;0;0;0
1;6;0.00;0.00;0;0;0
1;13;0.00;0.00;0;0;0
1;10;0.00;0.00;0;0;0
1;6;0.00;0.00;0;0;0
1;8;0.00;0.00;0;0;0
1;10;0.00;0.00;0;0;0
1;8;0.00;0.00;0;0;0
1;7;0.00;0.00;0;0;0
1;8;0.00;0.00;0;0;0
1;9;0.00;0.00;0;0;0
1;9;0.00;0.00;0;0;0
1;8;0.00;0.00;0;0;0
1;8;0.00;0.00;0;0;0
1;7;0.00;0.00;0;0;0
1;8;0.00;0.00;0;0;0
1;12;0.00;0.00;0;0;0
1;13;0.00;0.00;0;0;0
1;8;0.00;0.00;0;0;0
1;12;0.00;0.00;0;0;0
1;8;0.00;0.00;0;0;0
1;9;0.00;0.00;0;0;0
1;9;0.00;0.00;0;0;0
1;10;0.00;0.00;0;0;0
1;5;0.00;0.00;0;0;0
1;8;0.00;0.00;0;0;0
1;19;0.00;0.00;0;0;0
1;9;0.00;0.00;0;0;0
1;6;0.00;0.00;0;0;0
1;7;0.00;0.00;0;0;0
1;17;0.00;0.00;0;0;0
1;8;0.00;0.00;0;0;0
1;8;0.00;0.00;0;0;0
1;11;0.00;0.00;0;0;0
1;5;0.00;0.00;0;0;0
1;9;0.00;0.00;0;0;0
1;8;0.00;0.00;0;0;0
1;12;0.00;0.00;0;0;0
1;8;0.00;0.00;0;0;0
1;8;0.00;0.00;0;0;0
1;9;0.00;0.00;0;0;0
1;10;0.00;0.00;0;0;0
1;6;0.00;0.00;0;0;0
1;8;0.00;0.00;0;0;0
1;15;0.00;0.00;0;0;0
1;6;0.00;0.00;0;0;0
1;11;0.00;0.00;0;0;0
1;10;0.00;0.00;0;0;0
1;7;0.00;0.00;0;0;0
1;10;0.00;0.00;0;0;0
1;7;0.00;0.00;0;0;0
1;8;0.00;0.00;0;0;0
1;8;0.00;0.00;0;0;0
1;8;0.00;0.00;0;0;0
1;9;0.00;0.00;0;0;0
1;8;0.00;0.00;0;0;0
1;8;0.00;0.00;0;0;0
1;8;0.00;0.00;0;0;0
1;8;0.00;0.00;0;0;0
1;8;0.00;0.00;0;0;0
1;9;0.00;0.00;0;0;0
1;8;0.00;0.00;0;0;0
1;8;0.00;0.00;0;0;0
1;8;0.00;0.00;0;0;0
1;13;0.00;0.00;0;0;0
1;8;0.00;0.00;0;0;0
1;8;0.00;0.00;0;0;0
1;8;0.00;0.00;0;0;0
1;8;0.00;0.00;0;0;0
1;8;0.00;0.00;0;0;0
1;9;0.00;0.00;0;0;0
1;8;0.00;0.00;0;0;0
1;9;0.00;0.00;0;0;0
1;7;0.00;0.00;0;0;0
1;8;0.00;0.00;0;0;0
1;9;0.00;0.00;0;0;0
1;8;0.00;0.00;0;0;0
1;8;0.00;0.00;0;0;0
1;8;0.00;0.00;0;0;0
1;8;0.00;0.00;0;0;0
1;9;0.00;0.00;0;0;0
1;8;0.00;0.00;0;0;0
1;8;0.00;0.00;0;0;0
1;11;0.00;0.00;0;0;0
1;5;0.00;0.00;0;0;0
1;9;0.00;0.00;0;0;0
1;8;0.00;0.00;0;0;0
1;11;0.00;0.00;0;0;0
1;5;0.00;0.00;0;0;0
1;8;0.00;0.00;0;0;0
1;9;0.00;0.00;0;0;0
1;8;0.00;0.00;0;0;0
1;8;0.00;0.00;0;0;0
1;8;0.00;0.00;0;0;0
1;8;0.00;0.00;0;0;0
1;10;0.00;0.00;0;0;0
1;9;0.00;0.00;0;0;0
1;6;0.00;0.00;0;0;0
1;8;0.00;0.00;0;0;0
1;8;0.00;0.00;0;0;0
1;8;0.00;0.00;0;0;0
1;9;0.00;0.00;0;0;0
1;8;0.00;0.00;0;0;0
1;8;0.00;0.00;0;0;0
1;8;0.00;0.00;0;0;0
1;8;0.00;0.00;0;0;0
1;9;0.00;0.00;0;0;0
1;8;0.00;0.00;0;0;0
1;8;0.00;0.00;0;0;0
1;8;0.00;0.00;0;0;0
1;8;0.00;0.00;0;0;0
1;9;0.00;0.00;0;0;0
1;8;0.00;0.00;0;0;0
1;10;0.00;0.00;0;0;0
1;6;0.00;0.00;0;0;0
1;8;0.00;0.00;0;0;0
1;9;0.00;0.00;0;0;0
1;8;0.00;0.00;0;0;0
1;8;0.00;0.00;0;0;0
1;9;0.00;0.00;0;0;0
1;7;0.00;0.00;0;0;0
1;8;0.00;0.00;0;0;0
1;9;0.00;0.00;0;0;0
1;8;0.00;0.00;0;0;0
1;8;0.00;0.00;0;0;0
1;9;0.00;0.00;0;0;0
1;7;0.00;0.00;0;0;0
1;9;0.00;0.00;0;0;0
1;11;0.00;0.00;0;0;0
1;10;0.00;0.00;0;0;0
1;8;0.00;0.00;0;0;0
1;7;0.00;0.00;0;0;0
1;9;0.00;0.00;0;0;0
1;13;0.00;0.00;0;0;0
1;8;0.00;0.00;0;0;0
1;10;0.00;0.00;0;0;0
1;8;0.00;0.00;0;0;0
1;6;0.00;0.00;0;0;0
1;8;0.00;0.00;0;0;0
1;11;0.00;0.00;0;0;0
1;6;0.00;0.00;0;0;0
1;8;0.00;0.00;0;0;0
1;8;0.00;0.00;0;0;0
1;8;0.00;0.00;0;0;0
1;8;0.00;0.00;0;0;0
1;8;0.00;0.00;0;0;0
1;7;0.00;0.00;0;0;0
1;11;0.00;0.00;0;0;0
1;7;0.00;0.00;0;0;0
1;8;0.00;0.00;0;0;0
1;8;0.00;0.00;0;0;0
1;8;0.00;0.00;0;0;0
1;10;0.00;0.00;0;0;0
1;9;0.00;0.00;0;0;0
1;6;0.00;0.00;0;0;0
1;10;0.00;0.00;0;0;0
1;6;0.00;0.00;0;0;0
1;11;0.00;0.00;0;0;0
1;6;0.00;0.00;0;0;0
1;8;0.00;0.00;0;0;0
1;8;0.00;0.00;0;0;0
1;8;0.00;0.00;0;0;0
1;9;0.00;0.00;0;0;0
1;9;0.00;0.00;0;0;0
1;12;0.00;0.00;0;0;0
1;7;0.00;0.00;0;0;0
1;9;0.00;0.00;0;0;0
1;8;0.00;0.00;0;0;0
1;12;0.00;0.00;0;0;0
1;8;0.00;0.00;0;0;0
1;8;0.00;0.00;0;0;0
1;12;0.00;0.00;0;0;0
1;5;0.00;0.00;0;0;0
1;8;0.00;0.00;0;0;0
1;8;0.00;0.00;0;0;0
1;10;0.00;0.00;0;0;0
1;6;0.00;0.00;0;0;0
1;9;0.00;0.00;0;0;0
1;8;0.00;0.00;0;0;0
1;11;0.00;0.00;0;0;0
1;8;0.00;0.00;0;0;0
1;5;0.00;0.00;0;0;0
1;9;0.00;0.00;0;0;0
1;8;0.00;0.00;0;0;0
1;8;0.00;0.00;0;0;0
1;8;0.00;0.00;0;0;0
1;8;0.00;0.00;0;0;0
1;10;0.00;0.00;0;0;0
1;7;0.00;0.00;0;0;0
1;8;0.00;0.00;0;0;0
1;8;0.00;0.00;0;0;0
1;9;0.00;0.00;0;0;0
1;7;0.00;0.00;0;0;0
1;9;0.00;0.00;0;0;0
1;8;0.00;0.00;0;0;0
1;8;0.00;0.00;0;0;0
1;8;0.00;0.00;0;0;0
1;8;0.00;0.00;0;0;0
1;9;0.00;0.00;0;0;0
1;11;0.00;0.00;0;0;0
1;7;0.00;0.00;0;0;0
1;6;0.00;0.00;0;0;0
1;8;0.00;0.00;0;0;0
1;9;0.00;0.00;0;0;0
1;8;0.00;0.00;0;0;0
1;8;0.00;0.00;0;0;0
1;8;0.00;0.00;0;0;0
1;11;0.00;0.00;0;0;0
1;9;0.00;0.00;0;0;0
1;5;0.00;0.00;0;0;0
1;8;0.00;0.00;0;0;0
1;8;0.00;0.00;0;0;0
1;8;0.00;0.00;0;0;0
1;9;0.00;0.00;0;0;0
1;8;0.00;0.00;0;0;0
1;8;0.00;0.00;0;0;0
1;11;0.00;0.00;0;0;0
1;5;0.00;0.00;0;0;0
1;8;0.00;0.00;0;0;0
1;9;0.00;0.00;0;0;0
1;11;0.00;0.00;0;0;0
1;5;0.00;0.00;0;0;0
1;8;0.00;0.00;0;0;0
1;8;0.00;0.00;0;0;0
1;11;0.00;0.00;0;0;0
1;6;0.00;0.00;0;0;0
1;8;0.00;0.00;0;0;0
1;8;0.00;0.00;0;0;0
1;8;0.00;0.00;0;0;0
1;9;0.00;0.00;0;0;0
1;8;0.00;0.00;0;0;0
1;7;0.00;0.00;0;0;0
1;9;0.00;0.00;0;0;0
1;8;0.00;0.00;0;0;0
1;9;0.00;0.00;0;0;0
1;8;0.00;0.00;0;0;0
1;8;0.00;0.00;0;0;0
1;8;0.00;0.00;0;0;0
1;8;0.00;0.00;0;0;0
1;15;0.00;0.00;0;0;0
1;6;0.00;0.00;0;0;0
1;8;0.00;0.00;0;0;0
1;8;0.00;0.00;0;0;0
1;10;0.00;0.00;0;0;0
1;7;0.00;0.00;0;0;0
1;8;0.00;0.00;0;0;0
1;11;0.00;0.00;0;0;0
1;5;0.00;0.00;0;0;0
1;8;0.00;0.00;0;0;0
1;9;0.00;0.00;0;0;0
1;8;0.00;0.00;0;0;0
1;8;0.00;0.00;0;0;0
1;8;0.00;0.00;0;0;0
1;9;0.00;0.00;0;0;0
1;7;0.00;0.00;0;0;0
1;9;0.00;0.00;0;0;0
1;8;0.00;0.00;0;0;0
1;8;0.00;0.00;0;0;0
1;8;0.00;0.00;0;0;0
1;8;0.00;0.00;0;0;0
1;9;0.00;0.00;0;0;0
1;8;0.00;0.00;0;0;0
1;7;0.00;0.00;0;0;0
1;9;0.00;0.00;0;0;0
1;8;0.00;0.00;0;0;0
1;9;0.00;0.00;0;0;0
1;8;0.00;0.00;0;0;0
1;7;0.00;0.00;0;0;0
1;12;0.00;0.00;0;0;0
1;5;0.00;0.00;0;0;0
1;9;0.00;0.00;0;0;0
1;7;0.00;0.00;0;0;0
1;11;0.00;0.00;0;0;0
1;6;0.00;0.00;0;0;0
1;8;0.00;0.00;0;0;0
1;9;0.00;0.00;0;0;0
1;11;0.00;0.00;0;0;0
1;5;0.00;0.00;0;0;0
1;8;0.00;0.00;0;0;0
1;8;0.00;0.00;0;0;0
1;12;0.00;0.00;0;0;0
1;5;0.00;0.00;0;0;0
1;8;0.00;0.00;0;0;0
1;8;0.00;0.00;0;0;0
1;12;0.00;0.00;0;0;0
1;9;0.00;0.00;0;0;0
1;11;0.00;0.00;0;0;0
1;8;0.00;0.00;0;0;0
1;5;0.00;0.00;0;0;0
1;8;0.00;0.00;0;0;0
1;9;0.00;0.00;0;0;0
1;9;0.00;0.00;0;0;0
1;7;0.00;0.00;0;0;0
1;8;0.00;0.00;0;0;0
1;7;0.00;0.00;0;0;0
1;9;0.00;0.00;0;0;0
1;8;0.00;0.00;0;0;0
1;12;0.00;0.00;0;0;0
1;5;0.00;0.00;0;0;0
1;8;0.00;0.00;0;0;0
1;8;0.00;0.00;0;0;0
1;11;0.00;0.00;0;0;0
1;6;0.00;0.00;0;0;0
1;8;0.00;0.00;0;0;0
1;8;0.00;0.00;0;0;0
1;10;0.00;0.00;0;0;0
1;7;0.00;0.00;0;0;0
1;8;0.00;0.00;0;0;0
1;8;0.00;0.00;0;0;0
1;8;0.00;0.00;0;0;0
1;8;0.00;0.00;0;0;0
1;9;0.00;0.00;0;0;0
1;8;0.00;0.00;0;0;0
1;11;0.00;0.00;0;0;0
1;5;0.00;0.00;0;0;0
1;8;0.00;0.00;0;0;0
1;8;0.00;0.00;0;0;0
1;10;0.00;0.00;0;0;0
1;7;0.00;0.00;0;0;0
1;8;0.00;0.00;0;0;0
1;8;0.00;0.00;0;0;0
1;8;0.00;0.00;0;0;0
1;8;0.00;0.00;0;0;0
1;9;0.00;0.00;0;0;0
1;7;0.00;0.00;0;0;0
1;9;0.00;0.00;0;0;0
1;8;0.00;0.00;0;0;0
1;9;0.00;0.00;0;0;0
1;10;0.00;0.00;0;0;0
1;6;0.00;0.00;0;0;0
1;8;0.00;0.00;0;0;0
1;7;0.00;0.00;0;0;0
1;13;0.00;0.00;0;0;0
1;5;0.00;0.00;0;0;0
1;8;0.00;0.00;0;0;0
1;8;0.00;0.00;0;0;0
1;11;0.00;0.00;0;0;0
1;6;0.00;0.00;0;0;0
1;8;0.00;0.00;0;0;0
1;7;0.00;0.00;0;0;0
1;12;0.00;0.00;0;0;0
1;5;0.00;0.00;0;0;0
1;8;0.00;0.00;0;0;0
1;9;0.00;0.00;0;0;0
1;8;0.00;0.00;0;0;0
1;7;0.00;0.00;0;0;0
1;10;0.00;0.00;0;0;0
1;7;0.00;0.00;0;0;0
1;9;0.00;0.00;0;0;0
1;8;0.00;0.00;0;0;0
1;10;0.00;0.00;0;0;0
1;7;0.00;0.00;0;0;0
1;7;0.00;0.00;0;0;0
1;10;0.00;0.00;0;0;0
1;8;0.00;0.00;0;0;0
1;7;0.00;0.00;0;0;0
1;8;0.00;0.00;0;0;0
1;8;0.00;0.00;0;0;0
1;8;0.00;0.00;0;0;0
1;9;0.00;0.00;0;0;0
1;8;0.00;0.00;0;0;0
1;8;0.00;0.00;0;0;0
1;11;0.00;0.00;0;0;0
1;6;0.00;0.00;0;0;0
1;10;0.00;0.00;0;0;0
1;6;0.00;0.00;0;0;0
1;8;0.00;0.00;0;0;0
1;7;0.00;0.00;0;0;0
1;8;0.00;0.00;0;0;0
1;9;0.00;0.00;0;0;0
1;9;0.00;0.00;0;0;0
1;8;0.00;0.00;0;0;0
1;8;0.00;0.00;0;0;0
1;7;0.00;0.00;0;0;0
1;9;0.00;0.00;0;0;0
1;9;0.00;0.00;0;0;0
1;7;0.00;0.00;0;0;0
1;11;0.00;0.00;0;0;0
1;6;0.00;0.00;0;0;0
1;9;0.00;0.00;0;0;0
1;7;0.00;0.00;0;0;0
1;11;0.00;0.00;0;0;0
1;5;0.00;0.00;0;0;0
1;8;0.00;0.00;0;0;0
1;9;0.00;0.00;0;0;0
1;13;0.00;0.00;0;0;0
1;7;0.00;0.00;0;0;0
1;8;0.00;0.00;0;0;0
1;7;0.00;0.00;0;0;0
1;10;0.00;0.00;0;0;0
1;7;0.00;0.00;0;0;0
1;8;0.00;0.00;0;0;0
1;9;0.00;0.00;0;0;0
1;8;0.00;0.00;0;0;0
1;11;0.00;0.00;0;0;0
1;6;0.00;0.00;0;0;0
1;8;0.00;0.00;0;0;0
1;7;0.00;0.00;0;0;0
1;11;0.00;0.00;0;0;0
1;7;0.00;0.00;0;0;0
1;8;0.00;0.00;0;0;0
1;7;0.00;0.00;0;0;0
1;10;0.00;0.00;0;0;0
1;7;0.00;0.00;0;0;0
1;8;0.00;0.00;0;0;0
1;8;0.00;0.00;0;0;0
1;12;0.00;0.00;0;0;0
1;5;0.00;0.00;0;0;0
1;8;0.00;0.00;0;0;0
1;7;0.00;0.00;0;0;0
1;10;0.00;0.00;0;0;0
1;8;0.00;0.00;0;0;0
1;7;0.00;0.00;0;0;0
1;8;0.00;0.00;0;0;0
1;14;0.00;0.00;0;0;0
1;8;0.00;0.00;0;0;0
1;7;0.00;0.00;0;0;0
1;11;0.00;0.00;0;0;0
1;6;0.00;0.00;0;0;0
1;8;0.00;0.00;0;0;0
1;9;0.00;0.00;0;0;0
1;9;0.00;0.00;0;0;0
1;7;0.00;0.00;0;0;0
1;8;0.00;0.00;0;0;0
1;7;0.00;0.00;0;0;0
1;12;0.00;0.00;0;0;0
1;6;0.00;0.00;0;0;0
1;8;0.00;0.00;0;0;0
1;8;0.00;0.00;0;0;0
1;7;0.00;0.00;0;0;0
1;9;0.00;0.00;0;0;0
1;8;0.00;0.00;0;0;0
1;9;0.00;0.00;0;0;0
1;10;0.00;0.00;0;0;0
1;6;0.00;0.00;0;0;0
1;9;0.00;0.00;0;0;0
1;8;0.00;0.00;0;0;0
1;8;0.00;0.00;0;0;0
1;8;0.00;0.00;0;0;0
1;8;0.00;0.00;0;0;0
1;8;0.00;0.00;0;0;0
1;9;0.00;0.00;0;0;0
1;7;0.00;0.00;0;0;0
1;10;0.00;0.00;0;0;0
1;7;0.00;0.00;0;0;0
1;8;0.00;0.00;0;0;0
1;9;0.00;0.00;0;0;0
1;9;0.00;0.00;0;0;0
1;7;0.00;0.00;0;0;0
1;8;0.00;0.00;0;0;0
1;10;0.00;0.00;0;0;0
1;8;0.00;0.00;0;0;0
1;7;0.00;0.00;0;0;0
1;8;0.00;0.00;0;0;0
1;11;0.00;0.00;0;0;0
1;5;0.00;0.00;0;0;0
1;8;0.00;0.00;0;0;0
1;11;0.00;0.00;0;0;0
1;10;0.00;0.00;0;0;0
1;8;0.00;0.00;0;0;0
1;7;0.00;0.00;0;0;0
1;9;0.00;0.00;0;0;0
1;9;0.00;0.00;0;0;0
1;8;0.00;0.00;0;0;0
1;8;0.00;0.00;0;0;0
1;7;0.00;0.00;0;0;0
1;9;0.00;0.00;0;0;0
1;9;0.00;0.00;0;0;0
1;7;0.00;0.00;0;0;0
1;8;0.00;0.00;0;0;0
1;8;0.00;0.00;0;0;0
1;9;0.00;0.00;0;0;0
1;8;0.00;0.00;0;0;0
1;9;0.00;0.00;0;0;0
1;10;0.00;0.00;0;0;0
1;6;0.00;0.00;0;0;0
1;9;0.00;0.00;0;0;0
1;7;0.00;0.00;0;0;0
1;8;0.00;0.00;0;0;0
1;8;0.00;0.00;0;0;0
1;8;0.00;0.00;0;0;0
1;13;0.00;0.00;0;0;0
1;5;0.00;0.00;0;0;0
1;8;0.00;0.00;0;0;0
1;7;0.00;0.00;0;0;0
1;12;0.00;0.00;0;0;0
1;5;0.00;0.00;0;0;0
1;10;0.00;0.00;0;0;0
1;7;0.00;0.00;0;0;0
1;7;0.00;0.00;0;0;0
1;9;0.00;0.00;0;0;0
1;10;0.00;0.00;0;0;0
1;7;0.00;0.00;0;0;0
1;8;0.00;0.00;0;0;0
1;7;0.00;0.00;0;0;0
1;12;0.00;0.00;0;0;0
1;5;0.00;0.00;0;0;0
1;9;0.00;0.00;0;0;0
1;11;0.00;0.00;0;0;0
1;7;0.00;0.00;0;0;0
1;6;0.00;0.00;0;0;0
1;8;0.00;0.00;0;0;0
1;8;0.00;0.00;0;0;0
1;10;0.00;0.00;0;0;0
1;7;0.00;0.00;0;0;0
1;8;0.00;0.00;0;0;0
1;8;0.00;0.00;0;0;0
1;13;0.00;0.00;0;0;0
1;7;0.00;0.00;0;0;0
1;9;0.00;0.00;0;0;0
1;12;0.00;0.00;0;0;0
1;8;0.00;0.00;0;0;0
1;11;0.00;0.00;0;0;0
1;9;0.00;0.00;0;0;0
1;7;0.00;0.00;0;0;0
1;6;0.00;0.00;0;0;0
1;7;0.00;0.00;0;0;0
1;14;0.00;0.00;0;0;0
1;24;0.00;0.00;0;0;0
1;8;0.00;0.00;0;0;0
1;8;0.00;0.00;0;0;0
1;8;0.00;0.00;0;0;0
1;7;0.00;0.00;0;0;0
1;8;0.00;0.00;0;0;0
1;8;0.00;0.00;0;0;0
1;9;0.00;0.00;0;0;0
1;8;0.00;0.00;0;0;0
1;8;0.00;0.00;0;0;0
1;9;0.00;0.00;0;0;0
1;8;0.00;0.00;0;0;0
1;8;0.00;0.00;0;0;0
1;8;0.00;0.00;0;0;0
1;9;0.00;0.00;0;0;0
1;7;0.00;0.00;0;0;0
1;8;0.00;0.00;0;0;0
1;8;0.00;0.00;0;0;0
1;9;0.00;0.00;0;0;0
1;8;0.00;0.00;0;0;0
1;8;0.00;0.00;0;0;0
1;8;0.00;0.00;0;0;0
1;8;0.00;0.00;0;0;0
1;9;0.00;0.00;0;0;0
1;8;0.00;0.00;0;0;0
1;8;0.00;0.00;0;0;0
1;8;0.00;0.00;0;0;0
1;8;0.00;0.00;0;0;0
1;9;0.00;0.00;0;0;0
1;8;0.00;0.00;0;0;0
1;11;0.00;0.00;0;0;0
1;6;0.00;0.00;0;0;0
1;8;0.00;0.00;0;0;0
1;8;0.00;0.00;0;0;0
1;9;0.00;0.00;0;0;0
1;7;0.00;0.00;0;0;0
1;8;0.00;0.00;0;0;0
1;8;0.00;0.00;0;0;0
1;11;0.00;0.00;0;0;0
1;7;0.00;0.00;0;0;0
1;7;0.00;0.00;0;0;0
1;8;0.00;0.00;0;0;0
1;9;0.00;0.00;0;0;0
1;12;0.00;0.00;0;0;0
1;5;0.00;0.00;0;0;0
1;7;0.00;0.00;0;0;0
1;10;0.00;0.00;0;0;0
1;7;0.00;0.00;0;0;0
1;7;0.00;0.00;0;0;0
1;10;0.00;0.00;0;0;0
1;8;0.00;0.00;0;0;0
1;7;0.00;0.00;0;0;0
1;9;0.00;0.00;0;0;0
1;7;0.00;0.00;0;0;0
1;9;0.00;0.00;0;0;0
1;9;0.00;0.00;0;0;0
1;8;0.00;0.00;0;0;0
1;8;0.00;0.00;0;0;0
1;8;0.00;0.00;0;0;0
1;8;0.00;0.00;0;0;0
1;8;0.00;0.00;0;0;0
1;8;0.00;0.00;0;0;0
1;8;0.00;0.00;0;0;0
1;8;0.00;0.00;0;0;0
1;10;0.00;0.00;0;0;0
1;8;0.00;0.00;0;0;0
1;16;0.00;0.00;0;0;0
1;9;0.00;0.00;0;0;0
1;7;0.00;0.00;0;0;0
1;19;0.00;0.00;0;0;0
1;6;0.00;0.00;0;0;0
1;8;0.00;0.00;0;0;0
1;7;0.00;0.00;0;0;0
1;11;0.00;0.00;0;0;0
1;7;0.00;0.00;0;0;0
1;8;0.00;0.00;0;0;0
1;7;0.00;0.00;0;0;0
1;8;0.00;0.00;0;0;0
1;9;0.00;0.00;0;0;0
1;8;0.00;0.00;0;0;0
1;8;0.00;0.00;0;0;0
1;11;0.00;0.00;0;0;0
1;6;0.00;0.00;0;0;0
1;9;0.00;0.00;0;0;0
1;7;0.00;0.00;0;0;0
1;9;0.00;0.00;0;0;0
1;7;0.00;0.00;0;0;0
1;8;0.00;0.00;0;0;0
1;8;0.00;0.00;0;0;0
1;9;0.00;0.00;0;0;0
1;8;0.00;0.00;0;0;0
1;8;0.00;0.00;0;0;0
1;8;0.00;0.00;0;0;0
1;9;0.00;0.00;0;0;0
1;9;0.00;0.00;0;0;0
1;7;0.00;0.00;0;0;0
1;9;0.00;0.00;0;0;0
1;8;0.00;0.00;0;0;0
1;7;0.00;0.00;0;0;0
1;9;0.00;0.00;0;0;0
1;8;0.00;0.00;0;0;0
1;8;0.00;0.00;0;0;0
1;8;0.00;0.00;0;0;0
1;8;0.00;0.00;0;0;0
1;9;0.00;0.00;0;0;0
1;8;0.00;0.00;0;0;0
1;8;0.00;0.00;0;0;0
1;11;0.00;0.00;0;0;0
1;6;0.00;0.00;0;0;0
1;12;0.00;0.00;0;0;0
1;8;0.00;0.00;0;0;0
1;8;0.00;0.00;0;0;0
1;8;0.00;0.00;0;0;0
1;8;0.00;0.00;0;0;0
1;10;0.00;0.00;0;0;0
1;8;0.00;0.00;0;0;0
1;8;0.00;0.00;0;0;0
1;10;0.00;0.00;0;0;0
1;8;0.00;0.00;0;0;0
1;7;0.00;0.00;0;0;0
1;7;0.00;0.00;0;0;0
1;12;0.00;0.00;0;0;0
1;5;0.00;0.00;0;0;0
1;8;0.00;0.00;0;0;0
1;9;0.00;0.00;0;0;0
1;10;0.00;0.00;0;0;0
1;9;0.00;0.00;0;0;0
1;5;0.00;0.00;0;0;0
1;8;0.00;0.00;0;0;0
1;11;0.00;0.00;0;0;0
1;6;0.00;0.00;0;0;0
1;8;0.00;0.00;0;0;0
1;7;0.00;0.00;0;0;0
1;13;0.00;0.00;0;0;0
1;14;0.00;0.00;0;0;0
1;7;0.00;0.00;0;0;0
1;8;0.00;0.00;0;0;0
1;10;0.00;0.00;0;0;0
1;6;0.00;0.00;0;0;0
1;8;0.00;0.00;0;0;0
1;11;0.00;0.00;0;0;0
1;9;0.00;0.00;0;0;0
1;8;0.00;0.00;0;0;0
1;8;0.00;0.00;0;0;0
1;13;0.00;0.00;0;0;0
1;5;0.00;0.00;0;0;0
1;8;0.00;0.00;0;0;0
1;7;0.00;0.00;0;0;0
1;11;0.00;0.00;0;0;0
1;7;0.00;0.00;0;0;0
1;7;0.00;0.00;0;0;0
1;13;0.00;0.00;0;0;0
1;9;0.00;0.00;0;0;0
1;6;0.00;0.00;0;0;0
1;9;0.00;0.00;0;0;0
1;8;0.00;0.00;0;0;0
1;9;0.00;0.00;0;0;0
1;7;0.00;0.00;0;0;0
1;8;0.00;0.00;0;0;0
1;11;0.00;0.00;0;0;0
1;7;0.00;0.00;0;0;0
1;10;0.00;0.00;0;0;0
1;6;0.00;0.00;0;0;0
1;7;0.00;0.00;0;0;0
1;12;0.00;0.00;0;0;0
1;6;0.00;0.00;0;0;0
1;7;0.00;0.00;0;0;0
1;8;0.00;0.00;0;0;0
1;8;0.00;0.00;0;0;0
1;12;0.00;0.00;0;0;0
1;6;0.00;0.00;0;0;0
1;7;0.00;0.00;0;0;0
1;16;0.00;0.00;0;0;0
1;8;0.00;0.00;0;0;0
1;6;0.00;0.00;0;0;0
1;10;0.01;-0.02;0;0;-1
1;10;0.00;0.00;0;0;0
1;7;0.00;0.00;0;0;0
1;8;0.00;0.00;0;0;0
1;10;0.00;0.00;0;0;0
1;12;0.00;0.00;0;0;0
1;7;0.00;0.00;0;0;0
1;11;0.00;0.00;0;0;0
1;10;0.00;0.00;0;0;0
1;8;0.01;-0.02;0;0;-1
1;5;0.00;0.00;0;0;0
1;7;0.00;0.00;0;0;0
1;26;0.00;0.00;0;0;0
1;8;0.01;0.02;0;-1;0
1;10;0.00;0.00;0;0;0
1;6;0.00;0.00;0;0;0
1;7;0.00;0.00;0;0;0
1;15;0.00;0.00;0;0;0
1;7;0.01;-0.02;0;0;-1
1;9;0.00;0.00;0;0;0
1;12;-0.02;0.00;-1;0;0
1;7;0.00;0.00;0;0;0
1;9;0.00;0.00;0;0;0
1;7;0.00;0.00;0;0;0
1;10;0.00;0.00;0;0;0
1;7;0.00;0.00;0;0;0
1;9;0.00;0.00;0;0;0
1;8;0.00;0.00;0;0;0
1;9;0.00;0.00;0;0;0
1;7;0.00;0.00;0;0;0
1;10;0.00;0.00;0;0;0
1;7;0.01;-0.02;0;0;-1
1;7;0.00;0.00;0;0;0
1;9;0.00;0.00;0;0;0
1;8;0.00;0.00;0;0;0
1;9;0.00;0.00;0;0;0
1;9;0.00;0.00;0;0;0
1;7;0.00;0.00;0;0;0
1;8;0.00;0.00;0;0;0
1;8;0.00;0.00;0;0;0
1;7;0.01;-0.02;0;0;-1
1;8;0.00;0.00;0;0;0
1;9;0.00;0.00;0;0;0
1;10;0.00;0.00;0;0;0
1;7;0.00;0.00;0;0;0
1;15;0.00;0.00;0;0;0
1;9;0.00;0.00;0;0;0
1;5;0.00;0.00;0;0;0
1;8;0.01;-0.02;0;0;-1
1;8;0.00;0.00;0;0;0
1;12;0.00;0.00;0;0;0
1;9;0.00;0.00;0;0;0
1;10;0.00;0.00;0;0;0
1;6;0.00;0.00;0;0;0
1;8;0.00;0.00;0;0;0
1;7;0.00;0.00;0;0;0
1;10;0.01;-0.02;0;0;-1
1;10;0.00;0.00;0;0;0
1;6;0.00;0.00;0;0;0
1;8;0.00;0.00;0;0;0
1;13;0.00;0.00;0;0;0
1;8;0.00;0.00;0;0;0
1;7;0.00;0.00;0;0;0
1;8;0.01;-0.02;0;0;-1
1;9;0.00;0.00;0;0;0
1;7;0.00;0.00;0;0;0
1;9;0.00;0.00;0;0;0
1;8;0.00;0.00;0;0;0
1;8;0.00;0.00;0;0;0
1;8;0.00;0.00;0;0;0
1;8;0.00;0.00;0;0;0
1;8;0.01;-0.02;0;0;-1
1;9;0.00;0.00;0;0;0
1;8;0.00;0.00;0;0;0
1;8;0.00;0.00;0;0;0
1;8;0.00;0.00;0;0;0
1;8;0.00;0.00;0;0;0
1;9;0.00;0.00;0;0;0
1;8;0.01;-0.02;0;0;-1
1;8;0.00;0.00;0;0;0
1;8;0.00;0.00;0;0;0
1;8;0.00;0.00;0;0;0
1;9;-0.01;-0.02;0;1;0
1;8;0.00;0.00;0;0;0
1;8;0.00;0.00;0;0;0
1;8;0.01;-0.02;0;0;-1
1;8;0.00;0.00;0;0;0
1;9;0.00;0.00;0;0;0
1;8;0.00;0.00;0;0;0
1;8;-0.01;-0.02;0;1;0
1;8;0.00;0.00;0;0;0
1;8;0.00;0.00;0;0;0
1;8;0.01;-0.02;0;0;-1
1;9;0.00;0.00;0;0;0
1;8;0.00;0.00;0;0;0
1;8;0.00;0.00;0;0;0
1;8;-0.01;-0.02;0;1;0
1;8;0.00;0.00;0;0;0
1;12;0.00;0.00;0;0;0
1;6;0.00;0.00;0;0;0
1;11;0.01;-0.02;0;0;-1
1;5;0.00;0.00;0;0;0
1;7;0.00;0.00;0;0;0
1;9;0.00;0.00;0;0;0
1;8;-0.01;-0.02;0;1;0
1;9;0.00;0.00;0;0;0
1;7;0.00;0.00;0;0;0
1;8;0.01;-0.02;0;0;-1
1;9;0.00;0.00;0;0;0
1;8;0.00;0.00;0;0;0
1;9;-0.01;-0.02;0;1;0
1;10;0.01;-0.02;0;0;-1
1;6;0.00;0.00;0;0;0
1;11;0.00;0.00;0;0;0
1;4;0.00;0.00;0;0;0
1;8;0.00;0.00;0;0;0
1;12;0.00;0.00;0;0;0
1;5;-0.01;-0.02;0;1;0
1;7;0.01;-0.02;0;0;-1
1;9;0.00;0.00;0;0;0
1;10;0.00;0.00;0;0;0
1;11;0.00;0.00;0;0;0
1;7;0.00;0.00;0;0;0
1;9;0.00;0.00;0;0;0
1;9;0.00;-0.04;0;1;-1
1;10;0.00;0.00;0;0;0
1;5;0.01;-0.02;0;0;-1
1;8;0.00;0.00;0;0;0
1;9;0.00;0.00;0;0;0
1;11;0.01;-0.02;0;0;-1
1;9;0.01;-0.02;0;0;-1
1;8;0.00;0.00;0;0;0
1;8;0.01;-0.02;0;0;-1
1;10;-0.01;-0.02;0;1;0
1;8;0.01;-0.02;0;0;-1
1;7;0.00;0.00;0;0;0
1;9;0.01;-0.02;0;0;-1
1;17;0.01;-0.02;0;0;-1
1;8;0.01;-0.02;0;0;-1
1;8;-0.01;-0.02;0;1;0
1;8;0.01;-0.02;0;0;-1
1;7;0.00;0.00;0;0;0
1;8;0.01;-0.02;0;0;-1
1;10;0.01;-0.02;0;0;-1
1;14;0.01;-0.02;0;0;-1
1;6;0.00;0.00;0;0;0
1;7;-0.01;-0.02;0;1;0
1;10;0.01;-0.02;0;0;-1
1;11;0.00;0.00;0;0;0
1;5;0.00;0.00;0;0;0
1;7;0.01;-0.02;0;0;-1
1;9;0.00;0.00;0;0;0
1;12;-0.01;-0.02;0;1;0
1;4;0.00;0.00;0;0;0
1;8;0.00;0.00;0;0;0
1;11;0.01;-0.02;0;0;-1
1;6;0.00;0.00;0;0;0
1;7;0.00;0.00;0;0;0
1;9;-0.01;-0.02;0;1;0
1;11;0.00;0.00;0;0;0
1;6;0.00;0.00;0;0;0
1;10;0.00;0.00;0;0;0
1;10;0.00;0.00;0;0;0
1;8;0.01;-0.02;0;0;-1
1;5;0.00;0.00;0;0;0
1;7;0.00;0.00;0;0;0
1;10;-0.01;-0.02;0;1;0
1;9;0.00;0.00;0;0;0
1;6;0.00;0.00;0;0;0
1;8;0.00;0.00;0;0;0
1;8;0.00;0.00;0;0;0
1;8;0.01;-0.02;0;0;-1
1;8;0.00;0.00;0;0;0
1;9;0.00;0.00;0;0;0
1;8;-0.01;-0.02;0;1;0
1;11;0.00;0.00;0;0;0
1;10;0.00;0.00;0;0;0
1;7;0.01;-0.02;0;0;-1
1;9;0.00;0.00;0;0;0
1;8;0.00;0.00;0;0;0
1;8;-0.01;-0.02;0;1;0
1;10;0.00;0.00;0;0;0
1;6;0.00;0.00;0;0;0
1;11;0.01;-0.02;0;0;-1
1;5;0.00;0.00;0;0;0
1;8;0.00;0.00;0;0;0
1;8;-0.01;-0.02;0;1;0
1;13;0.00;0.00;0;0;0
1;12;0.01;-0.02;0;0;-1
1;8;0.00;0.00;0;0;0
1;12;0.00;0.00;0;0;0
1;9;-0.01;-0.02;0;1;0
1;8;0.00;0.00;0;0;0
1;8;0.01;-0.02;0;0;-1
1;8;0.00;0.00;0;0;0
1;10;0.00;0.00;0;0;0
1;6;0.00;0.00;0;0;0
1;9;0.00;0.00;0;0;0
1;9;-0.01;-0.02;0;1;0
1;8;0.01;-0.02;0;0;-1
1;8;0.00;0.00;0;0;0
1;7;0.00;0.00;0;0;0
1;12;0.00;0.00;0;0;0
1;6;0.00;0.00;0;0;0
1;7;-0.01;-0.02;0;1;0
1;9;0.01;-0.02;0;0;-1
1;7;0.00;0.00;0;0;0
1;8;0.00;0.00;0;0;0
1;9;0.00;0.00;0;0;0
1;8;0.00;0.00;0;0;0
1;11;-0.01;-0.02;0;1;0
1;5;0.01;-0.02;0;0;-1
1;8;0.00;0.00;0;0;0
1;13;0.00;0.00;0;0;0
1;8;0.00;0.00;0;0;0
1;4;0.00;0.00;0;0;0
1;8;0.00;0.00;0;0;0
1;10;0.00;-0.04;0;1;-1
1;7;0.00;0.00;0;0;0
1;8;0.00;0.00;0;0;0
1;8;0.00;0.00;0;0;0
1;8;0.00;0.00;0;0;0
1;8;0.00;0.00;0;0;0
1;11;0.00;-0.04;0;1;-1
1;10;0.00;0.00;0;0;0
1;4;0.00;0.00;0;0;0
1;9;0.00;0.00;0;0;0
1;8;0.00;0.00;0;0;0
1;10;0.00;0.00;0;0;0
1;6;-0.01;-0.02;0;1;0
1;8;0.01;-0.02;0;0;-1
1;8;0.00;0.00;0;0;0
1;8;0.00;0.00;0;0;0
1;8;0.00;0.00;0;0;0
1;9;0.00;0.00;0;0;0
1;16;-0.01;-0.02;0;1;0
1;5;0.01;-0.02;0;0;-1
1;7;0.00;0.00;0;0;0
1;13;0.00;0.00;0;0;0
1;10;0.00;0.00;0;0;0
1;6;0.00;0.00;0;0;0
1;11;-0.01;-0.02;0;1;0
1;5;0.01;-0.02;0;0;-1
1;9;0.00;0.00;0;0;0
1;8;0.00;0.00;0;0;0
1;10;0.00;0.00;0;0;0
1;6;0.00;0.00;0;0;0
1;8;0.00;0.00;0;0;0
1;9;0.00;-0.04;0;1;-1
1;8;0.00;0.00;0;0;0
1;9;0.00;0.00;0;0;0
1;7;0.00;0.00;0;0;0
1;10;0.00;0.00;0;0;0
1;9;0.00;0.00;0;0;0
1;6;0.00;0.00;0;0;0
1;8;0.00;-0.04;0;1;-1
1;8;0.00;0.00;0;0;0
1;10;0.00;0.00;0;0;0
1;6;0.00;0.00;0;0;0
1;9;0.00;0.00;0;0;0
1;8;0.00;0.00;0;0;0
1;8;0.00;-0.04;0;1;-1
1;8;0.00;0.00;0;0;0
1;8;0.00;0.00;0;0;0
1;9;0.00;0.00;0;0;0
1;9;0.00;0.00;0;0;0
1;9;0.00;0.00;0;0;0
1;6;0.01;-0.02;0;0;-1
1;8;-0.01;-0.02;0;1;0
1;9;0.00;0.00;0;0;0
1;8;0.00;0.00;0;0;0
1;9;0.00;0.00;0;0;0
1;7;0.00;0.00;0;0;0
1;8;0.01;-0.02;0;0;-1
1;8;-0.01;-0.02;0;1;0
1;9;0.00;0.00;0;0;0
1;8;0.00;0.00;0;0;0
1;8;0.00;0.00;0;0;0
1;15;0.01;-0.02;0;0;-1
1;6;0.00;0.00;0;0;0
1;8;0.00;0.00;0;0;0
1;8;-0.01;-0.02;0;1;0
1;8;0.00;0.00;0;0;0
1;8;0.00;0.00;0;0;0
1;9;0.00;0.00;0;0;0
1;8;0.01;-0.02;0;0;-1
1;8;0.00;0.00;0;0;0
1;8;-0.01;-0.02;0;1;0
1;8;0.00;0.00;0;0;0
1;8;0.00;0.00;0;0;0
1;10;0.00;0.00;0;0;0
1;7;0.00;0.00;0;0;0
1;8;0.01;-0.02;0;0;-1
1;8;0.00;0.00;0;0;0
1;8;-0.01;-0.02;0;1;0
1;9;0.00;0.00;0;0;0
1;8;0.00;0.00;0;0;0
1;8;0.00;0.00;0;0;0
1;8;0.00;0.00;0;0;0
1;8;0.01;-0.02;0;0;-1
1;9;0.00;0.00;0;0;0
1;10;-0.01;-0.02;0;1;0
1;7;0.00;0.00;0;0;0
1;7;0.00;0.00;0;0;0
1;8;0.00;0.00;0;0;0
1;10;0.00;0.00;0;0;0
1;8;0.01;-0.02;0;0;-1
1;9;0.00;0.00;0;0;0
1;6;-0.01;-0.02;0;1;0
1;8;0.00;0.00;0;0;0
1;14;0.00;0.00;0;0;0
1;7;0.00;0.00;0;0;0
1;8;0.00;0.00;0;0;0
1;9;0.01;-0.02;0;0;-1
1;7;0.00;0.00;0;0;0
1;10;-0.01;-0.02;0;1;0
1;7;0.00;0.00;0;0;0
1;8;0.00;0.00;0;0;0
1;10;0.00;0.00;0;0;0
1;8;0.01;-0.02;0;0;-1
1;8;0.00;0.00;0;0;0
1;8;0.00;0.00;0;0;0
1;7;-0.01;-0.02;0;1;0
1;11;0.00;0.00;0;0;0
1;6;0.00;0.00;0;0;0
1;7;0.00;0.00;0;0;0
1;9;0.01;-0.02;0;0;-1
1;8;0.00;0.00;0;0;0
1;8;0.00;0.00;0;0;0
1;8;-0.01;-0.02;0;1;0
1;8;0.01;-0.02;0;0;-1
1;10;0.00;0.00;0;0;0
1;7;0.00;0.00;0;0;0
1;8;0.01;-0.02;0;0;-1
1;8;0.00;0.00;0;0;0
1;8;0.00;0.00;0;0;0
1;9;0.01;-0.02;0;0;-1
1;8;0.00;0.00;0;0;0
1;8;0.00;-0.04;0;1;-1
1;8;0.00;0.00;0;0;0
1;8;0.01;-0.02;0;0;-1
1;9;0.00;0.00;0;0;0
1;8;0.01;-0.02;0;0;-1
1;8;0.00;0.00;0;0;0
1;11;0.00;-0.04;0;1;-1
1;5;0.00;0.00;0;0;0
1;11;0.01;-0.02;0;0;-1
1;6;-0.01;-0.02;0;1;0
1;8;0.00;0.00;0;0;0
1;8;0.01;-0.02;0;0;-1
1;8;0.00;0.00;0;0;0
1;8;-0.01;-0.02;0;1;0
1;9;0.00;0.00;0;0;0
1;8;0.01;-0.02;0;0;-1
1;8;0.00;0.00;0;0;0
1;8;0.00;0.00;0;0;0
1;8;-0.01;-0.02;0;1;0
1;9;0.00;0.00;0;0;0
1;9;0.01;-0.02;0;0;-1
1;7;0.00;0.00;0;0;0
1;8;0.00;0.00;0;0;0
1;8;0.00;0.00;0;0;0
1;11;0.00;0.00;0;0;0
1;6;0.00;0.00;0;0;0
1;8;0.00;0.00;0;0;0
1;8;-0.01;-0.02;0;1;0
1;8;0.00;0.00;0;0;0
1;9;0.00;0.00;0;0;0
1;8;0.01;-0.02;0;0;-1
1;8;0.00;0.00;0;0;0
1;8;0.00;0.00;0;0;0
1;11;0.00;0.00;0;0;0
1;8;0.00;0.00;0;0;0
1;7;0.00;0.00;0;0;0
1;7;-0.01;-0.02;0;1;0
1;13;0.00;0.00;0;0;0
1;9;0.01;-0.02;0;0;-1
1;7;0.00;0.00;0;0;0
1;8;0.00;0.00;0;0;0
1;8;-0.01;-0.02;0;1;0
1;12;0.00;0.00;0;0;0
1;8;0.01;-0.02;0;0;-1
1;10;-0.01;-0.02;0;1;0
1;7;0.00;0.00;0;0;0
1;8;-0.01;-0.02;0;1;0
1;8;0.00;0.00;0;0;0
1;11;-0.01;-0.02;0;1;0
1;6;0.00;0.00;0;0;0
1;8;0.01;-0.02;0;0;-1
1;8;-0.01;-0.02;0;1;0
1;15;-0.01;-0.02;0;1;0
1;5;0.00;0.00;0;0;0
1;9;0.01;-0.02;0;0;-1
1;8;-0.01;-0.02;0;1;0
1;8;0.01;-0.02;0;0;-1
1;8;0.00;0.00;0;0;0
1;8;-0.01;-0.02;0;1;0
1;9;0.01;-0.02;0;0;-1
1;9;-0.01;-0.02;0;1;0
1;7;0.01;-0.02;0;0;-1
1;8;-0.01;-0.02;0;1;0
1;9;0.00;0.00;0;0;0
1;8;0.00;-0.04;0;1;-1
1;8;0.00;0.00;0;0;0
1;8;0.00;0.00;0;0;0
1;10;-0.01;-0.02;0;1;0
1;6;0.01;-0.02;0;0;-1
1;9;-0.01;-0.02;0;1;0
1;8;0.00;0.00;0;0;0
1;10;-0.01;-0.02;0;1;0
1;6;0.00;0.00;0;0;0
1;8;0.01;-0.02;0;0;-1
1;8;0.00;0.00;0;0;0
1;9;-0.01;-0.02;0;1;0
1;8;0.00;0.00;0;0;0
1;10;0.00;0.00;0;0;0
1;6;0.00;0.00;0;0;0
1;8;0.00;0.00;0;0;0
1;9;0.00;0.00;0;0;0
1;9;0.01;-0.02;0;0;-1
1;7;0.00;0.00;0;0;0
1;8;0.00;0.00;0;0;0
1;8;0.00;0.00;0;0;0
1;15;0.00;0.00;0;0;0
1;6;-0.01;-0.02;0;1;0
1;8;0.00;0.00;0;0;0
1;8;0.00;0.00;0;0;0
1;8;0.00;0.00;0;0;0
1;9;0.00;0.00;0;0;0
1;8;0.01;-0.02;0;0;-1
1;9;0.00;0.00;0;0;0
1;7;0.00;0.00;0;0;0
1;8;-0.01;-0.02;0;1;0
1;9;0.00;0.00;0;0;0
1;8;0.00;0.00;0;0;0
1;8;0.00;0.00;0;0;0
1;8;0.01;-0.02;0;0;-1
1;8;0.00;0.00;0;0;0
1;9;-0.01;-0.02;0;1;0
1;8;0.00;0.00;0;0;0
1;8;0.00;0.00;0;0;0
1;8;0.00;0.00;0;0;0
1;8;0.00;0.00;0;0;0
1;9;0.01;-0.02;0;0;-1
1;8;0.00;0.00;0;0;0
1;8;-0.01;-0.02;0;1;0
1;8;0.00;0.00;0;0;0
1;8;0.00;0.00;0;0;0
1;8;0.00;0.00;0;0;0
1;14;0.00;0.00;0;0;0
1;7;0.01;-0.02;0;0;-1
1;8;0.00;0.00;0;0;0
1;8;-0.01;-0.02;0;1;0
1;9;0.00;0.00;0;0;0
1;8;0.01;-0.02;0;0;-1
1;8;-0.01;-0.02;0;1;0
1;8;0.01;-0.02;0;0;-1
1;10;-0.01;-0.02;0;1;0
1;6;0.00;0.00;0;0;0
1;9;0.00;-0.04;0;1;-1
1;8;0.00;0.00;0;0;0
1;8;0.01;-0.02;0;0;-1
1;8;-0.01;-0.02;0;1;0
1;11;0.00;-0.04;0;1;-1
1;6;0.00;0.00;0;0;0
1;8;0.00;-0.04;0;1;-1
1;8;0.00;0.00;0;0;0
1;8;0.00;-0.04;0;1;-1
1;8;0.00;0.00;0;0;0
1;9;0.00;-0.04;0;1;-1
1;8;0.00;0.00;0;0;0
1;8;0.01;-0.02;0;0;-1
1;8;-0.01;-0.02;0;1;0
1;8;0.00;0.00;0;0;0
1;14;0.01;-0.02;0;0;-1
1;8;0.00;0.00;0;0;0
1;7;-0.01;-0.02;0;1;0
1;8;0.01;-0.02;0;0;-1
1;12;0.00;0.00;0;0;0
1;5;0.00;0.00;0;0;0
1;8;-0.01;-0.02;0;1;0
1;8;0.00;0.00;0;0;0
1;8;0.00;0.00;0;0;0
1;8;0.00;0.00;0;0;0
1;9;0.01;-0.02;0;0;-1
1;8;0.00;0.00;0;0;0
1;8;0.00;0.00;0;0;0
1;8;0.00;0.00;0;0;0
1;11;0.00;0.00;0;0;0
1;10;0.00;0.00;0;0;0
1;8;0.00;0.00;0;0;0
1;8;-0.01;-0.02;0;1;0
1;8;0.00;0.00;0;0;0
1;10;0.01;-0.02;0;0;-1
1;7;0.00;0.00;0;0;0
1;8;0.00;0.00;0;0;0
1;8;0.00;0.00;0;0;0
1;8;0.00;0.00;0;0;0
1;8;-0.01;-0.02;0;1;0
1;9;0.00;0.00;0;0;0
1;8;0.01;-0.02;0;0;-1
1;8;0.00;0.00;0;0;0
1;8;0.00;0.00;0;0;0
1;8;0.00;0.00;0;0;0
1;9;0.00;0.00;0;0;0
1;8;0.00;0.00;0;0;0
1;8;-0.01;-0.02;0;1;0
1;8;0.01;-0.02;0;0;-1
1;8;0.00;0.00;0;0;0
1;8;0.00;0.00;0;0;0
1;9;0.00;0.00;0;0;0
1;8;0.00;0.00;0;0;0
1;8;0.00;0.00;0;0;0
1;8;0.00;-0.04;0;1;-1
1;24;0.00;0.00;0;0;0
1;5;0.00;0.00;0;0;0
1;8;0.00;0.00;0;0;0
1;8;0.00;0.00;0;0;0
1;8;0.00;-0.04;0;1;-1
1;9;0.00;0.00;0;0;0
1;8;0.00;0.00;0;0;0
1;8;0.00;0.00;0;0;0
1;8;0.00;0.00;0;0;0
1;8;0.00;0.00;0;0;0
1;9;0.01;-0.02;0;0;-1
1;8;-0.01;-0.02;0;1;0
1;8;0.00;0.00;0;0;0
1;8;0.00;0.00;0;0;0
1;11;0.00;0.00;0;0;0
1;6;0.00;0.00;0;0;0
1;8;0.00;0.00;0;0;0
1;8;0.00;-0.04;0;1;-1
1;11;0.00;0.00;0;0;0
1;5;0.00;0.00;0;0;0
1;9;0.00;0.00;0;0;0
1;8;0.00;0.00;0;0;0
1;8;0.00;0.00;0;0;0
1;13;0.00;-0.04;0;1;-1
1;7;0.00;0.00;0;0;0
1;13;0.00;0.00;0;0;0
1;8;0.00;0.00;0;0;0
1;8;0.00;0.00;0;0;0
1;8;0.00;-0.04;0;1;-1
1;12;0.00;0.00;0;0;0
1;5;0.00;0.00;0;0;0
1;8;0.00;0.00;0;0;0
1;8;0.00;0.00;0;0;0
1;10;-0.01;-0.02;0;1;0
1;6;0.01;-0.02;0;0;-1
1;9;0.00;0.00;0;0;0
1;8;0.00;0.00;0;0;0
1;8;0.00;0.00;0;0;0
1;8;0.00;0.00;0;0;0
1;7;-0.01;-0.02;0;1;0
1;9;0.01;-0.02;0;0;-1
1;8;0.00;0.00;0;0;0
1;8;0.00;0.00;0;0;0
1;8;0.00;0.00;0;0;0
1;8;0.00;0.00;0;0;0
1;9;-0.01;-0.02;0;1;0
1;8;0.00;0.00;0;0;0
1;8;0.01;-0.02;0;0;-1
1;8;-0.01;-0.02;0;1;0
1;8;0.00;0.00;0;0;0
1;9;0.00;0.00;0;0;0
1;13;-0.01;-0.02;0;1;0
1;7;-0.01;-0.02;0;1;0
1;8;0.00;0.00;0;0;0
1;8;-0.01;-0.02;0;1;0
1;9;0.00;0.00;0;0;0
1;8;0.00;-0.04;0;1;-1
1;8;0.00;0.00;0;0;0
1;9;-0.01;-0.02;0;1;0
1;7;-0.01;-0.02;0;1;0
1;10;0.00;0.00;0;0;0
1;8;0.00;0.00;0;0;0
1;9;0.00;-0.04;0;1;-1
1;7;0.00;0.00;0;0;0
1;7;0.00;0.00;0;0;0
1;10;0.00;0.00;0;0;0
1;7;0.00;-0.04;0;1;-1
1;11;0.00;0.00;0;0;0
1;5;0.00;0.00;0;0;0
1;14;0.01;-0.02;0;0;-1
1;7;0.00;0.00;0;0;0
1;8;0.00;0.00;0;0;0
1;8;0.00;0.00;0;0;0
1;8;0.00;0.00;0;0;0
1;8;-0.01;-0.02;0;1;0
1;9;0.01;-0.02;0;0;-1
1;8;0.00;0.00;0;0;0
1;28;0.00;0.00;0;0;0
1;14;0.00;0.00;0;0;0
1;7;0.00;-0.04;0;1;-1
1;8;0.00;0.00;0;0;0
1;8;0.00;0.00;0;0;0
1;10;0.00;0.00;0;0;0
1;7;0.00;0.00;0;0;0
1;8;0.00;0.00;0;0;0
1;8;0.00;0.00;0;0;0
1;8;0.00;-0.04;0;1;-1
1;12;0.00;0.00;0;0;0
1;9;0.00;0.00;0;0;0
1;8;0.00;0.00;0;0;0
1;8;0.00;0.00;0;0;0
1;8;0.00;0.00;0;0;0
1;8;0.01;-0.02;0;0;-1
1;9;-0.01;-0.02;0;1;0
1;8;0.00;0.00;0;0;0
1;9;0.00;0.00;0;0;0
1;7;0.00;0.00;0;0;0
1;8;0.00;0.00;0;0;0
1;9;0.00;0.00;0;0;0
1;12;0.00;-0.04;0;1;-1
1;8;0.00;0.00;0;0;0
1;8;0.00;0.00;0;0;0
1;11;0.00;0.00;0;0;0
1;6;0.00;0.00;0;0;0
1;8;0.01;-0.02;0;0;-1
1;8;-0.01;-0.02;0;1;0
1;8;0.00;0.00;0;0;0
1;8;0.00;0.00;0;0;0
1;9;0.00;0.00;0;0;0
1;8;0.00;0.00;0;0;0
1;9;0.00;-0.04;0;1;-1
1;7;0.00;0.00;0;0;0
1;8;0.00;0.00;0;0;0
1;9;-0.01;-0.02;0;1;0
1;8;0.00;0.00;0;0;0
1;8;-0.01;-0.02;0;1;0
1;8;0.00;0.00;0;0;0
1;8;-0.01;-0.02;0;1;0
1;10;0.01;-0.02;0;0;-1
1;7;-0.01;-0.02;0;1;0
1;8;0.00;0.00;0;0;0
1;8;-0.01;-0.02;0;1;0
1;8;0.00;0.00;0;0;0
1;8;-0.01;-0.02;0;1;0
1;9;0.00;0.00;0;0;0
1;8;0.00;0.00;0;0;0
1;9;0.00;-0.04;0;1;-1
1;7;0.00;0.00;0;0;0
1;8;-0.01;-0.02;0;1;0
1;11;0.00;0.00;0;0;0
1;8;0.00;0.00;0;0;0
1;6;0.01;-0.02;0;0;-1
1;8;-0.01;-0.02;0;1;0
1;8;0.00;0.00;0;0;0
1;9;0.00;0.00;0;0;0
1;11;0.01;-0.02;0;0;-1
1;5;0.00;0.00;0;0;0
1;8;0.00;0.00;0;0;0
1;8;0.00;0.00;0;0;0
1;14;0.00;0.00;0;0;0
1;7;0.01;-0.02;0;0;-1
1;8;0.00;0.00;0;0;0
1;8;0.00;0.00;0;0;0
1;8;-0.01;-0.02;0;1;0
1;9;0.00;0.00;0;0;0
1;8;0.00;0.00;0;0;0
1;8;0.00;0.00;0;0;0
1;8;0.00;0.00;0;0;0
1;9;-0.01;-0.02;0;1;0
1;8;0.00;0.00;0;0;0
1;8;0.01;-0.02;0;0;-1
1;8;0.00;0.00;0;0;0
1;8;0.00;0.00;0;0;0
1;8;0.00;0.00;0;0;0
1;12;0.00;0.00;0;0;0
1;5;-0.01;-0.02;0;1;0
1;8;0.00;0.00;0;0;0
1;8;0.00;0.00;0;0;0
1;11;0.01;-0.02;0;0;-1
1;6;0.00;0.00;0;0;0
1;8;0.00;0.00;0;0;0
1;8;0.00;0.00;0;0;0
1;8;0.00;0.00;0;0;0
1;8;-0.01;-0.02;0;1;0
1;8;0.00;0.00;0;0;0
1;12;0.01;-0.02;0;0;-1
1;6;0.00;0.00;0;0;0
1;10;0.00;0.00;0;0;0
1;5;0.00;0.00;0;0;0
1;8;0.00;0.00;0;0;0
1;11;-0.01;-0.02;0;1;0
1;9;0.01;-0.02;0;0;-1
1;6;0.00;0.00;0;0;0
1;12;-0.01;-0.02;0;1;0
1;7;0.00;0.00;0;0;0
1;9;-0.01;-0.02;0;1;0
1;8;0.00;0.00;0;0;0
1;11;-0.01;-0.02;0;1;0
1;6;0.00;0.00;0;0;0
1;7;-0.01;-0.02;0;1;0
1;9;0.00;0.00;0;0;0
1;8;-0.01;-0.02;0;1;0
1;8;0.00;0.00;0;0;0
1;10;-0.01;-0.02;0;1;0
1;6;0.01;-0.02;0;0;-1
1;10;-0.01;-0.02;0;1;0
1;7;0.00;0.00;0;0;0
1;13;-0.01;-0.02;0;1;0
1;7;0.00;0.00;0;0;0
1;12;0.00;-0.04;0;1;-1
1;5;0.00;0.00;0;0;0
1;8;0.00;0.00;0;0;0
1;8;0.00;0.00;0;0;0
1;8;-0.01;-0.02;0;1;0
1;8;0.01;-0.02;0;0;-1
1;10;0.00;0.00;0;0;0
1;7;0.00;0.00;0;0;0
1;8;0.00;0.00;0;0;0
1;8;0.00;-0.04;0;1;-1
1;9;0.00;0.00;0;0;0
1;8;0.00;0.00;0;0;0
1;8;0.00;0.00;0;0;0
1;11;0.00;0.00;0;0;0
1;5;0.00;0.00;0;0;0
1;12;0.00;0.00;0;0;0
1;9;-0.01;-0.02;0;1;0
1;8;0.00;0.00;0;0;0
1;8;0.00;0.00;0;0;0
1;8;0.00;0.00;0;0;0
1;8;0.00;0.00;0;0;0
1;12;0.01;-0.02;0;0;-1
1;6;0.00;0.00;0;0;0
1;7;0.00;0.00;0;0;0
1;10;-0.01;-0.02;0;1;0
1;6;0.00;0.00;0;0;0
1;9;0.00;0.00;0;0;0
1;8;0.00;0.00;0;0;0
1;11;0.01;-0.02;0;0;-1
1;5;0.00;0.00;0;0;0
1;8;0.00;0.00;0;0;0
1;9;0.00;0.00;0;0;0
1;8;0.00;0.00;0;0;0
1;8;-0.01;-0.02;0;1;0
1;8;0.00;0.00;0;0;0
1;8;0.01;-0.02;0;0;-1
1;12;0.00;0.00;0;0;0
1;5;0.00;0.00;0;0;0
1;8;-0.01;-0.02;0;1;0
1;8;0.00;0.00;0;0;0
1;8;0.00;0.00;0;0;0
1;8;0.00;0.00;0;0;0
1;16;0.00;-0.04;0;1;-1
1;5;0.00;0.00;0;0;0
1;8;0.00;0.00;0;0;0
1;8;0.00;0.00;0;0;0
1;8;0.00;0.00;0;0;0
1;9;0.00;0.00;0;0;0
1;8;0.00;0.00;0;0;0
1;8;0.01;-0.02;0;0;-1
1;8;-0.01;-0.02;0;1;0
1;8;0.00;0.00;0;0;0
1;11;0.00;0.00;0;0;0
1;9;0.00;0.00;0;0;0
1;14;0.00;0.00;0;0;0
1;7;0.00;0.00;0;0;0
1;11;0.00;-0.04;0;1;-1
1;6;0.00;0.00;0;0;0
1;11;-0.01;-0.02;0;1;0
1;6;0.00;0.00;0;0;0
1;24;-0.01;-0.02;0;1;0
1;8;-0.01;-0.02;0;1;0
1;8;0.00;0.00;0;0;0
1;8;-0.01;-0.02;0;1;0
1;9;0.00;0.00;0;0;0
1;8;0.00;-0.04;0;1;-1
1;9;0.00;0.00;0;0;0
1;7;-0.01;-0.02;0;1;0
1;8;-0.01;-0.02;0;1;0
1;8;0.00;0.00;0;0;0
1;9;-0.01;-0.02;0;1;0
1;8;0.01;-0.02;0;0;-1
1;8;-0.01;-0.02;0;1;0
1;8;0.00;0.00;0;0;0
1;8;-0.01;-0.02;0;1;0
1;9;0.00;0.00;0;0;0
1;8;0.01;-0.02;0;0;-1
1;8;-0.01;-0.02;0;1;0
1;8;0.00;0.00;0;0;0
1;8;0.00;0.00;0;0;0
1;9;0.00;0.00;0;0;0
1;8;0.00;0.00;0;0;0
1;8;0.00;-0.04;0;1;-1
1;8;0.00;0.00;0;0;0
1;8;0.00;0.00;0;0;0
1;9;0.00;0.00;0;0;0
1;8;0.00;0.00;0;0;0
1;8;0.00;0.00;0;0;0
1;8;0.00;0.00;0;0;0
1;8;0.01;-0.02;0;0;-1
1;9;0.00;0.00;0;0;0
1;11;0.00;0.00;0;0;0
1;5;0.00;0.00;0;0;0
1;8;-0.01;-0.02;0;1;0
1;8;0.00;0.00;0;0;0
1;8;0.00;0.00;0;0;0
1;9;0.00;0.00;0;0;0
1;8;0.01;-0.02;0;0;-1
1;8;0.00;0.00;0;0;0
1;11;-0.01;-0.02;0;1;0
1;5;0.00;0.00;0;0;0
1;9;0.00;0.00;0;0;0
1;8;0.00;0.00;0;0;0
1;8;0.00;0.00;0;0;0
1;8;0.00;-0.04;0;1;-1
1;8;0.00;0.00;0;0;0
1;10;0.00;0.00;0;0;0
1;10;0.00;0.00;0;0;0
1;5;0.00;0.00;0;0;0
1;8;0.00;0.00;0;0;0
1;8;-0.01;-0.02;0;1;0
1;10;0.01;-0.02;0;0;-1
1;7;0.00;0.00;0;0;0
1;8;0.00;0.00;0;0;0
1;9;0.00;0.00;0;0;0
1;7;0.00;0.00;0;0;0
1;8;-0.01;-0.02;0;1;0
1;9;0.00;0.00;0;0;0
1;11;0.00;0.00;0;0;0
1;7;0.01;-0.02;0;0;-1
1;6;0.00;0.00;0;0;0
1;8;0.00;0.00;0;0;0
1;13;0.00;0.00;0;0;0
1;8;-0.01;-0.02;0;1;0
1;8;0.00;0.00;0;0;0
1;8;0.00;0.00;0;0;0
1;15;0.01;-0.02;0;0;-1
1;9;0.00;0.00;0;0;0
1;5;0.00;0.00;0;0;0
1;14;-0.01;-0.02;0;1;0
1;12;0.01;-0.02;0;0;-1
1;7;0.00;0.00;0;0;0
1;12;0.00;0.00;0;0;0
1;8;0.00;0.00;0;0;0
1;9;0.00;0.00;0;0;0
1;8;0.00;-0.04;0;1;-1
1;8;0.00;0.00;0;0;0
1;8;0.00;0.00;0;0;0
1;8;0.00;0.00;0;0;0
1;8;0.00;0.00;0;0;0
1;9;0.00;0.00;0;0;0
1;8;0.00;0.00;0;0;0
1;10;0.00;-0.04;0;1;-1
1;6;0.00;0.00;0;0;0
1;8;0.00;0.00;0;0;0
1;9;0.00;0.00;0;0;0
1;8;0.00;0.00;0;0;0
1;8;0.00;0.00;0;0;0
1;8;-0.01;-0.02;0;1;0
1;8;0.00;0.00;0;0;0
1;9;0.01;-0.02;0;0;-1
1;8;0.00;0.00;0;0;0
1;8;0.00;0.00;0;0;0
1;10;0.00;0.00;0;0;0
1;7;-0.01;-0.02;0;1;0
1;8;0.00;0.00;0;0;0
1;19;0.01;-0.02;0;0;-1
1;5;0.00;0.00;0;0;0
1;8;0.00;0.00;0;0;0
1;8;0.00;0.00;0;0;0
1;9;0.00;-0.04;0;1;-1
1;8;0.00;0.00;0;0;0
1;8;0.00;0.00;0;0;0
1;8;0.00;0.00;0;0;0
1;10;0.00;0.00;0;0;0
1;7;0.00;0.00;0;0;0
1;8;0.00;-0.04;0;1;-1
1;8;0.00;0.00;0;0;0
1;10;0.00;0.00;0;0;0
1;6;0.00;0.00;0;0;0
1;9;0.00;0.00;0;0;0
1;8;-0.01;-0.02;0;1;0
1;10;0.01;-0.02;0;0;-1
1;6;0.00;0.00;0;0;0
1;8;0.00;0.00;0;0;0
1;7;0.00;0.00;0;0;0
1;10;-0.01;-0.02;0;1;0
1;8;0.00;0.00;0;0;0
1;8;0.00;0.00;0;0;0
1;8;0.00;-0.04;0;1;-1
1;8;0.00;0.00;0;0;0
1;10;-0.01;-0.02;0;1;0
1;7;0.00;0.00;0;0;0
1;8;-0.01;-0.02;0;1;0
1;8;0.00;0.00;0;0;0
1;8;-0.01;-0.02;0;1;0
1;9;0.00;0.00;0;0;0
1;8;0.00;-0.04;0;1;-1
1;8;-0.01;-0.02;0;1;0
1;11;0.00;0.00;0;0;0
1;5;-0.01;-0.02;0;1;0
1;9;0.00;0.00;0;0;0
1;8;-0.01;-0.02;0;1;0
1;13;0.01;-0.02;0;0;-1
1;7;0.00;0.00;0;0;0
1;8;-0.01;-0.02;0;1;0
1;9;0.00;0.00;0;0;0
1;8;0.01;-0.02;0;0;-1
1;8;0.00;0.00;0;0;0
1;8;0.00;0.00;0;0;0
1;8;0.00;0.00;0;0;0
1;9;0.00;-0.04;0;1;-1
1;8;0.00;0.00;0;0;0
1;11;0.00;0.00;0;0;0
1;7;0.00;0.00;0;0;0
1;6;0.01;-0.02;0;0;-1
1;9;0.00;0.00;0;0;0
1;8;0.00;0.00;0;0;0
1;9;0.00;0.00;0;0;0
1;7;0.00;0.00;0;0;0
1;8;0.00;-0.04;0;1;-1
1;7;0.00;0.00;0;0;0
1;10;0.00;0.00;0;0;0
1;8;0.00;0.00;0;0;0
1;8;0.00;0.00;0;0;0
1;8;0.00;0.00;0;0;0
1;12;0.00;0.00;0;0;0
1;5;0.00;0.00;0;0;0
1;8;-0.01;-0.02;0;1;0
1;8;0.00;0.00;0;0;0
1;11;0.00;0.00;0;0;0
1;5;0.00;0.00;0;0;0
1;9;0.00;0.00;0;0;0
1;8;0.00;0.00;0;0;0
1;10;-0.01;-0.02;0;1;0
1;6;0.00;0.00;0;0;0
1;8;0.00;0.00;0;0;0
1;9;0.00;0.00;0;0;0
1;8;0.00;0.00;0;0;0
1;8;0.00;0.00;0;0;0
1;11;0.00;0.00;0;0;0
1;5;-0.01;-0.02;0;1;0
1;9;0.00;0.00;0;0;0
1;8;0.00;0.00;0;0;0
1;10;0.00;0.00;0;0;0
1;6;0.00;0.00;0;0;0
1;8;0.00;0.00;0;0;0
1;8;0.00;0.00;0;0;0
1;9;0.00;0.00;0;0;0
1;8;-0.01;-0.02;0;1;0
1;8;0.00;0.00;0;0;0
1;8;0.00;0.00;0;0;0
1;8;0.00;0.00;0;0;0
1;9;0.00;0.00;0;0;0
1;8;0.00;0.00;0;0;0
1;10;0.00;0.00;0;0;0
1;6;-0.01;-0.02;0;1;0
1;8;0.00;0.00;0;0;0
1;9;0.00;0.00;0;0;0
1;11;0.00;0.00;0;0;0
1;7;0.00;0.00;0;0;0
1;6;0.00;0.00;0;0;0
1;8;0.00;0.00;0;0;0
1;12;-0.01;-0.02;0;1;0
1;5;0.00;0.00;0;0;0
1;8;0.00;0.00;0;0;0
1;7;0.00;0.00;0;0;0
1;11;0.00;0.00;0;0;0
1;8;0.00;0.00;0;0;0
1;7;0.00;0.00;0;0;0
1;8;0.00;0.00;0;0;0
1;11;-0.01;-0.02;0;1;0
1;5;0.00;0.00;0;0;0
1;8;0.00;0.00;0;0;0
1;9;0.00;0.00;0;0;0
1;8;0.00;0.00;0;0;0
1;8;0.00;0.00;0;0;0
1;8;0.00;0.00;0;0;0
1;8;0.00;0.00;0;0;0
1;9;-0.01;-0.02;0;1;0
1;8;0.00;0.00;0;0;0
1;8;0.00;0.00;0;0;0
1;8;0.00;0.00;0;0;0
1;8;0.00;0.00;0;0;0
1;11;0.00;0.00;0;0;0
1;6;0.00;0.00;0;0;0
1;10;-0.01;-0.02;0;1;0
1;9;0.00;0.00;0;0;0
1;7;0.00;0.00;0;0;0
1;13;0.00;0.00;0;0;0
1;6;0.00;0.00;0;0;0
1;8;0.00;0.00;0;0;0
1;11;0.00;0.00;0;0;0
1;5;0.00;0.00;0;0;0
1;9;-0.01;-0.02;0;1;0
1;8;0.00;0.00;0;0;0
1;10;0.00;0.00;0;0;0
1;6;0.00;0.00;0;0;0
1;8;0.00;0.00;0;0;0
1;8;0.00;0.00;0;0;0
1;13;0.00;0.00;0;0;0
1;8;-0.01;-0.02;0;1;0
1;7;0.00;0.00;0;0;0
1;13;0.00;0.00;0;0;0
1;5;0.00;0.00;0;0;0
1;8;0.00;0.00;0;0;0
1;8;0.00;0.00;0;0;0
1;11;0.00;0.00;0;0;0
1;5;0.00;0.00;0;0;0
1;9;-0.01;-0.02;0;1;0
1;8;0.00;0.00;0;0;0
1;13;0.00;0.00;0;0;0
1;7;0.00;0.00;0;0;0
1;8;0.00;0.00;0;0;0
1;9;0.00;0.00;0;0;0
1;8;0.00;0.00;0;0;0
1;8;0.00;0.00;0;0;0
1;8;-0.01;-0.02;0;1;0
1;8;0.00;0.00;0;0;0
1;9;0.00;0.00;0;0;0
1;17;0.00;0.00;0;0;0
1;20;0.00;0.00;0;0;0
1;9;0.00;0.00;0;0;0
1;7;-0.01;-0.02;0;1;0
1;8;0.00;0.00;0;0;0
1;8;0.00;0.00;0;0;0
1;8;0.00;0.00;0;0;0
1;9;0.00;0.00;0;0;0
1;8;0.00;0.00;0;0;0
1;14;0.00;0.00;0;0;0
1;8;-0.01;-0.02;0;1;0
1;6;0.00;0.00;0;0;0
1;9;0.00;0.00;0;0;0
1;11;0.00;0.00;0;0;0
1;6;0.00;0.00;0;0;0
1;7;0.00;0.00;0;0;0
1;9;0.00;0.00;0;0;0
1;8;-0.01;-0.02;0;1;0
1;8;0.00;0.00;0;0;0
1;9;0.00;0.00;0;0;0
1;8;0.00;0.00;0;0;0
1;8;0.00;0.00;0;0;0
1;9;0.00;0.00;0;0;0
1;7;0.00;0.00;0;0;0
1;9;-0.01;-0.02;0;1;0
1;9;0.00;0.00;0;0;0
1;13;0.01;-0.02;0;0;-1
1;6;0.00;0.00;0;0;0
1;8;0.00;0.00;0;0;0
1;7;0.00;0.00;0;0;0
1;9;0.00;0.00;0;0;0
1;7;0.00;0.00;0;0;0
1;10;0.01;-0.02;0;0;-1
1;8;-0.01;-0.02;0;1;0
1;8;0.00;0.00;0;0;0
1;7;0.00;0.00;0;0;0
1;9;0.00;0.00;0;0;0
1;8;0.00;-0.04;0;1;-1
1;8;0.00;0.00;0;0;0
1;9;0.00;0.00;0;0;0
1;8;-0.01;-0.02;0;1;0
1;8;0.00;0.00;0;0;0
1;8;-0.01;-0.02;0;1;0
1;8;0.01;-0.02;0;0;-1
1;8;-0.01;-0.02;0;1;0
1;8;0.00;0.00;0;0;0
1;8;-0.01;-0.02;0;1;0
1;8;0.00;0.00;0;0;0
1;9;-0.01;-0.02;0;1;0
1;8;-0.01;-0.02;0;1;0
1;9;0.00;0.00;0;0;0
1;7;0.00;0.00;0;0;0
1;14;0.00;-0.04;0;1;-1
1;8;0.00;0.00;0;0;0
1;8;0.00;0.00;0;0;0
1;7;0.00;0.00;0;0;0
1;8;0.00;0.00;0;0;0
1;8;-0.01;-0.02;0;1;0
1;9;0.01;-0.02;0;0;-1
1;8;0.00;0.00;0;0;0
1;8;0.00;0.00;0;0;0
1;8;0.00;0.00;0;0;0
1;8;0.00;0.00;0;0;0
1;10;0.00;0.00;0;0;0
1;8;0.00;0.00;0;0;0
1;13;0.00;0.00;0;0;0
1;7;0.00;0.00;0;0;0
1;9;0.00;0.00;0;0;0
1;10;-0.01;-0.02;0;1;0
1;6;0.00;0.00;0;0;0
1;10;0.00;0.00;0;0;0
1;6;0.00;0.00;0;0;0
1;23;-0.01;-0.02;0;1;0
1;6;0.00;0.00;0;0;0
1;10;0.00;0.00;0;0;0
1;9;0.00;0.00;0;0;0
1;12;0.00;0.00;0;0;0
1;16;-0.01;-0.02;0;1;0
1;7;0.00;0.00;0;0;0
1;10;0.00;0.00;0;0;0
1;15;0.00;0.00;0;0;0
1;7;0.00;0.00;0;0;0
1;8;0.00;0.00;0;0;0
1;7;-0.01;-0.02;0;1;0
1;12;0.00;0.00;0;0;0
1;10;0.00;0.00;0;0;0
1;8;0.00;0.00;0;0;0
1;15;0.00;0.00;0;0;0
1;6;0.00;0.00;0;0;0
1;8;0.00;0.00;0;0;0
1;8;-0.01;-0.02;0;1;0
1;8;0.00;0.00;0;0;0
1;8;0.00;0.00;0;0;0
1;8;0.00;0.00;0;0;0
1;9;0.00;0.00;0;0;0
1;8;0.00;0.00;0;0;0
1;8;0.00;0.00;0;0;0
1;9;-0.01;-0.02;0;1;0
1;13;0.00;0.00;0;0;0
1;7;0.00;0.00;0;0;0
1;8;0.00;0.00;0;0;0
1;8;-0.01;-0.02;0;1;0
1;7;0.00;0.00;0;0;0
1;8;0.00;0.00;0;0;0
1;10;0.00;0.00;0;0;0
1;8;0.00;0.00;0;0;0
1;8;0.00;0.00;0;0;0
1;8;0.00;0.00;0;0;0
1;11;-0.01;-0.02;0;1;0
1;7;0.00;0.00;0;0;0
1;7;0.00;0.00;0;0;0
1;8;0.00;0.00;0;0;0
1;8;0.00;0.00;0;0;0
1;16;0.00;0.00;0;0;0
1;6;0.00;0.00;0;0;0
1;9;-0.01;-0.02;0;1;0
1;13;0.00;0.00;0;0;0
1;8;0.00;0.00;0;0;0
1;13;0.00;0.00;0;0;0
1;5;0.00;0.00;0;0;0
1;7;0.00;0.00;0;0;0
1;8;-0.01;-0.02;0;1;0
1;9;0.00;0.00;0;0;0
1;9;0.00;0.00;0;0;0
1;7;0.00;0.00;0;0;0
1;8;0.00;0.00;0;0;0
1;8;0.00;0.00;0;0;0
1;8;-0.01;-0.02;0;1;0
1;9;0.00;0.00;0;0;0
1;24;0.00;0.00;0;0;0
1;5;0.00;0.00;0;0;0
1;8;0.00;0.00;0;0;0
1;15;-0.01;-0.02;0;1;0
1;6;0.00;0.00;0;0;0
1;8;0.00;0.00;0;0;0
1;8;0.00;0.00;0;0;0
1;14;0.00;0.00;0;0;0
1;8;-0.01;-0.02;0;1;0
1;7;0.00;0.00;0;0;0
1;8;0.00;0.00;0;0;0
1;11;0.00;0.00;0;0;0
1;6;0.00;0.00;0;0;0
1;8;0.00;0.00;0;0;0
1;7;0.00;0.00;0;0;0
1;8;-0.01;-0.02;0;1;0
1;8;0.00;0.00;0;0;0
1;8;0.00;0.00;0;0;0
1;9;0.00;0.00;0;0;0
1;11;0.00;0.00;0;0;0
1;7;0.00;0.00;0;0;0
1;6;-0.01;-0.02;0;1;0
1;8;0.00;0.00;0;0;0
1;9;0.00;0.00;0;0;0
1;7;0.00;0.00;0;0;0
1;8;0.00;0.00;0;0;0
1;8;-0.01;-0.02;0;1;0
1;8;0.00;0.00;0;0;0
1;12;0.00;0.00;0;0;0
1;6;0.00;0.00;0;0;0
1;8;0.00;0.00;0;0;0
1;8;0.00;0.00;0;0;0
1;10;-0.01;-0.02;0;1;0
1;7;0.00;0.00;0;0;0
1;10;0.00;0.00;0;0;0
1;6;0.00;0.00;0;0;0
1;8;0.00;0.00;0;0;0
1;8;0.00;0.00;0;0;0
1;8;0.00;0.00;0;0;0
1;16;-0.01;-0.02;0;1;0
1;5;0.00;0.00;0;0;0
1;8;0.00;0.00;0;0;0
1;8;0.00;0.00;0;0;0
1;10;0.00;0.00;0;0;0
1;7;-0.01;-0.02;0;1;0
1;7;0.00;0.00;0;0;0
1;9;0.00;0.00;0;0;0
1;10;0.00;0.00;0;0;0
1;7;0.00;0.00;0;0;0
1;8;0.00;0.00;0;0;0
1;7;-0.01;-0.02;0;1;0
1;8;0.00;0.00;0;0;0
1;11;0.00;0.00;0;0;0
1;7;0.00;0.00;0;0;0
1;8;0.00;0.00;0;0;0
1;7;0.00;0.00;0;0;0
1;8;-0.01;-0.02;0;1;0
1;8;0.00;0.00;0;0;0
1;8;0.00;0.00;0;0;0
1;9;0.00;0.00;0;0;0
1;8;0.00;0.00;0;0;0
1;8;0.00;0.00;0;0;0
1;8;-0.01;-0.02;0;1;0
1;9;0.00;0.00;0;0;0
1;9;0.00;0.00;0;0;0
1;7;0.00;0.00;0;0;0
1;8;0.00;0.00;0;0;0
1;8;0.00;0.00;0;0;0
1;8;0.00;0.00;0;0;0
1;9;-0.01;-0.02;0;1;0
1;8;0.00;0.00;0;0;0
1;8;0.00;0.00;0;0;0
1;8;0.00;0.00;0;0;0
1;11;0.00;0.00;0;0;0
1;7;0.00;0.00;0;0;0
1;8;0.00;0.00;0;0;0
1;8;0.00;0.00;0;0;0
1;8;0.00;0.00;0;0;0
1;7;0.00;0.00;0;0;0
1;8;0.00;0.00;0;0;0
1;10;0.00;0.00;0;0;0
1;7;0.00;0.00;0;0;0
1;8;0.00;0.00;0;0;0
1;11;0.00;0.00;0;0;0
1;6;0.00;0.00;0;0;0
1;9;0.00;0.00;0;0;0
1;9;0.00;0.00;0;0;0
1;7;0.00;0.00;0;0;0
1;8;0.00;0.00;0;0;0
1;7;0.00;0.00;0;0;0
1;9;0.00;0.00;0;0;0
1;9;0.00;0.00;0;0;0
1;8;0.00;0.00;0;0;0
1;7;0.00;0.00;0;0;0
1;8;0.00;0.00;0;0;0
1;9;0.00;0.00;0;0;0
1;8;0.00;0.00;0;0;0
1;8;0.00;0.00;0;0;0
1;8;0.00;0.00;0;0;0
1;12;0.00;0.00;0;0;0
1;6;0.00;0.00;0;0;0
1;8;0.00;0.00;0;0;0
1;7;0.00;0.00;0;0;0
1;8;0.00;0.00;0;0;0
1;8;0.00;0.00;0;0;0
1;8;0.00;0.00;0;0;0
1;9;0.00;0.00;0;0;0
1;9;0.00;0.00;0;0;0
1;7;0.00;0.00;0;0;0
1;8;0.00;0.00;0;0;0
1;8;0.00;0.00;0;0;0
1;10;0.00;0.00;0;0;0
1;7;0.00;0.00;0;0;0
1;8;0.00;0.00;0;0;0
1;8;0.00;0.00;0;0;0
1;8;0.00;0.00;0;0;0
1;9;0.00;0.00;0;0;0
1;9;0.00;0.00;0;0;0
1;8;0.00;0.00;0;0;0
1;7;0.00;0.00;0;0;0
1;9;0.00;0.00;0;0;0
1;9;0.00;0.00;0;0;0
1;9;0.00;0.00;0;0;0
1;7;0.00;0.00;0;0;0
1;8;0.00;0.00;0;0;0
1;27;0.00;0.00;0;0;0
1;9;0.00;0.00;0;0;0
1;5;0.00;0.00;0;0;0
1;7;0.00;0.00;0;0;0
1;8;0.00;0.00;0;0;0
1;9;0.00;0.00;0;0;0
1;8;0.00;0.00;0;0;0
1;8;0.00;0.00;0;0;0
1;8;0.00;0.00;0;0;0
1;8;0.00;0.00;0;0;0
1;9;0.00;0.00;0;0;0
1;8;0.00;0.00;0;0;0
1;9;0.00;0.00;0;0;0
1;11;0.00;0.00;0;0;0
1;8;0.00;0.00;0;0;0
1;9;0.00;0.00;0;0;0
1;8;0.00;0.00;0;0;0
1;8;0.00;0.00;0;0;0
1;8;0.00;0.00;0;0;0
1;8;0.00;0.00;0;0;0
1;9;0.00;0.00;0;0;0
1;8;0.00;0.00;0;0;0
1;8;0.00;0.00;0;0;0
1;8;0.00;0.00;0;0;0
1;8;0.00;0.00;0;0;0
1;10;0.00;0.00;0;0;0
1;8;0.00;0.00;0;0;0
1;7;0.00;0.00;0;0;0
1;8;0.00;0.00;0;0;0
1;8;0.00;0.00;0;0;0
1;9;0.00;0.00;0;0;0
1;8;0.00;0.00;0;0;0
1;8;0.00;0.00;0;0;0
1;8;0.00;0.00;0;0;0
1;8;0.00;0.00;0;0;0
1;9;0.00;0.00;0;0;0
1;8;0.00;0.00;0;0;0
1;8;0.00;0.00;0;0;0
1;11;0.00;0.00;0;0;0
1;7;0.00;0.00;0;0;0
1;8;0.00;0.00;0;0;0
1;8;0.00;0.00;0;0;0
1;11;0.00;0.00;0;0;0
1;5;0.00;0.00;0;0;0
1;7;0.00;0.00;0;0;0
1;8;0.00;0.00;0;0;0
1;11;0.00;0.00;0;0;0
1;7;0.00;0.00;0;0;0
1;8;0.00;0.00;0;0;0
1;8;0.00;0.00;0;0;0
1;9;0.00;0.00;0;0;0
1;8;0.00;0.00;0;0;0
1;8;0.00;0.00;0;0;0
1;8;0.00;0.00;0;0;0
1;8;0.00;0.00;0;0;0
1;7;0.00;0.00;0;0;0
1;9;0.00;0.00;0;0;0
1;8;0.00;0.00;0;0;0
1;8;0.00;0.00;0;0;0
1;8;0.00;0.00;0;0;0
1;8;0.00;0.00;0;0;0
1;9;0.00;0.00;0;0;0
1;8;0.00;0.00;0;0;0
1;8;0.00;0.00;0;0;0
1;11;0.00;0.00;0;0;0
1;6;0.00;0.00;0;0;0
1;10;0.00;0.00;0;0;0
1;7;0.00;0.00;0;0;0
1;7;0.00;0.00;0;0;0
1;8;0.00;0.00;0;0;0
1;8;0.00;0.00;0;0;0
1;8;0.00;0.00;0;0;0
1;9;-0.01;-0.02;0;1;0
1;8;0.00;0.00;0;0;0
1;8;0.00;0.00;0;0;0
1;8;0.00;0.00;0;0;0
1;8;0.00;0.00;0;0;0
1;10;0.00;0.00;0;0;0
1;10;0.00;0.00;0;0;0
1;6;0.00;0.00;0;0;0
1;7;0.00;0.00;0;0;0
1;8;0.00;0.00;0;0;0
1;9;0.00;0.00;0;0;0
1;8;0.00;0.00;0;0;0
1;8;0.00;0.00;0;0;0
1;8;0.00;0.00;0;0;0
1;8;0.00;0.00;0;0;0
1;14;0.00;0.00;0;0;0
1;8;0.00;0.00;0;0;0
1;7;0.00;0.00;0;0;0
1;18;0.00;0.00;0;0;0
1;8;0.00;0.00;0;0;0
1;7;0.00;0.00;0;0;0
1;11;0.00;0.00;0;0;0
1;6;0.00;0.00;0;0;0
1;7;0.00;0.00;0;0;0
1;9;0.00;0.00;0;0;0
1;14;0.00;0.00;0;0;0
1;7;0.00;0.00;0;0;0
1;7;0.00;0.00;0;0;0
1;9;0.00;0.00;0;0;0
1;9;0.00;0.00;0;0;0
1;8;0.00;0.00;0;0;0
1;11;0.00;0.00;0;0;0
1;8;0.00;0.00;0;0;0
1;7;0.00;0.00;0;0;0
1;7;0.00;0.00;0;0;0
1;7;0.00;0.00;0;0;0
1;13;0.00;0.00;0;0;0
1;8;0.00;0.00;0;0;0
1;7;0.00;0.00;0;0;0
1;9;0.00;0.00;0;0;0
1;8;0.00;0.00;0;0;0
1;8;0.00;0.00;0;0;0
1;8;0.00;0.00;0;0;0
1;8;0.00;0.00;0;0;0
1;10;0.00;0.00;0;0;0
1;7;0.00;0.00;0;0;0
1;8;0.00;0.00;0;0;0
1;8;0.00;0.00;0;0;0
1;8;0.00;0.00;0;0;0
1;9;0.00;0.00;0;0;0
1;8;0.00;0.00;0;0;0
1;11;0.00;0.00;0;0;0
1;6;0.00;0.00;0;0;0
1;7;0.00;0.00;0;0;0
1;8;0.00;0.00;0;0;0
1;9;0.00;0.00;0;0;0
1;8;0.00;0.00;0;0;0
1;8;0.00;0.00;0;0;0
1;8;0.00;0.00;0;0;0
1;8;0.00;0.00;0;0;0
1;9;0.00;0.00;0;0;0
1;8;0.00;0.00;0;0;0
1;8;0.00;0.00;0;0;0
1;8;0.00;0.00;0;0;0
1;8;0.00;0.00;0;0;0
1;9;0.00;0.00;0;0;0
1;8;0.00;0.00;0;0;0
1;8;0.00;0.00;0;0;0
1;8;0.00;0.00;0;0;0
1;8;0.00;0.00;0;0;0
1;9;0.00;0.00;0;0;0
1;8;0.00;0.00;0;0;0
1;8;0.00;0.00;0;0;0
1;8;0.00;0.00;0;0;0
1;8;0.00;0.00;0;0;0
1;9;0.00;0.00;0;0;0
1;8;0.00;0.00;0;0;0
1;9;0.00;0.00;0;0;0
1;7;0.00;0.00;0;0;0
1;8;0.00;0.00;0;0;0
1;8;-0.02;0.00;-1;0;0
1;9;0.00;0.00;0;0;0
1;8;0.00;0.00;0;0;0
1;8;0.00;0.00;0;0;0
1;8;0.00;0.00;0;0;0
1;8;0.00;0.00;0;0;0
1;9;0.00;0.00;0;0;0
1;8;0.00;0.00;0;0;0
1;8;0.00;0.00;0;0;0
1;9;-0.02;0.00;-1;0;0
1;7;0.00;0.00;0;0;0
1;9;0.00;0.00;0;0;0
1;8;0.00;0.00;0;0;0
1;8;0.00;0.00;0;0;0
1;8;0.00;0.00;0;0;0
1;8;0.00;0.00;0;0;0
1;12;0.00;0.00;0;0;0
1;6;-0.02;0.00;-1;0;0
1;7;0.00;0.00;0;0;0
1;8;0.00;0.00;0;0;0
1;8;0.00;0.00;0;0;0
1;9;0.00;0.00;0;0;0
1;8;0.00;0.00;0;0;0
1;8;0.00;0.00;0;0;0
1;8;0.00;0.00;0;0;0
1;8;0.00;0.00;0;0;0
1;8;-0.02;0.00;-1;0;0
1;9;0.01;-0.02;0;0;-1
1;8;0.00;0.00;0;0;0
1;9;0.00;0.00;0;0;0
1;10;0.00;0.00;0;0;0
1;6;0.00;0.00;0;0;0
1;9;0.00;0.00;0;0;0
1;7;0.00;0.00;0;0;0
1;9;-0.02;0.00;-1;0;0
1;8;0.00;0.00;0;0;0
1;7;0.00;0.00;0;0;0
1;9;0.00;0.00;0;0;0
1;10;0.00;0.00;0;0;0
1;6;0.00;0.00;0;0;0
1;8;0.00;0.00;0;0;0
1;8;-0.02;0.00;-1;0;0
1;9;0.00;0.00;0;0;0
1;8;0.00;0.00;0;0;0
1;8;0.00;0.00;0;0;0
1;8;0.00;0.00;0;0;0
1;8;0.00;0.00;0;0;0
1;8;0.00;0.00;0;0;0
1;9;0.00;0.00;0;0;0
1;11;-0.02;0.00;-1;0;0
1;6;0.00;0.00;0;0;0
1;8;0.00;0.00;0;0;0
1;7;0.00;0.00;0;0;0
1;12;0.00;0.00;0;0;0
1;5;0.00;0.00;0;0;0
1;8;0.00;0.00;0;0;0
1;8;-0.02;0.00;-1;0;0
1;11;0.00;0.00;0;0;0
1;6;0.00;0.00;0;0;0
1;8;0.00;0.00;0;0;0
1;8;0.00;0.00;0;0;0
1;8;0.00;0.00;0;0;0
1;8;0.00;0.00;0;0;0
1;9;-0.02;0.00;-1;0;0
1;8;0.00;0.00;0;0;0
1;8;0.00;0.00;0;0;0
1;9;0.00;0.00;0;0;0
1;7;0.00;0.00;0;0;0
1;9;0.00;0.00;0;0;0
1;11;-0.02;0.00;-1;0;0
1;9;0.00;0.00;0;0;0
1;4;0.00;0.00;0;0;0
1;8;0.00;0.00;0;0;0
1;8;0.00;0.00;0;0;0
1;9;0.00;0.00;0;0;0
1;8;0.00;0.00;0;0;0
1;8;-0.02;0.00;-1;0;0
1;8;0.00;0.00;0;0;0
1;8;0.00;0.00;0;0;0
1;9;0.00;0.00;0;0;0
1;8;0.00;0.00;0;0;0
1;8;0.00;0.00;0;0;0
1;8;0.00;0.00;0;0;0
1;8;-0.02;0.00;-1;0;0
1;9;0.00;0.00;0;0;0
1;8;0.00;0.00;0;0;0
1;8;0.00;0.00;0;0;0
1;8;0.00;0.00;0;0;0
1;8;0.00;0.00;0;0;0
1;9;-0.02;0.00;-1;0;0
1;8;0.00;0.00;0;0;0
1;8;0.00;0.00;0;0;0
1;9;0.00;0.00;0;0;0
1;7;0.00;0.00;0;0;0
1;9;0.00;0.00;0;0;0
1;8;-0.02;0.00;-1;0;0
1;8;0.00;0.00;0;0;0
1;11;0.00;0.00;0;0;0
1;9;0.00;0.00;0;0;0
1;4;0.00;0.00;0;0;0
1;9;0.00;0.00;0;0;0
1;8;-0.02;0.00;-1;0;0
1;8;0.00;0.00;0;0;0
1;9;0.00;0.00;0;0;0
1;7;0.00;0.00;0;0;0
1;9;0.00;0.00;0;0;0
1;8;0.00;0.00;0;0;0
1;8;0.00;0.00;0;0;0
1;8;-0.02;0.00;-1;0;0
1;8;0.00;0.00;0;0;0
1;14;0.00;0.00;0;0;0
1;7;0.00;0.00;0;0;0
1;8;0.00;0.00;0;0;0
1;8;0.00;0.00;0;0;0
1;8;-0.02;0.00;-1;0;0
1;9;0.01;-0.02;0;0;-1
1;8;0.00;0.00;0;0;0
1;8;0.00;0.00;0;0;0
1;8;0.00;0.00;0;0;0
1;8;0.00;0.00;0;0;0
1;9;0.00;0.00;0;0;0
1;12;-0.02;0.00;-1;0;0
1;8;0.00;0.00;0;0;0
1;8;0.00;0.00;0;0;0
1;8;0.00;0.00;0;0;0
1;9;0.00;0.00;0;0;0
1;8;-0.02;0.00;-1;0;0
1;8;0.00;0.00;0;0;0
1;8;0.00;0.00;0;0;0
1;8;0.00;0.00;0;0;0
1;9;0.00;0.00;0;0;0
1;8;0.00;0.00;0;0;0
1;8;0.00;0.00;0;0;0
1;8;-0.02;0.00;-1;0;0
1;8;0.00;0.00;0;0;0
1;9;0.00;0.00;0;0;0
1;8;0.00;0.00;0;0;0
1;8;0.00;0.00;0;0;0
1;12;0.00;0.00;0;0;0
1;5;-0.02;0.00;-1;0;0
1;8;0.00;0.00;0;0;0
1;8;0.00;0.00;0;0;0
1;11;0.00;0.00;0;0;0
1;6;0.00;0.00;0;0;0
1;7;0.00;0.00;0;0;0
1;10;0.00;0.00;0;0;0
1;10;-0.02;0.00;-1;0;0
1;5;0.00;0.00;0;0;0
1;8;0.00;0.00;0;0;0
1;8;0.00;0.00;0;0;0
1;9;0.00;0.00;0;0;0
1;8;0.00;0.00;0;0;0
1;8;-0.02;0.00;-1;0;0
1;8;0.00;0.00;0;0;0
1;8;0.00;0.00;0;0;0
1;8;0.00;0.00;0;0;0
1;10;0.00;0.00;0;0;0
1;7;0.00;0.00;0;0;0
1;10;-0.02;0.00;-1;0;0
1;6;0.00;0.00;0;0;0
1;8;0.00;0.00;0;0;0
1;9;0.00;0.00;0;0;0
1;9;0.00;0.00;0;0;0
1;8;0.00;0.00;0;0;0
1;7;0.00;0.00;0;0;0
1;8;-0.02;0.00;-1;0;0
1;10;0.00;0.00;0;0;0
1;7;0.00;0.00;0;0;0
1;8;0.00;0.00;0;0;0
1;8;0.00;0.00;0;0;0
1;8;0.00;0.00;0;0;0
1;8;0.00;0.00;0;0;0
1;9;-0.02;0.00;-1;0;0
1;8;0.00;0.00;0;0;0
1;9;0.00;0.00;0;0;0
1;8;0.00;0.00;0;0;0
1;14;0.00;0.00;0;0;0
1;6;0.00;0.00;0;0;0
1;8;-0.02;0.00;-1;0;0
1;10;0.00;0.00;0;0;0
1;6;0.00;0.00;0;0;0
1;9;0.00;0.00;0;0;0
1;8;0.00;0.00;0;0;0
1;8;0.00;0.00;0;0;0
1;8;-0.02;0.00;-1;0;0
1;8;0.00;0.00;0;0;0
1;8;0.00;0.00;0;0;0
1;9;0.00;0.00;0;0;0
1;8;0.00;0.00;0;0;0
1;8;0.00;0.00;0;0;0
1;8;0.00;0.00;0;0;0
1;8;-0.02;0.00;-1;0;0
1;9;0.00;0.00;0;0;0
1;8;0.00;0.00;0;0;0
1;8;0.00;0.00;0;0;0
1;9;0.00;0.00;0;0;0
1;7;0.00;0.00;0;0;0
1;9;0.00;0.00;0;0;0
1;11;-0.02;0.00;-1;0;0
1;5;0.00;0.00;0;0;0
1;8;0.00;0.00;0;0;0
1;8;0.00;0.00;0;0;0
1;14;0.00;0.00;0;0;0
1;7;0.00;0.00;0;0;0
1;8;-0.02;0.00;-1;0;0
1;8;0.00;0.00;0;0;0
1;9;-0.01;-0.02;0;1;0
1;8;0.00;0.00;0;0;0
1;8;0.00;0.00;0;0;0
1;8;0.00;0.00;0;0;0
1;8;0.00;0.00;0;0;0
1;8;0.00;0.00;0;0;0
1;9;-0.04;-0.02;-1;1;0
1;8;0.00;0.00;0;0;0
1;16;0.00;0.00;0;0;0
1;9;0.00;0.00;0;0;0
1;12;-0.02;0.00;-1;0;0
1;5;0.00;0.00;0;0;0
1;7;-0.01;-0.02;0;1;0
1;8;0.00;0.00;0;0;0
1;8;0.00;0.00;0;0;0
1;8;0.00;0.00;0;0;0
1;22;-0.02;0.00;-1;0;0
1;7;-0.01;-0.02;0;1;0
1;9;0.00;0.00;0;0;0
1;9;0.00;0.00;0;0;0
1;13;0.00;0.00;0;0;0
1;6;0.00;0.00;0;0;0
1;17;-0.02;0.00;-1;0;0
1;8;0.00;0.00;0;0;0
1;8;0.00;0.00;0;0;0
1;11;0.00;0.00;0;0;0
1;5;0.00;0.00;0;0;0
1;11;-0.02;0.00;-1;0;0
1;6;0.00;0.00;0;0;0
1;12;0.00;0.00;0;0;0
1;4;0.00;0.00;0;0;0
1;15;0.00;0.00;0;0;0
1;12;0.00;0.00;0;0;0
1;6;-0.02;0.00;-1;0;0
1;11;0.00;0.00;0;0;0
1;5;0.00;0.00;0;0;0
1;13;0.00;0.00;0;0;0
1;8;0.00;0.00;0;0;0
1;8;-0.01;-0.02;0;1;0
1;12;-0.02;0.00;-1;0;0
1;8;0.00;0.00;0;0;0
1;8;0.00;0.00;0;0;0
1;9;0.00;0.00;0;0;0
1;10;0.00;0.00;0;0;0
1;6;-0.01;-0.02;0;1;0
1;8;0.00;0.00;0;0;0
1;8;0.00;0.00;0;0;0
1;9;0.00;0.00;0;0;0
1;8;-0.02;0.00;-1;0;0
1;8;0.00;0.00;0;0;0
1;8;0.00;0.00;0;0;0
1;9;-0.01;-0.02;0;1;0
1;8;0.00;0.00;0;0;0
1;8;0.00;0.00;0;0;0
1;11;0.00;0.00;0;0;0
1;5;-0.02;0.00;-1;0;0
1;11;0.00;0.00;0;0;0
1;7;-0.01;-0.02;0;1;0
1;7;0.00;0.00;0;0;0
1;8;0.00;0.00;0;0;0
1;11;0.00;0.00;0;0;0
1;5;-0.02;0.00;-1;0;0
1;8;0.00;0.00;0;0;0
1;9;0.00;0.00;0;0;0
1;9;-0.01;-0.02;0;1;0
1;7;0.00;0.00;0;0;0
1;8;0.00;0.00;0;0;0
1;8;0.00;0.00;0;0;0
1;10;-0.02;0.00;-1;0;0
1;7;0.00;0.00;0;0;0
1;11;0.00;0.00;0;0;0
1;5;0.00;0.00;0;0;0
1;10;-0.02;0.00;-1;0;0
1;7;-0.01;-0.02;0;1;0
1;8;0.00;0.00;0;0;0
1;8;-0.02;0.00;-1;0;0
1;11;0.00;0.00;0;0;0
1;5;-0.01;0.02;0;0;1
1;9;-0.02;0.00;-1;0;0
1;8;0.00;0.00;0;0;0
1;10;0.00;0.00;0;0;0
1;6;0.00;0.00;0;0;0
1;9;-0.02;0.00;-1;0;0
1;7;0.00;0.00;0;0;0
1;9;0.00;0.00;0;0;0
1;9;-0.01;0.02;0;0;1
1;7;-0.02;0.00;-1;0;0
1;10;-0.01;-0.02;0;1;0
1;7;0.00;0.00;0;0;0
1;8;0.00;0.00;0;0;0
1;8;0.00;0.00;0;0;0
1;8;0.00;0.00;0;0;0
1;8;0.00;0.00;0;0;0
1;8;0.00;0.00;0;0;0
1;9;0.00;0.00;0;0;0
1;8;-0.02;0.00;-1;0;0
1;8;0.00;0.00;0;0;0
1;8;0.00;0.00;0;0;0
1;8;0.00;0.00;0;0;0
1;9;0.00;0.00;0;0;0
1;8;0.00;0.00;0;0;0
1;8;-0.02;0.00;-1;0;0
1;8;0.00;0.00;0;0;0
1;13;0.00;0.00;0;0;0
1;9;0.00;0.00;0;0;0
1;8;0.00;0.00;0;0;0
1;8;-0.02;0.00;-1;0;0
1;8;0.00;0.00;0;0;0
1;16;-0.02;0.00;-1;0;0
1;11;-0.01;0.02;0;0;1
1;5;0.00;0.00;0;0;0
1;11;-0.02;0.00;-1;0;0
1;6;0.00;0.00;0;0;0
1;10;-0.04;-0.02;-1;1;0
1;6;0.00;0.00;0;0;0
1;8;-0.02;0.00;-1;0;0
1;8;0.00;0.00;0;0;0
1;8;-0.04;0.02;-1;0;1
1;9;0.00;0.00;0;0;0
1;8;-0.02;0.00;-1;0;0
1;11;-0.01;-0.02;0;1;0
1;5;-0.02;0.00;-1;0;0
1;8;0.00;0.00;0;0;0
1;8;-0.02;0.00;-1;0;0
1;9;0.00;0.00;0;0;0
1;8;-0.04;-0.02;-1;1;0
1;8;0.00;0.00;0;0;0
1;8;-0.04;0.02;-1;0;1
1;8;0.00;0.00;0;0;0
1;9;0.00;0.00;0;0;0
1;8;-0.04;-0.02;-1;1;0
1;8;0.00;0.00;0;0;0
1;8;0.00;0.00;0;0;0
1;8;0.00;0.00;0;0;0
1;9;-0.02;0.00;-1;0;0
1;8;0.00;0.00;0;0;0
1;8;-0.01;-0.02;0;1;0
1;8;0.00;0.00;0;0;0
1;8;0.00;0.00;0;0;0
1;9;0.00;0.00;0;0;0
1;8;0.00;0.00;0;0;0
1;8;-0.02;0.00;-1;0;0
1;8;0.00;0.00;0;0;0
1;8;0.00;0.00;0;0;0
1;8;-0.01;-0.02;0;1;0
1;9;0.00;0.00;0;0;0
1;8;0.00;0.00;0;0;0
1;8;0.00;0.00;0;0;0
1;9;0.00;0.00;0;0;0
1;7;0.00;0.00;0;0;0
1;9;0.00;0.00;0;0;0
1;8;-0.02;0.00;-1;0;0
1;9;0.00;0.00;0;0;0
1;7;0.00;0.00;0;0;0
1;8;0.00;0.00;0;0;0
1;9;0.00;0.00;0;0;0
1;11;-0.02;0.00;-1;0;0
1;6;0.00;0.00;0;0;0
1;8;0.00;0.00;0;0;0
1;7;0.00;0.00;0;0;0
1;10;0.00;0.00;0;0;0
1;15;0.00;0.00;0;0;0
1;8;-0.02;0.00;-1;0;0
1;9;0.00;0.00;0;0;0
1;8;0.00;0.00;0;0;0
1;8;0.00;0.00;0;0;0
1;8;0.00;0.00;0;0;0
1;11;0.00;0.00;0;0;0
1;5;0.00;0.00;0;0;0
1;11;-0.02;0.00;-1;0;0
1;6;0.00;0.00;0;0;0
1;10;0.00;0.00;0;0;0
1;6;-0.01;-0.02;0;1;0
1;8;0.00;0.00;0;0;0
1;8;0.00;0.00;0;0;0
1;9;0.00;0.00;0;0;0
1;8;-0.02;0.00;-1;0;0
1;8;0.00;0.00;0;0;0
1;8;0.00;0.00;0;0;0
1;8;-0.01;-0.02;0;1;0
1;9;0.00;0.00;0;0;0
1;8;-0.02;0.00;-1;0;0
1;8;0.00;0.00;0;0;0
1;8;0.00;0.00;0;0;0
1;8;-0.02;0.00;-1;0;0
1;9;0.00;0.00;0;0;0
1;8;-0.02;0.00;-1;0;0
1;12;-0.01;-0.02;0;1;0
1;8;-0.02;0.00;-1;0;0
1;8;0.00;0.00;0;0;0
1;9;-0.02;0.00;-1;0;0
1;8;0.00;0.00;0;0;0
1;8;-0.02;0.00;-1;0;0
1;8;0.00;0.00;0;0;0
1;9;-0.02;0.00;-1;0;0
1;8;-0.04;-0.02;-1;1;0
1;8;0.00;0.00;0;0;0
1;8;-0.02;0.00;-1;0;0
1;10;0.00;0.00;0;0;0
1;6;0.00;0.00;0;0;0
1;9;-0.04;-0.02;-1;1;0
1;8;0.00;0.00;0;0;0
1;8;0.00;0.00;0;0;0
1;8;-0.02;0.00;-1;0;0
1;8;0.00;0.00;0;0;0
1;8;-0.01;-0.02;0;1;0
1;9;0.00;0.00;0;0;0
1;8;0.00;0.00;0;0;0
1;8;-0.02;0.00;-1;0;0
1;8;0.00;0.00;0;0;0
1;8;0.00;0.00;0;0;0
1;9;0.00;0.00;0;0;0
1;8;0.00;0.00;0;0;0
1;8;-0.01;-0.02;0;1;0
1;8;0.00;0.00;0;0;0
1;14;-0.02;0.00;-1;0;0
1;7;0.00;0.00;0;0;0
1;8;0.00;0.00;0;0;0
1;16;0.00;0.00;0;0;0
1;8;0.00;0.00;0;0;0
1;9;0.00;0.00;0;0;0
1;8;-0.02;0.00;-1;0;0
1;12;0.00;0.00;0;0;0
1;4;0.00;0.00;0;0;0
1;8;-0.01;-0.02;0;1;0
1;9;0.00;0.00;0;0;0
1;9;0.00;0.00;0;0;0
1;7;0.00;0.00;0;0;0
1;9;-0.02;0.00;-1;0;0
1;10;0.00;0.00;0;0;0
1;7;0.00;0.00;0;0;0
1;7;-0.01;-0.02;0;1;0
1;11;0.00;0.00;0;0;0
1;8;0.00;0.00;0;0;0
1;5;0.00;0.00;0;0;0
1;9;-0.02;0.00;-1;0;0
1;8;0.00;0.00;0;0;0
1;10;0.00;0.00;0;0;0
1;9;0.00;0.00;0;0;0
1;5;-0.01;-0.02;0;1;0
1;9;0.00;0.00;0;0;0
1;8;-0.02;0.00;-1;0;0
1;8;0.00;0.00;0;0;0
1;8;0.00;0.00;0;0;0
1;8;0.00;0.00;0;0;0
1;11;0.00;0.00;0;0;0
1;9;-0.01;-0.02;0;1;0
1;5;-0.02;0.00;-1;0;0
1;8;0.00;0.00;0;0;0
1;8;0.00;0.00;0;0;0
1;8;0.00;0.00;0;0;0
1;10;0.00;0.00;0;0;0
1;8;0.00;0.00;0;0;0
1;7;-0.02;0.00;-1;0;0
1;8;0.00;0.00;0;0;0
1;8;-0.01;-0.02;0;1;0
1;9;0.00;0.00;0;0;0
1;8;0.00;0.00;0;0;0
1;8;0.00;0.00;0;0;0
1;9;0.00;0.00;0;0;0
1;7;-0.02;0.00;-1;0;0
1;9;0.00;0.00;0;0;0
1;8;-0.01;-0.02;0;1;0
1;9;0.00;0.00;0;0;0
1;8;0.00;0.00;0;0;0
1;8;0.00;0.00;0;0;0
1;9;-0.02;0.00;-1;0;0
1;9;0.00;0.00;0;0;0
1;6;0.00;0.00;0;0;0
1;8;-0.01;-0.02;0;1;0
1;8;0.00;0.00;0;0;0
1;8;0.00;0.00;0;0;0
1;9;0.00;0.00;0;0;0
1;8;-0.02;0.00;-1;0;0
1;12;0.00;0.00;0;0;0
1;8;-0.01;-0.02;0;1;0
1;9;0.00;0.00;0;0;0
1;8;0.00;0.00;0;0;0
1;9;0.00;0.00;0;0;0
1;13;-0.02;0.00;-1;0;0
1;6;0.00;0.00;0;0;0
1;11;0.00;0.00;0;0;0
1;6;0.00;0.00;0;0;0
1;8;-0.01;-0.02;0;1;0
1;8;0.00;0.00;0;0;0
1;8;-0.02;0.00;-1;0;0
1;9;0.00;0.00;0;0;0
1;8;0.00;0.00;0;0;0
1;8;0.00;0.00;0;0;0
1;11;-0.01;-0.02;0;1;0
1;8;0.00;0.00;0;0;0
1;5;-0.02;0.00;-1;0;0
1;9;0.00;0.00;0;0;0
1;11;0.00;0.00;0;0;0
1;6;0.00;0.00;0;0;0
1;7;0.00;0.00;0;0;0
1;8;-0.01;-0.02;0;1;0
1;9;-0.02;0.00;-1;0;0
1;8;0.00;0.00;0;0;0
1;9;0.00;0.00;0;0;0
1;7;0.00;0.00;0;0;0
1;8;0.00;0.00;0;0;0
1;9;-0.01;-0.02;0;1;0
1;11;-0.02;0.00;-1;0;0
1;8;0.00;0.00;0;0;0
1;5;0.00;0.00;0;0;0
1;8;0.00;0.00;0;0;0
1;9;0.00;0.00;0;0;0
1;8;0.00;0.00;0;0;0
1;8;0.00;0.00;0;0;0
1;8;-0.01;-0.02;0;1;0
1;8;-0.02;0.00;-1;0;0
1;9;0.00;0.00;0;0;0
1;11;0.00;0.00;0;0;0
1;9;0.00;0.00;0;0;0
1;8;0.00;0.00;0;0;0
1;11;0.00;0.00;0;0;0
1;6;-0.02;0.00;-1;0;0
1;9;-0.01;-0.02;0;1;0
1;7;0.00;0.00;0;0;0
1;8;0.00;0.00;0;0;0
1;8;0.00;0.00;0;0;0
1;13;0.00;0.00;0;0;0
1;8;-0.02;0.00;-1;0;0
1;8;-0.01;-0.02;0;1;0
1;11;0.00;0.00;0;0;0
1;5;0.00;0.00;0;0;0
1;9;0.00;0.00;0;0;0
1;8;0.00;0.00;0;0;0
1;9;0.00;0.00;0;0;0
1;7;-0.02;0.00;-1;0;0
1;8;-0.01;-0.02;0;1;0
1;9;0.00;0.00;0;0;0
1;8;0.00;0.00;0;0;0
1;8;0.00;0.00;0;0;0
1;8;0.00;0.00;0;0;0
1;8;-0.02;0.00;-1;0;0
1;10;-0.01;-0.02;0;1;0
1;10;0.00;0.00;0;0;0
1;5;0.00;0.00;0;0;0
1;8;0.00;0.00;0;0;0
1;15;0.00;0.00;0;0;0
1;9;0.00;0.00;0;0;0
1;5;-0.02;0.00;-1;0;0
1;8;-0.01;-0.02;0;1;0
1;8;0.00;0.00;0;0;0
1;8;0.00;0.00;0;0;0
1;9;0.00;0.00;0;0;0
1;8;0.00;0.00;0;0;0
1;8;0.00;0.00;0;0;0
1;11;-0.02;0.00;-1;0;0
1;5;-0.01;-0.02;0;1;0
1;8;0.00;0.00;0;0;0
1;9;0.00;0.00;0;0;0
1;15;-0.02;0.00;-1;0;0
1;6;-0.02;0.00;-1;0;0
1;7;0.00;0.00;0;0;0
1;9;-0.04;-0.02;-1;1;0
1;8;0.00;0.00;0;0;0
1;8;-0.02;0.00;-1;0;0
1;8;0.00;0.00;0;0;0
1;12;-0.02;0.00;-1;0;0
1;9;0.00;0.00;0;0;0
1;8;-0.01;-0.02;0;1;0
1;8;-0.02;0.00;-1;0;0
1;8;0.00;0.00;0;0;0
1;8;-0.02;0.00;-1;0;0
1;9;0.00;0.00;0;0;0
1;8;0.00;0.00;0;0;0
1;8;-0.02;0.00;-1;0;0
1;8;0.00;0.00;0;0;0
1;8;-0.02;0.00;-1;0;0
1;9;-0.01;-0.02;0;1;0
1;8;-0.02;0.00;-1;0;0
1;8;0.00;0.00;0;0;0
1;8;0.00;0.00;0;0;0
1;8;-0.02;0.00;-1;0;0
1;8;0.00;0.00;0;0;0
1;9;-0.04;-0.02;-1;1;0
1;8;0.00;0.00;0;0;0
1;10;0.00;0.00;0;0;0
1;10;-0.02;0.00;-1;0;0
1;9;-0.01;-0.02;0;1;0
1;8;-0.02;0.00;-1;0;0
1;10;0.00;0.00;0;0;0
1;6;0.00;0.00;0;0;0
1;8;-0.02;0.00;-1;0;0
1;8;0.00;0.00;0;0;0
1;9;-0.04;-0.02;-1;1;0
1;8;0.00;0.00;0;0;0
1;8;0.00;0.00;0;0;0
1;8;-0.02;0.00;-1;0;0
1;8;0.00;0.00;0;0;0
1;12;-0.01;-0.02;0;1;0
1;5;0.00;0.00;0;0;0
1;8;0.00;0.00;0;0;0
1;8;-0.02;0.00;-1;0;0
1;11;0.00;0.00;0;0;0
1;6;0.00;0.00;0;0;0
1;8;-0.01;-0.02;0;1;0
1;8;0.00;0.00;0;0;0
1;10;0.00;0.00;0;0;0
1;6;0.00;0.00;0;0;0
1;9;0.00;0.00;0;0;0
1;8;0.00;0.00;0;0;0
1;11;-0.02;0.00;-1;0;0
1;5;0.00;0.00;0;0;0
1;8;-0.01;-0.02;0;1;0
1;9;0.00;0.00;0;0;0
1;8;0.00;0.00;0;0;0
1;8;0.00;0.00;0;0;0
1;8;0.00;0.00;0;0;0
1;8;0.00;0.00;0;0;0
1;11;-0.02;0.00;-1;0;0
1;6;0.00;0.00;0;0;0
1;8;-0.01;-0.02;0;1;0
1;8;0.00;0.00;0;0;0
1;9;-0.02;0.00;-1;0;0
1;7;0.00;0.00;0;0;0
1;9;0.00;0.00;0;0;0
1;8;-0.02;0.00;-1;0;0
1;10;-0.01;-0.02;0;1;0
1;6;-0.02;0.00;-1;0;0
1;8;0.00;0.00;0;0;0
1;9;0.00;0.00;0;0;0
1;8;-0.02;0.00;-1;0;0
1;9;-0.04;0.02;-1;0;1
1;7;0.00;0.00;0;0;0
1;8;-0.04;-0.02;-1;1;0
1;9;0.00;0.00;0;0;0
1;8;-0.02;0.00;-1;0;0
1;11;0.00;0.00;0;0;0
1;7;-0.02;0.00;-1;0;0
1;6;-0.01;-0.02;0;1;0
1;9;-0.01;0.02;0;0;1
1;8;-0.02;0.00;-1;0;0
1;11;0.00;0.00;0;0;0
1;5;0.00;0.00;0;0;0
1;8;-0.02;0.00;-1;0;0
1;8;0.00;0.00;0;0;0
1;9;0.00;0.00;0;0;0
1;8;0.00;0.00;0;0;0
1;9;0.00;0.00;0;0;0
1;7;-0.02;0.00;-1;0;0
1;8;0.00;0.00;0;0;0
1;9;0.00;0.00;0;0;0
1;11;0.00;0.00;0;0;0
1;10;0.00;0.00;0;0;0
1;7;0.00;0.00;0;0;0
1;8;0.00;0.00;0;0;0
1;9;-0.02;0.00;-1;0;0
1;8;0.00;0.00;0;0;0
1;8;0.00;0.00;0;0;0
1;8;0.00;0.00;0;0;0
1;8;0.00;0.00;0;0;0
1;9;0.00;0.00;0;0;0
1;8;0.00;0.00;0;0;0
1;11;0.00;0.00;0;0;0
1;5;0.00;0.00;0;0;0
1;8;-0.02;0.00;-1;0;0
1;9;0.00;0.00;0;0;0
1;8;0.00;0.00;0;0;0
1;9;0.00;0.00;0;0;0
1;7;0.00;0.00;0;0;0
1;8;0.00;0.00;0;0;0
1;18;-0.02;0.00;-1;0;0
1;7;0.00;0.00;0;0;0
1;8;0.00;0.00;0;0;0
1;8;0.00;0.00;0;0;0
1;9;0.00;0.00;0;0;0
1;9;-0.02;0.00;-1;0;0
1;7;0.00;0.00;0;0;0
1;11;0.00;0.00;0;0;0
1;8;0.00;0.00;0;0;0
1;5;0.00;0.00;0;0;0
1;9;-0.02;0.00;-1;0;0
1;12;0.00;0.00;0;0;0
1;8;-0.02;0.00;-1;0;0
1;8;0.00;0.00;0;0;0
1;12;-0.02;0.00;0;1;1
1;5;0.00;0.00;0;0;0
1;8;0.00;0.00;0;0;0
1;8;-0.02;0.00;-1;0;0
1;11;0.00;0.00;0;0;0
1;6;-0.02;0.00;-1;0;0
1;9;0.00;0.00;0;0;0
1;7;-0.02;0.00;-1;0;0
1;8;-0.01;0.02;0;0;1
1;8;-0.04;-0.02;-1;1;0
1;8;-0.02;0.00;-1;0;0
1;9;0.00;0.00;0;0;0
1;8;-0.02;0.00;-1;0;0
1;8;0.00;0.00;0;0;0
1;8;-0.04;-0.02;-1;1;0
1;8;-0.01;0.02;0;0;1
1;9;-0.02;0.00;-1;0;0
1;8;0.00;0.00;0;0;0
1;8;-0.02;0.00;-1;0;0
1;8;-0.01;-0.02;0;1;0
1;11;0.00;0.00;0;0;0
1;6;-0.02;0.00;-1;0;0
1;8;0.00;0.00;0;0;0
1;8;0.00;0.00;0;0;0
1;8;0.00;0.00;0;0;0
1;8;-0.02;0.00;-1;0;0
1;10;0.00;0.00;0;0;0
1;7;0.00;0.00;0;0;0
1;8;0.00;0.00;0;0;0
1;8;0.00;0.00;0;0;0
1;9;0.00;0.00;0;0;0
1;7;-0.02;0.00;-1;0;0
1;9;0.00;0.00;0;0;0
1;9;0.00;0.00;0;0;0
1;9;0.00;0.00;0;0;0
1;7;0.00;0.00;0;0;0
1;13;0.00;0.00;0;0;0
1;11;0.00;0.00;0;0;0
1;8;0.00;0.00;0;0;0
1;8;0.00;0.00;0;0;0
1;8;0.00;0.00;0;0;0
1;9;-0.02;0.00;-1;0;0
1;8;0.00;0.00;0;0;0
1;8;0.00;0.00;0;0;0
1;8;0.00;0.00;0;0;0
1;8;0.00;0.00;0;0;0
1;9;0.00;0.00;0;0;0
1;8;-0.02;0.00;-1;0;0
1;8;0.00;0.00;0;0;0
1;8;0.00;0.00;0;0;0
1;8;-0.01;-0.02;0;1;0
1;9;0.00;0.00;0;0;0
1;8;0.00;0.00;0;0;0
1;8;0.00;0.00;0;0;0
1;8;-0.02;0.00;-1;0;0
1;8;0.00;0.00;0;0;0
1;8;0.00;0.00;0;0;0
1;9;-0.01;-0.02;0;1;0
1;8;0.00;0.00;0;0;0
1;14;0.00;0.00;0;0;0
1;7;-0.02;0.00;-1;0;0
1;8;0.00;0.00;0;0;0
1;8;0.00;0.00;0;0;0
1;8;0.00;0.00;0;0;0
1;8;-0.01;-0.02;0;1;0
1;8;0.00;0.00;0;0;0
1;9;0.00;0.00;0;0;0
1;8;-0.02;0.00;-1;0;0
1;8;0.00;0.00;0;0;0
1;8;0.00;0.00;0;0;0
1;8;0.00;0.00;0;0;0
1;8;0.00;0.00;0;0;0
1;9;-0.02;0.00;-1;0;0
1;10;0.00;0.00;0;0;0
1;6;0.00;0.00;0;0;0
1;8;0.00;0.00;0;0;0
1;8;-0.01;-0.02;0;1;0
1;11;0.00;0.00;0;0;0
1;6;0.00;0.00;0;0;0
1;8;-0.02;0.00;-1;0;0
1;8;0.00;0.00;0;0;0
1;8;0.00;0.00;0;0;0
1;9;-0.01;-0.02;0;1;0
1;8;0.00;0.00;0;0;0
1;8;0.00;0.00;0;0;0
1;15;-0.02;0.00;-1;0;0
1;5;0.00;0.00;0;0;0
1;9;-0.01;-0.02;0;1;0
1;8;0.00;0.00;0;0;0
1;8;0.00;0.00;0;0;0
1;8;0.00;0.00;0;0;0
1;8;-0.02;0.00;-1;0;0
1;12;0.00;0.00;0;0;0
1;5;-0.01;-0.02;0;1;0
1;8;-0.02;0.00;-1;0;0
1;8;0.00;0.00;0;0;0
1;11;-0.04;0.02;-1;0;1
1;6;0.00;0.00;0;0;0
1;10;-0.02;0.00;-1;0;0
1;6;0.00;0.00;0;0;0
1;9;0.00;0.00;0;0;0
1;7;0.00;0.00;0;0;0
1;9;-0.02;0.00;-1;0;0
1;8;0.00;0.00;0;0;0
1;8;-0.01;-0.02;0;1;0
1;8;0.00;0.00;0;0;0
1;15;-0.02;0.00;-1;0;0
1;6;0.00;0.00;0;0;0
1;12;0.00;0.00;0;0;0
1;11;0.00;0.00;0;0;0
1;7;-0.02;0.00;-1;0;0
1;7;0.00;0.00;0;0;0
1;8;0.00;0.00;0;0;0
1;16;0.00;0.00;0;0;0
1;8;0.00;0.00;0;0;0
1;9;0.00;0.00;0;0;0
1;8;0.00;0.00;0;0;0
1;11;-0.02;0.00;-1;0;0
1;9;0.00;0.00;0;0;0
1;9;0.00;0.00;0;0;0
1;7;0.00;0.00;0;0;0
1;9;0.00;0.00;0;0;0
1;12;0.00;0.00;0;0;0
1;8;-0.02;0.00;-1;0;0
1;8;0.00;0.00;0;0;0
1;9;0.00;0.00;0;0;0
1;8;0.00;0.00;0;0;0
1;8;0.00;0.00;0;0;0
1;11;-0.01;-0.02;0;1;0
1;5;0.00;0.00;0;0;0
1;12;-0.02;0.00;-1;0;0
1;5;0.00;0.00;0;0;0
1;8;0.00;0.00;0;0;0
1;8;0.00;0.00;0;0;0
1;10;-0.04;-0.02;-1;1;0
1;7;0.00;0.00;0;0;0
1;8;0.00;0.00;0;0;0
1;8;-0.02;0.00;-1;0;0
1;8;0.00;0.00;0;0;0
1;8;0.00;0.00;0;0;0
1;8;-0.02;0.00;-1;0;0
1;9;-0.01;-0.02;0;1;0
1;9;-0.02;0.00;-1;0;0
1;7;0.00;0.00;0;0;0
1;8;-0.02;0.00;-1;0;0
1;8;0.00;0.00;0;0;0
1;9;-0.02;0.00;-1;0;0
1;8;-0.01;-0.02;0;1;0
1;8;-0.02;0.00;-1;0;0
1;8;0.00;0.00;0;0;0
1;8;-0.02;0.00;-1;0;0
1;7;0.00;0.00;0;0;0
1;11;-0.01;-0.02;0;1;0
1;7;0.00;0.00;0;0;0
1;8;-0.02;0.00;-1;0;0
1;8;0.00;0.00;0;0;0
1;8;0.00;0.00;0;0;0
1;9;0.00;0.00;0;0;0
1;8;-0.01;-0.02;0;1;0
1;11;0.00;0.00;0;0;0
1;5;0.00;0.00;0;0;0
1;11;-0.02;0.00;-1;0;0
1;6;0.00;0.00;0;0;0
1;11;0.00;0.00;0;0;0
1;6;0.00;0.00;0;0;0
1;7;0.00;0.00;0;0;0
1;8;0.00;0.00;0;0;0
1;11;0.00;0.00;0;0;0
1;6;0.00;0.00;0;0;0
1;8;0.00;0.00;0;0;0
1;8;-0.02;0.00;-1;0;0
1;11;0.00;0.00;0;0;0
1;6;0.00;0.00;0;0;0
1;8;0.00;0.00;0;0;0
1;8;0.00;0.00;0;0;0
1;9;0.00;0.00;0;0;0
1;7;0.00;0.00;0;0;0
1;7;-0.02;0.00;-1;0;0
1;10;0.00;0.00;0;0;0
1;9;0.00;0.00;0;0;0
1;7;0.00;0.00;0;0;0
1;8;0.00;0.00;0;0;0
1;8;0.00;0.00;0;0;0
1;9;0.00;0.00;0;0;0
1;8;0.00;0.00;0;0;0
1;8;-0.02;0.00;-1;0;0
1;8;0.00;0.00;0;0;0
1;8;0.00;0.00;0;0;0
1;12;0.00;0.00;0;0;0
1;5;0.00;0.00;0;0;0
1;8;0.00;0.00;0;0;0
1;8;-0.01;-0.02;0;1;0
1;8;0.00;0.00;0;0;0
1;9;-0.02;0.00;-1;0;0
1;7;0.00;0.00;0;0;0
1;9;0.00;0.00;0;0;0
1;8;0.00;0.00;0;0;0
1;8;0.00;0.00;0;0;0
1;9;-0.01;-0.02;0;1;0
1;8;0.00;0.00;0;0;0
1;12;0.00;0.00;0;0;0
1;8;-0.02;0.00;-1;0;0
1;7;0.00;0.00;0;0;0
1;10;0.00;0.00;0;0;0
1;9;-0.01;-0.02;0;1;0
1;7;0.00;0.00;0;0;0
1;8;0.00;0.00;0;0;0
1;8;0.00;0.00;0;0;0
1;11;-0.02;0.00;-1;0;0
1;6;0.00;0.00;0;0;0
1;8;0.00;0.00;0;0;0
1;8;-0.01;-0.02;0;1;0
1;8;0.00;0.00;0;0;0
1;7;0.00;0.00;0;0;0
1;10;0.00;0.00;0;0;0
1;8;-0.02;0.00;-1;0;0
1;8;0.00;0.00;0;0;0
1;8;0.00;0.00;0;0;0
1;8;-0.01;-0.02;0;1;0
1;9;0.00;0.00;0;0;0
1;8;0.00;0.00;0;0;0
1;8;0.00;0.00;0;0;0
1;8;-0.02;0.00;-1;0;0
1;11;0.00;0.00;0;0;0
1;6;-0.01;-0.02;0;1;0
1;8;0.00;0.00;0;0;0
1;8;0.00;0.00;0;0;0
1;10;0.00;0.00;0;0;0
1;6;0.00;0.00;0;0;0
1;9;0.00;0.00;0;0;0
1;7;-0.02;0.00;-1;0;0
1;11;-0.01;-0.02;0;1;0
1;6;0.00;0.00;0;0;0
1;11;0.00;0.00;0;0;0
1;6;0.00;0.00;0;0;0
1;8;0.00;0.00;0;0;0
1;8;-0.02;0.00;-1;0;0
1;7;0.00;0.00;0;0;0
1;9;-0.01;-0.02;0;1;0
1;7;0.00;0.00;0;0;0
1;10;0.00;0.00;0;0;0
1;8;0.00;0.00;0;0;0
1;8;-0.02;0.00;-1;0;0
1;7;0.00;0.00;0;0;0
1;9;-0.01;-0.02;0;1;0
1;8;0.00;0.00;0;0;0
1;9;0.00;0.00;0;0;0
1;7;0.00;0.00;0;0;0
1;8;0.00;0.00;0;0;0
1;10;-0.02;0.00;-1;0;0
1;8;-0.01;-0.02;0;1;0
1;8;0.00;0.00;0;0;0
1;7;0.00;0.00;0;0;0
1;9;0.00;0.00;0;0;0
1;7;0.00;0.00;0;0;0
1;10;0.00;0.00;0;0;0
1;7;-0.04;-0.02;-1;1;0
1;9;0.00;0.00;0;0;0
1;8;0.00;0.00;0;0;0
1;8;0.00;0.00;0;0;0
1;7;0.00;0.00;0;0;0
1;10;0.00;0.00;0;0;0
1;8;-0.02;0.00;-1;0;0
1;8;-0.01;-0.02;0;1;0
1;7;0.00;0.00;0;0;0
1;8;0.00;0.00;0;0;0
1;10;0.00;0.00;0;0;0
1;11;0.00;0.00;0;0;0
1;8;-0.02;0.00;-1;0;0
1;5;0.00;0.00;0;0;0
1;8;0.00;0.00;0;0;0
1;8;0.00;0.00;0;0;0
1;14;0.00;0.00;0;0;0
1;7;0.00;0.00;0;0;0
1;8;-0.02;0.00;-1;0;0
1;7;0.00;0.00;0;0;0
1;10;0.00;0.00;0;0;0
1;8;0.00;0.00;0;0;0
1;8;-0.01;-0.02;0;1;0
1;8;0.00;0.00;0;0;0
1;8;0.00;0.00;0;0;0
1;10;0.00;0.00;0;0;0
1;7;0.00;0.00;0;0;0
1;8;-0.02;0.00;-1;0;0
1;8;-0.01;-0.02;0;1;0
1;8;0.00;0.00;0;0;0
1;9;0.00;0.00;0;0;0
1;8;0.00;0.00;0;0;0
1;7;0.00;0.00;0;0;0
1;9;-0.02;0.00;-1;0;0
1;8;0.00;0.00;0;0;0
1;12;0.00;0.00;0;0;0
1;5;0.00;0.00;0;0;0
1;8;0.00;0.00;0;0;0
1;8;0.00;0.00;0;0;0
1;8;-0.02;0.00;-1;0;0
1;11;0.00;0.00;0;0;0
1;11;0.00;0.00;0;0;0
1;7;0.00;0.00;0;0;0
1;8;0.00;0.00;0;0;0
1;11;-0.02;0.00;-1;0;0
1;6;0.00;0.00;0;0;0
1;8;0.00;0.00;0;0;0
1;8;0.00;0.00;0;0;0
1;11;0.00;0.00;0;0;0
1;5;0.00;0.00;0;0;0
1;9;0.00;0.00;0;0;0
1;11;0.00;0.00;0;0;0
1;5;-0.02;0.00;-1;0;0
1;8;0.00;0.00;0;0;0
1;8;0.00;0.00;0;0;0
1;7;0.00;0.00;0;0;0
1;12;-0.02;0.00;-1;0;0
1;6;0.00;0.00;0;0;0
1;8;0.00;0.00;0;0;0
1;8;-0.02;0.00;-1;0;0
1;8;0.00;0.00;0;0;0
1;9;-0.01;-0.02;0;1;0
1;8;-0.02;0.00;-1;0;0
1;7;0.00;0.00;0;0;0
1;16;-0.02;0.00;-1;0;0
1;9;-0.02;0.00;-1;0;0
1;8;0.00;0.00;0;0;0
1;9;-0.02;0.00;-1;0;0
1;8;-0.04;-0.02;-1;1;0
1;8;0.00;0.00;0;0;0
1;8;-0.02;0.00;-1;0;0
1;10;0.00;0.00;0;0;0
1;7;-0.02;0.00;-1;0;0
1;8;-0.02;0.00;-1;0;0
1;8;-0.01;-0.02;0;1;0
1;10;0.00;0.00;0;0;0
1;7;-0.02;0.00;-1;0;0
1;10;0.00;0.00;0;0;0
1;6;0.00;0.00;0;0;0
1;9;-0.02;0.00;-1;0;0
1;7;0.00;0.00;0;0;0
1;9;-0.01;-0.02;0;1;0
1;7;0.00;0.00;0;0;0
1;10;-0.02;0.00;-1;0;0
1;7;0.00;0.00;0;0;0
1;8;0.00;0.00;0;0;0
1;9;0.00;0.00;0;0;0
1;8;0.00;0.00;0;0;0
1;11;0.00;0.00;0;0;0
1;11;0.00;0.00;0;0;0
1;7;0.00;0.00;0;0;0
1;8;-0.02;0.00;-1;0;0
1;9;0.00;0.00;0;0;0
1;7;0.00;0.00;0;0;0
1;7;0.00;0.00;0;0;0
1;8;0.00;0.00;0;0;0
1;10;0.00;0.00;0;0;0
1;8;0.00;0.00;0;0;0
1;7;0.00;0.00;0;0;0
1;9;-0.02;0.00;-1;0;0
1;9;0.00;0.00;0;0;0
1;8;0.00;0.00;0;0;0
1;10;0.00;0.00;0;0;0
1;6;0.00;0.00;0;0;0
1;8;0.00;0.00;0;0;0
1;8;-0.02;0.00;-1;0;0
1;9;0.00;0.00;0;0;0
1;10;0.00;0.00;0;0;0
1;6;0.00;0.00;0;0;0
1;8;0.00;0.00;0;0;0
1;7;0.00;0.00;0;0;0
1;9;-0.02;0.00;-1;0;0
1;8;0.00;0.00;0;0;0
1;8;0.00;0.00;0;0;0
1;8;0.00;0.00;0;0;0
1;11;0.00;0.00;0;0;0
1;7;0.00;0.00;0;0;0
1;8;-0.02;0.00;-1;0;0
1;7;0.00;0.00;0;0;0
1;8;0.00;0.00;0;0;0
1;8;0.00;0.00;0;0;0
1;8;0.00;0.00;0;0;0
1;9;0.00;0.00;0;0;0
1;11;-0.02;0.00;-1;0;0
1;6;0.00;0.00;0;0;0
1;8;0.00;0.00;0;0;0
1;7;0.00;0.00;0;0;0
1;10;0.00;0.00;0;0;0
1;8;0.00;0.00;0;0;0
1;9;-0.02;0.00;-1;0;0
1;7;0.00;0.00;0;0;0
1;8;0.00;0.00;0;0;0
1;9;0.00;0.00;0;0;0
1;7;0.00;0.00;0;0;0
1;8;0.00;0.00;0;0;0
1;9;0.00;0.00;0;0;0
1;8;-0.02;0.00;-1;0;0
1;14;0.00;0.00;0;0;0
1;8;0.00;0.00;0;0;0
1;7;0.00;0.00;0;0;0
1;9;0.00;0.00;0;0;0
1;7;0.00;0.00;0;0;0
1;9;-0.02;0.00;-1;0;0
1;8;0.00;0.00;0;0;0
1;11;0.00;0.00;0;0;0
1;8;0.00;0.00;0;0;0
1;8;0.00;0.00;0;0;0
1;9;0.00;0.00;0;0;0
1;8;-0.02;0.00;-1;0;0
1;9;0.00;0.00;0;0;0
1;8;0.00;0.00;0;0;0
1;11;0.00;0.00;0;0;0
1;6;0.00;0.00;0;0;0
1;8;0.00;0.00;0;0;0
1;7;-0.02;0.00;-1;0;0
1;13;0.00;0.00;0;0;0
1;8;0.00;0.00;0;0;0
1;9;0.00;0.00;0;0;0
1;8;0.00;0.00;0;0;0
1;14;-0.02;0.00;-1;0;0
1;6;0.00;0.00;0;0;0
1;9;0.00;0.00;0;0;0
1;11;0.00;0.00;0;0;0
1;5;0.00;0.00;0;0;0
1;8;0.00;0.00;0;0;0
1;8;0.00;0.00;0;0;0
1;8;-0.02;0.00;-1;0;0
1;12;0.00;0.00;0;0;0
1;5;0.00;0.00;0;0;0
1;7;0.00;0.00;0;0;0
1;14;0.00;0.00;0;0;0
1;8;0.00;0.00;0;0;0
1;8;-0.02;0.00;-1;0;0
1;11;0.00;0.00;0;0;0
1;5;0.00;0.00;0;0;0
1;8;0.00;0.00;0;0;0
1;9;0.00;0.00;0;0;0
1;11;-0.02;0.00;-1;0;0
1;5;0.00;0.00;0;0;0
1;7;0.00;0.00;0;0;0
1;9;0.00;0.00;0;0;0
1;8;0.00;0.00;0;0;0
1;9;0.00;0.00;0;0;0
1;8;0.00;0.00;0;0;0
1;8;-0.02;0.00;-1;0;0
1;8;0.00;0.00;0;0;0
1;8;0.00;0.00;0;0;0
1;12;0.00;0.00;0;0;0
1;5;0.00;0.00;0;0;0
1;8;0.00;0.00;0;0;0
1;8;0.00;0.00;0;0;0
1;11;-0.02;0.00;-1;0;0
1;6;0.00;0.00;0;0;0
1;8;0.00;0.00;0;0;0
1;8;0.00;0.00;0;0;0
1;14;0.00;0.00;0;0;0
1;6;0.00;0.00;0;0;0
1;8;-0.02;0.00;-1;0;0
1;10;0.00;0.00;0;0;0
1;6;0.00;0.00;0;0;0
1;8;0.00;0.00;0;0;0
1;7;0.00;0.00;0;0;0
1;13;0.00;0.00;0;0;0
1;5;-0.02;0.00;-1;0;0
1;8;0.00;0.00;0;0;0
1;7;0.00;0.00;0;0;0
1;12;0.00;0.00;0;0;0
1;6;0.00;0.00;0;0;0
1;8;0.00;0.00;0;0;0
1;7;0.00;0.00;0;0;0
1;9;-0.02;0.00;-1;0;0
1;7;0.00;0.00;0;0;0
1;8;0.00;0.00;0;0;0
1;9;0.00;0.00;0;0;0
1;9;0.00;0.00;0;0;0
1;7;0.00;0.00;0;0;0
1;8;-0.02;0.00;-1;0;0
1;8;0.00;0.00;0;0;0
1;9;0.00;0.00;0;0;0
1;8;0.00;0.00;0;0;0
1;10;0.00;0.00;0;0;0
1;7;0.00;0.00;0;0;0
1;8;-0.02;0.00;-1;0;0
1;9;0.00;0.00;0;0;0
1;8;0.00;0.00;0;0;0
1;7;0.00;0.00;0;0;0
1;11;0.00;0.00;0;0;0
1;6;0.00;0.00;0;0;0
1;8;0.00;0.00;0;0;0
1;8;-0.02;0.00;-1;0;0
1;8;0.00;0.00;0;0;0
1;13;0.00;0.00;0;0;0
1;8;0.00;0.00;0;0;0
1;9;0.00;0.00;0;0;0
1;8;-0.02;0.00;-1;0;0
1;10;0.00;0.00;0;0;0
1;6;0.00;0.00;0;0;0
1;8;0.00;0.00;0;0;0
1;8;0.00;0.00;0;0;0
1;8;0.00;0.00;0;0;0
1;8;0.00;0.00;0;0;0
1;8;-0.02;0.00;-1;0;0
1;8;0.00;0.00;0;0;0
1;10;0.00;0.00;0;0;0
1;8;0.00;0.00;0;0;0
1;7;0.00;0.00;0;0;0
1;11;0.00;0.00;0;0;0
1;6;-0.02;0.00;-1;0;0
1;9;0.00;0.00;0;0;0
1;7;0.00;0.00;0;0;0
1;9;0.00;0.00;0;0;0
1;7;0.00;0.00;0;0;0
1;8;0.00;0.00;0;0;0
1;8;0.00;0.00;0;0;0
1;12;-0.02;0.00;-1;0;0
1;6;0.00;0.00;0;0;0
1;7;0.00;0.00;0;0;0
1;8;0.00;0.00;0;0;0
1;13;0.00;0.00;0;0;0
1;11;-0.02;0.00;-1;0;0
1;6;0.00;0.00;0;0;0
1;7;0.00;0.00;0;0;0
1;9;0.00;0.00;0;0;0
1;7;0.00;0.00;0;0;0
1;9;0.00;0.00;0;0;0
1;8;0.00;0.00;0;0;0
1;8;-0.02;0.00;-1;0;0
1;8;0.00;0.00;0;0;0
1;8;0.00;0.00;0;0;0
1;12;0.00;0.00;0;0;0
1;6;0.00;0.00;0;0;0
1;8;0.00;0.00;0;0;0
1;8;0.00;0.00;0;0;0
1;10;-0.02;0.00;-1;0;0
1;7;0.00;0.00;0;0;0
1;7;0.00;0.00;0;0;0
1;8;0.00;0.00;0;0;0
1;8;0.00;0.00;0;0;0
1;11;0.00;0.00;0;0;0
1;10;-0.02;0.00;-1;0;0
1;5;0.00;0.00;0;0;0
1;7;0.00;0.00;0;0;0
1;8;0.00;0.00;0;0;0
1;10;0.00;0.00;0;0;0
1;8;0.00;0.00;0;0;0
1;10;0.00;0.00;0;0;0
1;6;0.00;0.00;0;0;0
1;10;-0.02;0.00;-1;0;0
1;6;0.00;0.00;0;0;0
1;7;0.00;0.00;0;0;0
1;9;0.00;0.00;0;0;0
1;13;0.00;0.00;0;0;0
1;7;0.00;0.00;0;0;0
1;8;-0.02;0.00;-1;0;0
1;12;0.00;0.00;0;0;0
1;6;0.00;0.00;0;0;0
1;8;0.00;0.00;0;0;0
1;7;0.00;0.00;0;0;0
1;13;0.00;0.00;0;0;0
1;8;0.00;0.00;0;0;0
1;8;0.00;0.00;0;0;0
1;8;0.00;0.00;0;0;0
1;12;0.00;0.00;0;0;0
1;5;0.00;0.00;0;0;0
1;8;0.00;0.00;0;0;0
1;8;0.00;0.00;0;0;0
1;8;0.00;0.00;0;0;0
1;8;0.00;0.00;0;0;0
1;8;0.00;0.00;0;0;0
1;8;0.00;0.00;0;0;0
1;10;0.00;0.00;0;0;0
1;10;0.00;0.00;0;0;0
1;6;0.00;0.00;0;0;0
1;10;0.00;0.00;0;0;0
1;6;0.00;0.00;0;0;0
1;8;0.00;0.00;0;0;0
1;8;0.00;0.00;0;0;0
1;11;0.00;0.00;0;0;0
1;6;0.00;0.00;0;0;0
1;8;0.00;0.00;0;0;0
1;8;0.00;0.00;0;0;0
1;13;0.00;0.00;0;0;0
1;10;0.00;0.00;0;0;0
1;17;0.00;0.00;0;0;0
1;9;0.00;0.00;0;0;0
1;7;0.00;0.00;0;0;0
1;6;0.00;0.00;0;0;0
1;7;0.00;0.00;0;0;0
1;12;0.00;0.00;0;0;0
1;12;0.00;0.00;0;0;0
1;8;0.00;0.00;0;0;0
1;9;0.00;0.00;0;0;0
1;5;0.00;0.00;0;0;0
1;11;0.00;0.00;0;0;0
1;6;0.00;0.00;0;0;0
1;16;0.00;0.00;0;0;0
1;13;0.00;0.00;0;0;0
1;7;0.00;0.00;0;0;0
1;12;0.00;0.00;0;0;0
1;10;0.00;0.00;0;0;0
1;7;0.00;0.00;0;0;0
1;8;0.00;0.00;0;0;0
1;8;0.00;0.00;0;0;0
1;8;0.00;0.00;0;0;0
1;8;0.00;0.00;0;0;0
1;8;0.00;0.00;0;0;0
1;8;0.00;0.00;0;0;0
1;9;0.00;0.00;0;0;0
1;8;0.00;0.00;0;0;0
1;8;0.00;0.00;0;0;0
1;11;0.00;0.00;0;0;0
1;6;0.00;0.00;0;0;0
1;8;0.00;0.00;0;0;0
1;8;0.00;0.00;0;0;0
1;11;0.00;0.00;0;0;0
1;6;0.00;0.00;0;0;0
1;7;0.00;0.00;0;0;0
1;8;0.00;0.00;0;0;0
1;12;0.00;0.00;0;0;0
1;6;0.00;0.00;0;0;0
1;10;0.00;0.00;0;0;0
1;6;0.00;0.00;0;0;0
1;11;0.00;0.00;0;0;0
1;6;0.00;0.00;0;0;0
1;7;0.00;0.00;0;0;0
1;8;0.00;0.00;0;0;0
1;8;0.00;0.00;0;0;0
1;8;0.00;0.00;0;0;0
1;9;0.00;0.00;0;0;0
1;8;0.00;0.00;0;0;0
1;8;0.00;0.00;0;0;0
1;13;0.00;0.00;0;0;0
1;7;0.00;0.00;0;0;0
1;12;0.00;0.00;0;0;0
1;6;0.00;0.00;0;0;0
1;11;0.00;0.00;0;0;0
1;8;0.00;0.00;0;0;0
1;9;0.00;0.00;0;0;0
1;8;0.00;0.00;0;0;0
1;8;0.00;0.00;0;0;0
1;8;0.00;0.00;0;0;0
1;8;0.00;0.00;0;0;0
1;8;0.00;0.00;0;0;0
1;9;0.00;0.00;0;0;0
1;8;0.00;0.00;0;0;0
1;8;0.00;0.00;0;0;0
1;8;0.00;0.00;0;0;0
1;9;0.00;0.00;0;0;0
1;8;0.00;0.00;0;0;0
1;8;0.00;0.00;0;0;0
1;8;0.00;0.00;0;0;0
1;8;0.00;0.00;0;0;0
1;8;0.00;0.00;0;0;0
1;9;0.00;0.00;0;0;0
1;11;0.00;0.00;0;0;0
1;6;0.00;0.00;0;0;0
1;7;0.00;0.00;0;0;0
1;8;0.00;0.00;0;0;0
1;13;0.00;0.00;0;0;0
1;5;0.00;0.00;0;0;0
1;10;0.00;0.00;0;0;0
1;6;0.00;0.00;0;0;0
1;11;0.00;0.00;0;0;0
1;6;0.00;0.00;0;0;0
1;7;0.00;0.00;0;0;0
1;8;0.00;0.00;0;0;0
1;9;0.00;0.00;0;0;0
1;8;0.00;0.00;0;0;0
1;7;0.00;0.00;0;0;0
1;9;0.00;0.00;0;0;0
1;8;0.00;0.00;0;0;0
1;8;0.00;0.00;0;0;0
1;8;0.00;0.00;0;0;0
1;8;0.00;0.00;0;0;0
1;9;0.00;0.00;0;0;0
1;8;0.00;0.00;0;0;0
1;8;0.00;0.00;0;0;0
1;8;0.00;0.00;0;0;0
1;8;0.00;0.00;0;0;0
1;9;0.00;0.00;0;0;0
1;8;0.00;0.00;0;0;0
1;8;0.00;0.00;0;0;0
1;8;0.00;0.00;0;0;0
1;8;0.00;0.00;0;0;0
1;10;0.00;0.00;0;0;0
1;7;0.00;0.00;0;0;0
1;12;0.00;0.00;0;0;0
1;5;0.00;0.00;0;0;0
1;7;0.00;0.00;0;0;0
1;10;0.00;0.00;0;0;0
1;7;0.00;0.00;0;0;0
1;11;-0.01;0.02;0;0;1
1;6;0.00;0.00;0;0;0
1;7;0.00;0.00;0;0;0
1;8;0.00;0.00;0;0;0
1;12;0.00;0.00;0;0;0
1;6;0.00;0.00;0;0;0
1;7;0.00;0.00;0;0;0
1;8;-0.01;0.02;0;0;1
1;11;0.00;0.00;0;0;0
1;7;0.00;0.00;0;0;0
1;7;0.00;0.00;0;0;0
1;8;0.00;0.00;0;0;0
1;13;-0.01;0.02;0;0;1
1;7;0.00;0.00;0;0;0
1;14;0.00;0.00;0;0;0
1;8;0.00;0.00;0;0;0
1;8;0.00;0.00;0;0;0
1;8;0.00;0.00;0;0;0
1;8;0.00;0.00;0;0;0
1;10;-0.01;0.02;0;0;1
1;9;0.00;0.00;0;0;0
1;7;0.00;0.00;0;0;0
1;7;0.00;0.00;0;0;0
1;11;0.00;0.00;0;0;0
1;7;0.00;0.00;0;0;0
1;7;0.00;0.00;0;0;0
1;8;0.00;0.00;0;0;0
1;8;-0.01;0.02;0;0;1
1;8;0.00;0.00;0;0;0
1;9;0.00;0.00;0;0;0
1;8;0.00;0.00;0;0;0
1;7;0.00;0.00;0;0;0
1;9;0.00;0.00;0;0;0
1;8;-0.01;0.02;0;0;1
1;14;0.00;0.00;0;0;0
1;10;0.00;0.00;0;0;0
1;9;0.00;0.00;0;0;0
1;8;0.00;0.00;0;0;0
1;8;0.00;0.00;0;0;0
1;8;-0.01;0.02;0;0;1
1;11;0.00;0.00;0;0;0
1;6;0.00;0.00;0;0;0
1;8;0.00;0.00;0;0;0
1;8;0.00;0.00;0;0;0
1;8;0.00;0.00;0;0;0
1;8;0.00;0.00;0;0;0
1;8;-0.01;0.02;0;0;1
1;8;0.00;0.00;0;0;0
1;8;0.00;0.00;0;0;0
1;9;0.00;0.00;0;0;0
1;8;0.00;0.00;0;0;0
1;8;0.00;0.00;0;0;0
1;8;0.00;0.00;0;0;0
1;8;-0.01;0.02;0;0;1
1;9;0.00;0.00;0;0;0
1;8;0.00;0.00;0;0;0
1;8;0.00;0.00;0;0;0
1;8;0.00;0.00;0;0;0
1;8;0.00;0.00;0;0;0
1;13;0.00;0.00;0;0;0
1;8;-0.01;0.02;0;0;1
1;8;0.00;0.00;0;0;0
1;8;0.00;0.00;0;0;0
1;8;0.00;0.00;0;0;0
1;9;0.00;0.00;0;0;0
1;8;0.00;0.00;0;0;0
1;8;-0.01;0.02;0;0;1
1;8;0.00;0.00;0;0;0
1;8;0.00;0.00;0;0;0
1;9;0.00;0.00;0;0;0
1;8;0.00;0.00;0;0;0
1;8;0.00;0.00;0;0;0
1;8;0.00;0.00;0;0;0
1;8;-0.01;0.02;0;0;1
1;10;0.00;0.00;0;0;0
1;7;0.00;0.00;0;0;0
1;8;0.00;0.00;0;0;0
1;8;0.00;0.00;0;0;0
1;8;0.00;0.00;0;0;0
1;9;0.00;0.00;0;0;0
1;8;-0.01;0.02;0;0;1
1;8;0.00;0.00;0;0;0
1;8;0.00;0.00;0;0;0
1;11;0.00;0.00;0;0;0
1;9;0.00;0.00;0;0;0
1;6;0.00;0.00;0;0;0
1;10;-0.01;0.02;0;0;1
1;5;0.00;0.00;0;0;0
1;9;0.00;0.00;0;0;0
1;7;0.00;0.00;0;0;0
1;9;0.00;0.00;0;0;0
1;9;0.00;0.00;0;0;0
1;8;0.00;0.00;0;0;0
1;7;-0.01;0.02;0;0;1
1;8;0.00;0.00;0;0;0
1;9;0.00;0.00;0;0;0
1;8;0.00;0.00;0;0;0
1;8;0.00;0.00;0;0;0
1;8;0.00;0.00;0;0;0
1;11;-0.01;0.02;0;0;1
1;6;0.00;0.00;0;0;0
1;8;0.00;0.00;0;0;0
1;8;0.00;0.00;0;0;0
1;11;0.00;0.00;0;0;0
1;6;0.00;0.00;0;0;0
1;8;0.00;0.00;0;0;0
1;8;-0.01;0.02;0;0;1
1;8;0.00;0.00;0;0;0
1;8;0.00;0.00;0;0;0
1;8;0.00;0.00;0;0;0
1;8;0.00;0.00;0;0;0
1;12;0.00;0.00;0;0;0
1;5;0.00;0.00;0;0;0
1;8;-0.01;0.02;0;0;1
1;8;0.00;0.00;0;0;0
1;13;0.00;0.00;0;0;0
1;8;0.00;0.00;0;0;0
1;8;0.00;0.00;0;0;0
1;8;0.00;0.00;0;0;0
1;8;-0.01;0.02;0;0;1
1;8;0.00;0.00;0;0;0
1;9;0.00;0.00;0;0;0
1;11;0.00;0.00;0;0;0
1;5;0.00;0.00;0;0;0
1;8;0.00;0.00;0;0;0
1;8;0.00;0.00;0;0;0
1;12;-0.01;0.02;0;0;1
1;6;0.00;0.00;0;0;0
1;7;0.00;0.00;0;0;0
1;8;0.00;0.00;0;0;0
1;8;0.00;0.00;0;0;0
1;9;0.00;0.00;0;0;0
1;9;0.00;0.00;0;0;0
1;7;-0.01;0.02;0;0;1
1;8;0.00;0.00;0;0;0
1;8;0.00;0.00;0;0;0
1;12;0.00;0.00;0;0;0
1;6;0.00;0.00;0;0;0
1;7;0.00;0.00;0;0;0
1;8;0.00;0.00;0;0;0
1;10;-0.01;0.02;0;0;1
1;8;0.00;0.00;0;0;0
1;7;0.00;0.00;0;0;0
1;8;0.00;0.00;0;0;0
1;9;0.00;0.00;0;0;0
1;7;0.00;0.00;0;0;0
1;8;-0.01;0.02;0;0;1
1;9;0.00;0.00;0;0;0
1;9;0.00;0.00;0;0;0
1;7;0.00;0.00;0;0;0
1;8;0.00;0.00;0;0;0
1;8;0.00;0.00;0;0;0
1;16;0.00;0.00;0;0;0
1;5;-0.01;0.02;0;0;1
1;8;0.00;0.00;0;0;0
1;17;0.00;0.00;0;0;0
1;8;0.00;0.00;0;0;0
1;8;0.00;0.00;0;0;0
1;11;0.00;0.00;0;0;0
1;6;-0.01;0.02;0;0;1
1;7;0.00;0.00;0;0;0
1;9;0.01;0.02;0;-1;0
1;8;0.00;0.00;0;0;0
1;8;0.00;0.00;0;0;0
1;8;0.00;0.00;0;0;0
1;8;0.00;0.00;0;0;0
1;9;0.00;0.00;0;0;0
1;8;-0.01;0.02;0;0;1
1;8;0.00;0.00;0;0;0
1;8;0.00;0.00;0;0;0
1;9;0.01;0.02;0;-1;0
1;8;0.00;0.00;0;0;0
1;8;0.00;0.00;0;0;0
1;8;0.00;0.00;0;0;0
1;9;-0.01;0.02;0;0;1
1;7;0.00;0.00;0;0;0
1;9;0.00;0.00;0;0;0
1;8;0.00;0.00;0;0;0
1;8;0.01;0.02;0;-1;0
1;8;0.00;0.00;0;0;0
1;8;0.00;0.00;0;0;0
1;8;-0.01;0.02;0;0;1
1;9;0.00;0.00;0;0;0
1;14;0.00;0.00;0;0;0
1;7;0.00;0.00;0;0;0
1;7;0.01;0.02;0;-1;0
1;9;0.00;0.00;0;0;0
1;11;0.00;0.00;0;0;0
1;5;0.00;0.00;0;0;0
1;8;-0.01;0.02;0;0;1
1;8;0.00;0.00;0;0;0
1;11;0.00;0.00;0;0;0
1;6;-0.01;0.02;0;0;1
1;8;0.00;0.00;0;0;0
1;8;0.01;0.02;0;-1;0
1;9;-0.01;0.02;0;0;1
1;7;0.00;0.00;0;0;0
1;9;-0.01;0.02;0;0;1
1;8;0.00;0.00;0;0;0
1;11;-0.01;0.02;0;0;1
1;5;0.00;0.00;0;0;0
1;8;0.00;0.00;0;0;0
1;9;-0.01;0.02;0;0;1
1;11;0.01;0.02;0;-1;0
1;6;-0.01;0.02;0;0;1
1;7;0.00;0.00;0;0;0
1;11;-0.01;0.02;0;0;1
1;7;0.00;0.00;0;0;0
1;8;0.00;0.00;0;0;0
1;7;0.00;0.04;0;-1;1
1;11;0.00;0.00;0;0;0
1;6;-0.01;0.02;0;0;1
1;8;0.00;0.00;0;0;0
1;8;0.00;0.00;0;0;0
1;11;-0.01;0.02;0;0;1
1;5;0.00;0.00;0;0;0
1;8;0.00;0.04;0;-1;1
1;10;0.00;0.00;0;0;0
1;8;-0.01;0.02;0;0;1
1;7;0.00;0.00;0;0;0
1;8;-0.01;0.02;0;0;1
1;8;0.00;0.00;0;0;0
1;12;-0.01;0.02;0;0;1
1;6;0.00;0.00;0;0;0
1;7;0.00;0.04;0;-1;1
1;8;0.00;0.00;0;0;0
1;8;-0.01;0.02;0;0;1
1;8;0.00;0.00;0;0;0
1;10;-0.01;0.02;0;0;1
1;7;0.00;0.00;0;0;0
1;8;-0.01;0.02;0;0;1
1;8;0.01;0.02;0;-1;0
1;10;-0.01;0.02;0;0;1
1;7;0.00;0.00;0;0;0
1;8;0.00;0.00;0;0;0
1;8;-0.01;0.02;0;0;1
1;12;0.01;0.02;0;-1;0
1;8;0.00;0.00;0;0;0
1;9;-0.01;0.02;0;0;1
1;11;0.00;0.00;0;0;0
1;5;0.00;0.00;0;0;0
1;8;-0.02;0.00;-1;0;0
1;8;0.01;0.02;0;-1;0
1;13;0.00;0.00;0;0;0
1;8;0.00;0.00;0;0;0
1;8;-0.01;0.02;0;0;1
1;11;0.00;0.00;0;0;0
1;5;0.00;0.00;0;0;0
1;10;0.01;0.02;0;-1;0
1;7;0.00;0.00;0;0;0
1;11;0.00;0.00;0;0;0
1;6;0.00;0.00;0;0;0
1;7;0.00;0.00;0;0;0
1;9;0.00;0.00;0;0;0
1;8;0.00;0.00;0;0;0
1;8;0.00;0.00;0;0;0
1;8;-0.01;0.02;0;0;1
1;8;0.00;0.00;0;0;0
1;12;0.00;0.00;0;0;0
1;5;0.00;0.00;0;0;0
1;8;0.01;0.02;0;-1;0
1;8;-0.01;0.02;0;0;1
1;9;0.00;0.00;0;0;0
1;8;0.00;0.00;0;0;0
1;8;-0.01;0.02;0;0;1
1;8;0.00;0.00;0;0;0
1;9;-0.01;0.02;0;0;1
1;7;0.00;0.00;0;0;0
1;8;0.00;0.04;0;-1;1
1;9;0.00;0.00;0;0;0
1;9;-0.01;0.02;0;0;1
1;7;0.00;0.00;0;0;0
1;8;-0.01;0.02;0;0;1
1;8;0.00;0.00;0;0;0
1;16;0.00;0.04;0;-1;1
1;5;-0.01;0.02;0;0;1
1;8;0.00;0.00;0;0;0
1;8;-0.01;0.02;0;0;1
1;9;0.00;0.00;0;0;0
1;9;-0.01;0.02;0;0;1
1;7;0.00;0.04;0;-1;1
1;8;0.00;0.00;0;0;0
1;8;-0.01;0.02;0;0;1
1;8;0.00;0.00;0;0;0
1;9;0.00;0.00;0;0;0
1;8;0.00;0.00;0;0;0
1;8;0.00;0.04;0;-1;1
1;10;0.00;0.00;0;0;0
1;6;0.00;0.00;0;0;0
1;9;-0.01;0.02;0;0;1
1;8;0.00;0.00;0;0;0
1;9;0.01;0.02;0;-1;0
1;7;0.00;0.00;0;0;0
1;8;0.00;0.00;0;0;0
1;16;0.00;0.00;0;0;0
1;6;0.00;0.00;0;0;0
1;7;-0.01;0.02;0;0;1
1;8;0.00;0.00;0;0;0
1;16;0.00;0.00;0;0;0
1;6;0.01;0.02;0;-1;0
1;7;0.00;0.00;0;0;0
1;8;0.00;0.00;0;0;0
1;8;0.00;0.00;0;0;0
1;8;0.00;0.00;0;0;0
1;9;0.00;0.00;0;0;0
1;8;-0.01;0.02;0;0;1
1;8;0.00;0.00;0;0;0
1;8;0.00;0.00;0;0;0
1;8;0.01;0.02;0;-1;0
1;12;0.00;0.00;0;0;0
1;5;0.00;0.00;0;0;0
1;9;0.00;0.00;0;0;0
1;7;-0.01;0.02;0;0;1
1;9;0.00;0.00;0;0;0
1;9;0.00;0.00;0;0;0
1;7;0.01;0.02;0;-1;0
1;8;0.00;0.00;0;0;0
1;11;-0.01;0.02;0;0;1
1;5;0.00;0.00;0;0;0
1;9;0.00;0.00;0;0;0
1;8;0.00;0.00;0;0;0
1;13;0.00;0.00;0;0;0
1;7;0.01;0.02;0;-1;0
1;8;-0.01;0.02;0;0;1
1;9;0.00;0.00;0;0;0
1;8;0.00;0.00;0;0;0
1;10;0.00;0.00;0;0;0
1;6;0.00;0.00;0;0;0
1;8;0.00;0.00;0;0;0
1;9;0.00;0.04;0;-1;1
1;11;0.00;0.00;0;0;0
1;6;0.00;0.00;0;0;0
1;7;0.00;0.00;0;0;0
1;8;0.00;0.00;0;0;0
1;9;0.00;0.00;0;0;0
1;15;0.00;0.04;0;-1;1
1;5;0.00;0.00;0;0;0
1;8;0.00;0.00;0;0;0
1;8;0.00;0.00;0;0;0
1;9;0.00;0.00;0;0;0
1;8;0.01;0.02;0;-1;0
1;8;-0.01;0.02;0;0;1
1;9;0.00;0.00;0;0;0
1;10;0.00;0.00;0;0;0
1;7;0.00;0.00;0;0;0
1;12;0.00;0.00;0;0;0
1;12;0.00;0.04;0;-1;1
1;8;0.00;0.00;0;0;0
1;8;0.00;0.00;0;0;0
1;10;0.00;0.00;0;0;0
1;7;0.00;0.00;0;0;0
1;7;0.00;0.04;0;-1;1
1;8;0.00;0.00;0;0;0
1;11;0.00;0.00;0;0;0
1;8;0.00;0.00;0;0;0
1;6;0.00;0.00;0;0;0
1;10;0.01;0.02;0;-1;0
1;6;0.00;0.00;0;0;0
1;8;-0.01;0.02;0;0;1
1;9;0.00;0.00;0;0;0
1;8;0.00;0.00;0;0;0
1;8;0.00;0.00;0;0;0
1;8;0.01;0.02;0;-1;0
1;8;0.00;0.00;0;0;0
1;10;-0.01;0.02;0;0;1
1;7;0.00;0.00;0;0;0
1;8;0.00;0.00;0;0;0
1;8;0.00;0.00;0;0;0
1;9;0.00;0.00;0;0;0
1;8;0.01;0.02;0;-1;0
1;8;0.00;0.00;0;0;0
1;8;-0.01;0.02;0;0;1
1;10;0.00;0.00;0;0;0
1;7;0.00;0.00;0;0;0
1;8;0.00;0.00;0;0;0
1;8;0.00;0.00;0;0;0
1;8;0.01;0.02;0;-1;0
1;8;0.00;0.00;0;0;0
1;8;-0.01;0.02;0;0;1
1;8;0.00;0.00;0;0;0
1;9;0.00;0.00;0;0;0
1;8;0.00;0.00;0;0;0
1;8;0.00;0.00;0;0;0
1;8;0.01;0.02;0;-1;0
1;8;-0.01;0.02;0;0;1
1;9;0.00;0.00;0;0;0
1;8;0.00;0.00;0;0;0
1;8;0.00;0.00;0;0;0
1;8;0.00;0.00;0;0;0
1;11;0.01;0.02;0;-1;0
1;6;0.00;0.00;0;0;0
1;8;-0.01;0.02;0;0;1
1;8;0.00;0.00;0;0;0
1;8;0.00;0.00;0;0;0
1;8;0.00;0.00;0;0;0
1;9;0.01;0.02;0;-1;0
1;8;0.00;0.00;0;0;0
1;11;-0.01;0.02;0;0;1
1;5;0.00;0.00;0;0;0
1;8;0.00;0.00;0;0;0
1;9;0.00;0.00;0;0;0
1;8;0.01;0.02;0;-1;0
1;8;0.00;0.00;0;0;0
1;8;0.00;0.00;0;0;0
1;8;-0.01;0.02;0;0;1
1;12;0.00;0.00;0;0;0
1;5;0.00;0.00;0;0;0
1;8;0.00;0.00;0;0;0
1;8;0.00;0.00;0;0;0
1;9;0.01;0.02;0;-1;0
1;7;0.00;0.00;0;0;0
1;9;-0.01;0.02;0;0;1
1;8;0.00;0.00;0;0;0
1;10;0.00;0.00;0;0;0
1;6;0.00;0.00;0;0;0
1;8;0.01;0.02;0;-1;0
1;9;0.00;0.00;0;0;0
1;8;0.00;0.00;0;0;0
1;8;-0.01;0.02;0;0;1
1;8;0.00;0.00;0;0;0
1;8;0.00;0.00;0;0;0
1;9;0.01;0.02;0;-1;0
1;8;0.00;0.00;0;0;0
1;8;0.00;0.00;0;0;0
1;8;0.00;0.00;0;0;0
1;8;-0.01;0.02;0;0;1
1;8;0.00;0.00;0;0;0
1;9;0.01;0.02;0;-1;0
1;8;0.00;0.00;0;0;0
1;8;0.00;0.00;0;0;0
1;14;0.00;0.00;0;0;0
1;9;-0.01;0.02;0;0;1
1;6;0.00;0.00;0;0;0
1;9;0.01;0.02;0;-1;0
1;9;0.00;0.00;0;0;0
1;6;0.00;0.00;0;0;0
1;9;0.00;0.00;0;0;0
1;8;-0.01;0.02;0;0;1
1;17;0.00;0.00;0;0;0
1;7;0.01;0.02;0;-1;0
1;9;0.00;0.00;0;0;0
1;8;0.00;0.00;0;0;0
1;8;0.00;0.00;0;0;0
1;8;-0.01;0.02;0;0;1
1;8;0.00;0.00;0;0;0
1;8;0.00;0.00;0;0;0
1;9;0.01;0.02;0;-1;0
1;8;0.00;0.00;0;0;0
1;8;0.00;0.00;0;0;0
1;8;0.00;0.00;0;0;0
1;8;-0.01;0.02;0;0;1
1;9;0.00;0.00;0;0;0
1;11;0.01;0.02;0;-1;0
1;5;0.00;0.00;0;0;0
1;8;0.00;0.00;0;0;0
1;8;0.00;0.00;0;0;0
1;11;0.00;0.00;0;0;0
1;6;-0.01;0.02;0;0;1
1;9;0.00;0.00;0;0;0
1;7;0.01;0.02;0;-1;0
1;11;0.00;0.00;0;0;0
1;6;0.00;0.00;0;0;0
1;8;0.00;0.00;0;0;0
1;8;0.00;0.00;0;0;0
1;10;-0.01;0.02;0;0;1
1;6;0.01;0.02;0;-1;0
1;8;0.00;0.00;0;0;0
1;9;0.00;0.00;0;0;0
1;8;0.00;0.00;0;0;0
1;8;0.00;0.00;0;0;0
1;8;0.00;0.00;0;0;0
1;8;0.00;0.04;0;-1;1
1;9;0.00;0.00;0;0;0
1;8;0.00;0.00;0;0;0
1;8;0.00;0.00;0;0;0
1;8;0.00;0.00;0;0;0
1;8;0.00;0.00;0;0;0
1;11;0.00;0.04;0;-1;1
1;8;0.00;0.00;0;0;0
1;6;0.00;0.00;0;0;0
1;8;0.00;0.00;0;0;0
1;8;0.00;0.00;0;0;0
1;9;0.00;0.00;0;0;0
1;8;0.00;0.00;0;0;0
1;8;0.00;0.04;0;-1;1
1;8;0.00;0.00;0;0;0
1;8;0.00;0.00;0;0;0
1;8;0.00;0.00;0;0;0
1;9;0.00;0.00;0;0;0
1;10;0.00;0.00;0;0;0
1;7;0.01;0.02;0;-1;0
1;7;-0.01;0.02;0;0;1
1;8;0.00;0.00;0;0;0
1;12;0.00;0.00;0;0;0
1;5;0.00;0.00;0;0;0
1;8;0.00;0.00;0;0;0
1;8;0.00;0.00;0;0;0
1;8;0.01;0.02;0;-1;0
1;10;-0.01;0.02;0;0;1
1;7;0.00;0.00;0;0;0
1;8;0.00;0.00;0;0;0
1;8;0.00;0.00;0;0;0
1;8;0.00;0.00;0;0;0
1;12;0.00;0.04;0;-1;1
1;5;0.00;0.00;0;0;0
1;8;0.00;0.00;0;0;0
1;8;0.00;0.00;0;0;0
1;8;0.00;0.00;0;0;0
1;9;0.00;0.00;0;0;0
1;10;0.01;0.02;0;-1;0
1;6;0.00;0.00;0;0;0
1;8;-0.01;0.02;0;0;1
1;8;0.00;0.00;0;0;0
1;11;0.00;0.00;0;0;0
1;10;0.00;0.00;0;0;0
1;8;0.01;0.02;0;-1;0
1;8;0.00;0.00;0;0;0
1;8;-0.01;0.02;0;0;1
1;12;0.00;0.00;0;0;0
1;6;0.00;0.00;0;0;0
1;7;0.00;0.00;0;0;0
1;8;0.00;0.00;0;0;0
1;11;0.01;0.02;0;-1;0
1;6;0.00;0.00;0;0;0
1;8;-0.01;0.02;0;0;1
1;8;0.00;0.00;0;0;0
1;11;0.01;0.02;0;-1;0
1;5;0.00;0.00;0;0;0
1;8;0.00;0.00;0;0;0
1;9;0.01;0.02;0;-1;0
1;14;0.00;0.00;0;0;0
1;6;0.00;0.04;0;-1;1
1;8;0.00;0.00;0;0;0
1;12;0.01;0.02;0;-1;0
1;6;0.00;0.00;0;0;0
1;7;0.01;0.02;0;-1;0
1;8;0.00;0.00;0;0;0
1;8;0.01;0.02;0;-1;0
1;8;-0.01;0.02;0;0;1
1;9;0.01;0.02;0;-1;0
1;8;0.00;0.00;0;0;0
1;8;0.01;0.02;0;-1;0
1;8;0.00;0.00;0;0;0
1;12;0.00;0.04;0;-1;1
1;5;0.00;0.00;0;0;0
1;11;0.00;0.00;0;0;0
1;5;0.01;0.02;0;-1;0
1;8;0.00;0.00;0;0;0
1;8;-0.01;0.02;0;0;1
1;11;0.00;0.00;0;0;0
1;6;0.00;0.00;0;0;0
1;8;0.01;0.02;0;-1;0
1;8;0.00;0.00;0;0;0
1;9;-0.01;0.02;0;0;1
1;8;0.00;0.00;0;0;0
1;8;0.00;0.00;0;0;0
1;8;0.00;0.00;0;0;0
1;8;0.00;0.00;0;0;0
1;8;0.00;0.00;0;0;0
1;9;0.00;0.00;0;0;0
1;8;0.00;0.00;0;0;0
1;10;0.01;0.02;0;-1;0
1;6;-0.01;0.02;0;0;1
1;8;0.00;0.00;0;0;0
1;8;0.00;0.00;0;0;0
1;9;0.00;0.00;0;0;0
1;8;0.00;0.00;0;0;0
1;8;0.00;0.00;0;0;0
1;8;0.00;0.00;0;0;0
1;8;0.01;0.02;0;-1;0
1;9;0.00;0.00;0;0;0
1;8;0.00;0.00;0;0;0
1;8;-0.01;0.02;0;0;1
1;8;0.00;0.00;0;0;0
1;12;0.00;0.00;0;0;0
1;9;0.00;0.00;0;0;0
1;8;0.01;0.02;0;-1;0
1;8;-0.01;0.02;0;0;1
1;8;0.00;0.00;0;0;0
1;8;0.00;0.00;0;0;0
1;9;0.00;0.00;0;0;0
1;8;0.00;0.00;0;0;0
1;12;0.01;0.02;0;-1;0
1;8;-0.01;0.02;0;0;1
1;9;0.00;0.00;0;0;0
1;8;0.00;0.00;0;0;0
1;10;0.00;0.00;0;0;0
1;6;0.00;0.00;0;0;0
1;8;0.00;0.00;0;0;0
1;8;0.00;0.00;0;0;0
1;9;0.00;0.04;0;-1;1
1;8;0.00;0.00;0;0;0
1;8;0.00;0.00;0;0;0
1;8;0.00;0.00;0;0;0
1;8;0.00;0.00;0;0;0
1;9;0.00;0.00;0;0;0
1;8;0.00;0.00;0;0;0
1;11;0.01;0.02;0;-1;0
1;5;-0.01;0.02;0;0;1
1;8;0.00;0.00;0;0;0
1;9;0.00;0.00;0;0;0
1;10;0.00;0.00;0;0;0
1;6;0.00;0.00;0;0;0
1;8;0.00;0.00;0;0;0
1;8;0.01;0.02;0;-1;0
1;10;0.00;0.00;0;0;0
1;7;-0.01;0.02;0;0;1
1;8;0.01;0.02;0;-1;0
1;8;0.00;0.00;0;0;0
1;10;0.01;0.02;0;-1;0
1;6;0.00;0.00;0;0;0
1;9;0.00;0.00;0;0;0
1;8;0.01;0.02;0;-1;0
1;8;0.00;0.00;0;0;0
1;10;0.00;0.04;0;-1;1
1;6;0.00;0.00;0;0;0
1;9;0.01;0.02;0;-1;0
1;8;0.00;0.00;0;0;0
1;11;0.01;0.02;0;-1;0
1;5;0.00;0.00;0;0;0
1;8;0.00;0.04;0;-1;1
1;9;0.00;0.00;0;0;0
1;10;0.01;0.02;0;-1;0
1;6;0.00;0.00;0;0;0
1;8;0.01;0.02;0;-1;0
1;8;-0.01;0.02;0;0;1
1;12;0.01;0.02;0;-1;0
1;5;0.00;0.00;0;0;0
1;8;0.00;0.00;0;0;0
1;8;0.00;0.00;0;0;0
1;11;0.00;0.04;0;-1;1
1;6;0.00;0.00;0;0;0
1;8;0.00;0.00;0;0;0
1;8;0.00;0.00;0;0;0
1;8;0.00;0.00;0;0;0
1;11;-0.01;0.02;0;0;1
1;5;0.00;0.00;0;0;0
1;9;0.00;0.00;0;0;0
1;8;0.00;0.00;0;0;0
1;8;0.00;0.00;0;0;0
1;8;0.00;0.00;0;0;0
1;8;0.00;0.00;0;0;0
1;10;0.01;0.02;0;-1;0
1;7;0.00;0.00;0;0;0
1;8;-0.01;0.02;0;0;1
1;8;0.00;0.00;0;0;0
1;8;0.00;0.00;0;0;0
1;9;0.00;0.00;0;0;0
1;8;0.00;0.00;0;0;0
1;8;0.01;0.02;0;-1;0
1;8;0.00;0.00;0;0;0
1;8;0.00;0.00;0;0;0
1;9;0.00;0.00;0;0;0
1;8;-0.01;0.02;0;0;1
1;8;0.00;0.00;0;0;0
1;8;0.01;0.02;0;-1;0
1;8;0.00;0.00;0;0;0
1;12;0.00;0.00;0;0;0
1;5;0.00;0.00;0;0;0
1;9;0.00;0.00;0;0;0
1;7;-0.01;0.02;0;0;1
1;8;0.00;0.00;0;0;0
1;10;0.01;0.02;0;-1;0
1;9;0.00;0.00;0;0;0
1;7;0.00;0.00;0;0;0
1;7;0.00;0.00;0;0;0
1;8;0.00;0.00;0;0;0
1;12;-0.01;0.02;0;0;1
1;5;0.00;0.00;0;0;0
1;8;0.00;0.00;0;0;0
1;19;0.01;0.02;0;-1;0
1;13;-0.01;0.02;0;0;1
1;9;0.00;0.00;0;0;0
1;10;0.01;0.02;0;-1;0
1;6;0.00;0.00;0;0;0
1;8;0.00;0.00;0;0;0
1;9;0.01;0.02;0;-1;0
1;8;0.00;0.00;0;0;0
1;8;0.00;0.04;0;-1;1
1;8;0.00;0.00;0;0;0
1;8;0.00;0.00;0;0;0
1;9;0.01;0.02;0;-1;0
1;8;0.01;0.02;0;-1;0
1;8;0.00;0.00;0;0;0
1;8;0.01;0.02;0;-1;0
1;8;0.00;0.00;0;0;0
1;8;-0.01;0.02;0;0;1
1;9;0.01;0.02;0;-1;0
1;8;0.00;0.00;0;0;0
1;8;0.00;0.00;0;0;0
1;8;-0.01;0.02;0;0;1
1;8;0.01;0.02;0;-1;0
1;9;0.00;0.00;0;0;0
1;8;0.00;0.00;0;0;0
1;8;-0.01;0.02;0;0;1
1;8;0.00;0.00;0;0;0
1;8;0.00;0.00;0;0;0
1;9;0.00;0.00;0;0;0
1;8;0.00;0.00;0;0;0
1;8;0.01;0.02;0;-1;0
1;8;0.00;0.00;0;0;0
1;8;0.00;0.00;0;0;0
1;9;0.00;0.00;0;0;0
1;8;0.00;0.00;0;0;0
1;8;0.00;0.00;0;0;0
1;8;0.00;0.00;0;0;0
1;8;0.01;0.02;0;-1;0
1;9;0.00;0.00;0;0;0
1;8;0.00;0.00;0;0;0
1;8;0.00;0.00;0;0;0
1;14;0.00;0.00;0;0;0
1;7;0.00;0.00;0;0;0
1;10;0.01;0.02;0;-1;0
1;32;0.00;0.00;0;0;0
1;15;0.00;0.00;0;0;0
1;9;0.01;0.02;0;-1;0
1;7;0.00;0.00;0;0;0
1;9;0.00;0.00;0;0;0
1;7;0.00;0.00;0;0;0
1;9;0.00;0.00;0;0;0
1;8;0.00;0.00;0;0;0
1;15;0.01;0.02;0;-1;0
1;7;0.00;0.00;0;0;0
1;7;0.00;0.00;0;0;0
1;8;0.00;0.00;0;0;0
1;14;0.00;0.00;0;0;0
1;6;0.00;0.00;0;0;0
1;8;0.01;0.02;0;-1;0
1;10;0.02;0.00;1;0;0
1;11;0.00;0.00;0;0;0
1;8;0.00;0.00;0;0;0
1;12;0.01;0.02;0;-1;0
1;16;0.00;0.00;0;0;0
1;9;0.01;0.02;0;-1;0
1;8;0.00;0.00;0;0;0
1;8;0.00;0.00;0;0;0
1;9;0.01;0.02;0;-1;0
1;8;0.00;0.00;0;0;0
1;9;0.01;0.02;0;-1;0
1;17;0.04;0.02;1;-1;0
1;6;0.01;0.02;0;-1;0
1;10;0.00;0.00;0;0;0
1;7;0.01;0.02;0;-1;0
1;8;0.00;0.00;0;0;0
1;11;0.01;0.02;0;-1;0
1;6;0.01;0.02;0;-1;0
1;8;0.00;0.00;0;0;0
1;10;0.04;0.02;1;-1;0
1;6;-0.01;0.02;0;0;1
1;8;0.00;0.00;0;0;0
1;8;0.01;0.02;0;-1;0
1;12;0.00;0.00;0;0;0
1;5;0.00;0.00;0;0;0
1;8;0.04;0.02;1;-1;0
1;11;0.00;0.00;0;0;0
1;5;0.00;0.00;0;0;0
1;10;0.00;0.00;0;0;0
1;7;0.00;0.00;0;0;0
1;12;0.02;0.00;1;0;0
1;8;0.01;0.02;0;-1;0
1;8;0.00;0.00;0;0;0
1;25;0.00;0.00;0;0;0
1;8;0.00;0.00;0;0;0
1;8;0.00;0.00;0;0;0
1;9;0.00;0.00;0;0;0
1;8;0.00;0.00;0;0;0
1;8;0.00;0.00;0;0;0
1;8;0.01;0.02;0;-1;0
1;8;0.00;0.00;0;0;0
1;15;0.00;0.00;0;0;0
1;6;0.00;0.00;0;0;0
1;8;0.00;0.00;0;0;0
1;8;0.00;0.00;0;0;0
1;8;0.00;0.00;0;0;0
1;9;0.01;0.02;0;-1;0
1;8;0.00;0.00;0;0;0
1;8;0.00;0.00;0;0;0
1;8;0.00;0.00;0;0;0
1;8;0.00;0.00;0;0;0
1;13;0.00;0.00;0;0;0
1;8;0.01;0.02;0;-1;0
1;8;0.02;0.00;1;0;0
1;10;0.00;0.00;0;0;0
1;6;0.00;0.00;0;0;0
1;9;0.00;0.00;0;0;0
1;8;0.00;0.00;0;0;0
1;10;0.00;0.00;0;0;0
1;6;0.00;0.00;0;0;0
1;10;0.04;0.02;1;-1;0
1;7;0.00;0.00;0;0;0
1;16;0.00;0.00;0;0;0
1;8;0.00;0.00;0;0;0
1;8;0.00;0.00;0;0;0
1;9;0.00;0.00;0;0;0
1;8;0.01;0.02;0;-1;0
1;8;0.02;0.00;1;0;0
1;8;0.00;0.00;0;0;0
1;8;0.00;0.00;0;0;0
1;8;0.00;0.00;0;0;0
1;9;0.00;0.00;0;0;0
1;8;0.01;0.02;0;-1;0
1;8;0.00;0.00;0;0;0
1;8;0.00;0.00;0;0;0
1;8;0.02;0.00;1;0;0
1;9;0.00;0.00;0;0;0
1;8;0.00;0.00;0;0;0
1;12;0.01;0.02;0;-1;0
1;8;0.00;0.00;0;0;0
1;8;0.01;0.02;0;-1;0
1;10;0.00;0.00;0;0;0
1;7;0.01;0.02;0;-1;0
1;8;0.00;0.00;0;0;0
1;8;0.02;0.00;1;0;0
1;8;0.01;0.02;0;-1;0
1;11;0.01;0.02;0;-1;0
1;7;0.00;0.00;0;0;0
1;7;0.01;0.02;0;-1;0
1;8;0.00;0.00;0;0;0
1;10;0.01;0.02;0;-1;0
1;7;0.00;0.00;0;0;0
1;8;0.00;0.00;0;0;0
1;8;0.02;0.00;1;0;0
1;8;0.01;0.02;0;-1;0
1;8;0.00;0.00;0;0;0
1;9;0.02;0.00;1;0;0
1;8;0.00;0.00;0;0;0
1;8;0.00;0.00;0;0;0
1;17;0.04;0.02;1;-1;0
1;9;0.00;0.00;0;0;0
1;10;0.00;0.00;0;0;0
1;5;0.00;0.00;0;0;0
1;8;0.00;0.00;0;0;0
1;11;0.02;0.00;1;0;0
1;5;0.00;0.00;0;0;0
1;9;0.00;0.00;0;0;0
1;8;0.00;0.00;0;0;0
1;8;0.00;0.00;0;0;0
1;8;0.01;0.02;0;-1;0
1;8;0.00;0.00;0;0;0
1;9;0.00;0.00;0;0;0
1;7;0.00;0.00;0;0;0
1;9;0.01;0.02;0;-1;0
1;8;0.00;0.00;0;0;0
1;8;0.00;0.00;0;0;0
1;9;0.04;0.02;1;-1;0
1;25;0.01;0.02;0;-1;0
1;8;0.01;0.02;0;-1;0
1;8;0.00;0.00;0;0;0
1;11;0.01;0.02;0;-1;0
1;5;0.00;0.00;0;0;0
1;8;0.02;0.00;1;0;0
1;8;0.01;0.02;0;-1;0
1;9;0.00;0.00;0;0;0
1;9;0.01;0.02;0;-1;0
1;8;0.02;0.00;1;0;0
1;7;0.01;0.02;0;-1;0
1;11;0.00;0.00;0;0;0
1;9;0.01;0.02;0;-1;0
1;7;0.02;0.00;1;0;0
1;12;0.01;0.02;0;-1;0
1;6;0.00;0.00;0;0;0
1;8;0.01;0.02;0;-1;0
1;9;0.00;0.00;0;0;0
1;8;0.02;0.00;1;0;0
1;8;0.01;0.02;0;-1;0
1;10;0.00;0.00;0;0;0
1;6;0.01;0.02;0;-1;0
1;8;0.00;0.00;0;0;0
1;9;0.01;0.02;0;-1;0
1;11;0.00;0.00;0;0;0
1;8;0.01;0.02;0;-1;0
1;9;0.02;0.00;1;0;0
1;9;0.00;0.00;0;0;0
1;8;0.01;0.02;0;-1;0
1;8;0.00;0.00;0;0;0
1;8;0.00;0.00;0;0;0
1;8;0.00;0.00;0;0;0
1;7;0.04;0.02;1;-1;0
1;9;0.00;0.00;0;0;0
1;8;0.00;0.00;0;0;0
1;8;0.00;0.00;0;0;0
1;9;0.00;0.00;0;0;0
1;8;0.02;0.00;1;0;0
1;9;0.00;0.00;0;0;0
1;7;0.00;0.00;0;0;0
1;9;0.00;0.00;0;0;0
1;7;0.01;0.02;0;-1;0
1;8;0.00;0.00;0;0;0
1;10;0.02;0.00;1;0;0
1;8;0.00;0.00;0;0;0
1;7;0.00;0.00;0;0;0
1;9;0.00;0.00;0;0;0
1;8;0.00;0.00;0;0;0
1;9;0.01;0.02;0;-1;0
1;8;0.00;0.00;0;0;0
1;7;0.00;0.00;0;0;0
1;9;0.00;0.00;0;0;0
1;8;0.00;0.00;0;0;0
1;9;0.02;0.00;1;0;0
1;7;0.01;0.02;0;-1;0
1;9;0.00;0.00;0;0;0
1;7;0.00;0.00;0;0;0
1;9;0.01;0.02;0;-1;0
1;7;0.00;0.00;0;0;0
1;10;0.02;0.00;1;0;0
1;8;0.01;0.02;0;-1;0
1;7;0.00;0.00;0;0;0
1;11;0.01;0.02;0;-1;0
1;6;0.00;0.00;0;0;0
1;9;0.01;0.02;0;-1;0
1;8;0.00;0.00;0;0;0
1;11;0.04;0.02;1;-1;0
1;5;0.00;0.00;0;0;0
1;8;0.01;0.02;0;-1;0
1;9;0.00;0.00;0;0;0
1;15;0.01;0.02;0;-1;0
1;5;0.04;0.02;1;-1;0
1;8;0.00;0.00;0;0;0
1;7;0.01;0.02;0;-1;0
1;10;0.00;0.00;0;0;0
1;8;0.01;0.02;0;-1;0
1;8;0.00;0.00;0;0;0
1;8;0.01;0.02;0;-1;0
1;8;0.04;0.02;1;-1;0
1;9;0.00;0.00;0;0;0
1;8;0.01;0.02;0;-1;0
1;7;0.00;0.00;0;0;0
1;13;0.01;0.02;0;-1;0
1;10;0.02;0.00;1;0;0
1;17;0.01;0.02;0;-1;0
1;7;0.00;0.00;0;0;0
1;11;0.01;0.02;0;-1;0
1;9;0.00;0.00;0;0;0
1;19;0.02;0.00;1;0;0
1;38;0.04;0.02;1;-1;0
1;9;0.00;0.00;0;0;0
1;27;0.00;0.00;0;0;0
1;6;0.00;0.00;0;0;0
1;7;0.02;0.00;1;0;0
1;8;0.00;0.00;0;0;0
1;9;0.00;0.00;0;0;0
1;8;0.01;0.02;0;-1;0
1;8;0.00;0.00;0;0;0
1;8;0.00;0.00;0;0;0
1;10;0.00;0.00;0;0;0
1;7;0.00;0.00;0;0;0
1;8;0.00;0.00;0;0;0
1;8;0.04;0.02;1;-1;0
1;7;0.00;0.00;0;0;0
1;8;0.00;0.00;0;0;0
1;8;0.00;0.00;0;0;0
1;9;0.00;0.00;0;0;0
1;9;0.00;0.00;0;0;0
1;12;0.02;0.00;1;0;0
1;12;0.01;0.02;0;-1;0
1;10;0.00;0.00;0;0;0
1;7;0.00;0.00;0;0;0
1;8;0.00;0.00;0;0;0
1;8;0.02;0.00;1;0;0
1;8;0.01;0.02;0;-1;0
1;8;0.00;0.00;0;0;0
1;9;0.00;0.00;0;0;0
1;7;0.01;0.02;0;-1;0
1;8;0.00;0.00;0;0;0
1;8;0.01;0.02;0;-1;0
1;9;0.00;0.00;0;0;0
1;10;0.01;0.02;0;-1;0
1;7;0.00;0.00;0;0;0
1;7;0.04;0.02;1;-1;0
1;8;0.01;0.02;0;-1;0
1;8;0.00;0.00;0;0;0
1;9;0.01;0.02;0;-1;0
1;9;0.00;0.00;0;0;0
1;7;0.01;0.02;0;-1;0
1;8;0.00;0.00;0;0;0
1;11;0.04;0.02;1;-1;0
1;7;0.00;0.00;0;0;0
1;8;0.00;0.00;0;0;0
1;7;0.00;0.00;0;0;0
1;9;0.02;0.00;1;0;0
1;8;0.01;0.02;0;-1;0
1;7;0.00;0.00;0;0;0
1;9;0.02;0.00;1;0;0
1;11;0.00;0.00;0;0;0
1;6;0.00;0.00;0;0;0
1;8;0.00;0.00;0;0;0
1;7;0.01;0.02;1;0;1
1;10;0.00;0.00;0;0;0
1;8;0.00;0.00;0;0;0
1;7;0.00;0.00;0;0;0
1;9;0.00;0.00;0;0;0
1;8;0.01;0.02;0;-1;0
1;11;0.00;0.00;0;0;0
1;6;0.00;0.00;0;0;0
1;8;0.00;0.00;0;0;0
1;8;0.02;0.00;1;0;0
1;8;0.00;0.00;0;0;0
1;9;0.01;0.02;0;-1;0
1;7;0.00;0.00;0;0;0
1;11;0.00;0.00;0;0;0
1;6;0.00;0.00;0;0;0
1;8;0.00;0.00;0;0;0
1;9;0.00;0.00;0;0;0
1;8;0.01;0.02;0;-1;0
1;8;0.02;0.00;1;0;0
1;11;0.00;0.00;0;0;0
1;10;0.00;0.00;0;0;0
1;8;0.00;0.00;0;0;0
1;8;0.00;0.00;0;0;0
1;8;0.02;0.00;1;0;0
1;9;0.01;0.02;0;-1;0
1;7;0.00;0.00;0;0;0
1;8;0.00;0.00;0;0;0
1;9;0.00;0.00;0;0;0
1;7;0.02;0.00;1;0;0
1;8;0.00;0.00;0;0;0
1;8;0.01;0.02;0;-1;0
1;8;0.00;0.00;0;0;0
1;9;0.00;0.00;0;0;0
1;9;0.00;0.00;0;0;0
1;7;0.02;0.00;1;0;0
1;9;0.00;0.00;0;0;0
1;8;0.01;0.02;0;-1;0
1;14;0.00;0.00;0;0;0
1;7;0.00;0.00;0;0;0
1;7;0.00;0.00;0;0;0
1;9;0.02;0.00;1;0;0
1;7;0.00;0.00;0;0;0
1;9;0.01;0.02;0;-1;0
1;8;0.00;0.00;0;0;0
1;9;0.00;0.00;0;0;0
1;14;0.02;0.00;1;0;0
1;7;0.00;0.00;0;0;0
1;8;0.00;0.00;0;0;0
1;11;0.01;0.02;0;-1;0
1;5;0.00;0.00;0;0;0
1;8;0.00;0.00;0;0;0
1;8;0.00;0.00;0;0;0
1;9;0.02;0.00;1;0;0
1;8;0.00;0.00;0;0;0
1;8;0.01;0.02;0;-1;0
1;8;0.00;0.00;0;0;0
1;12;0.00;0.00;0;0;0
1;9;0.00;0.00;0;0;0
1;8;0.02;0.00;1;0;0
1;10;0.01;0.02;0;-1;0
1;6;0.00;0.00;0;0;0
1;8;0.00;0.00;0;0;0
1;8;0.00;0.00;0;0;0
1;8;0.00;0.00;0;0;0
1;8;0.00;0.00;0;0;0
1;9;0.02;0.00;1;0;0
1;7;0.01;0.02;0;-1;0
1;15;0.00;0.00;0;0;0
1;7;0.00;0.00;0;0;0
1;7;0.00;0.00;0;0;0
1;9;0.02;0.00;1;0;0
1;12;0.00;0.00;0;0;0
1;5;0.01;0.02;0;-1;0
1;8;0.00;0.00;0;0;0
1;7;0.00;0.00;0;0;0
1;9;0.00;0.00;0;0;0
1;9;0.02;0.00;1;0;0
1;7;0.00;0.00;0;0;0
1;9;0.00;0.00;0;0;0
1;8;0.01;0.02;0;-1;0
1;7;0.00;0.00;0;0;0
1;8;0.00;0.00;0;0;0
1;9;0.00;0.00;0;0;0
1;8;0.02;0.00;1;0;0
1;8;0.00;0.00;0;0;0
1;9;0.01;0.02;0;-1;0
1;7;0.00;0.00;0;0;0
1;9;0.00;0.00;0;0;0
1;11;0.00;0.00;0;0;0
1;6;0.02;0.00;1;0;0
1;8;0.00;0.00;0;0;0
1;7;0.00;0.00;0;0;0
1;10;0.01;0.02;0;-1;0
1;7;0.00;0.00;0;0;0
1;8;0.00;0.00;0;0;0
1;8;0.00;0.00;0;0;0
1;11;0.02;0.00;1;0;0
1;7;0.00;0.00;0;0;0
1;8;0.01;0.02;0;-1;0
1;7;0.00;0.00;0;0;0
1;9;0.00;0.00;0;0;0
1;8;0.00;0.00;0;0;0
1;7;0.02;0.00;1;0;0
1;9;0.00;0.00;0;0;0
1;15;0.01;0.02;0;-1;0
1;6;0.00;0.00;0;0;0
1;8;0.00;0.00;0;0;0
1;12;0.00;0.00;0;0;0
1;5;0.02;0.00;1;0;0
1;8;0.00;0.00;0;0;0
1;8;0.00;0.00;0;0;0
1;10;0.01;0.02;0;-1;0
1;7;0.00;0.00;0;0;0
1;8;0.00;0.00;0;0;0
1;7;0.00;0.00;0;0;0
1;8;0.02;0.00;1;0;0
1;8;0.00;0.00;0;0;0
1;8;0.01;0.02;0;-1;0
1;9;0.00;0.00;0;0;0
1;11;0.00;0.00;0;0;0
1;6;0.00;0.00;0;0;0
1;8;0.02;0.00;1;0;0
1;7;0.00;0.00;0;0;0
1;14;0.00;0.00;0;0;0
1;8;0.01;0.02;0;-1;0
1;7;0.00;0.00;0;0;0
1;8;0.02;0.00;1;0;0
1;8;0.00;0.00;0;0;0
1;10;0.00;0.00;0;0;0
1;7;0.00;0.00;0;0;0
1;8;0.01;0.02;0;-1;0
1;9;0.00;0.00;0;0;0
1;18;0.02;0.00;1;0;0
1;8;0.00;0.00;0;0;0
1;10;0.00;0.00;0;0;0
1;8;0.01;0.02;0;-1;0
1;10;0.00;0.00;0;0;0
1;7;0.02;0.00;1;0;0
1;11;0.00;0.00;0;0;0
1;6;0.00;0.00;0;0;0
1;7;0.00;0.00;0;0;0
1;8;0.00;0.00;0;0;0
1;9;0.01;0.02;0;-1;0
1;8;0.00;0.00;0;0;0
1;8;0.02;0.00;1;0;0
1;8;0.00;0.00;0;0;0
1;11;0.00;0.00;0;0;0
1;10;0.00;0.00;0;0;0
1;5;0.00;0.00;0;0;0
1;7;0.01;0.02;0;-1;0
1;10;0.02;0.00;1;0;0
1;7;0.00;0.00;0;0;0
1;8;0.00;0.00;0;0;0
1;8;0.00;0.00;0;0;0
1;11;0.00;0.00;0;0;0
1;6;0.00;0.00;0;0;0
1;8;0.01;0.02;0;-1;0
1;8;0.00;0.00;0;0;0
1;9;0.02;0.00;1;0;0
1;7;0.00;0.00;0;0;0
1;11;0.00;0.00;0;0;0
1;6;0.00;0.00;0;0;0
1;9;0.00;0.00;0;0;0
1;7;0.01;0.02;0;-1;0
1;8;0.02;0.00;1;0;0
1;8;0.00;0.00;0;0;0
1;9;0.00;0.00;0;0;0
1;8;0.00;0.00;0;0;0
1;8;0.00;0.00;0;0;0
1;8;0.00;0.00;0;0;0
1;8;0.01;0.02;0;-1;0
1;8;0.02;0.00;1;0;0
1;8;0.00;0.00;0;0;0
1;9;0.00;0.00;0;0;0
1;14;0.00;0.00;0;0;0
1;7;0.00;0.00;0;0;0
1;8;0.01;0.02;0;-1;0
1;7;0.02;0.00;1;0;0
1;10;0.00;0.00;0;0;0
1;7;0.00;0.00;0;0;0
1;8;0.00;0.00;0;0;0
1;9;0.00;0.00;0;0;0
1;7;0.00;0.00;0;0;0
1;10;0.00;0.00;0;0;0
1;7;0.01;0.02;0;-1;0
1;8;0.02;0.00;1;0;0
1;8;0.00;0.00;0;0;0
1;10;0.00;0.00;0;0;0
1;8;0.00;0.00;0;0;0
1;7;0.00;0.00;0;0;0
1;8;0.01;0.02;0;-1;0
1;8;0.00;0.00;0;0;0
1;8;0.02;0.00;1;0;0
1;9;0.00;0.00;0;0;0
1;8;0.00;0.00;0;0;0
1;8;0.00;0.00;0;0;0
1;18;0.01;0.02;0;-1;0
1;14;0.02;0.00;1;0;0
1;8;0.00;0.00;0;0;0
1;6;0.00;0.00;0;0;0
1;10;0.00;0.00;0;0;0
1;8;0.00;0.00;0;0;0
1;7;0.00;0.00;0;0;0
1;8;0.01;0.02;0;-1;0
1;22;0.02;0.00;1;0;0
1;6;0.00;0.00;0;0;0
1;9;0.00;0.00;0;0;0
1;11;0.00;0.00;0;0;0
1;5;0.00;0.00;0;0;0
1;8;0.01;0.02;0;-1;0
1;14;0.00;0.00;0;0;0
1;9;0.02;0.00;1;0;0
1;9;0.00;0.00;0;0;0
1;5;0.00;0.00;0;0;0
1;7;0.00;0.00;0;0;0
1;8;0.00;0.00;0;0;0
1;9;0.00;0.00;0;0;0
1;8;0.01;0.02;0;-1;0
1;8;0.00;0.00;0;0;0
1;8;0.02;0.00;1;0;0
1;8;0.00;0.00;0;0;0
1;9;0.00;0.00;0;0;0
1;8;0.00;0.00;0;0;0
1;8;0.01;0.02;0;-1;0
1;8;0.00;0.00;0;0;0
1;8;0.00;0.00;0;0;0
1;9;0.02;0.00;1;0;0
1;8;0.00;0.00;0;0;0
1;8;0.00;0.00;0;0;0
1;8;0.00;0.00;0;0;0
1;8;0.01;0.02;0;-1;0
1;9;0.00;0.00;0;0;0
1;8;0.00;0.00;0;0;0
1;8;0.00;0.00;0;0;0
1;8;0.02;0.00;1;0;0
1;8;0.00;0.00;0;0;0
1;8;0.00;0.00;0;0;0
1;10;0.01;0.02;0;-1;0
1;8;0.00;0.00;0;0;0
1;8;0.00;0.00;0;0;0
1;7;0.00;0.00;0;0;0
1;8;0.00;0.00;0;0;0
1;9;0.02;0.00;1;0;0
1;8;0.00;0.00;0;0;0
1;9;0.00;0.00;0;0;0
1;8;0.00;0.00;0;0;0
1;7;0.01;0.02;0;-1;0
1;9;0.00;0.00;0;0;0
1;8;0.02;0.00;1;0;0
1;8;0.00;0.00;0;0;0
1;13;0.00;0.00;0;0;0
1;8;0.00;0.00;0;0;0
1;9;0.00;0.00;0;0;0
1;7;0.01;0.02;0;-1;0
1;8;0.00;0.00;0;0;0
1;8;0.02;0.00;1;0;0
1;8;0.00;0.00;0;0;0
1;9;0.00;0.00;0;0;0
1;8;0.00;0.00;0;0;0
1;11;0.01;0.02;0;-1;0
1;6;0.00;0.00;0;0;0
1;8;0.00;0.00;0;0;0
1;8;0.02;0.00;1;0;0
1;11;0.00;0.00;0;0;0
1;6;0.00;0.00;0;0;0
1;7;0.00;0.00;0;0;0
1;8;0.01;0.02;0;-1;0
1;11;0.00;0.00;0;0;0
1;6;0.00;0.00;0;0;0
1;8;0.00;0.00;0;0;0
1;8;0.02;0.00;1;0;0
1;8;0.00;0.00;0;0;0
1;8;0.00;0.00;0;0;0
1;10;0.00;0.00;0;0;0
1;7;0.01;0.02;0;-1;0
1;8;0.00;0.00;0;0;0
1;13;0.02;0.00;1;0;0
1;9;0.00;0.00;0;0;0
1;8;0.00;0.00;0;0;0
1;8;0.00;0.00;0;0;0
1;8;0.00;0.00;0;0;0
1;7;0.01;0.02;0;-1;0
1;8;0.00;0.00;0;0;0
1;28;0.02;0.00;1;0;0
1;6;0.00;0.00;0;0;0
1;8;0.01;0.02;0;-1;0
1;9;0.00;0.00;0;0;0
1;9;0.02;0.00;1;0;0
1;6;0.00;0.00;0;0;0
1;8;0.00;0.00;0;0;0
1;9;0.00;0.00;0;0;0
1;8;0.00;0.00;0;0;0
1;8;0.01;0.02;0;-1;0
1;8;0.02;0.00;1;0;0
1;8;0.00;0.00;0;0;0
1;8;0.00;0.00;0;0;0
1;10;0.00;0.00;0;0;0
1;7;0.00;0.00;0;0;0
1;12;0.00;0.00;0;0;0
1;8;0.02;0.00;1;0;0
1;21;0.00;0.00;0;0;0
1;7;0.00;0.00;0;0;0
1;6;0.00;0.00;0;0;0
1;7;0.00;0.00;0;0;0
1;9;0.02;0.00;1;0;0
1;8;0.00;0.00;0;0;0
1;8;0.00;0.00;0;0;0
1;8;0.00;0.00;0;0;0
1;8;0.00;0.00;0;0;0
1;8;0.00;0.00;0;0;0
1;9;0.00;0.00;0;0;0
1;8;0.02;0.00;1;0;0
1;9;0.00;0.00;0;0;0
1;7;0.00;0.00;0;0;0
1;8;0.00;0.00;0;0;0
1;10;0.00;0.00;0;0;0
1;7;0.00;0.00;0;0;0
1;11;0.00;0.00;0;0;0
1;6;0.02;0.00;1;0;0
1;7;0.00;0.00;0;0;0
1;8;0.00;0.00;0;0;0
1;9;0.00;0.00;0;0;0
1;8;0.00;0.00;0;0;0
1;8;0.00;0.00;0;0;0
1;8;0.00;0.00;0;0;0
1;14;0.02;0.00;1;0;0
1;8;0.00;0.00;0;0;0
1;7;0.00;0.00;0;0;0
1;8;0.00;0.00;0;0;0
1;9;0.00;0.00;0;0;0
1;7;0.00;0.00;0;0;0
1;9;0.00;0.00;0;0;0
1;8;0.02;0.00;1;0;0
1;8;0.00;0.00;0;0;0
1;8;0.00;0.00;0;0;0
1;8;0.00;0.00;0;0;0
1;10;0.00;0.00;0;0;0
1;7;0.00;0.00;0;0;0
1;8;0.02;0.00;1;0;0
1;8;0.01;-0.02;0;0;-1
1;8;0.00;0.00;0;0;0
1;9;0.00;0.00;0;0;0
1;8;0.00;0.00;0;0;0
1;8;0.00;0.00;0;0;0
1;11;0.02;0.00;1;0;0
1;6;0.00;0.00;0;0;0
1;8;0.00;0.00;0;0;0
1;8;0.00;0.00;0;0;0
1;11;0.02;0.00;1;0;0
1;6;0.01;-0.02;0;0;-1
1;7;0.00;0.00;0;0;0
1;9;0.02;0.00;1;0;0
1;16;0.00;0.00;0;0;0
1;5;0.02;0.00;1;0;0
1;7;0.00;0.00;0;0;0
1;8;0.02;0.00;1;0;0
1;9;0.00;0.00;0;0;0
1;8;0.02;0.00;1;0;0
1;8;0.00;0.00;0;0;0
1;11;0.04;-0.02;1;0;-1
1;6;0.00;0.00;0;0;0
1;8;0.02;0.00;1;0;0
1;8;0.00;0.00;0;0;0
1;8;0.02;0.00;1;0;0
1;8;0.02;0.00;1;0;0
1;10;0.01;-0.02;0;0;-1
1;9;0.02;0.00;1;0;0
1;6;0.00;0.00;0;0;0
1;8;0.02;0.00;1;0;0
1;9;0.00;0.00;0;0;0
1;7;0.02;0.00;1;0;0
1;8;0.00;0.00;0;0;0
1;9;0.02;0.00;1;0;0
1;10;0.01;-0.02;0;0;-1
1;7;0.02;0.00;1;0;0
1;7;0.00;0.00;0;0;0
1;8;0.00;0.00;0;0;0
1;20;0.04;-0.02;1;0;-1
1;6;0.00;0.00;0;0;0
1;7;0.00;0.00;0;0;0
1;10;0.01;0.02;0;-1;0
1;8;0.00;0.00;0;0;0
1;7;0.00;0.00;0;0;0
1;8;0.04;-0.02;1;0;-1
1;8;0.00;0.00;0;0;0
1;8;0.00;0.00;0;0;0
1;9;0.00;0.00;0;0;0
1;8;0.00;0.00;0;0;0
1;8;0.00;0.00;0;0;0
1;8;0.00;0.00;0;0;0
1;11;0.00;0.00;0;0;0
1;6;0.00;0.00;0;0;0
1;9;0.04;-0.02;1;0;-1
1;7;0.00;0.00;0;0;0
1;8;0.00;0.00;0;0;0
1;11;0.00;0.00;0;0;0
1;6;0.00;0.00;0;0;0
1;8;0.00;0.00;0;0;0
1;8;0.00;0.00;0;0;0
1;11;0.02;0.00;1;0;0
1;5;0.01;-0.02;0;0;-1
1;8;0.00;0.00;0;0;0
1;12;0.00;0.00;0;0;0
1;9;0.00;0.00;0;0;0
1;8;0.00;0.00;0;0;0
1;8;0.02;0.00;1;0;0
1;8;0.00;0.00;0;0;0
1;9;0.01;-0.02;0;0;-1
1;8;0.00;0.00;0;0;0
1;8;0.00;0.00;0;0;0
1;8;0.02;0.00;1;0;0
1;8;0.00;0.00;0;0;0
1;9;0.02;0.00;1;0;0
1;8;0.00;0.00;0;0;0
1;8;0.01;-0.02;0;0;-1
1;8;0.02;0.00;1;0;0
1;16;0.02;0.00;1;0;0
1;6;0.00;0.00;0;0;0
1;7;0.02;0.00;1;0;0
1;8;0.00;0.00;0;0;0
1;9;0.02;0.00;1;0;0
1;8;0.01;-0.02;0;0;-1
1;8;0.02;0.00;1;0;0
1;8;0.00;0.00;0;0;0
1;8;0.02;0.00;1;0;0
1;8;0.00;0.00;0;0;0
1;8;0.00;0.00;0;0;0
1;9;0.04;-0.02;1;0;-1
1;8;0.00;0.00;0;0;0
1;11;0.00;0.00;0;0;0
1;6;0.02;0.00;1;0;0
1;7;0.00;0.00;0;0;0
1;10;0.01;-0.02;0;0;-1
1;8;0.00;0.00;0;0;0
1;8;0.00;0.00;0;0;0
1;7;0.00;0.00;0;0;0
1;8;0.02;0.00;1;0;0
1;8;0.01;-0.02;0;0;-1
1;9;0.00;0.00;0;0;0
1;11;0.00;0.00;0;0;0
1;8;0.00;0.00;0;0;0
1;6;0.00;0.00;0;0;0
1;7;0.00;0.00;0;0;0
1;14;0.00;0.00;0;0;0
1;7;0.01;-0.02;0;0;-1
1;9;0.02;0.00;1;0;0
1;7;0.00;0.00;0;0;0
1;10;0.00;0.00;0;0;0
1;7;0.00;0.00;0;0;0
1;8;0.00;0.00;0;0;0
1;8;0.00;0.00;0;0;0
1;9;0.00;0.00;0;0;0
1;7;0.00;0.00;0;0;0
1;9;0.04;-0.02;1;0;-1
1;8;0.00;0.00;0;0;0
1;9;0.00;0.00;0;0;0
1;11;0.00;0.00;0;0;0
1;9;0.00;0.00;0;0;0
1;8;0.00;0.00;0;0;0
1;8;0.02;0.00;1;0;0
1;9;0.01;-0.02;0;0;-1
1;7;0.00;0.00;0;0;0
1;8;0.00;0.00;0;0;0
1;9;0.00;0.00;0;0;0
1;10;0.02;0.00;1;0;0
1;6;0.00;0.00;0;0;0
1;8;0.02;0.00;1;0;0
1;8;0.01;-0.02;0;0;-1
1;14;0.02;0.00;1;0;0
1;7;0.00;0.00;0;0;0
1;8;0.00;0.00;0;0;0
1;11;0.02;0.00;1;0;0
1;7;0.00;0.00;0;0;0
1;8;0.02;0.00;1;0;0
1;7;0.00;0.00;0;0;0
1;8;0.04;-0.02;1;0;-1
1;8;0.00;0.00;0;0;0
1;8;0.02;0.00;1;0;0
1;9;0.00;0.00;0;0;0
1;9;0.02;0.00;1;0;0
1;7;0.01;-0.02;0;0;-1
1;8;0.02;0.00;1;0;0
1;8;0.00;0.00;0;0;0
1;10;0.02;0.00;1;0;0
1;7;0.00;0.00;0;0;0
1;8;0.02;0.00;1;0;0
1;8;0.01;-0.02;0;0;-1
1;14;0.02;0.00;1;0;0
1;7;0.00;0.00;0;0;0
1;8;0.00;0.00;0;0;0
1;8;0.00;0.00;0;0;0
1;8;0.01;-0.02;0;0;-1
1;8;0.00;0.00;0;0;0
1;9;0.00;0.00;0;0;0
1;12;0.02;0.00;1;0;0
1;5;0.00;0.00;0;0;0
1;7;0.00;0.00;0;0;0
1;8;0.00;0.00;0;0;0
1;9;0.01;-0.02;0;0;-1
1;8;0.00;0.00;0;0;0
1;8;0.00;0.00;0;0;0
1;8;0.00;0.00;0;0;0
1;9;0.00;0.00;0;0;0
1;8;0.00;0.00;0;0;0
1;8;0.02;0.00;1;0;0
1;8;0.00;0.00;0;0;0
1;8;0.00;0.00;0;0;0
1;8;0.00;0.00;0;0;0
1;11;0.00;0.00;0;0;0
1;6;0.01;-0.02;0;0;-1
1;8;0.00;0.00;0;0;0
1;8;0.02;0.00;1;0;0
1;8;0.00;0.00;0;0;0
1;8;0.00;0.00;0;0;0
1;9;0.02;0.00;1;0;0
1;8;0.00;0.00;0;0;0
1;10;0.04;-0.02;1;0;-1
1;7;0.00;0.00;0;0;0
1;7;0.00;0.00;0;0;0
1;12;0.02;0.00;1;0;0
1;5;0.00;0.00;0;0;0
1;10;0.02;0.00;1;0;0
1;6;0.00;0.00;0;0;0
1;11;0.04;-0.02;1;0;-1
1;6;0.00;0.00;0;0;0
1;8;0.00;0.00;0;0;0
1;8;0.02;0.00;1;0;0
1;18;0.02;0.00;1;0;0
1;7;0.01;-0.02;0;0;-1
1;8;0.02;0.00;1;0;0
1;11;0.00;0.00;0;0;0
1;5;0.02;0.00;1;0;0
1;8;0.00;0.00;0;0;0
1;9;0.02;0.00;1;0;0
1;11;0.00;0.00;0;0;0
1;5;0.01;-0.02;0;0;-1
1;8;0.02;0.00;1;0;0
1;8;0.00;0.00;0;0;0
1;8;0.00;0.00;0;0;0
1;9;0.02;0.00;1;0;0
1;8;0.00;0.00;0;0;0
1;8;0.00;0.00;0;0;0
1;8;0.01;-0.02;0;0;-1
1;8;0.00;0.00;0;0;0
1;9;0.02;0.00;1;0;0
1;8;0.00;0.00;0;0;0
1;10;0.00;0.00;0;0;0
1;7;0.00;0.00;0;0;0
1;7;0.01;-0.02;0;0;-1
1;9;0.00;0.00;0;0;0
1;8;0.00;0.00;0;0;0
1;8;0.00;0.00;0;0;0
1;8;0.00;0.00;0;0;0
1;8;0.00;0.00;0;0;0
1;9;0.00;0.00;0;0;0
1;8;0.00;0.00;0;0;0
1;8;0.02;0.00;1;0;0
1;8;0.01;-0.02;0;0;-1
1;8;0.00;0.00;0;0;0
1;8;0.00;0.00;0;0;0
1;13;0.00;0.00;0;0;0
1;8;0.00;0.00;0;0;0
1;8;0.00;0.00;0;0;0
1;8;0.02;0.00;1;0;0
1;9;0.00;0.00;0;0;0
1;8;0.00;0.00;0;0;0
1;8;0.01;-0.02;0;0;-1
1;10;0.02;0.00;1;0;0
1;6;0.00;0.00;0;0;0
1;9;0.00;0.00;0;0;0
1;8;0.02;0.00;1;0;0
1;9;0.00;0.00;0;0;0
1;10;0.02;0.00;1;0;0
1;5;0.00;0.00;0;0;0
1;8;0.01;-0.02;0;0;-1
1;9;0.02;0.00;1;0;0
1;8;0.00;0.00;0;0;0
1;8;0.02;0.00;1;0;0
1;8;0.00;0.00;0;0;0
1;8;0.02;0.00;1;0;0
1;9;0.00;0.00;0;0;0
1;8;0.02;0.00;1;0;0
1;11;0.04;-0.02;1;0;-1
1;5;0.00;0.00;0;0;0
1;8;0.00;0.00;0;0;0
1;10;0.02;0.00;1;0;0
1;10;0.02;0.00;1;0;0
1;5;0.00;0.00;0;0;0
1;8;0.04;-0.02;1;0;-1
1;8;0.00;0.00;0;0;0
1;12;0.02;0.00;1;0;0
1;6;0.00;0.00;0;0;0
1;7;0.02;0.00;1;0;0
1;8;0.00;0.00;0;0;0
1;11;0.04;-0.02;1;0;-1
1;6;0.00;0.00;0;0;0
1;8;0.00;0.00;0;0;0
1;8;0.02;0.00;1;0;0
1;11;0.00;0.00;0;0;0
1;9;0.00;0.00;0;0;0
1;9;0.01;-0.02;0;0;-1
1;8;0.00;0.00;0;0;0
1;8;0.02;0.00;1;0;0
1;12;0.00;0.00;0;0;0
1;8;0.00;0.00;0;0;0
1;9;0.01;-0.02;0;0;-1
1;8;0.00;0.00;0;0;0
1;8;0.00;0.00;0;0;0
1;8;0.00;0.00;0;0;0
1;8;0.00;0.00;0;0;0
1;9;0.00;0.00;0;0;0
1;9;0.00;0.00;0;0;0
1;16;0.00;0.00;0;0;0
1;7;0.01;-0.02;0;0;-1
1;11;0.02;0.00;1;0;0
1;7;0.00;0.00;0;0;0
1;7;0.00;0.00;0;0;0
1;9;0.00;0.00;0;0;0
1;9;0.00;0.00;0;0;0
1;9;0.02;0.00;1;0;0
1;31;0.01;-0.02;0;0;-1
1;22;0.02;0.00;1;0;0
1;8;0.00;0.00;0;0;0
1;7;0.00;0.00;0;0;0
1;7;0.01;-0.02;0;0;-1
1;12;0.02;0.00;1;0;0
1;5;0.00;0.00;0;0;0
1;8;0.00;0.00;0;0;0
1;8;0.00;0.00;0;0;0
1;8;0.00;0.00;0;0;0
1;8;0.00;0.00;0;0;0
1;9;0.01;-0.02;0;0;-1
1;8;0.00;0.00;0;0;0
1;15;0.04;0.02;1;-1;0
1;5;0.00;0.00;0;0;0
1;9;0.00;0.00;0;0;0
1;9;0.00;0.00;0;0;0
1;7;0.01;-0.02;0;0;-1
1;8;0.00;0.00;0;0;0
1;8;0.00;0.00;0;0;0
1;8;0.02;0.00;1;0;0
1;9;0.00;0.00;0;0;0
1;8;0.00;0.00;0;0;0
1;8;0.00;0.00;0;0;0
1;8;0.01;-0.02;0;0;-1
1;8;0.00;0.00;0;0;0
1;9;0.02;0.00;1;0;0
1;8;0.00;0.00;0;0;0
1;8;0.00;0.00;0;0;0
1;8;0.00;0.00;0;0;0
1;9;0.00;0.00;0;0;0
1;8;0.04;-0.02;1;0;-1
1;8;0.00;0.00;0;0;0
1;8;0.00;0.00;0;0;0
1;8;0.00;0.00;0;0;0
1;8;0.00;0.00;0;0;0
1;9;0.00;0.00;0;0;0
1;8;0.00;0.00;0;0;0
1;12;0.04;-0.02;1;0;-1
1;8;0.00;0.00;0;0;0
1;9;0.00;0.00;0;0;0
1;10;0.00;0.00;0;0;0
1;7;0.00;0.00;0;0;0
1;7;0.00;0.00;0;0;0
1;9;0.04;-0.02;1;0;-1
1;8;0.00;0.00;0;0;0
1;12;0.00;0.00;0;0;0
1;5;0.00;0.00;0;0;0
1;7;0.00;0.00;0;0;0
1;8;0.00;0.00;0;0;0
1;8;0.04;-0.02;1;0;-1
1;9;0.00;0.00;0;0;0
1;8;0.00;0.00;0;0;0
1;8;0.00;0.00;0;0;0
1;8;0.00;0.00;0;0;0
1;8;0.02;0.00;1;0;0
1;8;0.01;-0.02;0;0;-1
1;9;0.00;0.00;0;0;0
1;8;0.00;0.00;0;0;0
1;8;0.00;0.00;0;0;0
1;8;0.00;0.00;0;0;0
1;8;0.02;0.00;1;0;0
1;9;0.00;0.00;0;0;0
1;8;0.01;-0.02;0;0;-1
1;8;0.00;0.00;0;0;0
1;10;0.00;0.00;0;0;0
1;6;0.00;0.00;0;0;0
1;9;0.00;0.00;0;0;0
1;8;0.04;-0.02;1;0;-1
1;8;0.00;0.00;0;0;0
1;8;0.00;0.00;0;0;0
1;8;0.01;-0.02;0;0;-1
1;9;0.00;0.00;0;0;0
1;8;0.01;-0.02;0;0;-1
1;11;0.00;0.00;0;0;0
1;6;0.01;-0.02;0;0;-1
1;7;0.00;0.00;0;0;0
1;9;0.02;0.00;1;0;0
1;23;0.02;-0.04;0;0;-2
1;5;0.00;0.00;0;0;0
1;8;0.01;-0.02;0;0;-1
1;20;0.04;-0.02;1;0;-1
1;5;0.01;-0.02;0;0;-1
1;14;0.00;0.00;0;0;0
1;6;0.01;-0.02;0;0;-1
1;9;0.02;0.00;1;0;0
1;8;0.01;-0.02;0;0;-1
1;8;0.00;0.00;0;0;0
1;8;0.00;0.00;0;0;0
1;8;0.01;-0.02;0;0;-1
1;9;0.00;0.00;0;0;0
1;8;0.02;0.00;1;0;0
1;8;0.00;0.00;0;0;0
1;8;0.01;-0.02;0;0;-1
1;8;0.00;0.00;0;0;0
1;11;0.00;0.00;0;0;0
1;6;0.02;0.00;1;0;0
1;8;0.00;0.00;0;0;0
1;8;0.00;0.00;0;0;0
1;8;0.00;0.00;0;0;0
1;9;0.00;0.00;0;0;0
1;8;0.00;0.00;0;0;0
1;8;0.01;-0.02;0;0;-1
1;8;0.02;0.00;1;0;0
1;8;0.00;0.00;0;0;0
1;8;0.00;0.00;0;0;0
1;9;0.00;0.00;0;0;0
1;8;0.00;0.00;0;0;0
1;8;0.00;0.00;0;0;0
1;8;0.00;0.00;0;0;0
1;8;0.04;-0.02;1;0;-1
1;9;0.00;0.00;0;0;0
1;8;0.00;0.00;0;0;0
1;8;0.00;0.00;0;0;0
1;11;0.00;0.00;0;0;0
1;8;0.01;-0.02;0;0;-1
1;7;0.00;0.00;0;0;0
1;7;0.02;0.00;1;0;0
1;8;0.00;0.00;0;0;0
1;8;0.00;0.00;0;0;0
1;9;0.00;0.00;0;0;0
1;8;0.01;-0.02;0;0;-1
1;8;0.00;0.00;0;0;0
1;9;0.00;0.00;0;0;0
1;9;0.02;0.00;1;0;0
1;6;0.01;-0.02;0;0;-1
1;9;0.00;0.00;0;0;0
1;8;0.01;-0.02;0;0;-1
1;9;0.00;0.00;0;0;0
1;7;0.00;0.00;0;0;0
1;8;0.01;-0.02;0;0;-1
1;8;0.02;0.00;1;0;0
1;10;0.01;-0.02;0;0;-1
1;10;0.01;-0.02;0;0;-1
1;6;0.00;0.00;0;0;0
1;15;0.01;-0.02;0;0;-1
1;9;0.04;-0.02;1;0;-1
1;8;0.00;0.00;0;0;0
1;8;0.01;-0.02;0;0;-1
1;8;0.00;0.00;0;0;0
1;8;0.04;-0.02;1;0;-1
1;12;0.01;-0.02;0;0;-1
1;8;0.00;0.00;0;0;0
1;5;0.01;-0.02;0;0;-1
1;8;0.00;0.00;0;0;0
1;8;0.01;-0.02;0;0;-1
1;10;0.02;0.00;1;0;0
1;7;0.00;0.00;0;0;0
1;8;0.01;-0.02;0;0;-1
1;8;0.00;0.00;0;0;0
1;8;0.00;0.00;0;0;0
1;9;0.02;0.00;1;0;0
1;8;0.01;-0.02;0;0;-1
1;8;0.00;0.00;0;0;0
1;13;0.00;0.00;0;0;0
1;7;0.00;0.00;0;0;0
1;9;0.00;0.00;0;0;0
1;11;0.02;0.00;1;0;0
1;5;0.00;0.00;0;0;0
1;8;0.00;0.00;0;0;0
1;8;0.01;-0.02;0;0;-1
1;12;0.00;0.00;0;0;0
1;5;0.00;0.00;0;0;0
1;8;0.00;0.00;0;0;0
1;8;0.00;0.00;0;0;0
1;8;0.02;0.00;1;0;0
1;8;0.00;0.00;0;0;0
1;24;0.00;0.00;0;0;0
1;6;0.01;-0.02;0;0;-1
1;7;0.00;0.00;0;0;0
1;9;0.00;0.00;0;0;0
1;8;0.02;0.00;1;0;0
1;8;0.00;0.00;0;0;0
1;8;0.00;0.00;0;0;0
1;8;0.00;0.00;0;0;0
1;10;0.00;0.00;0;0;0
1;8;0.00;0.00;0;0;0
1;10;0.00;0.00;0;0;0
1;5;0.00;0.00;0;0;0
1;9;0.02;0.00;1;0;0
1;7;0.01;-0.02;0;0;-1
1;12;0.00;0.00;0;0;0
1;6;0.00;0.00;0;0;0
1;7;0.01;-0.02;0;0;-1
1;8;0.00;0.00;0;0;0
1;8;0.04;-0.02;1;0;-1
1;13;0.00;0.00;0;0;0
1;9;0.01;-0.02;0;0;-1
1;7;0.00;0.00;0;0;0
1;8;0.01;-0.02;0;0;-1
1;8;0.00;0.00;0;0;0
1;12;0.01;-0.02;0;0;-1
1;5;0.02;0.00;1;0;0
1;8;0.01;-0.02;0;0;-1
1;8;0.00;0.00;0;0;0
1;8;0.01;-0.02;0;0;-1
1;9;0.00;0.00;0;0;0
1;8;0.01;-0.02;0;0;-1
1;8;0.02;0.00;1;0;0
1;8;0.01;-0.02;0;0;-1
1;8;0.00;0.00;0;0;0
1;9;0.01;-0.02;0;0;-1
1;8;0.00;0.00;0;0;0
1;8;0.01;-0.02;0;0;-1
1;12;0.02;0.00;1;0;0
1;9;0.01;-0.02;0;0;-1
1;8;0.00;0.00;0;0;0
1;8;0.00;0.00;0;0;0
1;8;0.01;-0.02;0;0;-1
1;8;0.02;0.00;1;0;0
1;8;0.01;-0.02;0;0;-1
1;9;0.00;0.00;0;0;0
1;8;0.00;0.00;0;0;0
1;8;0.01;-0.02;0;0;-1
1;8;0.00;0.00;0;0;0
1;8;0.01;-0.02;0;0;-1
1;9;0.02;0.00;1;0;0
1;16;0.00;0.00;0;0;0
1;8;0.00;0.00;0;0;0
1;8;0.01;-0.02;0;0;-1
1;12;0.00;0.00;0;0;0
1;5;0.02;0.00;1;0;0
1;8;0.00;0.00;0;0;0
1;8;0.00;0.00;0;0;0
1;11;0.00;0.00;0;0;0
1;5;0.00;0.00;0;0;0
1;9;0.00;0.00;0;0;0
1;8;0.00;0.00;0;0;0
1;9;0.02;0.00;1;0;0
1;7;0.01;-0.02;0;0;-1
1;12;0.00;0.00;0;0;0
1;5;0.00;0.00;0;0;0
1;11;0.00;0.00;0;0;0
1;5;0.00;0.00;0;0;0
1;8;0.00;0.00;0;0;0
1;8;0.01;-0.02;0;0;-1
1;9;0.00;0.00;0;0;0
1;8;0.02;0.00;1;0;0
1;8;0.01;-0.02;0;0;-1
1;8;0.00;0.00;0;0;0
1;9;0.01;-0.02;0;0;-1
1;8;0.00;0.00;0;0;0
1;8;0.00;0.00;0;0;0
1;8;0.01;-0.02;0;0;-1
1;8;0.00;0.00;0;0;0
1;8;0.04;-0.02;1;0;-1
1;9;0.00;0.00;0;0;0
1;8;0.01;-0.02;0;0;-1
1;9;0.00;0.00;0;0;0
1;7;0.00;0.00;0;0;0
1;8;0.04;-0.02;1;0;-1
1;8;-0.01;-0.02;0;1;0
1;9;0.01;-0.02;0;0;-1
1;8;0.00;0.00;0;0;0
1;8;0.01;-0.02;0;0;-1
1;8;0.00;0.00;0;0;0
1;8;0.02;0.00;1;0;0
1;12;0.00;-0.04;0;1;-1
1;5;0.00;0.00;0;0;0
1;8;0.01;-0.02;0;0;-1
1;8;0.00;0.00;0;0;0
1;11;0.01;-0.02;0;0;-1
1;7;0.00;0.00;0;0;0
1;7;0.01;-0.02;0;0;-1
1;8;-0.01;-0.02;0;1;0
1;10;0.01;-0.02;0;0;-1
1;6;0.00;0.00;0;0;0
1;9;0.01;-0.02;0;0;-1
1;8;0.00;0.00;0;0;0
1;8;0.00;0.00;0;0;0
1;8;0.01;-0.02;0;0;-1
1;8;0.00;0.00;0;0;0
1;9;0.00;-0.04;0;1;-1
1;11;0.00;0.00;0;0;0
1;5;0.00;0.00;0;0;0
1;8;0.01;-0.02;0;0;-1
1;8;0.00;0.00;0;0;0
1;8;0.00;0.00;0;0;0
1;9;0.01;-0.02;0;0;-1
1;8;-0.01;-0.02;0;1;0
1;8;0.00;0.00;0;0;0
1;8;0.00;0.00;0;0;0
1;8;0.00;0.00;0;0;0
1;9;0.00;0.00;0;0;0
1;8;0.00;0.00;0;0;0
1;10;0.01;-0.02;0;0;-1
1;6;-0.01;-0.02;0;1;0
1;8;0.00;0.00;0;0;0
1;9;0.00;0.00;0;0;0
1;8;0.00;0.00;0;0;0
1;8;0.00;0.00;0;0;0
1;8;0.00;0.00;0;0;0
1;8;0.00;0.00;0;0;0
1;9;-0.01;-0.02;0;1;0
1;8;0.00;0.00;0;0;0
1;8;0.01;-0.02;0;0;-1
1;8;0.00;0.00;0;0;0
1;8;0.00;0.00;0;0;0
1;8;0.01;-0.02;0;0;-1
1;9;-0.01;-0.02;0;1;0
1;8;0.01;-0.02;0;0;-1
1;8;0.00;0.00;0;0;0
1;8;0.01;-0.02;0;0;-1
1;8;0.00;0.00;0;0;0
1;22;0.02;-0.04;0;0;-2
1;13;0.00;-0.04;0;1;-1
1;6;0.00;0.00;0;0;0
1;9;0.01;-0.02;0;0;-1
1;10;0.00;0.00;0;0;0
1;6;0.01;-0.02;0;0;-1
1;41;0.02;-0.08;0;1;-3
1;8;0.00;0.00;0;0;0
1;17;0.01;-0.02;0;0;-1
1;12;0.01;-0.02;0;0;-1
1;12;0.00;-0.04;0;1;-1
1;8;0.00;0.00;0;0;0
1;10;0.01;-0.02;0;0;-1
1;7;0.00;0.00;0;0;0
1;8;0.01;-0.02;0;0;-1
1;8;0.00;0.00;0;0;0
1;8;0.01;-0.02;0;0;-1
1;8;-0.01;-0.02;0;1;0
1;11;0.01;-0.02;0;0;-1
1;6;0.00;0.00;0;0;0
1;8;0.01;-0.02;0;0;-1
1;8;0.00;0.00;0;0;0
1;8;0.00;0.00;0;0;0
1;9;0.01;-0.02;0;0;-1
1;8;0.00;0.00;0;0;0
1;8;0.01;-0.02;1;1;0
1;8;0.00;0.00;0;0;0
1;8;0.00;0.00;0;0;0
1;9;0.01;-0.02;0;0;-1
1;8;0.00;0.00;0;0;0
1;8;-0.01;-0.02;0;1;0
1;8;0.00;0.00;0;0;0
1;8;0.00;0.00;0;0;0
1;9;0.00;0.00;0;0;0
1;8;0.00;0.00;0;0;0
1;8;0.00;0.00;0;0;0
1;8;0.00;0.00;0;0;0
1;8;0.00;0.00;0;0;0
1;8;0.00;0.00;0;0;0
1;9;-0.01;-0.02;0;1;0
1;8;0.01;-0.02;0;0;-1
1;8;0.00;0.00;0;0;0
1;8;0.00;0.00;0;0;0
1;8;0.00;0.00;0;0;0
1;9;0.00;0.00;0;0;0
1;8;0.01;-0.02;0;0;-1
1;8;0.00;0.00;0;0;0
1;8;-0.01;-0.02;0;1;0
1;8;0.01;-0.02;0;0;-1
1;9;0.00;0.00;0;0;0
1;9;0.01;-0.02;0;0;-1
1;12;0.00;0.00;0;0;0
1;7;0.01;-0.02;0;0;-1
1;8;0.00;0.00;0;0;0
1;12;0.01;-0.02;0;0;-1
1;5;0.00;0.00;0;0;0
1;11;0.01;-0.02;0;0;-1
1;5;0.00;-0.04;0;1;-1
1;15;0.01;-0.02;0;0;-1
1;7;0.00;0.00;0;0;0
1;7;0.01;-0.02;0;0;-1
1;8;0.00;0.00;0;0;0
1;8;0.01;-0.02;0;0;-1
1;12;0.00;-0.04;0;1;-1
1;5;0.00;0.00;0;0;0
1;8;0.00;0.00;0;0;0
1;8;0.01;-0.02;0;0;-1
1;8;0.00;0.00;0;0;0
1;8;0.00;0.00;0;0;0
1;9;0.00;-0.04;0;1;-1
1;8;0.00;0.00;0;0;0
1;8;0.00;0.00;0;0;0
1;8;0.00;0.00;0;0;0
1;12;-0.01;-0.02;0;1;0
1;9;0.01;-0.02;0;0;-1
1;8;0.00;0.00;0;0;0
1;8;0.00;0.00;0;0;0
1;9;0.00;0.00;0;0;0
1;7;0.00;0.00;0;0;0
1;9;0.00;0.00;0;0;0
1;8;-0.01;-0.02;0;1;0
1;8;0.00;0.00;0;0;0
1;8;0.00;0.00;0;0;0
1;8;0.00;0.00;0;0;0
1;9;0.00;0.00;0;0;0
1;8;0.01;-0.02;0;0;-1
1;8;0.00;0.00;0;0;0
1;8;0.00;0.00;0;0;0
1;8;0.00;0.00;0;0;0
1;9;0.00;0.00;0;0;0
1;12;0.00;0.00;0;0;0
1;8;-0.01;-0.02;0;1;0
1;8;0.00;0.00;0;0;0
1;8;0.01;-0.02;0;0;-1
1;10;0.00;0.00;0;0;0
1;7;0.00;0.00;0;0;0
1;8;0.00;0.00;0;0;0
1;8;0.00;0.00;0;0;0
1;12;-0.01;-0.02;0;1;0
1;10;0.00;0.00;0;0;0
1;7;0.01;-0.02;0;0;-1
1;12;0.00;0.00;0;0;0
1;10;0.00;0.00;0;0;0
1;7;0.00;0.00;0;0;0
1;8;-0.01;-0.02;0;1;0
1;8;0.00;0.00;0;0;0
1;8;0.01;-0.02;0;0;-1
1;8;0.00;0.00;0;0;0
1;8;0.00;0.00;0;0;0
1;9;0.00;0.00;0;0;0
1;8;0.00;0.00;0;0;0
1;8;-0.01;-0.02;0;1;0
1;11;0.01;-0.02;0;0;-1
1;5;0.00;0.00;0;0;0
1;9;0.00;0.00;0;0;0
1;8;0.01;-0.02;0;0;-1
1;11;0.00;0.00;0;0;0
1;5;0.01;-0.02;0;0;-1
1;8;0.00;0.00;0;0;0
1;9;0.01;-0.02;0;0;-1
1;8;0.00;0.00;0;0;0
1;8;0.00;0.00;0;0;0
1;8;0.00;-0.04;0;1;-1
1;8;0.00;0.00;0;0;0
1;12;0.01;-0.02;0;0;-1
1;5;0.01;-0.02;0;0;-1
1;8;0.00;0.00;0;0;0
1;8;0.01;-0.02;0;0;-1
1;9;-0.01;-0.02;0;1;0
1;12;0.01;-0.02;0;0;-1
1;8;0.00;0.00;0;0;0
1;11;0.01;-0.02;0;0;-1
1;5;-0.01;-0.02;0;1;0
1;8;0.00;0.00;0;0;0
1;9;0.01;-0.02;0;0;-1
1;8;0.00;0.00;0;0;0
1;8;0.00;0.00;0;0;0
1;8;-0.01;-0.02;0;1;0
1;8;0.01;-0.02;0;0;-1
1;9;0.00;0.00;0;0;0
1;8;0.00;0.00;0;0;0
1;13;0.00;0.00;0;0;0
1;7;-0.01;-0.02;0;1;0
1;8;0.00;0.00;0;0;0
1;9;0.00;0.00;0;0;0
1;8;0.00;0.00;0;0;0
1;8;0.00;0.00;0;0;0
1;8;0.00;0.00;0;0;0
1;8;0.00;0.00;0;0;0
1;9;0.00;0.00;0;0;0
1;8;0.00;0.00;0;0;0
1;8;0.01;-0.02;0;0;-1
1;8;0.00;0.00;0;0;0
1;11;0.00;0.00;0;0;0
1;9;-0.01;-0.02;0;1;0
1;5;0.00;0.00;0;0;0
1;11;0.00;0.00;0;0;0
1;5;0.00;0.00;0;0;0
1;8;0.00;0.00;0;0;0
1;8;0.01;-0.02;0;0;-1
1;16;0.00;0.00;0;0;0
1;5;-0.01;-0.02;0;1;0
1;8;0.00;0.00;0;0;0
1;8;0.00;0.00;0;0;0
1;9;0.00;0.00;0;0;0
1;8;0.01;-0.02;0;0;-1
1;8;0.00;0.00;0;0;0
1;8;0.00;0.00;0;0;0
1;8;-0.01;-0.02;0;1;0
1;8;0.00;0.00;0;0;0
1;9;0.00;0.00;0;0;0
1;11;0.00;0.00;0;0;0
1;5;0.00;0.00;0;0;0
1;8;0.01;-0.02;0;0;-1
1;8;0.00;0.00;0;0;0
1;9;0.00;0.00;0;0;0
1;8;0.00;0.00;0;0;0
1;8;0.00;0.00;0;0;0
1;8;-0.01;-0.02;0;1;0
1;11;0.01;-0.02;0;0;-1
1;9;0.00;0.00;0;0;0
1;5;0.00;0.00;0;0;0
1;8;0.01;-0.02;0;0;-1
1;8;0.00;0.00;0;0;0
1;8;0.01;-0.02;0;0;-1
1;9;0.00;0.00;0;0;0
1;8;0.00;0.00;0;0;0
1;8;0.00;-0.04;0;1;-1
1;8;0.00;0.00;0;0;0
1;10;0.01;-0.02;0;0;-1
1;7;0.00;0.00;0;0;0
1;8;0.01;-0.02;0;0;-1
1;8;-0.01;-0.02;0;1;0
1;8;0.01;-0.02;0;0;-1
1;8;0.00;0.00;0;0;0
1;8;0.01;-0.02;0;0;-1
1;9;0.00;0.00;0;0;0
1;8;0.00;-0.04;0;1;-1
1;8;0.00;0.00;0;0;0
1;8;0.01;-0.02;0;0;-1
1;8;0.00;0.00;0;0;0
1;9;0.00;0.00;0;0;0
1;8;0.00;-0.04;0;1;-1
1;8;0.00;0.00;0;0;0
1;8;0.00;0.00;0;0;0
1;8;0.01;-0.02;0;0;-1
1;9;0.00;0.00;0;0;0
1;11;-0.01;-0.02;0;1;0
1;5;0.00;0.00;0;0;0
1;8;0.00;0.00;0;0;0
1;8;0.00;0.00;0;0;0
1;9;0.00;0.00;0;0;0
1;8;0.01;-0.02;0;0;-1
1;8;0.00;0.00;0;0;0
1;8;0.00;0.00;0;0;0
1;8;-0.01;-0.02;0;1;0
1;12;0.00;0.00;0;0;0
1;5;0.00;0.00;0;0;0
1;8;0.00;0.00;0;0;0
1;8;0.00;0.00;0;0;0
1;12;0.00;0.00;0;0;0
1;9;0.00;0.00;0;0;0
1;8;0.00;0.00;0;0;0
1;8;-0.01;-0.02;0;1;0
1;9;0.00;0.00;0;0;0
1;7;0.01;-0.02;0;0;-1
1;9;0.00;0.00;0;0;0
1;8;0.00;0.00;0;0;0
1;8;0.00;0.00;0;0;0
1;8;0.00;0.00;0;0;0
1;8;-0.01;-0.02;0;1;0
1;8;0.01;-0.02;0;0;-1
1;9;0.00;0.00;0;0;0
1;14;0.00;0.00;0;0;0
1;6;0.00;0.00;0;0;0
1;8;0.00;0.00;0;0;0
1;9;0.00;0.00;0;0;0
1;9;0.01;-0.02;0;0;-1
1;7;-0.01;-0.02;0;1;0
1;8;0.00;0.00;0;0;0
1;8;0.00;0.00;0;0;0
1;9;0.01;-0.02;0;0;-1
1;8;0.00;0.00;0;0;0
1;8;0.00;0.00;0;0;0
1;8;0.01;-0.02;0;0;-1
1;14;-0.01;-0.02;0;1;0
1;7;0.00;0.00;0;0;0
1;8;0.01;-0.02;0;0;-1
1;10;0.00;0.00;0;0;0
1;6;0.00;0.00;0;0;0
1;8;0.01;-0.02;0;0;-1
1;9;0.00;0.00;0;0;0
1;10;0.00;-0.04;0;1;-1
1;6;0.00;0.00;0;0;0
1;8;0.01;-0.02;0;0;-1
1;8;0.00;0.00;0;0;0
1;8;0.01;-0.02;0;0;-1
1;9;-0.01;-0.02;0;1;0
1;8;0.01;-0.02;0;0;-1
1;11;0.01;-0.02;0;0;-1
1;6;0.00;0.00;0;0;0
1;7;0.01;-0.02;0;0;-1
1;9;0.00;0.00;0;0;0
1;8;0.00;-0.04;0;1;-1
1;10;0.00;0.00;0;0;0
1;6;0.00;0.00;0;0;0
1;8;0.01;-0.02;0;0;-1
1;8;0.00;0.00;0;0;0
1;9;0.00;0.00;0;0;0
1;8;0.00;-0.04;0;1;-1
1;8;0.00;0.00;0;0;0
1;8;0.00;0.00;0;0;0
1;9;0.00;0.00;0;0;0
1;8;0.00;0.00;0;0;0
1;7;-0.01;-0.02;0;1;0
1;13;0.00;0.00;0;0;0
1;8;0.01;-0.02;0;0;-1
1;9;0.00;0.00;0;0;0
1;8;0.00;0.00;0;0;0
1;12;0.00;0.00;0;0;0
1;8;-0.01;-0.02;0;1;0
1;8;0.00;0.00;0;0;0
1;9;0.00;0.00;0;0;0
1;8;0.00;0.00;0;0;0
1;23;0.01;-0.02;0;0;-1
1;11;0.00;0.00;0;0;0
1;7;-0.01;-0.02;0;1;0
1;8;0.00;0.00;0;0;0
1;7;0.00;0.00;0;0;0
1;9;0.00;0.00;0;0;0
1;9;0.00;0.00;0;0;0
1;8;0.01;-0.02;0;0;-1
1;7;0.00;0.00;0;0;0
1;9;-0.01;-0.02;0;1;0
1;8;0.00;0.00;0;0;0
1;9;0.00;0.00;0;0;0
1;8;0.00;0.00;0;0;0
1;8;0.01;-0.02;0;0;-1
1;8;0.00;0.00;0;0;0
1;8;0.00;0.00;0;0;0
1;9;0.00;0.00;0;0;0
1;8;-0.01;-0.02;0;1;0
1;8;0.01;-0.02;0;0;-1
1;8;0.00;0.00;0;0;0
1;8;0.00;0.00;0;0;0
1;7;0.01;-0.02;0;0;-1
1;10;-0.01;-0.02;0;1;0
1;8;0.01;-0.02;0;0;-1
1;8;0.00;0.00;0;0;0
1;8;0.01;-0.02;0;0;-1
1;8;0.00;0.00;0;0;0
1;9;0.01;-0.02;0;0;-1
1;8;0.00;0.00;0;0;0
1;8;0.00;-0.04;0;1;-1
1;8;0.01;-0.02;0;0;-1
1;8;0.00;0.00;0;0;0
1;9;0.01;-0.02;0;0;-1
1;7;0.00;0.00;0;0;0
1;9;0.00;-0.04;0;1;-1
1;8;0.01;-0.02;0;0;-1
1;7;0.00;0.00;0;0;0
1;9;0.00;0.00;0;0;0
1;9;0.01;-0.02;0;0;-1
1;8;0.00;0.00;0;0;0
1;8;-0.01;-0.02;0;1;0
1;8;0.01;-0.02;0;0;-1
1;7;0.00;0.00;0;0;0
1;9;0.00;0.00;0;0;0
1;8;0.00;0.00;0;0;0
1;8;0.00;-0.04;0;1;-1
1;8;0.00;0.00;0;0;0
1;13;0.00;0.00;0;0;0
1;5;0.00;0.00;0;0;0
1;8;0.00;0.00;0;0;0
1;8;-0.01;-0.02;0;1;0
1;10;0.00;0.00;0;0;0
1;7;0.00;0.00;0;0;0
1;8;0.00;0.00;0;0;0
1;8;0.01;-0.02;0;0;-1
1;8;0.00;0.00;0;0;0
1;8;0.00;0.00;0;0;0
1;8;-0.01;-0.02;0;1;0
1;8;0.00;0.00;0;0;0
1;9;0.00;0.00;0;0;0
1;8;0.00;0.00;0;0;0
1;8;0.00;0.00;0;0;0
1;7;0.00;0.00;0;0;0
1;10;0.01;-0.02;0;0;-1
1;8;0.00;0.00;0;0;0
1;8;-0.01;-0.02;0;1;0
1;8;0.00;0.00;0;0;0
1;8;0.00;0.00;0;0;0
1;8;0.00;0.00;0;0;0
1;15;0.01;-0.02;0;0;-1
1;9;0.00;0.00;0;0;0
1;8;-0.01;-0.02;0;1;0
1;8;0.00;0.00;0;0;0
1;6;0.00;0.00;0;0;0
1;9;0.00;0.00;0;0;0
1;7;0.00;0.00;0;0;0
1;8;0.01;-0.02;0;0;-1
1;27;-0.01;-0.02;0;1;0
1;6;0.00;0.00;0;0;0
1;13;0.00;0.00;0;0;0
1;7;0.00;-0.04;0;1;-1
1;9;0.00;0.00;0;0;0
1;8;0.00;0.00;0;0;0
1;10;0.00;0.00;0;0;0
1;7;0.00;0.00;0;0;0
1;7;0.00;0.00;0;0;0
1;9;0.00;0.00;0;0;0
1;8;0.00;-0.04;0;1;-1
1;8;0.00;0.00;0;0;0
1;9;0.00;0.00;0;0;0
1;7;0.00;0.00;0;0;0
1;8;0.00;0.00;0;0;0
1;9;0.00;0.00;0;0;0
1;12;-0.01;-0.02;0;1;0
1;8;0.01;-0.02;0;0;-1
1;7;0.00;0.00;0;0;0
1;10;0.00;0.00;0;0;0
1;8;0.00;0.00;0;0;0
1;7;0.00;0.00;0;0;0
1;8;-0.01;-0.02;0;1;0
1;12;0.01;-0.02;0;0;-1
1;9;0.00;0.00;0;0;0
1;5;0.01;-0.02;0;0;-1
1;8;0.00;0.00;0;0;0
1;11;-0.01;-0.02;0;1;0
1;8;0.01;-0.02;0;0;-1
1;9;0.00;0.00;0;0;0
1;8;0.00;0.00;0;0;0
1;14;0.01;-0.02;0;0;-1
1;7;0.00;0.00;0;0;0
1;7;0.00;0.00;0;0;0
1;11;0.00;-0.04;0;1;-1
1;7;0.00;0.00;0;0;0
1;7;0.00;0.00;0;0;0
1;12;-0.01;-0.02;0;1;0
1;8;0.00;0.00;0;0;0
1;10;0.01;-0.02;0;0;-1
1;7;0.00;0.00;0;0;0
1;11;0.00;0.00;0;0;0
1;6;-0.01;-0.02;0;1;0
1;8;0.00;0.00;0;0;0
1;8;0.00;0.00;0;0;0
1;8;0.00;0.00;0;0;0
1;8;0.00;0.00;0;0;0
1;8;0.00;0.00;0;0;0
1;8;0.00;-0.04;0;1;-1
1;21;0.00;0.00;0;0;0
1;5;0.00;0.00;0;0;0
1;8;0.00;0.00;0;0;0
1;9;0.00;0.00;0;0;0
1;8;0.00;0.00;0;0;0
1;8;0.00;0.00;0;0;0
1;7;0.00;-0.04;0;1;-1
1;10;0.00;0.00;0;0;0
1;7;0.00;0.00;0;0;0
1;7;0.00;0.00;0;0;0
1;9;0.00;0.00;0;0;0
1;8;0.00;0.00;0;0;0
1;15;-0.01;-0.02;0;1;0
1;14;0.01;-0.02;0;0;-1
1;6;0.00;0.00;0;0;0
1;7;0.00;0.00;0;0;0
1;8;0.00;0.00;0;0;0
1;7;-0.01;-0.02;0;1;0
1;8;0.01;-0.02;0;0;-1
1;9;0.00;0.00;0;0;0
1;9;-0.01;-0.02;0;1;0
1;8;0.01;-0.02;0;0;-1
1;8;-0.01;-0.02;0;1;0
1;7;0.00;0.00;0;0;0
1;9;0.00;-0.04;0;1;-1
1;8;0.00;0.00;0;0;0
1;9;0.01;-0.02;0;0;-1
1;7;-0.01;-0.02;0;1;0
1;8;0.00;-0.04;0;1;-1
1;9;0.00;0.00;0;0;0
1;8;0.00;-0.04;0;1;-1
1;8;-0.01;-0.02;0;1;0
1;9;0.01;-0.02;0;0;-1
1;7;-0.01;-0.02;0;1;0
1;8;0.01;-0.02;0;0;-1
1;9;-0.01;-0.02;0;1;0
1;8;-0.01;-0.02;0;1;0
1;8;0.00;0.00;0;0;0
1;8;0.01;-0.02;0;0;-1
1;8;-0.01;-0.02;0;1;0
1;9;0.00;0.00;0;0;0
1;8;0.00;0.00;0;0;0
1;8;0.01;-0.02;0;0;-1
1;8;0.00;0.00;0;0;0
1;8;0.00;0.00;0;0;0
1;9;0.00;0.00;0;0;0
1;8;0.00;0.00;0;0;0
1;8;0.00;0.00;0;0;0
1;8;-0.01;-0.02;0;1;0
1;8;0.00;0.00;0;0;0
1;10;0.00;0.00;0;0;0
1;8;0.00;0.00;0;0;0
1;10;0.01;-0.02;0;0;-1
1;6;0.00;0.00;0;0;0
1;8;-0.01;-0.02;0;1;0
1;10;0.00;0.00;0;0;0
1;7;0.00;0.00;0;0;0
1;7;0.00;0.00;0;0;0
1;9;0.00;0.00;0;0;0
1;7;0.00;0.00;0;0;0
1;8;0.00;-0.04;0;1;-1
1;9;0.00;0.00;0;0;0
1;8;0.00;0.00;0;0;0
1;8;0.00;0.00;0;0;0
1;8;0.00;0.00;0;0;0
1;12;0.00;0.00;0;0;0
1;6;0.00;0.00;0;0;0
1;8;0.00;0.00;0;0;0
1;10;0.00;-0.04;0;1;-1
1;6;0.00;0.00;0;0;0
1;7;0.00;0.00;0;0;0
1;10;0.00;0.00;0;0;0
1;11;0.00;0.00;0;0;0
1;5;0.00;0.00;0;0;0
1;8;0.00;0.00;0;0;0
1;8;-0.01;-0.02;0;1;0
1;15;0.00;0.00;0;0;0
1;6;0.01;-0.02;0;0;-1
1;9;0.00;0.00;0;0;0
1;7;0.00;0.00;0;0;0
1;8;0.00;0.00;0;0;0
1;9;-0.01;-0.02;0;1;0
1;8;0.00;0.00;0;0;0
1;11;0.01;-0.02;0;0;-1
1;8;0.00;0.00;0;0;0
1;5;0.00;0.00;0;0;0
1;9;0.00;0.00;0;0;0
1;11;0.00;0.00;0;0;0
1;5;0.00;0.00;0;0;0
1;8;0.00;0.00;0;0;0
1;8;0.00;-0.04;0;1;-1
1;13;0.00;0.00;0;0;0
1;8;-0.01;-0.02;0;1;0
1;7;0.00;0.00;0;0;0
1;8;0.00;0.00;0;0;0
1;10;-0.01;-0.02;0;1;0
1;8;0.00;0.00;0;0;0
1;7;0.01;-0.02;0;0;-1
1;8;-0.01;-0.02;0;1;0
1;8;0.00;0.00;0;0;0
1;12;-0.01;-0.02;0;1;0
1;9;0.00;0.00;0;0;0
1;25;-0.01;-0.06;0;2;-1
1;7;0.00;0.00;0;0;0
1;9;-0.01;-0.02;0;1;0
1;13;0.00;0.00;0;0;0
1;8;-0.01;-0.02;0;1;0
1;10;0.01;-0.02;0;0;-1
1;6;-0.01;-0.02;0;1;0
1;12;0.00;0.00;0;0;0
1;18;0.00;-0.04;0;1;-1
1;7;-0.01;-0.02;0;1;0
1;10;0.00;0.00;0;0;0
1;8;0.00;0.00;0;0;0
1;8;0.00;-0.04;0;1;-1
1;9;0.00;0.00;0;0;0
1;9;0.00;0.00;0;0;0
1;5;-0.01;-0.02;0;1;0
1;9;0.00;0.00;0;0;0
1;8;0.00;0.00;0;0;0
1;7;0.01;-0.02;0;0;-1
1;8;0.00;0.00;0;0;0
1;8;0.00;0.00;0;0;0
1;17;-0.01;-0.02;0;1;0
1;5;0.00;0.00;0;0;0
1;8;0.00;0.00;0;0;0
1;7;0.01;-0.02;0;0;-1
1;8;0.00;0.00;0;0;0
1;9;0.00;0.00;0;0;0
1;8;0.00;0.00;0;0;0
1;8;0.00;0.00;0;0;0
1;8;0.00;0.00;0;0;0
1;8;0.00;0.00;0;0;0
1;9;-0.01;-0.02;0;1;0
1;8;0.00;0.00;0;0;0
1;8;0.00;0.00;0;0;0
1;8;0.01;-0.02;0;0;-1
1;8;0.00;0.00;0;0;0
1;9;0.00;0.00;0;0;0
1;8;0.00;0.00;0;0;0
1;9;0.00;0.00;0;0;0
1;7;-0.01;-0.02;0;1;0
1;8;0.00;0.00;0;0;0
1;9;0.01;-0.02;0;0;-1
1;8;-0.01;-0.02;0;1;0
1;8;0.00;0.00;0;0;0
1;8;-0.01;-0.02;0;1;0
1;8;0.00;0.00;0;0;0
1;9;-0.01;-0.02;0;1;0
1;9;0.00;0.00;0;0;0
1;7;-0.01;-0.02;0;1;0
1;8;0.01;-0.02;0;0;-1
1;13;-0.01;-0.02;0;1;0
1;9;0.00;0.00;0;0;0
1;7;-0.01;-0.02;0;1;0
1;8;0.00;0.00;0;0;0
1;8;-0.01;-0.02;0;1;0
1;8;0.01;-0.02;0;0;-1
1;9;-0.01;-0.02;0;1;0
1;8;0.00;0.00;0;0;0
1;8;0.00;0.00;0;0;0
1;8;-0.01;-0.02;0;1;0
1;8;0.00;0.00;0;0;0
1;12;0.01;-0.02;0;0;-1
1;6;0.00;0.00;0;0;0
1;7;0.00;0.00;0;0;0
1;8;-0.01;-0.02;0;1;0
1;8;0.00;0.00;0;0;0
1;9;0.01;-0.02;0;0;-1
1;9;0.00;0.00;0;0;0
1;7;0.00;0.00;0;0;0
1;13;0.00;0.00;0;0;0
1;7;0.00;0.00;0;0;0
1;9;0.00;0.00;0;0;0
1;8;0.01;-0.02;0;0;-1
1;8;0.00;0.00;0;0;0
1;8;-0.01;-0.02;0;1;0
1;8;0.00;0.00;0;0;0
1;9;0.00;0.00;0;0;0
1;9;0.00;0.00;0;0;0
1;8;0.00;0.00;0;0;0
1;7;0.00;0.00;0;0;0
1;11;-0.01;-0.02;0;1;0
1;6;0.00;0.00;0;0;0
1;9;0.01;-0.02;0;0;-1
1;7;0.00;0.00;0;0;0
1;11;0.00;0.00;0;0;0
1;6;0.00;0.00;0;0;0
1;7;0.00;0.00;0;0;0
1;9;0.00;0.00;0;0;0
1;13;0.00;-0.04;0;1;-1
1;10;0.00;0.00;0;0;0
1;6;0.00;0.00;0;0;0
1;8;0.00;0.00;0;0;0
1;11;0.00;0.00;0;0;0
1;6;0.01;-0.02;0;0;-1
1;7;-0.01;-0.02;0;1;0
1;8;0.00;0.00;0;0;0
1;8;0.00;0.00;0;0;0
1;9;0.00;0.00;0;0;0
1;9;0.01;-0.02;0;0;-1
1;8;0.00;0.00;0;0;0
1;8;-0.01;-0.02;0;1;0
1;10;0.00;0.00;0;0;0
1;10;0.00;0.00;0;0;0
1;5;0.00;0.00;0;0;0
1;7;0.00;0.00;0;0;0
1;11;0.01;-0.02;0;0;-1
1;6;0.00;0.00;0;0;0
1;9;-0.01;-0.02;0;1;0
1;8;0.00;0.00;0;0;0
1;12;0.00;0.00;0;0;0
1;8;-0.01;-0.02;0;1;0
1;7;0.01;-0.02;0;0;-1
1;21;-0.01;-0.02;0;1;0
1;6;-0.01;-0.02;0;1;0
1;10;0.00;0.00;0;0;0
1;5;0.00;0.00;0;0;0
1;8;-0.01;-0.02;0;1;0
1;11;-0.01;-0.02;0;1;0
1;6;0.01;-0.02;0;0;-1
1;13;-0.01;-0.02;0;1;0
1;6;-0.01;-0.02;0;1;0
1;9;0.00;0.00;0;0;0
1;8;0.00;0.00;0;0;0
1;10;0.00;-0.04;0;1;-1
1;7;0.00;0.00;0;0;0
1;8;-0.01;-0.02;0;1;0
1;8;0.00;0.00;0;0;0
1;9;0.01;-0.02;0;0;-1
1;8;0.00;0.00;0;0;0
1;7;0.00;0.00;0;0;0
1;8;-0.01;-0.02;0;1;0
1;10;0.01;-0.02;0;0;-1
1;8;0.00;0.00;0;0;0
1;8;0.00;0.00;0;0;0
1;7;0.00;0.00;0;0;0
1;8;0.00;0.00;0;0;0
1;9;0.01;-0.02;0;0;-1
1;8;0.00;0.00;0;0;0
1;12;0.00;0.00;0;0;0
1;5;0.00;0.00;0;0;0
1;8;-0.01;-0.02;0;1;0
1;8;0.00;0.00;0;0;0
1;8;0.00;0.00;0;0;0
1;8;0.00;0.00;0;0;0
1;11;0.00;0.00;0;0;0
1;6;0.01;-0.02;0;0;-1
1;8;0.00;0.00;0;0;0
1;8;0.00;0.00;0;0;0
1;11;-0.01;-0.02;0;1;0
1;6;0.00;0.00;0;0;0
1;8;0.00;0.00;0;0;0
1;7;0.00;0.00;0;0;0
1;9;0.00;0.00;0;0;0
1;8;-0.01;-0.02;0;1;0
1;10;0.01;-0.02;0;0;-1
1;7;0.00;0.00;0;0;0
1;10;0.00;0.00;0;0;0
1;7;0.00;0.00;0;0;0
1;7;0.00;0.00;0;0;0
1;8;0.00;0.00;0;0;0
1;9;0.00;-0.04;0;1;-1
1;8;0.00;0.00;0;0;0
1;11;0.00;0.00;0;0;0
1;6;0.00;0.00;0;0;0
1;8;0.00;0.00;0;0;0
1;7;0.00;0.00;0;0;0
1;8;0.01;-0.02;0;0;-1
1;8;-0.01;-0.02;0;1;0
1;10;0.00;0.00;0;0;0
1;7;0.00;0.00;0;0;0
1;8;0.00;0.00;0;0;0
1;8;0.00;0.00;0;0;0
1;8;0.00;0.00;0;0;0
1;9;0.01;-0.02;0;0;-1
1;8;-0.01;-0.02;0;1;0
1;8;0.00;0.00;0;0;0
1;11;0.00;0.00;0;0;0
1;6;0.00;0.00;0;0;0
1;8;0.00;0.00;0;0;0
1;8;0.01;-0.02;0;0;-1
1;11;-0.01;-0.02;0;1;0
1;6;0.00;0.00;0;0;0
1;7;0.00;0.00;0;0;0
1;12;0.00;0.00;0;0;0
1;6;0.00;0.00;0;0;0
1;8;0.01;-0.02;0;0;-1
1;7;-0.01;-0.02;0;1;0
1;11;0.00;0.00;0;0;0
1;6;0.00;0.00;0;0;0
1;8;0.00;0.00;0;0;0
1;8;0.00;0.00;0;0;0
1;8;0.01;-0.02;0;0;-1
1;9;-0.01;-0.02;0;1;0
1;18;0.00;0.00;0;0;0
1;7;0.00;0.00;0;0;0
1;8;0.00;0.00;0;0;0
1;11;0.01;-0.02;0;0;-1
1;5;0.00;0.00;0;0;0
1;8;-0.01;-0.02;0;1;0
1;8;0.00;0.00;0;0;0
1;11;0.00;0.00;0;0;0
1;6;0.00;0.00;0;0;0
1;7;0.00;0.00;0;0;0
1;9;0.01;-0.02;0;0;-1
1;8;0.00;0.00;0;0;0
1;8;-0.01;-0.02;0;1;0
1;8;0.00;0.00;0;0;0
1;8;0.00;0.00;0;0;0
1;10;0.00;0.00;0;0;0
1;8;0.00;0.00;0;0;0
1;8;0.01;-0.02;0;0;-1
1;7;-0.01;-0.02;0;1;0
1;9;0.00;0.00;0;0;0
1;7;0.00;0.00;0;0;0
1;9;0.00;0.00;0;0;0
1;8;0.00;0.00;0;0;0
1;8;0.00;0.00;0;0;0
1;8;0.01;-0.02;0;0;-1
1;8;-0.01;-0.02;0;1;0
1;16;0.00;0.00;0;0;0
1;6;0.00;0.00;0;0;0
1;7;0.00;0.00;0;0;0
1;8;0.01;-0.02;0;0;-1
1;11;0.00;0.00;0;0;0
1;7;-0.01;-0.02;0;1;0
1;7;0.00;0.00;0;0;0
1;8;0.00;0.00;0;0;0
1;9;0.00;0.00;0;0;0
1;7;0.01;-0.02;0;0;-1
1;9;0.00;0.00;0;0;0
1;8;0.00;0.00;0;0;0
1;10;-0.01;-0.02;0;1;0
1;7;0.00;0.00;0;0;0
1;13;0.01;-0.02;0;0;-1
1;11;0.00;0.00;0;0;0
1;5;0.00;0.00;0;0;0
1;7;0.00;0.00;0;0;0
1;8;-0.01;-0.02;0;1;0
1;8;0.00;0.00;0;0;0
1;9;0.01;-0.02;0;0;-1
1;8;0.00;0.00;0;0;0
1;8;0.00;0.00;0;0;0
1;8;0.00;0.00;0;0;0
1;8;-0.01;-0.02;0;1;0
1;11;0.00;0.00;0;0;0
1;10;0.01;-0.02;0;0;-1
1;8;0.00;0.00;0;0;0
1;12;0.00;0.00;0;0;0
1;5;0.00;0.00;0;0;0
1;9;-0.01;-0.02;0;1;0
1;7;0.00;0.00;0;0;0
1;8;0.00;0.00;0;0;0
1;8;0.01;-0.02;0;0;-1
1;8;0.00;0.00;0;0;0
1;9;0.00;0.00;0;0;0
1;10;-0.01;-0.02;0;1;0
1;7;0.00;0.00;0;0;0
1;11;0.00;0.00;0;0;0
1;5;0.01;-0.02;0;0;-1
1;11;0.00;0.00;0;0;0
1;6;0.00;0.00;0;0;0
1;8;0.00;0.00;0;0;0
1;7;-0.01;-0.02;0;1;0
1;10;0.00;0.00;0;0;0
1;8;0.01;-0.02;0;0;-1
1;7;0.00;0.00;0;0;0
1;8;0.00;0.00;0;0;0
1;10;0.00;0.00;0;0;0
1;7;0.00;0.00;0;0;0
1;7;-0.01;-0.02;0;1;0
1;9;0.00;0.00;0;0;0
1;12;0.01;-0.02;0;0;-1
1;8;0.00;0.00;0;0;0
1;8;0.00;0.00;0;0;0
1;13;0.00;0.00;0;0;0
1;5;-0.01;-0.02;0;1;0
1;7;0.00;0.00;0;0;0
1;8;0.01;-0.02;0;0;-1
1;12;0.00;0.00;0;0;0
1;6;0.00;0.00;0;0;0
1;7;0.00;0.00;0;0;0
1;8;0.00;0.00;0;0;0
1;12;-0.01;-0.02;0;1;0
1;5;0.00;0.00;0;0;0
1;11;0.01;-0.02;0;0;-1
1;6;0.00;0.00;0;0;0
1;7;0.00;0.00;0;0;0
1;8;0.00;0.00;0;0;0
1;9;0.00;0.00;0;0;0
1;7;-0.01;-0.02;0;1;0
1;9;0.01;-0.02;0;0;-1
1;8;0.00;0.00;0;0;0
1;8;0.00;0.00;0;0;0
1;8;0.00;0.00;0;0;0
1;8;0.00;0.00;0;0;0
1;9;-0.01;-0.02;0;1;0
1;8;0.00;0.00;0;0;0
1;8;0.01;-0.02;0;0;-1
1;8;0.00;0.00;0;0;0
1;8;0.00;0.00;0;0;0
1;9;0.00;0.00;0;0;0
1;8;0.00;0.00;0;0;0
1;8;-0.01;-0.02;0;1;0
1;8;0.00;0.00;0;0;0
1;8;0.01;-0.02;0;0;-1
1;8;0.00;0.00;0;0;0
1;10;0.00;0.00;0;0;0
1;10;0.00;0.00;0;0;0
1;6;0.00;0.00;0;0;0
1;8;0.00;0.00;0;0;0
1;11;0.00;-0.04;0;1;-1
1;6;0.00;0.00;0;0;0
1;7;0.00;0.00;0;0;0
1;8;0.00;0.00;0;0;0
1;8;0.00;0.00;0;0;0
1;10;0.00;0.00;0;0;0
1;8;0.00;0.00;0;0;0
1;7;0.00;-0.04;0;1;-1
1;8;0.00;0.00;0;0;0
1;11;0.00;0.00;0;0;0
1;6;0.00;0.00;0;0;0
1;8;0.00;0.00;0;0;0
1;8;0.00;0.00;0;0;0
1;10;0.00;0.00;0;0;0
1;9;-0.01;-0.02;0;1;0
1;5;0.01;-0.02;0;0;-1
1;9;0.00;0.00;0;0;0
1;8;0.00;0.00;0;0;0
1;8;0.00;0.00;0;0;0
1;8;0.00;0.00;0;0;0
1;8;0.00;0.00;0;0;0
1;10;-0.01;-0.02;0;1;0
1;7;0.01;-0.02;0;0;-1
1;8;0.00;0.00;0;0;0
1;8;-0.01;-0.02;0;1;0
1;8;0.00;0.00;0;0;0
1;8;-0.01;-0.02;0;1;0
1;11;0.00;0.00;0;0;0
1;9;-0.01;-0.02;0;1;0
1;9;0.00;0.00;0;0;0
1;5;0.00;0.00;0;0;0
1;7;0.02;-0.04;1;1;-1
1;9;0.00;0.00;0;0;0
1;8;-0.01;-0.02;0;1;0
1;11;0.00;0.00;0;0;0
1;7;0.00;0.00;0;0;0
1;6;-0.01;-0.02;0;1;0
1;9;0.01;-0.02;0;0;-1
1;9;0.00;0.00;0;0;0
1;7;0.00;0.00;0;0;0
1;8;0.00;0.00;0;0;0
1;8;0.00;-0.04;0;1;-1
1;9;0.00;0.00;0;0;0
1;8;0.00;0.00;0;0;0
1;8;0.00;0.00;0;0;0
1;8;0.00;0.00;0;0;0
1;11;0.01;-0.02;0;0;-1
1;7;0.00;0.00;0;0;0
1;7;0.00;0.00;0;0;0
1;8;0.00;0.00;0;0;0
1;11;-0.01;-0.02;0;1;0
1;6;0.00;0.00;0;0;0
1;7;0.00;0.00;0;0;0
1;9;0.00;0.00;0;0;0
1;11;0.00;0.00;0;0;0
1;6;0.00;0.00;0;0;0
1;7;0.00;0.00;0;0;0
1;8;0.00;0.00;0;0;0
1;12;0.01;-0.02;0;0;-1
1;6;-0.01;-0.02;0;1;0
1;7;0.00;0.00;0;0;0
1;8;0.00;0.00;0;0;0
1;9;0.00;0.00;0;0;0
1;8;0.00;0.00;0;0;0
1;8;0.00;0.00;0;0;0
1;8;0.01;-0.02;0;0;-1
1;8;0.00;0.00;0;0;0
1;11;-0.01;-0.02;0;1;0
1;12;0.00;0.00;0;0;0
1;10;0.00;0.00;0;0;0
1;8;0.01;-0.02;0;0;-1
1;8;0.00;0.00;0;0;0
1;8;0.00;0.00;0;0;0
1;9;0.00;0.00;0;0;0
1;8;-0.01;-0.02;0;1;0
1;8;0.00;0.00;0;0;0
1;8;0.00;0.00;0;0;0
1;8;0.00;0.00;0;0;0
1;12;0.01;-0.02;0;0;-1
1;6;0.00;0.00;0;0;0
1;8;0.00;0.00;0;0;0
1;7;-0.01;-0.02;0;1;0
1;11;0.00;0.00;0;0;0
1;7;0.00;0.00;0;0;0
1;7;0.00;0.00;0;0;0
1;8;0.00;0.00;0;0;0
1;10;0.01;-0.02;0;0;-1
1;7;0.00;0.00;0;0;0
1;8;0.00;0.00;0;0;0
1;8;-0.01;-0.02;0;1;0
1;11;0.00;0.00;0;0;0
1;5;0.00;0.00;0;0;0
1;8;0.00;0.00;0;0;0
1;10;0.01;-0.02;0;0;-1
1;10;0.00;0.00;0;0;0
1;6;0.00;0.00;0;0;0
1;7;-0.01;-0.02;0;1;0
1;8;0.00;0.00;0;0;0
1;8;0.00;0.00;0;0;0
1;9;0.00;0.00;0;0;0
1;8;0.01;-0.02;0;0;-1
1;8;0.00;0.00;0;0;0
1;10;0.00;0.00;0;0;0
1;7;0.00;0.00;0;0;0
1;8;-0.01;-0.02;0;1;0
1;8;0.00;0.00;0;0;0
1;9;0.00;0.00;0;0;0
1;7;0.00;0.00;0;0;0
1;8;0.00;0.00;0;0;0
1;11;0.00;0.00;0;0;0
1;13;-0.01;-0.02;0;1;0
1;7;0.00;0.00;0;0;0
1;7;0.00;0.00;0;0;0
1;15;0.01;-0.02;0;0;-1
1;6;0.00;0.00;0;0;0
1;11;-0.01;-0.02;0;1;0
1;30;0.00;0.00;0;0;0
1;8;0.00;0.00;0;0;0
1;8;0.00;0.00;0;0;0
1;10;-0.01;-0.02;0;1;0
1;6;0.00;0.00;0;0;0
1;8;0.00;0.00;0;0;0
1;8;0.00;0.00;0;0;0
1;8;-0.02;0.00;-1;0;0
1;8;0.00;0.00;0;0;0
1;8;0.00;0.00;0;0;0
1;9;0.00;0.00;0;0;0
1;8;-0.01;-0.02;0;1;0
1;8;0.00;0.00;0;0;0
1;8;0.00;0.00;0;0;0
1;8;0.00;0.00;0;0;0
1;9;-0.02;0.00;-1;0;0
1;8;0.00;0.00;0;0;0
1;8;0.00;0.00;0;0;0
1;8;-0.01;-0.02;0;1;0
1;8;0.00;0.00;0;0;0
1;9;0.00;0.00;0;0;0
1;8;0.00;0.00;0;0;0
1;8;-0.02;0.00;-1;0;0
1;8;0.00;0.00;0;0;0
1;8;-0.01;-0.02;0;1;0
1;8;0.00;0.00;0;0;0
1;9;0.00;0.00;0;0;0
1;8;0.00;0.00;0;0;0
1;8;0.00;0.00;0;0;0
1;8;-0.02;0.00;-1;0;0
1;8;-0.01;-0.02;0;1;0
1;9;0.00;0.00;0;0;0
1;8;0.00;0.00;0;0;0
1;8;0.00;0.00;0;0;0
1;8;0.00;0.00;0;0;0
1;8;0.00;0.00;0;0;0
1;9;-0.02;0.00;-1;0;0
1;8;-0.01;-0.02;0;1;0
1;8;0.00;0.00;0;0;0
1;8;0.00;0.00;0;0;0
1;8;-0.01;-0.02;0;1;0
1;9;0.00;0.00;0;0;0
1;11;-0.01;-0.02;0;1;0
1;6;0.00;0.00;0;0;0
1;7;-0.02;0.00;-1;0;0
1;8;-0.01;-0.02;0;1;0
1;12;-0.01;-0.02;0;1;0
1;5;0.00;0.00;0;0;0
1;8;-0.01;-0.02;0;1;0
1;8;0.00;0.00;0;0;0
1;8;-0.01;-0.02;0;1;0
1;8;0.00;0.00;0;0;0
1;9;-0.01;-0.02;0;1;0
1;11;-0.04;-0.02;-1;1;0
1;7;0.00;0.00;0;0;0
1;12;-0.01;-0.02;0;1;0
1;10;0.00;0.00;0;0;0
1;6;-0.01;-0.02;0;1;0
1;7;-0.02;0.00;-1;0;0
1;11;0.00;0.00;0;0;0
1;5;-0.01;-0.02;0;1;0
1;8;0.00;0.00;0;0;0
1;9;0.00;0.00;0;0;0
1;11;0.00;0.00;0;0;0
1;5;0.01;-0.02;0;0;-1
1;8;0.00;0.00;0;0;0
1;9;-0.01;-0.02;0;1;0
1;10;0.00;0.00;0;0;0
1;7;0.00;0.00;0;0;0
1;7;0.00;0.00;0;0;0
1;8;0.00;0.00;0;0;0
1;8;0.00;0.00;0;0;0
1;9;0.00;0.00;0;0;0
1;8;0.00;0.00;0;0;0
1;8;0.00;0.00;0;0;0
1;11;0.00;0.00;0;0;0
1;5;0.00;0.00;0;0;0
1;9;0.00;0.00;0;0;0
1;8;0.00;0.00;0;0;0
1;17;-0.01;-0.02;0;1;0
1;7;0.00;0.00;0;0;0
1;9;0.00;0.00;0;0;0
1;9;0.00;0.00;0;0;0
1;7;0.00;0.00;0;0;0
1;8;-0.01;-0.02;0;1;0
1;8;0.00;0.00;0;0;0
1;10;0.00;0.00;0;0;0
1;7;0.00;0.00;0;0;0
1;8;0.00;0.00;0;0;0
1;8;-0.01;-0.02;0;1;0
1;8;0.00;0.00;0;0;0
1;8;0.00;0.00;0;0;0
1;12;0.00;0.00;0;0;0
1;6;0.00;0.00;0;0;0
1;12;0.00;0.00;0;0;0
1;7;-0.01;-0.02;0;1;0
1;9;0.00;0.00;0;0;0
1;8;0.00;0.00;0;0;0
1;8;-0.02;0.00;-1;0;0
1;12;0.00;0.00;0;0;0
1;8;0.00;0.00;0;0;0
1;9;-0.01;-0.02;0;1;0
1;8;0.00;0.00;0;0;0
1;8;0.00;0.00;0;0;0
1;8;0.00;0.00;0;0;0
1;8;0.00;0.00;0;0;0
1;12;-0.02;0.00;-1;0;0
1;5;0.00;0.00;0;0;0
1;8;-0.01;-0.02;0;1;0
1;8;0.00;0.00;0;0;0
1;11;0.00;0.00;0;0;0
1;5;0.00;0.00;0;0;0
1;9;0.00;0.00;0;0;0
1;8;0.00;0.00;0;0;0
1;10;-0.04;-0.02;-1;1;0
1;6;0.00;0.00;0;0;0
1;8;0.00;0.00;0;0;0
1;10;0.00;0.00;0;0;0
1;9;0.00;0.00;0;0;0
1;7;-0.01;-0.02;0;1;0
1;7;0.00;0.00;0;0;0
1;8;0.00;0.00;0;0;0
1;9;-0.02;0.00;-1;0;0
1;8;0.00;0.00;0;0;0
1;8;0.00;0.00;0;0;0
1;8;-0.01;-0.02;0;1;0
1;25;0.00;0.00;0;0;0
1;14;-0.02;0.00;-1;0;0
1;20;-0.01;-0.02;0;1;0
1;7;0.00;0.00;0;0;0
1;9;0.00;0.00;0;0;0
1;7;0.00;0.00;0;0;0
1;11;0.00;0.00;0;0;0
1;12;-0.01;-0.02;0;1;0
1;8;0.00;0.00;0;0;0
1;7;0.00;0.00;0;0;0
1;7;0.00;0.00;0;0;0
1;14;0.00;0.00;0;0;0
1;8;-0.01;-0.02;0;1;0
1;11;0.00;0.00;0;0;0
1;4;0.00;0.00;0;0;0
1;8;0.00;0.00;0;0;0
1;11;0.00;0.00;0;0;0
1;6;0.00;0.00;0;0;0
1;8;0.00;0.00;0;0;0
1;8;-0.01;-0.02;0;1;0
1;8;0.00;0.00;0;0;0
1;10;0.00;0.00;0;0;0
1;8;0.00;0.00;0;0;0
1;8;0.00;0.00;0;0;0
1;7;0.00;0.00;0;0;0
1;10;-0.01;-0.02;0;1;0
1;6;0.00;0.00;0;0;0
1;9;0.00;0.00;0;0;0
1;8;0.00;0.00;0;0;0
1;8;0.00;0.00;0;0;0
1;8;0.00;0.00;0;0;0
1;8;0.00;0.00;0;0;0
1;8;-0.01;-0.02;0;1;0
1;9;0.00;0.00;0;0;0
1;8;0.00;0.00;0;0;0
1;8;0.00;0.00;0;0;0
1;10;0.00;0.00;0;0;0
1;7;0.00;0.00;0;0;0
1;8;0.00;0.00;0;0;0
1;9;-0.01;-0.02;0;1;0
1;8;0.00;0.00;0;0;0
1;7;0.00;0.00;0;0;0
1;8;0.00;0.00;0;0;0
1;9;0.00;0.00;0;0;0
1;10;0.00;0.00;0;0;0
1;7;-0.01;-0.02;0;1;0
1;8;0.00;0.00;0;0;0
1;7;0.00;0.00;0;0;0
1;11;0.00;0.00;0;0;0
1;7;0.00;0.00;0;0;0
1;7;0.00;0.00;0;0;0
1;8;0.00;0.00;0;0;0
1;9;-0.01;-0.02;0;1;0
1;7;0.00;0.00;0;0;0
1;9;0.00;0.00;0;0;0
1;8;0.00;0.00;0;0;0
1;10;0.00;0.00;0;0;0
1;6;0.00;0.00;0;0;0
1;8;0.00;0.00;0;0;0
1;15;-0.01;-0.02;0;1;0
1;10;0.00;0.00;0;0;0
1;8;0.00;0.00;0;0;0
1;15;0.00;0.00;0;0;0
1;6;0.00;0.00;0;0;0
1;8;-0.01;-0.02;0;1;0
1;9;0.00;0.00;0;0;0
1;8;0.00;0.00;0;0;0
1;7;0.00;0.00;0;0;0
1;10;0.00;0.00;0;0;0
1;7;0.00;0.00;0;0;0
1;8;-0.04;-0.02;-1;1;0
1;8;0.00;0.00;0;0;0
1;14;0.00;0.00;0;0;0
1;7;0.00;0.00;0;0;0
1;8;0.00;0.00;0;0;0
1;9;0.00;0.00;0;0;0
1;7;-0.01;-0.02;0;1;0
1;10;-0.02;0.00;-1;0;0
1;7;0.00;0.00;0;0;0
1;8;0.00;0.00;0;0;0
1;8;0.00;0.00;0;0;0
1;12;0.00;0.00;0;0;0
1;9;-0.01;-0.02;0;1;0
1;8;0.00;0.00;0;0;0
1;8;-0.02;0.00;-1;0;0
1;8;0.00;0.00;0;0;0
1;11;0.00;0.00;0;0;0
1;6;0.00;0.00;0;0;0
1;8;0.00;0.00;0;0;0
1;8;0.00;0.00;0;0;0
1;62;-0.02;0.00;-1;0;0
1;13;-0.02;0.00;-1;0;0
1;7;0.00;0.00;0;0;0
1;12;0.00;0.00;0;0;0
1;15;0.00;0.00;0;0;0
1;6;0.00;0.00;0;0;0
1;14;0.00;0.00;0;0;0
1;14;0.00;0.00;0;0;0
1;12;-0.01;-0.02;0;1;0
1;5;-0.02;0.00;-1;0;0
1;8;0.00;0.00;0;0;0
1;8;0.00;0.00;0;0;0
1;8;0.00;0.00;0;0;0
1;8;0.00;0.00;0;0;0
1;9;0.00;0.00;0;0;0
1;8;0.00;0.00;0;0;0
1;8;-0.01;-0.02;0;1;0
1;8;-0.02;0.00;-1;0;0
1;8;0.00;0.00;0;0;0
1;9;0.00;0.00;0;0;0
1;8;0.00;0.00;0;0;0
1;8;0.00;0.00;0;0;0
1;8;-0.01;-0.02;0;1;0
1;8;-0.02;0.00;-1;0;0
1;11;0.00;0.00;0;0;0
1;6;0.00;0.00;0;0;0
1;8;0.00;0.00;0;0;0
1;8;0.00;0.00;0;0;0
1;8;0.00;0.00;0;0;0
1;8;-0.01;-0.02;0;1;0
1;9;0.00;0.00;0;0;0
1;8;-0.02;0.00;-1;0;0
1;8;0.00;0.00;0;0;0
1;8;0.00;0.00;0;0;0
1;8;0.00;0.00;0;0;0
1;9;0.00;0.00;0;0;0
1;8;0.00;0.00;0;0;0
1;8;0.00;0.00;0;0;0
1;8;0.00;0.00;0;0;0
1;8;0.00;0.00;0;0;0
1;9;0.00;0.00;0;0;0
1;8;0.00;0.00;0;0;0
1;8;0.00;0.00;0;0;0
1;8;0.00;0.00;0;0;0
1;8;0.00;0.00;0;0;0
1;11;0.00;0.00;0;0;0
1;7;0.00;0.00;0;0;0
1;33;0.00;0.00;0;0;0
1;13;0.00;0.00;0;0;0
1;7;0.00;0.00;0;0;0
1;7;-0.02;0.00;-1;0;0
1;8;0.00;0.00;0;0;0
1;9;0.00;0.00;0;0;0
1;8;0.00;0.00;0;0;0
1;8;0.01;-0.02;0;0;-1
1;8;-0.01;-0.02;0;1;0
1;8;0.00;0.00;0;0;0
1;9;-0.02;0.00;-1;0;0
1;8;0.00;0.00;0;0;0
1;8;0.00;0.00;0;0;0
1;8;0.00;0.00;0;0;0
1;8;0.00;0.00;0;0;0
1;8;0.00;0.00;0;0;0
1;9;-0.01;-0.02;0;1;0
1;8;0.00;0.00;0;0;0
1;8;-0.02;0.00;-1;0;0
1;8;0.00;0.00;0;0;0
1;8;0.00;0.00;0;0;0
1;10;0.00;0.00;0;0;0
1;7;-0.01;-0.02;0;1;0
1;9;0.00;0.00;0;0;0
1;7;-0.02;0.00;-1;0;0
1;8;0.00;0.00;0;0;0
1;9;0.00;0.00;0;0;0
1;8;0.00;0.00;0;0;0
1;8;0.00;0.00;0;0;0
1;8;0.00;0.00;0;0;0
1;8;-0.02;0.00;-1;0;0
1;9;0.00;0.00;0;0;0
1;8;0.00;0.00;0;0;0
1;8;-0.01;-0.02;0;1;0
1;13;0.00;0.00;0;0;0
1;7;-0.02;0.00;-1;0;0
1;9;0.00;0.00;0;0;0
1;8;0.00;0.00;0;0;0
1;8;0.00;0.00;0;0;0
1;8;0.00;0.00;0;0;0
1;8;0.00;0.00;0;0;0
1;9;0.00;0.00;0;0;0
1;8;0.00;0.00;0;0;0
1;8;0.00;0.00;0;0;0
1;8;0.00;0.00;0;0;0
1;14;0.00;0.00;0;0;0
1;8;0.00;0.00;0;0;0
1;7;0.00;0.00;0;0;0
1;8;0.00;0.00;0;0;0
1;8;0.00;0.00;0;0;0
1;8;0.00;0.00;0;0;0
1;9;0.00;0.00;0;0;0
1;8;0.00;0.00;0;0;0
1;8;0.00;0.00;0;0;0
1;8;0.00;0.00;0;0;0
1;8;0.00;0.00;0;0;0
1;9;0.00;0.00;0;0;0
1;8;0.00;0.00;0;0;0
1;8;0.00;0.00;0;0;0
1;8;0.00;0.00;0;0;0
1;8;0.00;0.00;0;0;0
1;9;0.00;0.00;0;0;0
1;8;0.00;0.00;0;0;0
1;8;0.00;0.00;0;0;0
1;8;0.00;0.00;0;0;0
1;8;-0.02;0.00;-1;0;0
1;8;0.00;0.00;0;0;0
1;9;0.00;0.00;0;0;0
1;8;0.00;0.00;0;0;0
1;8;0.00;0.00;0;0;0
1;8;0.00;0.00;0;0;0
1;8;0.00;0.00;0;0;0
1;9;0.00;0.00;0;0;0
1;8;0.00;0.00;0;0;0
1;8;0.00;0.00;0;0;0
1;8;0.00;0.00;0;0;0
1;8;0.00;0.00;0;0;0
1;9;0.00;0.00;0;0;0
1;8;0.00;0.00;0;0;0
1;8;0.00;0.00;0;0;0
1;8;0.00;0.00;0;0;0
1;8;0.00;0.00;0;0;0
1;9;0.00;0.00;0;0;0
1;8;0.00;0.00;0;0;0
1;8;0.00;0.00;0;0;0
1;8;0.00;0.00;0;0;0
1;8;0.00;0.00;0;0;0
1;8;0.00;0.00;0;0;0
1;9;0.00;0.00;0;0;0
1;8;0.00;0.00;0;0;0
1;8;0.00;0.00;0;0;0
1;8;0.00;0.00;0;0;0
1;8;0.00;0.00;0;0;0
1;9;0.00;0.00;0;0;0
1;8;0.00;0.00;0;0;0
1;8;0.00;0.00;0;0;0
1;8;-0.01;-0.02;0;1;0
1;11;0.00;0.00;0;0;0
1;6;0.00;0.00;0;0;0
1;14;0.00;0.00;0;0;0
1;6;0.00;0.00;0;0;0
1;8;0.00;0.00;0;0;0
1;9;0.00;0.00;0;0;0
1;8;-0.01;-0.02;0;1;0
1;10;0.00;0.00;0;0;0
1;7;0.00;0.00;0;0;0
1;7;0.00;0.00;0;0;0
1;8;0.00;0.00;0;0;0
1;9;0.00;0.00;0;0;0
1;8;0.00;0.00;0;0;0
1;11;0.00;0.00;0;0;0
1;5;0.00;0.00;0;0;0
1;8;0.00;0.00;0;0;0
1;9;0.00;0.00;0;0;0
1;11;0.00;0.00;0;0;0
1;9;0.00;0.00;0;0;0
1;8;0.00;0.00;0;0;0
1;8;0.00;0.00;0;0;0
1;10;0.00;0.00;0;0;0
1;7;0.00;0.00;0;0;0
1;8;0.00;0.00;0;0;0
1;8;0.00;0.00;0;0;0
1;8;0.00;0.00;0;0;0
1;9;0.00;0.00;0;0;0
1;8;0.00;0.00;0;0;0
1;14;0.00;0.00;0;0;0
1;12;0.00;0.00;0;0;0
1;7;0.00;0.00;0;0;0
1;14;0.00;0.00;0;0;0
1;7;0.00;0.00;0;0;0
1;16;0.00;0.00;0;0;0
1;17;0.00;0.00;0;0;0
1;7;0.00;0.00;0;0;0
1;8;0.00;0.00;0;0;0
1;8;0.00;0.00;0;0;0
1;10;0.00;0.00;0;0;0
1;7;0.00;0.00;0;0;0
1;9;0.00;0.00;0;0;0
1;7;0.00;0.00;0;0;0
1;10;0.00;0.00;0;0;0
1;7;0.00;0.00;0;0;0
1;14;0.00;0.00;0;0;0
1;6;0.00;0.00;0;0;0
1;9;0.00;0.00;0;0;0
1;7;0.00;0.00;0;0;0
1;10;-0.01;-0.02;0;1;0
1;7;0.00;0.00;0;0;0
1;8;0.00;0.00;0;0;0
1;8;0.00;0.00;0;0;0
1;9;0.00;0.00;0;0;0
1;8;0.00;0.00;0;0;0
1;8;0.00;0.00;0;0;0
1;8;0.00;0.00;0;0;0
1;8;-0.01;-0.02;0;1;0
1;8;0.00;0.00;0;0;0
1;10;0.00;0.00;0;0;0
1;7;0.00;0.00;0;0;0
1;8;0.00;0.00;0;0;0
1;8;0.00;0.00;0;0;0
1;9;0.00;0.00;0;0;0
1;7;0.00;0.00;0;0;0
1;12;0.00;0.00;0;0;0
1;9;0.00;0.00;0;0;0
1;8;0.00;0.00;0;0;0
1;8;0.00;0.00;0;0;0
1;9;0.00;0.00;0;0;0
1;8;-0.01;-0.02;0;1;0
1;8;0.00;0.00;0;0;0
1;8;0.00;0.00;0;0;0
1;8;0.00;0.00;0;0;0
1;11;0.00;0.00;0;0;0
1;6;0.00;0.00;0;0;0
1;8;0.00;0.00;0;0;0
1;14;0.00;0.00;0;0;0
1;6;0.00;0.00;0;0;0
1;9;0.00;0.00;0;0;0
1;8;0.00;0.00;0;0;0
1;11;0.00;0.00;0;0;0
1;5;0.00;0.00;0;0;0
1;8;0.00;0.00;0;0;0
1;9;0.00;0.00;0;0;0
1;8;-0.01;-0.02;0;1;0
1;8;0.00;0.00;0;0;0
1;8;0.00;0.00;0;0;0
1;8;0.00;0.00;0;0;0
1;18;0.00;0.00;0;0;0
1;9;0.00;0.00;0;0;0
1;6;0.00;0.00;0;0;0
1;9;0.00;0.00;0;0;0
1;7;0.00;0.00;0;0;0
1;9;0.00;0.00;0;0;0
1;8;0.00;0.00;0;0;0
1;8;0.00;0.00;0;0;0
1;8;-0.01;-0.02;0;1;0
1;8;0.00;0.00;0;0;0
1;9;0.00;0.00;0;0;0
1;14;0.00;0.00;0;0;0
1;11;0.00;0.00;0;0;0
1;9;0.00;0.00;0;0;0
1;8;-0.01;-0.02;0;1;0
1;10;0.00;0.00;0;0;0
1;10;0.00;0.00;0;0;0
1;8;0.00;0.00;0;0;0
1;8;0.00;0.00;0;0;0
1;21;0.00;0.00;0;0;0
1;17;-0.01;-0.02;0;1;0
1;7;0.00;0.00;0;0;0
1;8;0.00;0.00;0;0;0
1;11;0.00;0.00;0;0;0
1;5;0.00;0.00;0;0;0
1;11;0.00;0.00;0;0;0
1;5;0.00;0.00;0;0;0
1;9;0.00;0.00;0;0;0
1;8;-0.01;-0.02;0;1;0
1;9;0.00;0.00;0;0;0
1;7;0.00;0.00;0;0;0
1;8;0.00;0.00;0;0;0
1;12;0.00;0.00;0;0;0
1;10;0.00;0.00;0;0;0
1;7;0.00;0.00;0;0;0
1;8;-0.01;-0.02;0;1;0
1;8;0.00;0.00;0;0;0
1;9;0.00;0.00;0;0;0
1;8;0.00;0.00;0;0;0
1;10;0.00;0.00;0;0;0
1;6;0.00;0.00;0;0;0
1;8;-0.01;-0.02;0;1;0
1;9;0.00;0.00;0;0;0
1;9;0.00;0.00;0;0;0
1;7;0.00;0.00;0;0;0
1;8;0.00;0.00;0;0;0
1;8;0.00;0.00;0;0;0
1;10;0.00;0.00;0;0;0
1;7;0.00;0.00;0;0;0
1;8;-0.01;-0.02;0;1;0
1;11;0.00;0.00;0;0;0
1;11;0.00;0.00;0;0;0
1;8;0.00;0.00;0;0;0
1;7;0.00;0.00;0;0;0
1;8;0.00;0.00;0;0;0
1;9;0.00;0.00;0;0;0
1;7;0.00;0.00;0;0;0
1;12;-0.01;-0.02;0;1;0
1;5;0.00;0.00;0;0;0
1;8;0.00;0.00;0;0;0
1;11;0.00;0.00;0;0;0
1;5;0.00;0.00;0;0;0
1;9;0.00;0.00;0;0;0
1;8;0.00;0.00;0;0;0
1;11;-0.01;-0.02;0;1;0
1;5;0.00;0.00;0;0;0
1;8;0.00;0.00;0;0;0
1;12;0.00;0.00;0;0;0
1;12;0.00;0.00;0;0;0
1;5;0.00;0.00;0;0;0
1;8;0.00;0.00;0;0;0
1;8;-0.01;-0.02;0;1;0
1;9;0.00;0.00;0;0;0
1;8;0.00;0.00;0;0;0
1;8;0.00;0.00;0;0;0
1;13;0.00;0.00;0;0;0
1;8;0.00;0.00;0;0;0
1;8;-0.01;-0.02;0;1;0
1;8;0.00;0.00;0;0;0
1;9;0.00;0.00;0;0;0
1;7;0.00;0.00;0;0;0
1;8;0.00;0.00;0;0;0
1;9;0.00;0.00;0;0;0
1;8;0.00;0.00;0;0;0
1;8;-0.01;-0.02;0;1;0
1;8;0.00;0.00;0;0;0
1;8;0.00;0.00;0;0;0
1;9;0.00;0.00;0;0;0
1;8;0.00;0.00;0;0;0
1;8;0.00;0.00;0;0;0
1;8;0.00;0.00;0;0;0
1;13;-0.01;-0.02;0;1;0
1;8;0.00;0.00;0;0;0
1;8;0.00;0.00;0;0;0
1;10;0.00;0.00;0;0;0
1;6;0.00;0.00;0;0;0
1;8;0.00;0.00;0;0;0
1;9;-0.01;-0.02;0;1;0
1;8;0.00;0.00;0;0;0
1;8;0.00;0.00;0;0;0
1;8;0.00;0.00;0;0;0
1;11;0.00;0.00;0;0;0
1;7;0.00;0.00;0;0;0
1;7;0.00;0.00;0;0;0
1;8;-0.01;-0.02;0;1;0
1;8;0.00;0.00;0;0;0
1;8;0.00;0.00;0;0;0
1;8;0.00;0.00;0;0;0
1;9;0.00;0.00;0;0;0
1;8;0.00;0.00;0;0;0
1;8;0.00;0.00;0;0;0
1;8;0.00;0.00;0;0;0
1;8;0.00;0.00;0;0;0
1;9;-0.01;-0.02;0;1;0
1;11;0.00;0.00;0;0;0
1;5;0.00;0.00;0;0;0
1;8;0.00;0.00;0;0;0
1;8;0.00;0.00;0;0;0
1;9;0.00;0.00;0;0;0
1;11;0.00;0.00;0;0;0
1;5;0.00;0.00;0;0;0
1;8;-0.01;-0.02;0;1;0
1;8;0.00;0.00;0;0;0
1;11;0.00;0.00;0;0;0
1;6;0.00;0.00;0;0;0
1;8;0.00;0.00;0;0;0
1;8;0.00;0.00;0;0;0
1;8;-0.01;-0.02;0;1;0
1;8;0.00;0.00;0;0;0
1;9;0.00;0.00;0;0;0
1;8;0.00;0.00;0;0;0
1;8;0.00;0.00;0;0;0
1;8;-0.01;-0.02;0;1;0
1;8;0.00;0.00;0;0;0
1;9;0.00;0.00;0;0;0
1;8;0.00;0.00;0;0;0
1;8;0.00;0.00;0;0;0
1;8;0.00;0.00;0;0;0
1;8;-0.01;-0.02;0;1;0
1;13;0.00;0.00;0;0;0
1;11;0.00;0.00;0;0;0
1;5;0.00;0.00;0;0;0
1;11;0.00;0.00;0;0;0
1;5;0.00;0.00;0;0;0
1;9;0.00;0.00;0;0;0
1;8;0.00;0.00;0;0;0
1;11;-0.01;-0.02;0;1;0
1;5;0.00;0.00;0;0;0
1;8;0.00;0.00;0;0;0
1;9;0.00;0.00;0;0;0
1;10;0.00;0.00;0;0;0
1;6;0.00;0.00;0;0;0
1;9;0.00;0.00;0;0;0
1;7;-0.01;-0.02;0;1;0
1;9;0.00;0.00;0;0;0
1;8;0.00;0.00;0;0;0
1;10;0.00;0.00;0;0;0
1;6;0.00;0.00;0;0;0
1;8;-0.01;-0.02;0;1;0
1;9;0.00;0.00;0;0;0
1;8;0.00;0.00;0;0;0
1;8;0.00;0.00;0;0;0
1;8;0.00;0.00;0;0;0
1;8;-0.01;-0.02;0;1;0
1;8;0.00;0.00;0;0;0
1;9;0.00;0.00;0;0;0
1;8;0.00;0.00;0;0;0
1;8;0.00;0.00;0;0;0
1;10;0.00;0.00;0;0;0
1;6;0.00;0.00;0;0;0
1;9;-0.01;-0.02;0;1;0
1;8;0.00;0.00;0;0;0
1;8;0.00;0.00;0;0;0
1;8;0.00;0.00;0;0;0
1;8;0.00;0.00;0;0;0
1;9;0.00;0.00;0;0;0
1;8;0.00;0.00;0;0;0
1;8;0.00;0.00;0;0;0
1;8;0.00;0.00;0;0;0
1;25;0.00;0.00;0;0;0
1;7;0.00;0.00;0;0;0
1;11;0.00;0.00;0;0;0
1;6;0.00;0.00;0;0;0
1;9;0.00;0.00;0;0;0
1;8;0.00;0.00;0;0;0
1;11;0.00;0.00;0;0;0
1;5;0.00;0.00;0;0;0
1;8;0.00;0.00;0;0;0
1;8;0.00;0.00;0;0;0
1;10;0.00;0.00;0;0;0
1;7;0.00;0.00;0;0;0
1;8;0.00;0.00;0;0;0
1;8;0.00;0.00;0;0;0
1;8;0.00;0.00;0;0;0
1;9;0.00;0.00;0;0;0
1;7;-0.01;-0.02;0;1;0
1;9;0.00;0.00;0;0;0
1;10;0.00;0.00;0;0;0
1;6;0.00;0.00;0;0;0
1;9;0.00;0.00;0;0;0
1;8;-0.01;-0.02;0;1;0
1;8;0.00;0.00;0;0;0
1;8;0.00;0.00;0;0;0
1;9;0.00;0.00;0;0;0
1;8;0.00;0.00;0;0;0
1;8;0.00;0.00;0;0;0
1;8;-0.01;-0.02;0;1;0
1;8;0.00;0.00;0;0;0
1;9;0.00;0.00;0;0;0
1;8;0.00;0.00;0;0;0
1;8;0.00;0.00;0;0;0
1;8;0.00;0.00;0;0;0
1;8;-0.01;-0.02;0;1;0
1;8;0.00;0.00;0;0;0
1;8;0.00;0.00;0;0;0
1;10;0.00;0.00;0;0;0
1;10;0.00;0.00;0;0;0
1;9;0.00;0.00;0;0;0
1;18;0.00;0.00;0;0;0
1;6;-0.01;-0.02;0;1;0
1;8;0.00;0.00;0;0;0
1;9;0.00;0.00;0;0;0
1;7;0.00;0.00;0;0;0
1;8;0.00;0.00;0;0;0
1;8;0.00;0.00;0;0;0
1;9;-0.01;-0.02;0;1;0
1;8;0.00;0.00;0;0;0
1;8;0.00;0.00;0;0;0
1;7;0.00;0.00;0;0;0
1;10;0.00;0.00;0;0;0
1;8;0.00;0.00;0;0;0
1;8;0.00;0.00;0;0;0
1;7;-0.01;-0.02;0;1;0
1;9;0.00;0.00;0;0;0
1;9;0.00;0.00;0;0;0
1;8;0.00;0.00;0;0;0
1;8;0.00;0.00;0;0;0
1;8;0.00;0.00;0;0;0
1;8;-0.01;-0.02;0;1;0
1;9;0.00;0.00;0;0;0
1;8;0.00;0.00;0;0;0
1;8;0.00;0.00;0;0;0
1;8;0.00;0.00;0;0;0
1;8;0.00;0.00;0;0;0
1;9;-0.01;-0.02;0;1;0
1;8;0.00;0.00;0;0;0
1;8;0.00;0.00;0;0;0
1;7;0.00;0.00;0;0;0
1;9;0.00;0.00;0;0;0
1;7;0.00;0.00;0;0;0
1;10;0.00;0.00;0;0;0
1;8;-0.01;-0.02;0;1;0
1;7;0.00;0.00;0;0;0
1;8;0.00;0.00;0;0;0
1;9;0.00;0.00;0;0;0
1;9;0.00;0.00;0;0;0
1;8;-0.01;-0.02;0;1;0
1;8;0.00;0.00;0;0;0
1;8;0.00;0.00;0;0;0
1;8;0.00;0.00;0;0;0
1;9;0.00;0.00;0;0;0
1;8;-0.01;-0.02;0;1;0
1;8;0.00;0.00;0;0;0
1;8;0.00;0.00;0;0;0
1;8;0.00;0.00;0;0;0
1;9;0.00;0.00;0;0;0
1;8;0.00;0.00;0;0;0
1;8;0.00;0.00;0;0;0
1;8;-0.01;-0.02;0;1;0
1;8;0.00;0.00;0;0;0
1;16;0.00;0.00;0;0;0
1;5;0.00;0.00;0;0;0
1;8;0.00;0.00;0;0;0
1;9;0.00;0.00;0;0;0
1;7;0.00;0.00;0;0;0
1;9;-0.01;-0.02;0;1;0
1;8;0.00;0.00;0;0;0
1;10;0.00;0.00;0;0;0
1;6;0.00;0.00;0;0;0
1;9;0.00;0.00;0;0;0
1;10;-0.01;-0.02;0;1;0
1;6;0.00;0.00;0;0;0
1;8;0.00;0.00;0;0;0
1;7;0.00;0.00;0;0;0
1;10;0.00;0.00;0;0;0
1;7;0.00;0.00;0;0;0
1;9;-0.01;-0.02;0;1;0
1;9;0.00;0.00;0;0;0
1;7;0.00;0.00;0;0;0
1;13;0.00;0.00;0;0;0
1;8;0.00;0.00;0;0;0
1;8;-0.01;-0.02;0;1;0
1;14;0.00;0.00;0;0;0
1;11;0.00;0.00;0;0;0
1;11;0.00;0.00;0;0;0
1;11;0.00;0.00;0;0;0
1;6;-0.01;-0.02;0;1;0
1;9;0.00;0.00;0;0;0
1;7;0.00;0.00;0;0;0
1;9;0.00;0.00;0;0;0
1;8;0.00;0.00;0;0;0
1;8;0.00;0.00;0;0;0
1;8;0.00;0.00;0;0;0
1;8;-0.01;-0.02;0;1;0
1;7;0.00;0.00;0;0;0
1;9;0.00;0.00;0;0;0
1;8;0.00;0.00;0;0;0
1;8;0.00;0.00;0;0;0
1;8;0.00;0.00;0;0;0
1;9;-0.01;-0.02;0;1;0
1;9;0.00;0.00;0;0;0
1;7;0.00;0.00;0;0;0
1;8;0.00;0.00;0;0;0
1;8;0.00;0.00;0;0;0
1;8;0.00;0.00;0;0;0
1;9;-0.01;-0.02;0;1;0
1;7;0.00;0.00;0;0;0
1;9;0.00;0.00;0;0;0
1;7;0.00;0.00;0;0;0
1;9;0.00;0.00;0;0;0
1;9;0.00;0.00;0;0;0
1;8;0.00;0.00;0;0;0
1;8;-0.01;-0.02;0;1;0
1;8;0.00;0.00;0;0;0
1;8;0.00;0.00;0;0;0
1;8;0.00;0.00;0;0;0
1;8;0.00;0.00;0;0;0
1;8;0.00;0.00;0;0;0
1;8;-0.01;-0.02;0;1;0
1;9;0.00;0.00;0;0;0
1;7;0.00;0.00;0;0;0
1;9;0.00;0.00;0;0;0
1;9;0.00;0.00;0;0;0
1;14;-0.01;-0.02;0;1;0
1;19;0.00;0.00;0;0;0
1;8;0.00;0.00;0;0;0
1;8;0.00;0.00;0;0;0
1;10;0.00;0.00;0;0;0
1;6;-0.01;-0.02;0;1;0
1;9;0.00;0.00;0;0;0
1;9;0.00;0.00;0;0;0
1;7;0.00;0.00;0;0;0
1;8;0.00;0.00;0;0;0
1;8;0.00;0.00;0;0;0
1;8;0.00;0.00;0;0;0
1;18;0.00;0.00;0;0;0
1;10;0.00;0.00;0;0;0
1;5;0.00;0.00;0;0;0
1;12;0.00;0.00;0;0;0
1;5;0.00;0.00;0;0;0
1;9;-0.01;-0.02;0;1;0
1;7;0.00;0.00;0;0;0
1;8;0.00;0.00;0;0;0
1;7;0.00;0.00;0;0;0
1;11;0.00;0.00;0;0;0
1;7;0.00;0.00;0;0;0
1;11;-0.01;-0.02;0;1;0
1;5;0.00;0.00;0;0;0
1;17;0.00;0.00;0;0;0
1;8;0.00;0.00;0;0;0
1;8;0.00;0.00;0;0;0
1;8;-0.01;-0.02;0;1;0
1;7;0.00;0.00;0;0;0
1;10;0.00;0.00;0;0;0
1;8;0.00;0.00;0;0;0
1;17;-0.01;-0.02;0;1;0
1;13;0.00;0.00;0;0;0
1;55;-0.01;-0.02;0;1;0
1;5;0.00;0.00;0;0;0
1;13;0.00;0.00;0;0;0
1;19;0.00;0.00;0;0;0
1;6;-0.01;-0.02;0;1;0
1;13;0.00;0.00;0;0;0
1;7;0.00;0.00;0;0;0
1;8;0.00;0.00;0;0;0
1;11;0.00;0.00;0;0;0
1;20;-0.01;-0.02;0;1;0
1;7;0.00;0.00;0;0;0
1;7;0.00;0.00;0;0;0
1;8;0.00;0.00;0;0;0
1;8;0.00;0.00;0;0;0
1;7;0.00;0.00;0;0;0
1;8;-0.01;-0.02;0;1;0
1;8;0.00;0.00;0;0;0
1;12;0.00;0.00;0;0;0
1;6;0.00;0.00;0;0;0
1;8;0.00;0.00;0;0;0
1;8;0.00;0.00;0;0;0
1;8;0.00;0.00;0;0;0
1;9;-0.01;-0.02;0;1;0
1;8;0.00;0.00;0;0;0
1;8;0.00;0.00;0;0;0
1;7;0.00;0.00;0;0;0
1;8;0.00;0.00;0;0;0
1;9;0.00;0.00;0;0;0
1;14;-0.01;-0.02;0;1;0
1;12;0.00;0.00;0;0;0
1;7;0.00;0.00;0;0;0
1;9;0.00;0.00;0;0;0
1;8;0.00;0.00;0;0;0
1;8;0.00;0.00;0;0;0
1;8;-0.01;-0.02;0;1;0
1;13;0.00;0.00;0;0;0
1;8;0.00;0.00;0;0;0
1;9;0.00;0.00;0;0;0
1;10;0.00;0.00;0;0;0
1;8;0.00;0.00;0;0;0
1;8;-0.01;-0.02;0;1;0
1;8;0.00;0.00;0;0;0
1;8;0.00;0.00;0;0;0
1;8;0.00;0.00;0;0;0
1;8;0.00;0.00;0;0;0
1;9;0.00;0.00;0;0;0
1;9;0.00;0.00;0;0;0
1;8;0.00;0.00;0;0;0
1;8;-0.01;-0.02;0;1;0
1;7;0.00;0.00;0;0;0
1;9;0.00;0.00;0;0;0
1;9;0.00;0.00;0;0;0
1;7;0.00;0.00;0;0;0
1;8;0.00;0.00;0;0;0
1;8;0.00;0.00;0;0;0
1;8;0.00;0.00;0;0;0
1;9;-0.01;-0.02;0;1;0
1;8;0.00;0.00;0;0;0
1;8;0.00;0.00;0;0;0
1;8;0.00;0.00;0;0;0
1;10;0.00;0.00;0;0;0
1;7;0.00;0.00;0;0;0
1;12;-0.01;-0.02;0;1;0
1;5;0.00;0.00;0;0;0
1;8;0.00;0.00;0;0;0
1;7;0.00;0.00;0;0;0
1;8;0.00;0.00;0;0;0
1;9;0.00;0.00;0;0;0
1;9;0.00;0.00;0;0;0
1;7;-0.01;-0.02;0;1;0
1;8;0.00;0.00;0;0;0
1;8;0.00;0.00;0;0;0
1;12;0.00;0.00;0;0;0
1;6;0.00;0.00;0;0;0
1;8;0.00;0.00;0;0;0
1;8;0.00;0.00;0;0;0
1;8;0.00;0.00;0;0;0
1;9;-0.01;-0.02;0;1;0
1;7;0.00;0.00;0;0;0
1;9;0.00;0.00;0;0;0
1;7;0.00;0.00;0;0;0
1;8;0.00;0.00;0;0;0
1;9;0.00;0.00;0;0;0
1;8;0.00;0.00;0;0;0
1;8;0.00;0.00;0;0;0
1;8;0.00;0.00;0;0;0
1;9;-0.01;-0.02;0;1;0
1;7;0.00;0.00;0;0;0
1;9;0.00;0.00;0;0;0
1;8;0.00;0.00;0;0;0
1;8;0.00;0.00;0;0;0
1;8;0.00;0.00;0;0;0
1;8;0.00;0.00;0;0;0
1;9;-0.01;-0.02;0;1;0
1;9;0.00;0.00;0;0;0
1;7;0.00;0.00;0;0;0
1;8;0.00;0.00;0;0;0
1;8;0.00;0.00;0;0;0
1;12;0.00;0.00;0;0;0
1;6;0.00;0.00;0;0;0
1;12;-0.01;-0.02;0;1;0
1;8;0.00;0.00;0;0;0
1;12;0.00;0.00;0;0;0
1;9;0.00;0.00;0;0;0
1;8;0.00;0.00;0;0;0
1;13;-0.01;-0.02;0;1;0
1;7;0.00;0.00;0;0;0
1;9;0.00;0.00;0;0;0
1;10;0.00;0.00;0;0;0
1;6;0.00;0.00;0;0;0
1;7;0.00;0.00;0;0;0
1;17;-0.01;-0.02;0;1;0
1;8;0.00;0.00;0;0;0
1;8;0.00;0.00;0;0;0
1;9;0.00;0.00;0;0;0
1;8;0.00;0.00;0;0;0
1;8;0.00;0.00;0;0;0
1;8;0.00;0.00;0;0;0
1;8;0.00;0.00;0;0;0
1;8;-0.01;-0.02;0;1;0
1;8;0.00;0.00;0;0;0
1;9;0.00;0.00;0;0;0
1;9;0.00;0.00;0;0;0
1;7;0.00;0.00;0;0;0
1;9;0.00;0.00;0;0;0
1;8;0.00;0.00;0;0;0
1;12;0.00;0.00;0;0;0
1;8;0.00;0.00;0;0;0
1;8;-0.01;-0.02;0;1;0
1;11;0.00;0.00;0;0;0
1;6;0.00;0.00;0;0;0
1;9;0.00;0.00;0;0;0
1;7;0.00;0.00;0;0;0
1;8;0.00;0.00;0;0;0
1;8;0.00;0.00;0;0;0
1;8;0.00;0.00;0;0;0
1;8;0.00;0.00;0;0;0
1;9;0.00;0.00;0;0;0
1;8;0.00;0.00;0;0;0
1;8;0.00;0.00;0;0;0
1;8;0.00;0.00;0;0;0
1;8;0.00;0.00;0;0;0
1;9;0.00;0.00;0;0;0
1;8;0.00;0.00;0;0;0
1;11;0.00;0.00;0;0;0
1;10;0.00;0.00;0;0;0
1;8;0.00;0.00;0;0;0
1;9;0.00;0.00;0;0;0
1;11;0.00;0.00;0;0;0
1;10;0.00;0.00;0;0;0
1;7;0.00;0.00;0;0;0
1;8;0.00;0.00;0;0;0
1;8;0.00;0.00;0;0;0
1;8;0.00;0.00;0;0;0
1;8;0.00;0.00;0;0;0
1;8;0.00;0.00;0;0;0
1;8;0.00;0.00;0;0;0
1;10;0.00;0.00;0;0;0
1;7;0.00;0.00;0;0;0
1;8;0.00;0.00;0;0;0
1;8;0.00;0.00;0;0;0
1;37;0.00;0.00;0;0;0
1;9;0.00;0.00;0;0;0
1;18;0.00;0.00;0;0;0
1;7;0.00;0.00;0;0;0
1;7;0.00;0.00;0;0;0
1;8;0.00;0.00;0;0;0
1;8;0.00;0.00;0;0;0
1;9;0.00;0.00;0;0;0
1;8;0.00;0.00;0;0;0
1;13;0.00;0.00;0;0;0
1;8;0.00;0.00;0;0;0
1;9;0.00;0.00;0;0;0
1;8;0.00;0.00;0;0;0
1;7;0.00;0.00;0;0;0
1;8;0.00;0.00;0;0;0
1;9;0.00;0.00;0;0;0
1;8;0.00;0.00;0;0;0
1;9;0.00;0.00;0;0;0
1;8;0.00;0.00;0;0;0
1;8;0.00;0.00;0;0;0
1;8;0.00;0.00;0;0;0
1;8;0.00;0.00;0;0;0
1;11;0.00;0.00;0;0;0
1;9;0.00;0.00;0;0;0
1;8;0.00;0.00;0;0;0
1;8;0.00;0.00;0;0;0
1;8;0.00;0.00;0;0;0
1;9;0.00;0.00;0;0;0
1;8;0.00;0.00;0;0;0
1;8;0.00;0.00;0;0;0
1;9;0.00;0.00;0;0;0
1;8;0.00;0.00;0;0;0
1;8;0.00;0.00;0;0;0
1;8;0.00;0.00;0;0;0
1;8;0.00;0.00;0;0;0
1;21;0.00;0.00;0;0;0
1;8;0.00;0.00;0;0;0
1;8;0.00;0.00;0;0;0
1;12;0.00;0.00;0;0;0
1;5;0.00;0.00;0;0;0
1;7;0.00;0.00;0;0;0
1;9;0.00;0.00;0;0;0
1;8;0.00;0.00;0;0;0
1;8;0.00;0.00;0;0;0
1;8;0.00;0.00;0;0;0
1;9;0.00;0.00;0;0;0
1;11;0.00;0.00;0;0;0
1;11;0.00;0.00;0;0;0
1;7;0.00;0.00;0;0;0
1;12;0.00;0.00;0;0;0
1;9;0.00;0.00;0;0;0
1;8;0.00;0.00;0;0;0
1;10;0.00;0.00;0;0;0
1;7;0.00;0.00;0;0;0
1;7;0.00;0.00;0;0;0
1;11;0.00;0.00;0;0;0
1;6;0.00;0.00;0;0;0
1;8;0.00;0.00;0;0;0
1;7;0.00;0.00;0;0;0
1;8;0.00;0.00;0;0;0
1;8;0.00;0.00;0;0;0
1;9;-0.01;-0.02;0;1;0
1;8;0.00;0.00;0;0;0
1;8;0.00;0.00;0;0;0
1;8;0.00;0.00;0;0;0
1;9;0.00;0.00;0;0;0
1;8;0.00;0.00;0;0;0
1;8;0.00;0.00;0;0;0
1;8;0.00;0.00;0;0;0
1;9;-0.01;-0.02;0;1;0
1;8;0.00;0.00;0;0;0
1;9;0.00;0.00;0;0;0
1;9;0.00;0.00;0;0;0
1;7;0.00;0.00;0;0;0
1;7;0.00;0.00;0;0;0
1;8;0.00;0.00;0;0;0
1;9;0.00;0.00;0;0;0
1;8;0.00;0.00;0;0;0
1;8;0.00;0.00;0;0;0
1;9;0.00;0.00;0;0;0
1;7;0.00;0.00;0;0;0
1;9;0.00;0.00;0;0;0
1;8;0.00;0.00;0;0;0
1;8;0.00;0.00;0;0;0
1;9;0.00;0.00;0;0;0
1;7;0.00;0.00;0;0;0
1;10;0.00;0.00;0;0;0
1;9;0.00;0.00;0;0;0
1;7;0.00;0.00;0;0;0
1;7;0.00;0.00;0;0;0
1;9;0.00;0.00;0;0;0
1;7;0.00;0.00;0;0;0
1;11;0.00;0.00;0;0;0
1;7;0.00;0.00;0;0;0
1;7;0.00;0.00;0;0;0
1;9;0.00;0.00;0;0;0
1;7;0.00;0.00;0;0;0
1;15;0.00;0.00;0;0;0
1;10;0.00;0.00;0;0;0
1;5;0.00;0.00;0;0;0
1;7;0.00;0.00;0;0;0
1;15;0.00;0.00;0;0;0
1;7;0.00;0.00;0;0;0
1;7;0.00;0.00;0;0;0
1;12;0.00;0.00;0;0;0
1;5;0.00;0.00;0;0;0
1;8;0.00;0.00;0;0;0
1;8;0.00;0.00;0;0;0
1;10;0.00;0.00;0;0;0
1;8;0.00;0.00;0;0;0
1;6;0.00;0.00;0;0;0
1;8;0.00;0.00;0;0;0
1;9;0.00;0.00;0;0;0
1;8;0.00;0.00;0;0;0
1;8;0.00;0.00;0;0;0
1;9;0.00;0.00;0;0;0
1;8;0.00;0.00;0;0;0
1;8;0.00;0.00;0;0;0
1;8;0.00;0.00;0;0;0
1;8;0.00;0.00;0;0;0
1;9;0.00;0.00;0;0;0
1;7;0.00;0.00;0;0;0
1;9;0.00;0.00;0;0;0
1;9;0.00;0.00;0;0;0
1;9;0.00;0.00;0;0;0
1;7;0.00;0.00;0;0;0
1;7;0.00;0.00;0;0;0
1;9;0.00;0.00;0;0;0
1;8;0.00;0.00;0;0;0
1;8;0.00;0.00;0;0;0
1;9;0.00;0.00;0;0;0
1;7;0.00;0.00;0;0;0
1;10;0.00;0.00;0;0;0
1;8;0.00;0.00;0;0;0
1;9;0.00;0.00;0;0;0
1;8;0.00;0.00;0;0;0
1;7;0.00;0.00;0;0;0
1;7;0.00;0.00;0;0;0
1;12;0.00;0.00;0;0;0
1;6;0.00;0.00;0;0;0
1;7;0.00;0.00;0;0;0
1;11;0.00;0.00;0;0;0
1;6;0.00;0.00;0;0;0
1;8;0.00;0.00;0;0;0
1;8;0.00;0.00;0;0;0
1;12;0.00;0.00;0;0;0
1;5;0.00;0.00;0;0;0
1;7;0.00;0.00;0;0;0
1;9;0.00;0.00;0;0;0
1;12;0.00;0.00;0;0;0
1;5;0.00;0.00;0;0;0
1;7;0.00;0.00;0;0;0
1;11;0.00;0.00;0;0;0
1;10;0.00;0.00;0;0;0
1;5;0.00;0.00;0;0;0
1;7;0.00;0.00;0;0;0
1;8;0.00;0.00;0;0;0
1;8;0.00;0.00;0;0;0
1;9;0.00;0.00;0;0;0
1;8;0.00;0.00;0;0;0
1;11;0.00;0.00;0;0;0
1;5;0.00;0.00;0;0;0
1;8;0.00;0.00;0;0;0
1;7;0.00;0.00;0;0;0
1;13;0.00;0.00;0;0;0
1;9;0.00;0.00;0;0;0
1;8;0.00;0.00;0;0;0
1;8;0.00;0.00;0;0;0
1;12;0.00;0.00;0;0;0
1;5;0.00;0.00;0;0;0
1;8;0.00;0.00;0;0;0
1;7;0.00;0.00;0;0;0
1;11;0.00;0.00;0;0;0
1;10;0.00;0.00;0;0;0
1;8;0.00;0.00;0;0;0
1;8;0.00;0.00;0;0;0
1;8;0.00;0.00;0;0;0
1;8;0.00;0.00;0;0;0
1;12;0.00;0.00;0;0;0
1;7;0.00;0.00;0;0;0
1;7;0.00;0.00;0;0;0
1;7;0.00;0.00;0;0;0
1;8;0.00;0.00;0;0;0
1;10;0.00;0.00;0;0;0
1;7;0.00;0.00;0;0;0
1;11;0.00;0.00;0;0;0
1;6;0.00;0.00;0;0;0
1;10;0.00;0.00;0;0;0
1;6;0.00;0.00;0;0;0
1;14;0.00;0.00;0;0;0
1;10;0.00;0.00;0;0;0
1;9;0.00;0.00;0;0;0
1;9;0.00;0.00;0;0;0
1;8;0.00;0.00;0;0;0
1;7;0.00;0.00;0;0;0
1;8;0.00;0.00;0;0;0
1;9;0.00;0.00;0;0;0
1;7;0.00;0.00;0;0;0
1;9;0.00;0.00;0;0;0
1;11;0.00;0.00;0;0;0
1;8;0.00;0.00;0;0;0
1;5;0.00;0.00;0;0;0
1;8;0.00;0.00;0;0;0
1;17;0.00;0.00;0;0;0
1;8;0.00;0.00;0;0;0
1;8;0.00;0.00;0;0;0
1;8;0.00;0.00;0;0;0
1;8;0.00;0.00;0;0;0
1;9;0.00;0.00;0;0;0
1;8;0.00;0.00;0;0;0
1;8;0.00;0.00;0;0;0
1;9;0.00;0.00;0;0;0
1;11;0.00;0.00;0;0;0
1;8;0.00;0.00;0;0;0
1;6;0.00;0.00;0;0;0
1;7;0.00;0.00;0;0;0
1;8;0.00;0.00;0;0;0
1;8;0.00;0.00;0;0;0
1;9;0.00;0.00;0;0;0
1;9;0.00;0.00;0;0;0
1;7;0.00;0.00;0;0;0
1;8;0.00;0.00;0;0;0
1;8;0.00;0.00;0;0;0
1;9;0.00;0.00;0;0;0
1;11;0.00;0.00;0;0;0
1;5;0.00;0.00;0;0;0
1;8;0.00;0.00;0;0;0
1;8;0.00;0.00;0;0;0
1;15;-0.02;0.00;-1;0;0
1;6;0.00;0.00;0;0;0
1;8;0.00;0.00;0;0;0
1;8;0.00;0.00;0;0;0
1;8;0.00;0.00;0;0;0
1;9;0.00;0.00;0;0;0
1;12;0.00;0.00;0;0;0
1;4;0.00;0.00;0;0;0
1;9;0.00;0.00;0;0;0
1;8;0.00;0.00;0;0;0
1;8;0.00;0.00;0;0;0
1;8;0.00;0.00;0;0;0
1;8;0.00;0.00;0;0;0
1;8;0.00;0.00;0;0;0
1;8;0.00;0.00;0;0;0
1;10;0.00;0.00;0;0;0
1;7;0.00;0.00;0;0;0
1;8;0.00;0.00;0;0;0
1;8;0.00;0.00;0;0;0
1;8;0.00;0.00;0;0;0
1;8;0.00;0.00;0;0;0
1;9;0.00;0.00;0;0;0
1;8;0.00;0.00;0;0;0
1;8;0.00;0.00;0;0;0
1;11;0.00;0.00;0;0;0
1;5;0.00;0.00;0;0;0
1;9;0.00;0.00;0;0;0
1;11;-0.02;0.00;-1;0;0
1;6;0.00;0.00;0;0;0
1;7;0.00;0.00;0;0;0
1;9;0.00;0.00;0;0;0
1;10;0.00;0.00;0;0;0
1;6;0.00;0.00;0;0;0
1;8;0.00;0.00;0;0;0
1;11;0.00;0.00;0;0;0
1;10;-0.02;0.00;-1;0;0
1;8;0.00;0.00;0;0;0
1;8;0.00;0.00;0;0;0
1;13;0.00;0.00;0;0;0
1;8;0.00;0.00;0;0;0
1;7;0.00;0.00;0;0;0
1;9;0.00;0.00;0;0;0
1;8;-0.02;0.00;-1;0;0
1;8;0.00;0.00;0;0;0
1;8;0.00;0.00;0;0;0
1;8;0.00;0.00;0;0;0
1;9;0.00;0.00;0;0;0
1;8;0.00;0.00;0;0;0
1;15;0.00;0.00;0;0;0
1;5;0.00;0.00;0;0;0
1;9;0.00;0.00;0;0;0
1;12;0.00;0.00;0;0;0
1;5;0.00;0.00;0;0;0
1;8;0.00;0.00;0;0;0
1;7;0.00;0.00;0;0;0
1;14;0.00;0.00;0;0;0
1;7;0.00;0.00;0;0;0
1;8;0.00;0.00;0;0;0
1;13;0.00;0.00;0;0;0
1;8;0.00;0.00;0;0;0
1;8;0.00;0.00;0;0;0
1;8;0.00;0.00;0;0;0
1;8;0.00;0.00;0;0;0
1;8;0.00;0.00;0;0;0
1;9;0.00;0.00;0;0;0
1;8;0.00;0.00;0;0;0
1;8;0.00;0.00;0;0;0
1;8;0.00;0.00;0;0;0
1;8;0.00;0.00;0;0;0
1;8;0.00;0.00;0;0;0
1;9;0.00;0.00;0;0;0
1;8;0.00;0.00;0;0;0
1;9;0.00;0.00;0;0;0
1;14;0.00;0.00;0;0;0
1;9;0.00;0.00;0;0;0
1;6;0.00;0.00;0;0;0
1;16;0.00;0.00;0;0;0
1;10;0.00;0.00;0;0;0
1;5;0.00;0.00;0;0;0
1;9;0.00;0.00;0;0;0
1;9;0.00;0.00;0;0;0
1;7;0.00;0.00;0;0;0
1;8;0.00;0.00;0;0;0
1;9;0.00;0.00;0;0;0
1;10;0.00;0.00;0;0;0
1;6;0.00;0.00;0;0;0
1;8;0.00;0.00;0;0;0
1;8;0.00;0.00;0;0;0
1;8;0.00;0.00;0;0;0
1;8;0.00;0.00;0;0;0
1;23;0.00;0.00;0;0;0
1;7;0.00;0.00;0;0;0
1;11;-0.02;0.00;-1;0;0
1;6;0.00;0.00;0;0;0
1;7;0.00;0.00;0;0;0
1;8;0.00;0.00;0;0;0
1;10;0.00;0.00;0;0;0
1;6;0.00;0.00;0;0;0
1;10;0.00;0.00;0;0;0
1;7;0.00;0.00;0;0;0
1;8;0.00;0.00;0;0;0
1;8;-0.02;0.00;-1;0;0
1;8;0.00;0.00;0;0;0
1;8;0.00;0.00;0;0;0
1;10;0.00;0.00;0;0;0
1;7;0.00;0.00;0;0;0
1;8;0.00;0.00;0;0;0
1;8;0.00;0.00;0;0;0
1;8;-0.02;0.00;-1;0;0
1;9;0.00;0.00;0;0;0
1;8;0.00;0.00;0;0;0
1;8;0.00;0.00;0;0;0
1;8;0.00;0.00;0;0;0
1;8;0.00;0.00;0;0;0
1;9;-0.02;0.00;-1;0;0
1;11;0.00;0.00;0;0;0
1;5;0.00;0.00;0;0;0
1;8;0.00;0.00;0;0;0
1;8;0.00;0.00;0;0;0
1;9;0.00;0.00;0;0;0
1;8;0.00;0.00;0;0;0
1;8;-0.02;0.00;-1;0;0
1;8;0.00;0.00;0;0;0
1;8;0.00;0.00;0;0;0
1;8;0.00;0.00;0;0;0
1;9;0.00;0.00;0;0;0
1;8;0.00;0.00;0;0;0
1;8;-0.02;0.00;-1;0;0
1;9;0.00;0.00;0;0;0
1;8;0.00;0.00;0;0;0
1;11;0.00;0.00;0;0;0
1;14;0.00;0.00;0;0;0
1;11;-0.02;0.00;-1;0;0
1;12;0.00;0.00;0;0;0
1;10;0.00;0.00;0;0;0
1;20;0.00;0.00;0;0;0
1;8;-0.02;0.00;-1;0;0
1;8;0.00;0.00;0;0;0
1;14;0.00;0.00;0;0;0
1;6;0.00;0.00;0;0;0
1;9;0.00;0.00;0;0;0
1;9;-0.02;0.00;-1;0;0
1;7;0.00;0.00;0;0;0
1;8;0.00;0.00;0;0;0
1;12;0.00;0.00;0;0;0
1;8;0.00;0.00;0;0;0
1;9;0.00;0.00;0;0;0
1;8;-0.02;0.00;-1;0;0
1;15;0.00;0.00;0;0;0
1;9;0.00;0.00;0;0;0
1;10;0.00;0.00;0;0;0
1;8;0.00;0.00;0;0;0
1;7;-0.02;0.00;-1;0;0
1;8;0.00;0.00;0;0;0
1;8;0.00;0.00;0;0;0
1;8;0.00;0.00;0;0;0
1;9;0.00;0.00;0;0;0
1;8;0.00;0.00;0;0;0
1;8;-0.02;0.00;-1;0;0
1;10;0.00;0.00;0;0;0
1;6;0.00;0.00;0;0;0
1;10;0.00;0.00;0;0;0
1;11;0.00;0.00;0;0;0
1;8;0.00;0.00;0;0;0
1;8;-0.02;0.00;-1;0;0
1;9;0.00;0.00;0;0;0
1;8;0.00;0.00;0;0;0
1;8;0.00;0.00;0;0;0
1;8;0.00;0.00;0;0;0
1;8;-0.02;0.00;-1;0;0
1;11;0.00;0.00;0;0;0
1;7;0.00;0.00;0;0;0
1;7;0.00;0.00;0;0;0
1;8;0.00;0.00;0;0;0
1;9;0.00;0.00;0;0;0
1;7;-0.02;0.00;-1;0;0
1;9;-0.01;-0.02;0;1;0
1;8;0.00;0.00;0;0;0
1;8;0.00;0.00;0;0;0
1;8;0.00;0.00;0;0;0
1;31;-0.02;0.00;-1;0;0
1;7;-0.01;-0.02;0;1;0
1;7;0.00;0.00;0;0;0
1;8;0.00;0.00;0;0;0
1;9;0.00;0.00;0;0;0
1;8;-0.02;0.00;-1;0;0
1;8;0.00;0.00;0;0;0
1;8;0.00;0.00;0;0;0
1;8;-0.01;-0.02;0;1;0
1;10;0.00;0.00;0;0;0
1;7;0.00;0.00;0;0;0
1;8;-0.02;0.00;-1;0;0
1;8;0.00;0.00;0;0;0
1;8;0.00;0.00;0;0;0
1;9;0.00;0.00;0;0;0
1;8;0.00;0.00;0;0;0
1;11;-0.04;-0.02;-1;1;0
1;10;0.00;0.00;0;0;0
1;9;0.00;0.00;0;0;0
1;7;0.00;0.00;0;0;0
1;11;0.00;0.00;0;0;0
1;8;0.00;0.00;0;0;0
1;8;-0.02;0.00;-1;0;0
1;8;0.00;0.00;0;0;0
1;12;-0.01;-0.02;0;1;0
1;5;0.00;0.00;0;0;0
1;8;0.00;0.00;0;0;0
1;8;0.00;0.00;0;0;0
1;8;-0.02;0.00;-1;0;0
1;9;0.00;0.00;0;0;0
1;8;0.00;0.00;0;0;0
1;8;0.00;0.00;0;0;0
1;13;-0.01;-0.02;0;1;0
1;7;-0.02;0.00;-1;0;0
1;9;0.00;0.00;0;0;0
1;8;0.00;0.00;0;0;0
1;8;0.00;0.00;0;0;0
1;8;0.00;0.00;0;0;0
1;8;0.00;0.00;0;0;0
1;9;-0.01;-0.02;0;1;0
1;8;-0.02;0.00;-1;0;0
1;8;0.00;0.00;0;0;0
1;8;0.00;0.00;0;0;0
1;8;0.00;0.00;0;0;0
1;11;0.00;0.00;0;0;0
1;7;0.00;0.00;0;0;0
1;11;-0.04;-0.02;-1;1;0
1;8;0.00;0.00;0;0;0
1;19;0.00;0.00;0;0;0
1;6;0.00;0.00;0;0;0
1;8;0.00;0.00;0;0;0
1;11;-0.02;0.00;-1;0;0
1;7;-0.01;-0.02;0;1;0
1;7;0.00;0.00;0;0;0
1;8;0.00;0.00;0;0;0
1;10;0.00;0.00;0;0;0
1;6;0.00;0.00;0;0;0
1;9;0.00;0.00;0;0;0
1;8;-0.02;0.00;-1;0;0
1;8;-0.01;-0.02;0;1;0
1;9;0.00;0.00;0;0;0
1;8;0.00;0.00;0;0;0
1;13;0.00;0.00;0;0;0
1;9;-0.02;0.00;-1;0;0
1;6;0.00;0.00;0;0;0
1;8;-0.01;-0.02;0;1;0
1;9;0.00;0.00;0;0;0
1;7;0.00;0.00;0;0;0
1;9;0.00;0.00;0;0;0
1;8;0.00;0.00;0;0;0
1;11;-0.02;0.00;-1;0;0
1;5;-0.01;-0.02;0;1;0
1;8;0.00;0.00;0;0;0
1;9;0.00;0.00;0;0;0
1;8;0.00;0.00;0;0;0
1;8;0.00;0.00;0;0;0
1;10;-0.02;0.00;-1;0;0
1;6;-0.01;-0.02;0;1;0
1;10;0.00;0.00;0;0;0
1;7;0.00;0.00;0;0;0
1;8;0.00;0.00;0;0;0
1;11;-0.02;0.00;-1;0;0
1;8;0.00;0.00;0;0;0
1;6;0.00;0.00;0;0;0
1;8;0.00;0.00;0;0;0
1;8;-0.01;-0.02;0;1;0
1;8;0.00;0.00;0;0;0
1;8;0.00;0.00;0;0;0
1;8;-0.02;0.00;-1;0;0
1;9;0.00;0.00;0;0;0
1;8;0.00;0.00;0;0;0
1;8;0.00;0.00;0;0;0
1;8;0.00;0.00;0;0;0
1;8;0.00;0.00;0;0;0
1;9;0.00;0.00;0;0;0
1;8;0.00;0.00;0;0;0
1;8;-0.02;0.00;-1;0;0
1;8;0.00;0.00;0;0;0
1;8;0.00;0.00;0;0;0
1;9;0.00;0.00;0;0;0
1;8;0.00;0.00;0;0;0
1;9;0.00;0.00;0;0;0
1;7;0.00;0.00;0;0;0
1;11;-0.02;0.00;-1;0;0
1;6;0.00;0.00;0;0;0
1;8;0.00;0.00;0;0;0
1;8;0.00;0.00;0;0;0
1;8;0.00;0.00;0;0;0
1;8;-0.01;-0.02;0;1;0
1;8;0.00;0.00;0;0;0
1;9;-0.02;0.00;-1;0;0
1;9;0.00;0.00;0;0;0
1;7;0.00;0.00;0;0;0
1;8;0.00;0.00;0;0;0
1;8;0.00;0.00;0;0;0
1;10;0.00;0.00;0;0;0
1;7;-0.01;-0.02;0;1;0
1;8;-0.02;0.00;-1;0;0
1;8;0.00;0.00;0;0;0
1;10;0.00;0.00;0;0;0
1;7;0.00;0.00;0;0;0
1;8;0.00;0.00;0;0;0
1;8;0.00;0.00;0;0;0
1;9;0.00;0.00;0;0;0
1;7;-0.02;0.00;-1;0;0
1;9;0.00;0.00;0;0;0
1;9;0.00;0.00;0;0;0
1;7;0.00;0.00;0;0;0
1;8;0.00;0.00;0;0;0
1;8;0.00;0.00;0;0;0
1;12;-0.02;0.00;-1;0;0
1;5;0.00;0.00;0;0;0
1;8;0.00;0.00;0;0;0
1;8;0.00;0.00;0;0;0
1;11;0.00;0.00;0;0;0
1;6;0.00;0.00;0;0;0
1;10;0.00;0.00;0;0;0
1;9;-0.02;0.00;-1;0;0
1;6;0.00;0.00;0;0;0
1;9;0.00;0.00;0;0;0
1;9;0.00;0.00;0;0;0
1;6;0.00;0.00;0;0;0
1;8;0.00;0.00;0;0;0
1;8;-0.02;0.00;-1;0;0
1;8;0.00;0.00;0;0;0
1;8;0.00;0.00;0;0;0
1;9;0.00;0.00;0;0;0
1;8;0.00;0.00;0;0;0
1;12;0.00;0.00;0;0;0
1;8;-0.02;0.00;-1;0;0
1;8;0.00;0.00;0;0;0
1;12;0.00;0.00;0;0;0
1;6;0.00;0.00;0;0;0
1;7;0.00;0.00;0;0;0
1;8;0.00;0.00;0;0;0
1;8;0.00;0.00;0;0;0
1;9;-0.02;0.00;-1;0;0
1;8;0.00;0.00;0;0;0
1;8;0.00;0.00;0;0;0
1;9;0.00;0.00;0;0;0
1;7;0.00;0.00;0;0;0
1;9;0.00;0.00;0;0;0
1;8;0.00;0.00;0;0;0
1;9;0.00;0.00;0;0;0
1;7;-0.02;0.00;-1;0;0
1;8;0.00;0.00;0;0;0
1;10;0.00;0.00;0;0;0
1;11;0.00;0.00;0;0;0
1;8;0.00;0.00;0;0;0
1;8;0.00;0.00;0;0;0
1;11;-0.02;0.00;-1;0;0
1;6;0.00;0.00;0;0;0
1;8;0.00;0.00;0;0;0
1;11;0.00;0.00;0;0;0
1;10;0.00;0.00;0;0;0
1;7;0.00;0.00;0;0;0
1;9;0.00;0.00;0;0;0
1;11;-0.02;0.00;-1;0;0
1;5;0.00;0.00;0;0;0
1;8;0.00;0.00;0;0;0
1;8;0.00;0.00;0;0;0
1;9;0.00;0.00;0;0;0
1;9;0.00;0.00;0;0;0
1;7;0.00;0.00;0;0;0
1;8;0.00;0.00;0;0;0
1;8;-0.02;0.00;-1;0;0
1;9;0.00;0.00;0;0;0
1;8;0.00;0.00;0;0;0
1;9;0.00;0.00;0;0;0
1;8;0.00;0.00;0;0;0
1;7;0.00;0.00;0;0;0
1;10;0.00;0.00;0;0;0
1;7;0.00;0.00;0;0;0
1;8;-0.02;0.00;-1;0;0
1;8;0.00;0.00;0;0;0
1;11;0.00;0.00;0;0;0
1;5;0.00;0.00;0;0;0
1;9;0.00;0.00;0;0;0
1;8;0.00;0.00;0;0;0
1;11;0.00;0.00;0;0;0
1;5;-0.02;0.00;-1;0;0
1;8;0.00;0.00;0;0;0
1;9;0.00;0.00;0;0;0
1;14;0.00;0.00;0;0;0
1;6;0.00;0.00;0;0;0
1;8;0.00;0.00;0;0;0
1;12;0.00;0.00;0;0;0
1;5;-0.02;0.00;-1;0;0
1;8;0.00;0.00;0;0;0
1;8;0.00;0.00;0;0;0
1;11;0.00;0.00;0;0;0
1;5;0.00;0.00;0;0;0
1;9;0.00;0.00;0;0;0
1;8;0.00;0.00;0;0;0
1;13;-0.02;0.00;-1;0;0
1;7;0.00;0.00;0;0;0
1;8;0.00;0.00;0;0;0
1;9;0.00;0.00;0;0;0
1;9;-0.01;0.02;0;0;1
1;7;0.00;0.00;0;0;0
1;8;0.00;0.00;0;0;0
1;8;0.00;0.00;0;0;0
1;9;-0.02;0.00;-1;0;0
1;8;0.00;0.00;0;0;0
1;8;0.00;0.00;0;0;0
1;8;0.00;0.00;0;0;0
1;8;-0.04;0.02;-1;0;1
1;11;0.00;0.00;0;0;0
1;6;0.00;0.00;0;0;0
1;11;0.00;0.00;0;0;0
1;5;-0.02;0.00;-1;0;0
1;8;0.00;0.00;0;0;0
1;9;0.00;0.00;0;0;0
1;8;-0.02;0.00;-1;0;0
1;8;-0.01;0.02;0;0;1
1;10;0.00;0.00;0;0;0
1;6;-0.02;0.00;-1;0;0
1;9;0.00;0.00;0;0;0
1;8;0.00;0.00;0;0;0
1;8;-0.02;0.00;-1;0;0
1;8;0.00;0.00;0;0;0
1;11;-0.01;0.02;0;0;1
1;5;0.00;0.00;0;0;0
1;12;-0.02;0.00;-1;0;0
1;5;0.00;0.00;0;0;0
1;8;0.00;0.00;0;0;0
1;8;0.00;0.00;0;0;0
1;12;-0.01;0.02;0;0;1
1;5;0.00;0.00;0;0;0
1;9;-0.02;0.00;-1;0;0
1;7;0.00;0.00;0;0;0
1;9;0.00;0.00;0;0;0
1;7;0.00;0.00;0;0;0
1;9;0.00;0.00;0;0;0
1;8;0.00;0.00;0;0;0
1;10;-0.01;0.02;0;0;1
1;11;0.00;0.00;0;0;0
1;7;-0.02;0.00;-1;0;0
1;14;0.00;0.00;0;0;0
1;7;0.00;0.00;0;0;0
1;8;0.00;0.00;0;0;0
1;8;-0.01;0.02;0;0;1
1;9;0.00;0.00;0;0;0
1;8;0.00;0.00;0;0;0
1;8;-0.02;0.00;-1;0;0
1;8;0.00;0.00;0;0;0
1;11;0.00;0.00;0;0;0
1;6;0.00;0.00;0;0;0
1;8;-0.01;0.02;0;0;1
1;11;0.00;0.00;0;0;0
1;5;0.00;0.00;0;0;0
1;8;-0.02;0.00;-1;0;0
1;8;0.00;0.00;0;0;0
1;12;0.00;0.00;0;0;0
1;5;0.00;0.00;0;0;0
1;8;-0.01;0.02;0;0;1
1;8;0.00;0.00;0;0;0
1;11;-0.02;0.00;-1;0;0
1;6;0.00;0.00;0;0;0
1;10;0.00;0.00;0;0;0
1;9;0.00;0.00;0;0;0
1;6;0.00;0.00;0;0;0
1;8;-0.01;0.02;0;0;1
1;11;-0.02;0.00;-1;0;0
1;5;0.00;0.00;0;0;0
1;8;0.00;0.00;0;0;0
1;8;0.00;0.00;0;0;0
1;11;0.00;0.00;0;0;0
1;6;0.00;0.00;0;0;0
1;8;-0.01;0.02;0;0;1
1;8;-0.02;0.00;-1;0;0
1;9;0.00;0.00;0;0;0
1;7;0.00;0.00;0;0;0
1;9;0.00;0.00;0;0;0
1;8;0.00;0.00;0;0;0
1;9;-0.02;0.00;-1;0;0
1;7;-0.01;0.02;0;0;1
1;8;0.00;0.00;0;0;0
1;8;-0.02;0.00;-1;0;0
1;10;0.00;0.00;0;0;0
1;7;0.00;0.00;0;0;0
1;8;-0.02;0.00;-1;0;0
1;8;0.00;0.00;0;0;0
1;8;-0.02;0.00;-1;0;0
1;9;0.00;0.00;0;0;0
1;8;-0.04;0.02;-1;0;1
1;8;0.00;0.00;0;0;0
1;14;-0.02;0.00;-1;0;0
1;8;-0.02;0.00;-1;0;0
1;7;0.00;0.00;0;0;0
1;9;-0.02;0.00;-1;0;0
1;7;-0.01;0.02;0;0;1
1;8;0.00;0.00;0;0;0
1;8;-0.02;0.00;-1;0;0
1;9;0.00;0.00;0;0;0
1;8;0.00;0.00;0;0;0
1;8;0.00;0.00;0;0;0
1;8;-0.01;0.02;0;0;1
1;8;-0.02;0.00;-1;0;0
1;17;0.00;0.00;0;0;0
1;12;0.00;0.00;0;0;0
1;14;-0.01;0.02;0;0;1
1;7;0.00;0.00;0;0;0
1;8;0.00;0.00;0;0;0
1;8;0.00;0.00;0;0;0
1;8;-0.02;0.00;-1;0;0
1;8;0.00;0.00;0;0;0
1;8;0.00;0.00;0;0;0
1;9;0.00;0.00;0;0;0
1;11;0.00;0.00;0;0;0
1;5;0.00;0.00;0;0;0
1;12;-0.01;0.02;0;0;1
1;10;-0.02;0.00;-1;0;0
1;7;0.00;0.00;0;0;0
1;9;0.00;0.00;0;0;0
1;8;0.00;0.00;0;0;0
1;9;0.00;0.00;0;0;0
1;13;0.00;0.00;0;0;0
1;11;-0.04;0.02;-1;0;1
1;7;0.00;0.00;0;0;0
1;12;0.00;0.00;0;0;0
1;19;0.00;0.00;0;0;0
1;14;-0.02;0.00;-1;0;0
1;9;-0.01;0.02;0;0;1
1;8;0.00;0.00;0;0;0
1;8;0.00;0.00;0;0;0
1;8;0.00;0.00;0;0;0
1;8;-0.02;0.00;-1;0;0
1;12;0.00;0.00;0;0;0
1;9;0.00;0.00;0;0;0
1;8;-0.01;0.02;0;0;1
1;8;0.00;0.00;0;0;0
1;8;0.00;0.00;0;0;0
1;13;-0.02;0.00;-1;0;0
1;8;0.00;0.00;0;0;0
1;8;0.00;0.00;0;0;0
1;8;0.00;0.00;0;0;0
1;8;-0.01;0.02;0;0;1
1;8;0.00;0.00;0;0;0
1;9;-0.02;0.00;-1;0;0
1;8;0.00;0.00;0;0;0
1;8;0.00;0.00;0;0;0
1;8;0.00;0.00;0;0;0
1;8;0.00;0.00;0;0;0
1;9;0.00;0.00;0;0;0
1;14;-0.04;0.02;-1;0;1
1;6;0.00;0.00;0;0;0
1;11;0.00;0.00;0;0;0
1;5;0.00;0.00;0;0;0
1;11;0.00;0.00;0;0;0
1;6;0.00;0.00;0;0;0
1;8;0.00;0.00;0;0;0
1;8;-0.04;0.02;-1;0;1
1;10;0.00;0.00;0;0;0
1;7;0.00;0.00;0;0;0
1;8;0.00;0.00;0;0;0
1;8;0.00;0.00;0;0;0
1;18;-0.04;0.02;-1;0;1
1;7;0.00;0.00;0;0;0
1;8;0.00;0.00;0;0;0
1;8;0.00;0.00;0;0;0
1;8;0.00;0.00;0;0;0
1;8;-0.02;0.00;-1;0;0
1;8;0.00;0.00;0;0;0
1;9;-0.01;0.02;0;0;1
1;8;0.00;0.00;0;0;0
1;8;0.00;0.00;0;0;0
1;13;0.00;0.00;0;0;0
1;8;-0.02;0.00;-1;0;0
1;8;0.00;0.00;0;0;0
1;8;-0.01;0.02;0;0;1
1;14;0.00;0.00;0;0;0
1;6;0.00;0.00;0;0;0
1;9;0.00;0.00;0;0;0
1;8;-0.02;0.00;-1;0;0
1;8;0.00;0.00;0;0;0
1;8;-0.01;0.02;0;0;1
1;8;0.00;0.00;0;0;0
1;13;0.00;0.00;0;0;0
1;8;0.00;0.00;0;0;0
1;8;-0.02;0.00;-1;0;0
1;8;0.00;0.00;0;0;0
1;8;0.00;0.00;0;0;0
1;9;-0.01;0.02;0;0;1
1;8;0.00;0.00;0;0;0
1;11;-0.02;0.00;-1;0;0
1;13;0.00;0.00;0;0;0
1;17;-0.01;0.02;0;0;1
1;9;0.00;0.00;0;0;0
1;7;0.00;0.00;0;0;0
1;9;-0.02;0.00;-1;0;0
1;11;0.00;0.00;0;0;0
1;5;0.00;0.00;0;0;0
1;8;0.00;0.00;0;0;0
1;8;-0.01;0.02;0;0;1
1;8;0.00;0.00;0;0;0
1;8;-0.02;0.00;-1;0;0
1;9;0.00;0.00;0;0;0
1;8;0.00;0.00;0;0;0
1;10;0.00;0.00;0;0;0
1;6;0.00;0.00;0;0;0
1;12;-0.01;0.02;0;0;1
1;6;-0.02;0.00;-1;0;0
1;7;0.00;0.00;0;0;0
1;8;0.00;0.00;0;0;0
1;12;0.00;0.00;0;0;0
1;17;-0.01;0.02;0;0;1
1;10;-0.02;0.00;-1;0;0
1;8;0.00;0.00;0;0;0
1;12;0.00;0.00;0;0;0
1;15;0.00;0.00;0;0;0
1;13;-0.04;0.02;-1;0;1
1;7;0.00;0.00;0;0;0
1;10;0.00;0.00;0;0;0
1;8;0.00;0.00;0;0;0
1;7;-0.02;0.00;-1;0;0
1;8;0.00;0.00;0;0;0
1;13;-0.01;0.02;0;0;1
1;10;-0.02;0.00;-1;0;0
1;6;0.00;0.00;0;0;0
1;8;0.00;0.00;0;0;0
1;23;-0.02;0.00;-1;0;0
1;6;-0.04;0.02;-1;0;1
1;9;0.00;0.00;0;0;0
1;7;-0.02;0.00;-1;0;0
1;8;0.00;0.00;0;0;0
1;8;-0.02;0.00;-1;0;0
1;8;0.00;0.00;0;0;0
1;9;-0.02;0.00;-1;0;0
1;8;-0.01;0.02;0;0;1
1;8;-0.02;0.00;-1;0;0
1;8;0.00;0.00;0;0;0
1;12;0.00;0.00;0;0;0
1;5;-0.02;0.00;-1;0;0
1;8;0.00;0.00;0;0;0
1;8;-0.01;0.02;0;0;1
1;12;0.00;0.00;0;0;0
1;10;-0.02;0.00;-1;0;0
1;7;0.00;0.00;0;0;0
1;8;-0.01;0.02;0;0;1
1;9;0.00;0.00;0;0;0
1;8;0.00;0.00;0;0;0
1;7;0.00;0.00;0;0;0
1;9;0.00;0.00;0;0;0
1;8;-0.01;0.02;0;0;1
1;8;-0.02;0.00;-1;0;0
1;8;0.00;0.00;0;0;0
1;8;0.00;0.00;0;0;0
1;13;0.00;0.00;0;0;0
1;8;0.00;0.00;0;0;0
1;8;0.00;0.00;0;0;0
1;9;0.00;0.00;0;0;0
1;11;-0.01;0.02;0;0;1
1;5;-0.02;0.00;-1;0;0
1;8;0.00;0.00;0;0;0
1;11;0.00;0.00;0;0;0
1;5;0.00;0.00;0;0;0
1;8;0.00;0.00;0;0;0
1;9;0.00;0.00;0;0;0
1;10;-0.02;0.00;-1;0;0
1;6;-0.01;0.02;0;0;1
1;8;0.00;0.00;0;0;0
1;8;0.00;0.00;0;0;0
1;10;0.00;0.00;0;0;0
1;7;0.00;0.00;0;0;0
1;8;0.00;0.00;0;0;0
1;8;-0.02;0.00;-1;0;0
1;10;-0.01;0.02;0;0;1
1;7;0.00;0.00;0;0;0
1;8;0.00;0.00;0;0;0
1;8;0.00;0.00;0;0;0
1;8;0.00;0.00;0;0;0
1;8;-0.01;0.02;0;0;1
1;10;-0.02;0.00;-1;0;0
1;8;0.00;0.00;0;0;0
1;14;0.00;0.00;0;0;0
1;5;0.00;0.00;0;0;0
1;8;0.00;0.00;0;0;0
1;9;-0.01;0.02;0;0;1
1;8;-0.02;0.00;-1;0;0
1;12;0.00;0.00;0;0;0
1;11;0.00;0.00;0;0;0
1;7;-0.01;0.02;0;0;1
1;7;0.00;0.00;0;0;0
1;8;0.00;0.00;0;0;0
1;8;-0.02;0.00;-1;0;0
1;24;-0.01;0.02;0;0;1
1;7;0.00;0.00;0;0;0
1;6;0.00;0.00;0;0;0
1;8;0.00;0.00;0;0;0
1;8;-0.02;0.00;-1;0;0
1;9;0.00;0.00;0;0;0
1;8;0.00;0.00;0;0;0
1;12;-0.01;0.02;0;0;1
1;8;0.00;0.00;0;0;0
1;14;-0.02;0.00;-1;0;0
1;15;0.00;0.00;0;0;0
1;8;-0.01;0.02;0;0;1
1;8;0.00;0.00;0;0;0
1;12;0.00;0.00;0;0;0
1;9;0.00;0.00;0;0;0
1;8;-0.02;0.00;-1;0;0
1;8;0.00;0.00;0;0;0
1;12;-0.01;0.02;0;0;1
1;9;0.00;0.00;0;0;0
1;8;0.00;0.00;0;0;0
1;11;0.00;0.00;0;0;0
1;8;0.00;0.00;0;0;0
1;9;-0.02;0.00;-1;0;0
1;9;-0.01;0.02;0;0;1
1;8;0.00;0.00;0;0;0
1;8;0.00;0.00;0;0;0
1;16;0.00;0.00;0;0;0
1;29;-0.04;0.02;-1;0;1
1;8;0.00;0.00;0;0;0
1;8;0.00;0.00;0;0;0
1;9;0.00;0.00;0;0;0
1;8;0.00;0.00;0;0;0
1;8;0.00;0.00;0;0;0
1;8;-0.04;0.02;-1;0;1
1;8;0.00;0.00;0;0;0
1;9;0.00;0.00;0;0;0
1;8;0.00;0.00;0;0;0
1;8;0.00;0.00;0;0;0
1;8;0.00;0.00;0;0;0
1;8;-0.01;0.02;0;0;1
1;9;0.00;0.00;0;0;0
1;8;0.00;0.00;0;0;0
1;8;0.00;0.00;0;0;0
1;8;0.00;0.00;0;0;0
1;8;-0.01;0.02;0;0;1
1;8;0.00;0.00;0;0;0
1;9;-0.02;0.00;-1;0;0
1;8;0.00;0.00;0;0;0
1;8;0.00;0.00;0;0;0
1;11;0.00;0.00;0;0;0
1;18;-0.01;0.02;0;0;1
1;9;-0.02;0.00;-1;0;0
1;7;0.00;0.00;0;0;0
1;12;0.00;0.00;0;0;0
1;9;0.00;0.00;0;0;0
1;9;-0.01;0.02;0;0;1
1;7;0.00;0.00;0;0;0
1;8;0.00;0.00;0;0;0
1;8;-0.02;0.00;-1;0;0
1;11;0.00;0.00;0;0;0
1;7;0.00;0.00;0;0;0
1;7;-0.01;0.02;0;0;1
1;8;0.00;0.00;0;0;0
1;8;0.00;0.00;0;0;0
1;9;0.00;0.00;0;0;0
1;8;0.00;0.00;0;0;0
1;8;-0.02;0.00;-1;0;0
1;8;0.00;0.00;0;0;0
1;10;-0.01;0.02;0;0;1
1;9;0.00;0.00;0;0;0
1;6;0.00;0.00;0;0;0
1;9;0.00;0.00;0;0;0
1;7;0.00;0.00;0;0;0
1;9;-0.04;0.02;-1;0;1
1;15;0.00;0.00;0;0;0
1;6;0.00;0.00;0;0;0
1;13;0.00;0.00;0;0;0
1;16;-0.01;0.02;0;0;1
1;7;-0.02;0.00;-1;0;0
1;8;0.00;0.00;0;0;0
1;8;0.00;0.00;0;0;0
1;8;0.00;0.00;0;0;0
1;14;-0.01;0.02;0;0;1
1;7;0.00;0.00;0;0;0
1;12;-0.02;0.00;-1;0;0
1;16;0.00;0.00;0;0;0
1;12;0.00;0.00;0;0;0
1;10;-0.01;0.02;0;0;1
1;16;-0.02;0.00;-1;0;0
1;9;0.00;0.00;0;0;0
1;7;0.00;0.00;0;0;0
1;18;-0.01;0.02;0;0;1
1;6;0.00;0.00;0;0;0
1;13;0.00;0.00;0;0;0
1;14;-0.02;0.00;-1;0;0
1;9;0.00;0.00;0;0;0
1;7;-0.01;0.02;0;0;1
1;6;0.00;0.00;0;0;0
1;9;0.00;0.00;0;0;0
1;9;0.00;0.00;0;0;0
1;7;0.00;0.00;0;0;0
1;9;-0.02;0.00;-1;0;0
1;11;-0.01;0.02;0;0;1
1;9;0.00;0.00;0;0;0
1;13;0.00;0.00;0;0;0
1;10;0.00;0.00;0;0;0
1;5;0.00;0.00;0;0;0
1;14;-0.02;0.00;-1;0;0
1;12;-0.01;0.02;0;0;1
1;7;0.00;0.00;0;0;0
1;8;0.00;0.00;0;0;0
1;8;0.00;0.00;0;0;0
1;10;0.00;0.00;0;0;0
1;7;-0.02;0.00;-1;0;0
1;9;-0.01;0.02;0;0;1
1;7;0.00;0.00;0;0;0
1;8;0.00;0.00;0;0;0
1;9;0.00;0.00;0;0;0
1;10;0.00;0.00;0;0;0
1;6;0.00;0.00;0;0;0
1;8;-0.01;0.02;0;0;1
1;8;-0.02;0.00;-1;0;0
1;8;0.00;0.00;0;0;0
1;9;0.00;0.00;0;0;0
1;8;0.00;0.00;0;0;0
1;8;0.00;0.00;0;0;0
1;8;0.00;0.00;0;0;0
1;14;-0.04;0.02;-1;0;1
1;9;0.00;0.00;0;0;0
1;9;0.00;0.00;0;0;0
1;8;0.00;0.00;0;0;0
1;7;0.00;0.00;0;0;0
1;14;0.00;0.00;0;0;0
1;10;-0.04;0.02;-1;0;1
1;16;0.00;0.00;0;0;0
1;7;0.00;0.00;0;0;0
1;9;0.00;0.00;0;0;0
1;8;0.00;0.00;0;0;0
1;8;-0.04;0.02;-1;0;1
1;8;0.00;0.00;0;0;0
1;8;0.00;0.00;0;0;0
1;8;0.00;0.00;0;0;0
1;11;0.00;0.00;0;0;0
1;6;0.00;0.00;0;0;0
1;9;-0.01;0.02;0;0;1
1;7;0.00;0.00;0;0;0
1;9;-0.02;0.00;-1;0;0
1;8;0.00;0.00;0;0;0
1;8;0.00;0.00;0;0;0
1;8;0.00;0.00;0;0;0
1;8;0.00;0.00;0;0;0
1;10;-0.01;0.02;0;0;1
1;7;-0.02;0.00;-1;0;0
1;8;0.00;0.00;0;0;0
1;13;0.00;0.00;0;0;0
1;7;0.00;0.00;0;0;0
1;14;0.00;0.00;0;0;0
1;7;-0.01;0.02;0;0;1
1;8;0.00;0.00;0;0;0
1;8;0.00;0.00;0;0;0
1;8;0.00;0.00;0;0;0
1;9;0.00;0.00;0;0;0
1;8;0.00;0.00;0;0;0
1;8;-0.01;0.02;0;0;1
1;8;0.00;0.00;0;0;0
1;8;0.00;0.00;0;0;0
1;8;0.00;0.00;0;0;0
1;9;0.00;0.00;0;0;0
1;8;0.00;0.00;0;0;0
1;8;0.00;0.00;0;0;0
1;7;-0.01;0.02;0;0;1
1;10;0.00;0.00;0;0;0
1;8;0.00;0.00;0;0;0
1;8;0.00;0.00;0;0;0
1;8;0.00;0.00;0;0;0
1;8;0.00;0.00;0;0;0
1;9;0.00;0.00;0;0;0
1;15;-0.01;0.02;0;0;1
1;6;0.00;0.00;0;0;0
1;7;0.00;0.00;0;0;0
1;8;0.00;0.00;0;0;0
1;12;0.00;0.00;0;0;0
1;7;0.00;0.00;0;0;0
1;6;-0.01;0.02;0;0;1
1;8;0.00;0.00;0;0;0
1;8;0.00;0.00;0;0;0
1;9;0.00;0.00;0;0;0
1;7;0.00;0.00;0;0;0
1;9;0.00;0.00;0;0;0
1;8;0.00;0.00;0;0;0
1;8;-0.01;0.02;0;0;1
1;8;0.00;0.00;0;0;0
1;13;0.00;0.00;0;0;0
1;10;0.00;0.00;0;0;0
1;6;0.00;0.00;0;0;0
1;16;0.00;0.00;0;0;0
1;5;0.00;0.00;0;0;0
1;8;-0.01;0.02;0;0;1
1;8;0.00;0.00;0;0;0
1;8;0.00;0.00;0;0;0
1;8;0.00;0.00;0;0;0
1;8;0.00;0.00;0;0;0
1;8;0.00;0.00;0;0;0
1;8;0.00;0.00;0;0;0
1;8;-0.01;0.02;0;0;1
1;8;0.00;0.00;0;0;0
1;9;0.00;0.00;0;0;0
1;8;0.00;0.00;0;0;0
1;8;0.00;0.00;0;0;0
1;9;0.00;0.00;0;0;0
1;8;0.00;0.00;0;0;0
1;11;-0.01;0.02;0;0;1
1;6;0.00;0.00;0;0;0
1;8;0.00;0.00;0;0;0
1;8;0.00;0.00;0;0;0
1;9;0.00;0.00;0;0;0
1;7;0.00;0.00;0;0;0
1;9;0.00;0.00;0;0;0
1;8;0.00;0.00;0;0;0
1;8;0.00;0.00;0;0;0
1;7;-0.01;0.02;0;0;1
1;14;0.00;0.00;0;0;0
1;7;0.00;0.00;0;0;0
1;9;0.00;0.00;0;0;0
1;8;0.00;0.00;0;0;0
1;8;0.00;0.00;0;0;0
1;7;0.00;0.00;0;0;0
1;17;-0.01;0.02;0;0;1
1;10;0.00;0.00;0;0;0
1;7;0.00;0.00;0;0;0
1;8;0.00;0.00;0;0;0
1;16;0.00;0.00;0;0;0
1;12;0.00;0.00;0;0;0
1;9;-0.01;0.02;0;0;1
1;18;0.00;0.00;0;0;0
1;12;0.00;0.00;0;0;0
1;13;0.00;0.00;0;0;0
1;9;0.00;0.00;0;0;0
1;5;0.00;0.00;0;0;0
1;9;-0.01;0.02;0;0;1
1;12;0.00;0.00;0;0;0
1;7;0.00;0.00;0;0;0
1;16;0.00;0.00;0;0;0
1;6;0.00;0.00;0;0;0
1;7;0.00;0.00;0;0;0
1;8;0.00;0.00;0;0;0
1;8;0.00;0.00;0;0;0
1;9;-0.01;0.02;0;0;1
1;8;0.00;0.00;0;0;0
1;7;0.00;0.00;0;0;0
1;11;-0.01;0.02;-1;-1;0
1;7;0.00;0.00;0;0;0
1;12;0.00;0.00;0;0;0
1;8;0.00;0.00;0;0;0
1;8;0.00;0.00;0;0;0
1;8;0.00;0.00;0;0;0
1;11;0.00;0.04;0;-1;1
1;12;0.00;0.00;0;0;0
1;6;0.00;0.00;0;0;0
1;8;0.00;0.00;0;0;0
1;7;0.00;0.00;0;0;0
1;8;0.00;0.00;0;0;0
1;9;0.00;0.00;0;0;0
1;8;0.01;0.02;0;-1;0
1;8;-0.01;0.02;0;0;1
1;8;0.00;0.00;0;0;0
1;14;0.00;0.00;0;0;0
1;8;0.00;0.00;0;0;0
1;8;0.00;0.00;0;0;0
1;7;0.00;0.00;0;0;0
1;8;0.01;0.02;0;-1;0
1;8;0.00;0.00;0;0;0
1;10;-0.01;0.02;0;0;1
1;8;0.00;0.00;0;0;0
1;7;0.00;0.00;0;0;0
1;9;0.00;0.00;0;0;0
1;7;0.00;0.00;0;0;0
1;10;0.01;0.02;0;-1;0
1;14;-0.01;0.02;0;0;1
1;6;0.00;0.00;0;0;0
1;10;0.00;0.00;0;0;0
1;10;0.00;0.00;0;0;0
1;8;0.00;0.00;0;0;0
1;8;0.01;0.02;0;-1;0
1;9;0.00;0.00;0;0;0
1;7;0.00;0.00;0;0;0
1;10;0.00;0.00;0;0;0
1;8;0.00;0.00;0;0;0
1;11;-0.01;0.02;0;0;1
1;8;0.00;0.00;0;0;0
1;9;0.01;0.02;0;-1;0
1;9;0.00;0.00;0;0;0
1;8;0.00;0.00;0;0;0
1;10;0.00;0.00;0;0;0
1;6;0.00;0.00;0;0;0
1;8;-0.01;0.02;0;0;1
1;8;0.00;0.00;0;0;0
1;7;0.01;0.02;0;-1;0
1;8;0.00;0.00;0;0;0
1;9;0.00;0.00;0;0;0
1;8;0.00;0.00;0;0;0
1;7;-0.01;0.02;0;0;1
1;9;0.00;0.00;0;0;0
1;16;0.01;0.02;0;-1;0
1;7;0.00;0.00;0;0;0
1;10;0.00;0.00;0;0;0
1;8;0.00;0.00;0;0;0
1;13;-0.01;0.02;0;0;1
1;10;0.00;0.00;0;0;0
1;7;0.01;0.02;0;-1;0
1;9;0.00;0.00;0;0;0
1;9;0.00;0.00;0;0;0
1;8;0.00;0.00;0;0;0
1;6;0.00;0.00;0;0;0
1;7;0.00;0.00;0;0;0
1;13;0.00;0.04;0;-1;1
1;10;0.00;0.00;0;0;0
1;7;0.00;0.00;0;0;0
1;8;0.00;0.00;0;0;0
1;8;0.00;0.00;0;0;0
1;9;-0.01;0.02;0;0;1
1;8;0.00;0.00;0;0;0
1;8;0.00;0.04;0;-1;1
1;8;0.00;0.00;0;0;0
1;8;-0.01;0.02;0;0;1
1;9;0.00;0.00;0;0;0
1;8;0.00;0.00;0;0;0
1;10;-0.01;0.02;0;0;1
1;6;0.00;0.00;0;0;0
1;8;0.00;0.04;0;-1;1
1;14;-0.01;0.02;0;0;1
1;11;-0.01;0.02;0;0;1
1;8;0.00;0.00;0;0;0
1;8;-0.01;0.02;0;0;1
1;8;0.00;0.00;0;0;0
1;9;0.00;0.04;0;-1;1
1;7;0.00;0.00;0;0;0
1;8;-0.01;0.02;0;0;1
1;8;0.00;0.00;0;0;0
1;8;-0.01;0.02;0;0;1
1;9;0.00;0.00;0;0;0
1;8;-0.01;0.02;0;0;1
1;8;0.01;0.02;0;-1;0
1;8;-0.01;0.02;0;0;1
1;9;0.00;0.00;0;0;0
1;8;-0.01;0.02;0;0;1
1;8;0.00;0.00;0;0;0
1;8;0.00;0.00;0;0;0
1;8;-0.01;0.02;0;0;1
1;8;0.01;0.02;0;-1;0
1;8;0.00;0.00;0;0;0
1;9;0.00;0.00;0;0;0
1;8;-0.01;0.02;0;0;1
1;8;0.00;0.00;0;0;0
1;14;0.01;0.02;0;-1;0
1;9;0.00;0.00;0;0;0
1;7;0.00;0.00;0;0;0
1;8;0.00;0.00;0;0;0
1;9;0.00;0.00;0;0;0
1;8;0.00;0.00;0;0;0
1;11;-0.01;0.02;0;0;1
1;10;0.01;0.02;0;-1;0
1;15;0.00;0.00;0;0;0
1;8;0.00;0.00;0;0;0
1;8;0.00;0.00;0;0;0
1;10;0.00;0.00;0;0;0
1;7;0.00;0.00;0;0;0
1;8;-0.01;0.02;0;0;1
1;10;0.01;0.02;0;-1;0
1;7;0.00;0.00;0;0;0
1;8;0.00;0.00;0;0;0
1;8;0.00;0.00;0;0;0
1;12;0.00;0.00;0;0;0
1;7;-0.01;0.02;0;0;1
1;9;0.00;0.00;0;0;0
1;8;0.01;0.02;0;-1;0
1;9;0.00;0.00;0;0;0
1;7;0.00;0.00;0;0;0
1;8;0.00;0.00;0;0;0
1;9;0.00;0.00;0;0;0
1;14;-0.01;0.02;0;0;1
1;10;0.01;0.02;0;-1;0
1;8;0.00;0.00;0;0;0
1;11;0.00;0.00;0;0;0
1;7;0.00;0.00;0;0;0
1;7;-0.01;0.02;0;0;1
1;8;0.00;0.00;0;0;0
1;10;0.00;0.00;0;0;0
1;8;0.00;0.00;0;0;0
1;8;0.01;0.02;0;-1;0
1;8;0.00;0.00;0;0;0
1;7;-0.01;0.02;0;0;1
1;11;0.00;0.00;0;0;0
1;6;0.00;0.00;0;0;0
1;11;0.00;0.00;0;0;0
1;6;0.00;0.00;0;0;0
1;7;0.00;0.00;0;0;0
1;9;0.00;0.04;0;-1;1
1;7;0.00;0.00;0;0;0
1;9;0.00;0.00;0;0;0
1;12;0.00;0.00;0;0;0
1;5;0.00;0.00;0;0;0
1;8;0.00;0.00;0;0;0
1;8;-0.01;0.02;0;0;1
1;9;0.00;0.00;0;0;0
1;11;0.01;0.02;0;-1;0
1;9;0.00;0.00;0;0;0
1;11;0.00;0.00;0;0;0
1;5;-0.01;0.02;0;0;1
1;9;0.00;0.00;0;0;0
1;8;0.00;0.00;0;0;0
1;8;0.00;0.00;0;0;0
1;9;0.01;0.02;0;-1;0
1;7;0.00;0.00;0;0;0
1;8;-0.01;0.02;0;0;1
1;12;-0.02;0.00;-1;0;0
1;5;0.00;0.00;0;0;0
1;8;-0.01;0.02;0;0;1
1;7;0.00;0.00;0;0;0
1;10;-0.01;0.02;0;0;1
1;8;0.01;0.02;0;-1;0
1;10;-0.01;0.02;0;0;1
1;6;0.00;0.00;0;0;0
1;12;-0.01;0.02;0;0;1
1;8;0.00;0.00;0;0;0
1;8;-0.01;0.02;0;0;1
1;8;-0.01;0.02;0;0;1
1;15;0.00;0.04;0;-1;1
1;6;0.00;0.00;0;0;0
1;8;0.00;0.04;0;-1;1
1;16;0.00;0.04;0;-1;1
1;16;0.00;0.04;0;-1;1
1;10;-0.01;0.02;0;0;1
1;7;0.00;0.00;0;0;0
1;8;0.01;0.02;0;-1;0
1;8;-0.01;0.02;0;0;1
1;9;0.00;0.00;0;0;0
1;9;0.01;0.02;0;-1;0
1;8;-0.01;0.02;0;0;1
1;7;0.00;0.00;0;0;0
1;11;0.00;0.00;0;0;0
1;6;0.00;0.00;0;0;0
1;9;0.00;0.00;0;0;0
1;9;0.00;0.04;0;-1;1
1;8;0.00;0.00;0;0;0
1;10;0.00;0.00;0;0;0
1;8;0.00;0.00;0;0;0
1;5;0.00;0.00;0;0;0
1;11;0.00;0.00;0;0;0
1;9;-0.01;0.02;0;0;1
1;5;0.00;0.00;0;0;0
1;8;0.00;0.00;0;0;0
1;7;0.00;0.00;0;0;0
1;9;0.00;0.00;0;0;0
1;8;0.00;0.00;0;0;0
1;8;0.01;0.02;0;-1;0
1;9;0.00;0.00;0;0;0
1;7;-0.01;0.02;0;0;1
1;9;0.00;0.00;0;0;0
1;8;0.00;0.00;0;0;0
1;8;0.00;0.00;0;0;0
1;8;0.01;0.02;0;-1;0
1;8;0.00;0.00;0;0;0
1;9;0.00;0.00;0;0;0
1;8;0.00;0.00;0;0;0
1;8;-0.01;0.02;0;0;1
1;8;0.00;0.00;0;0;0
1;8;0.00;0.00;0;0;0
1;8;0.00;0.00;0;0;0
1;10;0.00;0.00;0;0;0
1;7;0.00;0.00;0;0;0
1;8;0.01;0.02;0;-1;0
1;9;-0.01;0.02;0;0;1
1;7;0.00;0.00;0;0;0
1;9;0.00;0.00;0;0;0
1;8;0.00;0.00;0;0;0
1;8;0.00;0.00;0;0;0
1;11;0.00;0.00;0;0;0
1;6;0.00;0.00;0;0;0
1;8;0.00;0.04;0;-1;1
1;8;0.00;0.00;0;0;0
1;10;0.00;0.00;0;0;0
1;7;0.00;0.00;0;0;0
1;14;0.00;0.00;0;0;0
1;10;0.00;0.00;0;0;0
1;8;0.00;0.04;0;-1;1
1;8;0.00;0.00;0;0;0
1;8;0.00;0.00;0;0;0
1;10;0.00;0.00;0;0;0
1;7;0.00;0.00;0;0;0
1;8;0.00;0.00;0;0;0
1;8;-0.01;0.02;0;0;1
1;9;0.01;0.02;0;-1;0
1;7;0.00;0.00;0;0;0
1;12;0.00;0.00;0;0;0
1;6;0.00;0.00;0;0;0
1;7;0.00;0.00;0;0;0
1;11;0.00;0.00;0;0;0
1;6;-0.01;0.02;0;0;1
1;8;0.01;0.02;0;-1;0
1;8;0.00;0.00;0;0;0
1;11;0.00;0.00;0;0;0
1;7;0.00;0.00;0;0;0
1;8;0.00;0.00;0;0;0
1;8;0.01;0.02;0;-1;0
1;11;-0.01;0.02;0;0;1
1;6;0.00;0.00;0;0;0
1;7;0.01;0.02;0;-1;0
1;10;0.00;0.00;0;0;0
1;9;0.00;0.00;0;0;0
1;6;0.00;0.00;0;0;0
1;7;0.01;0.02;0;-1;0
1;8;0.00;0.00;0;0;0
1;9;-0.01;0.02;0;0;1
1;8;0.00;0.00;0;0;0
1;11;0.01;0.02;0;-1;0
1;16;0.00;0.00;0;0;0
1;6;0.00;0.00;0;0;0
1;13;-0.01;0.02;0;0;1
1;11;0.00;0.00;0;0;0
1;16;0.01;0.02;0;-1;0
1;8;0.00;0.00;0;0;0
1;10;-0.01;0.02;0;0;1
1;12;0.00;0.00;0;0;0
1;8;0.00;0.00;0;0;0
1;11;0.01;0.02;0;-1;0
1;6;0.00;0.00;0;0;0
1;10;0.00;0.00;0;0;0
1;6;0.00;0.00;0;0;0
1;8;0.00;0.00;0;0;0
1;7;0.00;0.00;0;0;0
1;8;-0.01;0.02;0;0;1
1;9;0.01;0.02;0;-1;0
1;8;0.00;0.00;0;0;0
1;8;0.00;0.00;0;0;0
1;8;0.00;0.00;0;0;0
1;8;0.00;0.00;0;0;0
1;9;0.01;0.02;0;-1;0
1;8;-0.01;0.02;0;0;1
1;8;0.01;0.02;0;-1;0
1;8;0.00;0.00;0;0;0
1;8;0.00;0.00;0;0;0
1;9;0.01;0.02;0;-1;0
1;8;0.01;0.02;0;-1;0
1;8;0.00;0.00;0;0;0
1;8;0.01;0.02;0;-1;0
1;8;0.00;0.00;0;0;0
1;9;0.00;0.04;0;-1;1
1;8;0.00;0.00;0;0;0
1;8;0.01;0.02;0;-1;0
1;8;0.01;0.02;0;-1;0
1;8;0.00;0.00;0;0;0
1;8;0.01;0.02;0;-1;0
1;9;-0.01;0.02;0;0;1
1;8;0.01;0.02;0;-1;0
1;8;0.00;0.00;0;0;0
1;8;0.01;0.02;0;-1;0
1;8;0.00;0.00;0;0;0
1;15;0.00;0.04;0;-1;1
1;9;0.00;0.00;0;0;0
1;6;0.01;0.02;0;-1;0
1;12;0.00;0.00;0;0;0
1;8;0.00;0.00;0;0;0
1;9;0.00;0.00;0;0;0
1;7;-0.01;0.02;0;0;1
1;8;0.01;0.02;0;-1;0
1;8;0.00;0.00;0;0;0
1;9;0.00;0.00;0;0;0
1;8;0.00;0.00;0;0;0
1;8;0.00;0.00;0;0;0
1;8;-0.01;0.02;0;0;1
1;9;0.00;0.00;0;0;0
1;8;0.00;0.00;0;0;0
1;9;0.00;0.00;0;0;0
1;8;0.00;0.00;0;0;0
1;8;0.00;0.00;0;0;0
1;8;0.01;0.02;0;-1;0
1;10;0.00;0.00;0;0;0
1;7;0.00;0.00;0;0;0
1;7;0.00;0.00;0;0;0
1;8;-0.01;0.02;0;0;1
1;8;0.00;0.00;0;0;0
1;8;0.00;0.00;0;0;0
1;9;0.01;0.02;0;-1;0
1;14;0.00;0.00;0;0;0
1;10;0.00;0.00;0;0;0
1;9;0.00;0.00;0;0;0
1;8;-0.01;0.02;0;0;1
1;8;0.01;0.02;0;-1;0
1;8;0.00;0.00;0;0;0
1;11;0.00;0.00;0;0;0
1;6;0.00;0.00;0;0;0
1;12;0.00;0.00;0;0;0
1;9;0.01;0.02;0;-1;0
1;12;-0.01;0.02;0;0;1
1;17;0.00;0.00;0;0;0
1;7;0.00;0.00;0;0;0
1;8;0.00;0.00;0;0;0
1;8;0.01;0.02;0;-1;0
1;10;-0.01;0.02;0;0;1
1;6;0.00;0.00;0;0;0
1;9;0.00;0.00;0;0;0
1;8;0.00;0.00;0;0;0
1;8;0.00;0.00;0;0;0
1;8;0.00;0.00;0;0;0
1;8;0.01;0.02;0;-1;0
1;9;-0.01;0.02;0;0;1
1;14;0.00;0.00;0;0;0
1;9;0.00;0.00;0;0;0
1;6;0.00;0.00;0;0;0
1;10;0.01;0.02;0;-1;0
1;7;0.00;0.00;0;0;0
1;8;-0.01;0.02;0;0;1
1;7;0.00;0.00;0;0;0
1;8;0.00;0.00;0;0;0
1;8;0.00;0.00;0;0;0
1;9;0.00;0.00;0;0;0
1;8;0.01;0.02;0;-1;0
1;8;0.00;0.00;0;0;0
1;8;0.00;0.00;0;0;0
1;8;-0.01;0.02;0;0;1
1;9;0.00;0.00;0;0;0
1;8;0.00;0.00;0;0;0
1;8;0.01;0.02;0;-1;0
1;8;0.00;0.00;0;0;0
1;8;0.00;0.00;0;0;0
1;9;0.00;0.00;0;0;0
1;8;0.00;0.04;0;-1;1
1;8;0.00;0.00;0;0;0
1;8;0.01;0.02;0;-1;0
1;8;0.00;0.00;0;0;0
1;9;0.00;0.00;0;0;0
1;45;0.02;0.08;0;-3;1
1;8;0.01;0.02;0;-1;0
1;11;0.01;0.02;0;-1;0
1;10;0.00;0.00;0;0;0
1;7;0.00;0.04;0;-1;1
1;9;0.00;0.00;0;0;0
1;9;0.01;0.02;0;-1;0
1;9;0.00;0.00;0;0;0
1;8;0.00;0.00;0;0;0
1;7;-0.01;0.02;0;0;1
1;15;0.00;0.00;0;0;0
1;6;0.00;0.00;0;0;0
1;9;0.01;0.02;0;-1;0
1;7;0.00;0.00;0;0;0
1;18;-0.01;0.02;0;0;1
1;7;0.00;0.00;0;0;0
1;8;0.00;0.00;0;0;0
1;13;0.01;0.02;0;-1;0
1;8;0.00;0.00;0;0;0
1;7;-0.01;0.02;0;0;1
1;8;0.00;0.00;0;0;0
1;8;0.00;0.00;0;0;0
1;8;0.00;0.00;0;0;0
1;8;0.01;0.02;0;-1;0
1;10;0.00;0.00;0;0;0
1;7;0.00;0.00;0;0;0
1;8;-0.01;0.02;0;0;1
1;8;0.00;0.00;0;0;0
1;10;0.00;0.00;0;0;0
1;8;0.00;0.00;0;0;0
1;9;0.01;0.02;0;-1;0
1;6;0.00;0.00;0;0;0
1;12;-0.01;0.02;0;0;1
1;8;0.00;0.00;0;0;0
1;9;0.00;0.00;0;0;0
1;11;0.00;0.00;0;0;0
1;6;0.01;0.02;0;-1;0
1;7;0.00;0.00;0;0;0
1;8;0.00;0.00;0;0;0
1;9;0.00;0.00;0;0;0
1;8;0.00;0.00;0;0;0
1;8;-0.01;0.02;0;0;1
1;8;0.00;0.00;0;0;0
1;8;0.00;0.00;0;0;0
1;9;0.01;0.02;0;-1;0
1;8;0.00;0.00;0;0;0
1;8;0.00;0.00;0;0;0
1;8;0.00;0.00;0;0;0
1;8;-0.01;0.02;0;0;1
1;9;0.00;0.00;0;0;0
1;10;0.01;0.02;0;-1;0
1;36;0.00;0.00;0;0;0
1;7;-0.01;0.02;0;0;1
1;13;0.01;0.02;0;-1;0
1;11;0.00;0.00;0;0;0
1;9;0.00;0.00;0;0;0
1;8;0.00;0.00;0;0;0
1;8;-0.01;0.02;0;0;1
1;11;0.00;0.00;0;0;0
1;5;0.00;0.00;0;0;0
1;11;0.01;0.02;0;-1;0
1;6;0.00;0.00;0;0;0
1;8;0.00;0.00;0;0;0
1;8;0.00;0.00;0;0;0
1;9;-0.01;0.02;0;0;1
1;7;0.00;0.00;0;0;0
1;9;0.00;0.00;0;0;0
1;8;0.01;0.02;0;-1;0
1;10;0.00;0.00;0;0;0
1;7;0.00;0.00;0;0;0
1;7;0.00;0.00;0;0;0
1;9;0.00;0.00;0;0;0
1;9;-0.01;0.02;0;0;1
1;7;0.00;0.00;0;0;0
1;11;0.01;0.02;0;-1;0
1;5;0.00;0.00;0;0;0
1;15;0.00;0.00;0;0;0
1;6;0.00;0.00;0;0;0
1;8;-0.01;0.02;0;0;1
1;12;0.00;0.00;0;0;0
1;9;0.01;0.02;0;-1;0
1;8;0.00;0.00;0;0;0
1;8;0.00;0.00;0;0;0
1;11;-0.01;0.02;0;0;1
1;19;0.00;0.00;0;0;0
1;7;0.00;0.00;0;0;0
1;8;0.00;0.00;0;0;0
1;17;0.01;0.02;0;-1;0
1;9;-0.01;0.02;0;0;1
1;7;0.00;0.00;0;0;0
1;9;0.00;0.00;0;0;0
1;8;0.00;0.00;0;0;0
1;7;0.00;0.00;0;0;0
1;9;0.00;0.00;0;0;0
1;15;0.00;0.04;0;-1;1
1;6;0.00;0.00;0;0;0
1;7;0.00;0.00;0;0;0
1;12;0.00;0.00;0;0;0
1;9;0.00;0.00;0;0;0
1;8;0.00;0.00;0;0;0
1;8;-0.01;0.02;0;0;1
1;8;0.01;0.02;0;-1;0
1;9;0.00;0.00;0;0;0
1;8;0.00;0.00;0;0;0
1;11;0.00;0.00;0;0;0
1;7;-0.01;0.02;0;0;1
1;11;0.00;0.00;0;0;0
1;8;0.00;0.00;0;0;0
1;8;0.01;0.02;0;-1;0
1;8;0.00;0.00;0;0;0
1;8;0.00;0.00;0;0;0
1;8;-0.01;0.02;0;0;1
1;9;0.00;0.00;0;0;0
1;8;0.00;0.00;0;0;0
1;8;0.00;0.00;0;0;0
1;8;0.00;0.00;0;0;0
1;12;0.01;0.02;0;-1;0
1;5;-0.01;0.02;0;0;1
1;8;0.00;0.00;0;0;0
1;17;0.00;0.00;0;0;0
1;7;0.00;0.00;0;0;0
1;8;0.00;0.00;0;0;0
1;9;0.00;0.00;0;0;0
1;8;0.00;0.04;0;-1;1
1;11;0.00;0.00;0;0;0
1;7;0.00;0.00;0;0;0
1;6;0.00;0.00;0;0;0
1;13;0.00;0.00;0;0;0
1;7;0.00;0.00;0;0;0
1;6;-0.01;0.02;0;0;1
1;7;0.00;0.00;0;0;0
1;8;0.01;0.02;0;-1;0
1;12;0.00;0.00;0;0;0
1;7;0.00;0.00;0;0;0
1;6;0.00;0.00;0;0;0
1;11;-0.01;0.02;0;0;1
1;9;0.00;0.00;0;0;0
1;5;0.00;0.00;0;0;0
1;8;0.01;0.02;0;-1;0
1;8;0.00;0.00;0;0;0
1;10;0.00;0.00;0;0;0
1;9;0.00;0.00;0;0;0
1;6;0.00;0.00;0;0;0
1;9;0.00;0.00;0;0;0
1;10;0.00;0.00;0;0;0
1;6;0.01;0.02;0;-1;0
1;11;0.00;0.00;0;0;0
1;12;0.00;0.00;0;0;0
1;7;0.00;0.00;0;0;0
1;6;0.00;0.00;0;0;0
1;8;0.00;0.00;0;0;0
1;12;0.00;0.00;0;0;0
1;5;0.00;0.00;0;0;0
1;8;0.01;0.02;0;-1;0
1;8;0.00;0.00;0;0;0
1;14;0.00;0.00;0;0;0
1;6;0.00;0.00;0;0;0
1;11;0.00;0.00;0;0;0
1;6;0.00;0.00;0;0;0
1;9;0.00;0.00;0;0;0
1;7;0.01;0.02;0;-1;0
1;8;0.00;0.00;0;0;0
1;8;0.00;0.00;0;0;0
1;9;0.00;0.00;0;0;0
1;8;0.00;0.00;0;0;0
1;9;0.00;0.00;0;0;0
1;12;0.01;0.02;0;-1;0
1;8;0.00;0.00;0;0;0
1;8;0.00;0.00;0;0;0
1;8;0.00;0.00;0;0;0
1;9;0.00;0.00;0;0;0
1;8;0.00;0.00;0;0;0
1;8;0.00;0.00;0;0;0
1;8;0.00;0.00;0;0;0
1;8;0.01;0.02;0;-1;0
1;8;0.00;0.00;0;0;0
1;9;0.00;0.00;0;0;0
1;7;0.00;0.00;0;0;0
1;9;0.00;0.00;0;0;0
1;8;0.00;0.00;0;0;0
1;8;0.00;0.00;0;0;0
1;8;0.01;0.02;0;-1;0
1;8;0.00;0.00;0;0;0
1;9;0.00;0.00;0;0;0
1;8;0.00;0.00;0;0;0
1;8;0.00;0.00;0;0;0
1;8;0.00;0.00;0;0;0
1;11;0.00;0.00;0;0;0
1;7;0.00;0.00;0;0;0
1;7;0.01;0.02;0;-1;0
1;8;0.00;0.00;0;0;0
1;8;0.00;0.00;0;0;0
1;8;0.00;0.00;0;0;0
1;8;0.00;0.00;0;0;0
1;9;0.00;0.00;0;0;0
1;9;0.00;0.00;0;0;0
1;7;0.01;0.02;0;-1;0
1;11;0.00;0.00;0;0;0
1;5;0.00;0.00;0;0;0
1;12;0.00;0.00;0;0;0
1;6;0.00;0.00;0;0;0
1;12;0.00;0.00;0;0;0
1;18;0.00;0.00;0;0;0
1;9;0.00;0.00;0;0;0
1;6;0.00;0.00;0;0;0
1;11;0.00;0.00;0;0;0
1;8;0.00;0.00;0;0;0
1;12;0.00;0.00;0;0;0
1;8;0.00;0.00;0;0;0
1;7;0.00;0.00;0;0;0
1;6;0.00;0.00;0;0;0
1;8;0.00;0.00;0;0;0
1;9;0.00;0.00;0;0;0
1;9;0.00;0.00;0;0;0
1;7;0.00;0.00;0;0;0
1;8;0.00;0.00;0;0;0
1;8;0.00;0.00;0;0;0
1;11;0.00;0.00;0;0;0
1;6;0.00;0.00;0;0;0
1;8;0.00;0.00;0;0;0
1;8;0.00;0.00;0;0;0
1;8;0.00;0.00;0;0;0
1;15;0.00;0.00;0;0;0
1;7;0.00;0.00;0;0;0
1;7;0.00;0.00;0;0;0
1;8;0.00;0.00;0;0;0
1;8;0.00;0.00;0;0;0
1;9;0.00;0.00;0;0;0
1;8;0.00;0.00;0;0;0
1;9;0.00;0.00;0;0;0
1;7;0.00;0.00;0;0;0
1;8;0.00;0.00;0;0;0
1;8;0.00;0.00;0;0;0
1;9;0.00;0.00;0;0;0
1;8;0.00;0.00;0;0;0
1;8;0.00;0.00;0;0;0
1;8;0.00;0.00;0;0;0
1;8;0.00;0.00;0;0;0
1;9;0.00;0.00;0;0;0
1;8;0.00;0.00;0;0;0
1;8;0.00;0.00;0;0;0
1;8;0.00;0.00;0;0;0
1;8;0.00;0.00;0;0;0
1;9;0.00;0.00;0;0;0
1;8;0.00;0.00;0;0;0
1;16;0.00;0.00;0;0;0
1;9;0.00;0.00;0;0;0
1;9;0.00;0.00;0;0;0
1;10;0.00;0.00;0;0;0
1;5;0.00;0.00;0;0;0
1;8;0.00;0.00;0;0;0
1;8;0.00;0.00;0;0;0
1;12;0.00;0.00;0;0;0
1;5;0.00;0.00;0;0;0
1;8;0.00;0.00;0;0;0
1;8;0.00;0.00;0;0;0
1;8;0.00;0.00;0;0;0
1;8;0.00;0.00;0;0;0
1;9;0.00;0.00;0;0;0
1;8;0.00;0.00;0;0;0
1;11;0.00;0.00;0;0;0
1;5;0.00;0.00;0;0;0
1;8;0.00;0.00;0;0;0
1;9;0.00;0.00;0;0;0
1;8;0.00;0.00;0;0;0
1;8;0.00;0.00;0;0;0
1;8;0.00;0.00;0;0;0
1;8;0.00;0.00;0;0;0
1;9;0.00;0.00;0;0;0
1;11;0.00;0.00;0;0;0
1;14;0.00;0.00;0;0;0
1;11;0.00;0.00;0;0;0
1;13;0.00;0.00;0;0;0
1;8;0.00;0.00;0;0;0
1;8;0.00;0.00;0;0;0
1;8;0.00;0.00;0;0;0
1;8;0.00;0.00;0;0;0
1;9;0.00;0.00;0;0;0
1;8;0.00;0.00;0;0;0
1;8;0.00;0.00;0;0;0
1;12;0.00;0.00;0;0;0
1;14;0.00;0.00;0;0;0
1;7;0.00;0.00;0;0;0
1;8;0.00;0.00;0;0;0
1;8;0.00;0.00;0;0;0
1;8;0.00;0.00;0;0;0
1;9;0.00;0.00;0;0;0
1;8;0.00;0.00;0;0;0
1;8;0.00;0.00;0;0;0
1;8;0.00;0.00;0;0;0
1;8;0.00;0.00;0;0;0
1;9;0.00;0.00;0;0;0
1;8;0.00;0.00;0;0;0
1;8;0.00;0.00;0;0;0
1;8;0.00;0.00;0;0;0
1;8;0.00;0.00;0;0;0
1;9;0.00;0.00;0;0;0
1;9;0.00;0.00;0;0;0
1;13;0.00;0.00;0;0;0
1;11;0.00;0.00;0;0;0
1;12;0.00;0.00;0;0;0
1;8;0.00;0.00;0;0;0
1;9;0.00;0.00;0;0;0
1;7;0.00;0.00;0;0;0
1;8;0.00;0.00;0;0;0
1;9;0.00;0.00;0;0;0
1;8;0.00;0.00;0;0;0
1;8;0.00;0.00;0;0;0
1;8;0.00;0.00;0;0;0
1;8;0.00;0.00;0;0;0
1;8;0.00;0.00;0;0;0
1;9;0.00;0.00;0;0;0
1;8;0.00;0.00;0;0;0
1;8;0.00;0.00;0;0;0
1;8;0.00;0.00;0;0;0
1;8;0.00;0.00;0;0;0
1;9;0.00;0.00;0;0;0
1;8;0.00;0.00;0;0;0
1;8;0.00;0.00;0;0;0
1;8;0.00;0.00;0;0;0
1;8;0.00;0.00;0;0;0
1;9;0.00;0.00;0;0;0
1;8;0.00;0.00;0;0;0
1;8;0.00;0.00;0;0;0
1;8;0.00;0.00;0;0;0
1;8;0.00;0.00;0;0;0
1;9;0.00;0.00;0;0;0
1;8;0.00;0.00;0;0;0
1;8;0.00;0.00;0;0;0
1;8;0.00;0.00;0;0;0
1;8;0.00;0.00;0;0;0
1;9;0.00;0.00;0;0;0
1;8;0.00;0.00;0;0;0
1;8;0.00;0.00;0;0;0
1;10;0.00;0.00;0;0;0
1;6;0.00;0.00;0;0;0
1;8;0.00;0.00;0;0;0
1;9;0.00;0.00;0;0;0
1;8;0.00;0.00;0;0;0
1;8;0.00;0.00;0;0;0
1;8;0.00;0.00;0;0;0
1;8;0.00;0.00;0;0;0
1;16;0.00;0.00;0;0;0
1;5;0.00;0.00;0;0;0
1;8;0.00;0.00;0;0;0
1;12;0.00;0.00;0;0;0
1;9;0.00;0.00;0;0;0
1;8;0.00;0.00;0;0;0
1;11;0.00;0.00;0;0;0
1;6;0.00;0.00;0;0;0
1;7;0.00;0.00;0;0;0
1;9;0.00;0.00;0;0;0
1;11;0.00;0.00;0;0;0
1;5;0.00;0.00;0;0;0
1;8;0.00;0.00;0;0;0
1;8;0.00;0.00;0;0;0
1;12;0.00;0.00;0;0;0
1;5;0.00;0.00;0;0;0
1;9;0.00;0.00;0;0;0
1;7;0.00;0.00;0;0;0
1;8;0.00;0.00;0;0;0
1;8;0.00;0.00;0;0;0
1;12;0.00;0.00;0;0;0
1;5;0.00;0.00;0;0;0
1;8;0.00;0.00;0;0;0
1;8;0.00;0.00;0;0;0
1;10;0.00;0.00;0;0;0
1;7;0.00;0.00;0;0;0
1;8;0.00;0.00;0;0;0
1;8;0.00;0.00;0;0;0
1;8;0.00;0.00;0;0;0
1;8;0.00;0.00;0;0;0
1;9;0.00;0.00;0;0;0
1;8;0.00;0.00;0;0;0
1;9;0.00;0.00;0;0;0
1;7;0.00;0.00;0;0;0
1;8;0.00;0.00;0;0;0
1;9;0.00;0.00;0;0;0
1;10;0.00;0.00;0;0;0
1;6;0.00;0.00;0;0;0
1;8;0.00;0.00;0;0;0
1;8;0.00;0.00;0;0;0
1;9;0.00;0.00;0;0;0
1;8;0.00;0.00;0;0;0
1;8;0.00;0.00;0;0;0
1;8;0.00;0.00;0;0;0
1;11;0.00;0.00;0;0;0
1;5;0.00;0.00;0;0;0
1;10;0.00;0.00;0;0;0
1;10;0.00;0.00;0;0;0
1;6;0.00;0.00;0;0;0
1;7;0.00;0.00;0;0;0
1;8;0.00;0.00;0;0;0
1;9;0.00;0.00;0;0;0
1;8;0.00;0.00;0;0;0
1;8;0.00;0.00;0;0;0
1;8;0.00;0.00;0;0;0
1;9;0.00;0.00;0;0;0
1;8;0.00;0.00;0;0;0
1;15;0.00;0.00;0;0;0
1;14;0.00;0.00;0;0;0
1;16;0.00;0.00;0;0;0
1;11;0.00;0.00;0;0;0
1;5;0.00;0.00;0;0;0
1;9;0.00;0.00;0;0;0
1;7;0.00;0.00;0;0;0
1;13;0.00;0.00;0;0;0
1;8;0.00;0.00;0;0;0
1;8;0.00;0.00;0;0;0
1;8;0.00;0.00;0;0;0
1;8;0.00;0.00;0;0;0
1;9;0.00;0.00;0;0;0
1;16;0.00;0.00;0;0;0
1;10;0.00;0.00;0;0;0
1;6;0.00;0.00;0;0;0
1;12;0.00;0.00;0;0;0
1;5;0.00;0.00;0;0;0
1;8;0.00;0.00;0;0;0
1;8;0.00;0.00;0;0;0
1;8;0.00;0.00;0;0;0
1;9;0.00;0.00;0;0;0
1;8;0.00;0.00;0;0;0
1;8;0.00;0.00;0;0;0
1;8;0.00;0.00;0;0;0
1;8;0.00;0.00;0;0;0
1;9;0.00;0.00;0;0;0
1;8;0.00;0.00;0;0;0
1;9;0.00;0.00;0;0;0
1;7;0.00;0.00;0;0;0
1;8;0.00;0.00;0;0;0
1;8;0.00;0.00;0;0;0
1;9;0.00;0.00;0;0;0
1;8;0.00;0.00;0;0;0
1;8;0.00;0.00;0;0;0
1;8;0.00;0.00;0;0;0
1;8;0.00;0.00;0;0;0
1;9;0.00;0.00;0;0;0
1;11;0.00;0.00;0;0;0
1;8;0.00;0.00;0;0;0
1;5;0.00;0.00;0;0;0
1;8;0.00;0.00;0;0;0
1;9;0.00;0.00;0;0;0
1;10;0.00;0.00;0;0;0
1;6;0.00;0.00;0;0;0
1;8;0.00;0.00;0;0;0
1;8;0.00;0.00;0;0;0
1;12;0.00;0.00;0;0;0
1;5;0.00;0.00;0;0;0
1;8;0.00;0.00;0;0;0
1;8;0.00;0.00;0;0;0
1;8;0.00;0.00;0;0;0
1;9;0.00;0.00;0;0;0
1;8;0.00;0.00;0;0;0
1;8;0.00;0.00;0;0;0
1;8;0.00;0.00;0;0;0
1;8;0.00;0.00;0;0;0
1;8;0.00;0.00;0;0;0
1;9;0.00;0.00;0;0;0
1;8;0.00;0.00;0;0;0
1;8;0.00;0.00;0;0;0
1;16;0.00;0.00;0;0;0
1;9;0.00;0.00;0;0;0
1;18;0.00;0.00;0;0;0
1;6;0.00;0.00;0;0;0
1;8;0.00;0.00;0;0;0
1;9;0.00;0.00;0;0;0
1;14;0.00;0.00;0;0;0
1;11;0.00;0.00;0;0;0
1;19;0.00;0.00;0;0;0
1;5;0.00;0.00;0;0;0
1;11;0.00;0.00;0;0;0
1;8;0.00;0.00;0;0;0
1;9;0.00;0.00;0;0;0
1;15;0.00;0.00;0;0;0
1;9;0.00;0.00;0;0;0
1;5;0.00;0.00;0;0;0
1;8;0.00;0.00;0;0;0
1;8;0.00;0.00;0;0;0
1;12;0.00;0.00;0;0;0
1;5;0.00;0.00;0;0;0
1;8;0.00;0.00;0;0;0
1;8;0.00;0.00;0;0;0
1;12;0.00;0.00;0;0;0
1;6;0.00;0.00;0;0;0
1;7;0.00;0.00;0;0;0
1;8;0.00;0.00;0;0;0
1;18;0.00;0.00;0;0;0
1;9;0.00;0.00;0;0;0
1;7;0.00;0.00;0;0;0
1;7;0.00;0.00;0;0;0
1;9;0.00;0.00;0;0;0
1;7;0.00;0.00;0;0;0
1;14;0.00;0.00;0;0;0
1;7;-0.01;0.02;0;0;1
1;8;0.00;0.00;0;0;0
1;8;0.00;0.00;0;0;0
1;13;0.00;0.00;0;0;0
1;11;0.00;0.00;0;0;0
1;5;0.00;0.00;0;0;0
1;8;0.00;0.00;0;0;0
1;8;0.00;0.00;0;0;0
1;8;-0.01;0.02;0;0;1
1;9;0.00;0.00;0;0;0
1;8;0.00;0.00;0;0;0
1;8;0.00;0.00;0;0;0
1;8;0.00;0.00;0;0;0
1;8;0.00;0.00;0;0;0
1;9;0.00;0.00;0;0;0
1;8;0.00;0.00;0;0;0
1;11;-0.01;0.02;0;0;1
1;8;0.00;0.00;0;0;0
1;5;0.00;0.00;0;0;0
1;9;0.00;0.00;0;0;0
1;8;0.00;0.00;0;0;0
1;8;0.00;0.00;0;0;0
1;8;0.00;0.00;0;0;0
1;8;0.00;0.00;0;0;0
1;16;-0.01;0.02;0;0;1
1;5;0.00;0.00;0;0;0
1;8;0.00;0.00;0;0;0
1;10;0.00;0.00;0;0;0
1;6;0.00;0.00;0;0;0
1;9;0.00;0.00;0;0;0
1;11;-0.01;0.02;0;0;1
1;13;0.00;0.00;0;0;0
1;8;0.00;0.00;0;0;0
1;12;0.00;0.00;0;0;0
1;14;0.00;0.00;0;0;0
1;10;0.00;0.00;0;0;0
1;8;0.00;0.00;0;0;0
1;12;0.00;0.00;0;0;0
1;6;-0.01;0.02;0;0;1
1;8;0.00;0.00;0;0;0
1;26;0.00;0.00;0;0;0
1;9;0.00;0.00;0;0;0
1;12;0.00;0.00;0;0;0
1;6;0.00;0.00;0;0;0
1;8;0.00;0.00;0;0;0
1;12;0.00;0.00;0;0;0
1;5;0.00;0.00;0;0;0
1;8;0.00;0.00;0;0;0
1;8;0.00;0.00;0;0;0
1;9;0.00;0.00;0;0;0
1;8;0.00;0.00;0;0;0
1;17;0.00;0.00;0;0;0
1;10;0.00;0.00;0;0;0
1;8;0.00;0.00;0;0;0
1;14;0.00;0.00;0;0;0
1;13;0.00;0.00;0;0;0
1;8;0.00;0.00;0;0;0
1;7;0.00;0.00;0;0;0
1;10;0.00;0.00;0;0;0
1;7;0.00;0.00;0;0;0
1;8;0.00;0.00;0;0;0
1;12;0.00;0.00;0;0;0
1;16;0.00;0.00;0;0;0
1;11;0.00;0.00;0;0;0
1;6;0.00;0.00;0;0;0
1;8;0.00;0.00;0;0;0
1;8;0.00;0.00;0;0;0
1;16;0.00;0.00;0;0;0
1;5;0.00;0.00;0;0;0
1;8;0.00;0.00;0;0;0
1;8;0.00;0.00;0;0;0
1;11;0.00;0.00;0;0;0
1;6;0.00;0.00;0;0;0
1;8;0.00;0.00;0;0;0
1;8;0.00;0.00;0;0;0
1;10;0.00;0.00;0;0;0
1;6;0.00;0.00;0;0;0
1;9;0.00;0.00;0;0;0
1;8;0.00;0.00;0;0;0
1;9;0.00;0.00;0;0;0
1;7;0.00;0.00;0;0;0
1;8;0.00;0.00;0;0;0
1;9;0.00;0.00;0;0;0
1;10;0.00;0.00;0;0;0
1;6;0.00;0.00;0;0;0
1;8;0.00;0.00;0;0;0
1;8;0.00;0.00;0;0;0
1;9;0.00;0.00;0;0;0
1;8;0.00;0.00;0;0;0
1;8;0.00;0.00;0;0;0
1;8;0.00;0.00;0;0;0
1;8;0.00;0.00;0;0;0
1;9;0.00;0.00;0;0;0
1;8;0.00;0.00;0;0;0
1;8;0.00;0.00;0;0;0
1;8;0.00;0.00;0;0;0
1;8;0.00;0.00;0;0;0
1;12;0.00;0.00;0;0;0
1;5;0.00;0.00;0;0;0
1;8;0.00;0.00;0;0;0
1;19;0.00;0.00;0;0;0
1;5;0.00;0.00;0;0;0
1;9;0.00;0.00;0;0;0
1;9;0.00;0.00;0;0;0
1;7;0.00;0.00;0;0;0
1;8;0.00;0.00;0;0;0
1;8;0.00;0.00;0;0;0
1;10;0.00;0.00;0;0;0
1;7;0.00;0.00;0;0;0
1;8;0.00;0.00;0;0;0
1;8;0.00;0.00;0;0;0
1;8;0.00;0.00;0;0;0
1;9;0.00;0.00;0;0;0
1;11;0.00;0.00;0;0;0
1;5;0.00;0.00;0;0;0
1;11;0.00;0.00;0;0;0
1;5;0.00;0.00;0;0;0
1;9;0.00;0.00;0;0;0
1;8;0.00;0.00;0;0;0
1;8;0.00;0.00;0;0;0
1;8;0.00;0.00;0;0;0
1;8;0.00;0.00;0;0;0
1;12;0.00;0.00;0;0;0
1;5;0.00;0.00;0;0;0
1;8;0.00;0.00;0;0;0
1;9;0.00;0.00;0;0;0
1;22;0.00;0.00;0;0;0
1;6;0.00;0.00;0;0;0
1;8;0.00;0.00;0;0;0
1;13;0.00;0.00;0;0;0
1;7;0.00;0.00;0;0;0
1;9;0.00;0.00;0;0;0
1;9;0.00;0.00;0;0;0
1;7;0.00;0.00;0;0;0
1;8;0.00;0.00;0;0;0
1;8;0.00;0.00;0;0;0
1;11;0.00;0.00;0;0;0
1;6;0.00;0.00;0;0;0
1;8;0.00;0.00;0;0;0
1;8;0.00;0.00;0;0;0
1;8;0.00;0.00;0;0;0
1;9;0.00;0.00;0;0;0
1;9;0.00;0.00;0;0;0
1;7;0.00;0.00;0;0;0
1;8;0.00;0.00;0;0;0
1;10;0.00;0.00;0;0;0
1;6;0.00;0.00;0;0;0
1;12;0.00;0.00;0;0;0
1;5;0.00;0.00;0;0;0
1;8;0.00;0.00;0;0;0
1;9;0.00;0.00;0;0;0
1;7;0.00;0.00;0;0;0
1;9;0.00;0.00;0;0;0
1;8;0.00;0.00;0;0;0
1;12;0.00;0.00;0;0;0
1;9;0.00;0.00;0;0;0
1;7;0.00;0.00;0;0;0
1;11;0.00;0.00;0;0;0
1;6;0.00;0.00;0;0;0
1;8;0.00;0.00;0;0;0
1;8;0.00;0.00;0;0;0
1;13;0.00;0.00;0;0;0
1;18;0.00;0.00;0;0;0
1;16;0.00;0.00;0;0;0
1;8;0.00;0.00;0;0;0
1;6;0.00;0.00;0;0;0
1;12;0.00;0.00;0;0;0
1;9;0.00;0.00;0;0;0
1;7;0.00;0.00;0;0;0
1;9;0.00;0.00;0;0;0
1;9;0.00;0.00;0;0;0
1;7;0.00;0.00;0;0;0
1;8;0.00;0.00;0;0;0
1;8;0.00;0.00;0;0;0
1;15;0.00;0.00;0;0;0
1;6;0.00;0.00;0;0;0
1;8;0.00;0.00;0;0;0
1;8;0.00;0.00;0;0;0
1;8;0.00;0.00;0;0;0
1;9;0.00;0.00;0;0;0
1;8;0.00;0.00;0;0;0
1;8;0.00;0.00;0;0;0
1;8;0.00;0.00;0;0;0
1;8;0.00;0.00;0;0;0
1;9;0.00;0.00;0;0;0
1;8;0.00;0.00;0;0;0
1;8;0.00;0.00;0;0;0
1;13;0.00;0.00;0;0;0
1;7;0.00;0.00;0;0;0
1;9;0.00;0.00;0;0;0
1;8;0.00;0.00;0;0;0
1;8;0.00;0.00;0;0;0
1;8;0.00;0.00;0;0;0
1;8;0.00;0.00;0;0;0
1;9;0.00;0.00;0;0;0
1;8;0.00;0.00;0;0;0
1;8;0.00;0.00;0;0;0
1;10;0.00;0.00;0;0;0
1;8;0.00;0.00;0;0;0
1;8;0.00;0.00;0;0;0
1;10;0.00;0.00;0;0;0
1;5;0.00;0.00;0;0;0
1;8;0.00;0.00;0;0;0
1;8;0.00;0.00;0;0;0
1;8;0.00;0.00;0;0;0
1;9;0.00;0.00;0;0;0
1;8;0.00;0.00;0;0;0
1;8;0.00;0.00;0;0;0
1;8;0.00;0.00;0;0;0
1;8;0.00;0.00;0;0;0
1;9;0.00;0.00;0;0;0
1;8;0.00;0.00;0;0;0
1;8;0.00;0.00;0;0;0
1;8;0.00;0.00;0;0;0
1;8;0.00;0.00;0;0;0
1;10;0.00;0.00;0;0;0
1;7;0.00;0.00;0;0;0
1;8;0.00;0.00;0;0;0
1;8;0.00;0.00;0;0;0
1;8;0.00;0.00;0;0;0
1;9;0.00;0.00;0;0;0
1;11;0.00;0.00;0;0;0
1;5;0.00;0.00;0;0;0
1;8;0.00;0.00;0;0;0
1;8;0.00;0.00;0;0;0
1;8;0.00;0.00;0;0;0
1;9;0.00;0.00;0;0;0
1;8;0.00;0.00;0;0;0
1;8;0.00;0.00;0;0;0
1;11;0.00;0.00;0;0;0
1;5;0.00;0.00;0;0;0
1;9;0.00;0.00;0;0;0
1;8;0.00;0.00;0;0;0
1;8;0.00;0.00;0;0;0
1;8;0.00;0.00;0;0;0
1;8;0.00;0.00;0;0;0
1;9;0.00;0.00;0;0;0
1;8;0.00;0.00;0;0;0
1;8;0.00;0.00;0;0;0
1;8;0.00;0.00;0;0;0
1;18;0.00;0.00;0;0;0
1;7;0.00;0.00;0;0;0
1;9;0.00;0.00;0;0;0
1;7;0.00;0.00;0;0;0
1;8;0.00;0.00;0;0;0
1;9;0.00;0.00;0;0;0
1;8;0.00;0.00;0;0;0
1;11;0.00;0.00;0;0;0
1;5;0.00;0.00;0;0;0
1;8;0.00;0.00;0;0;0
1;8;0.00;0.00;0;0;0
1;9;0.00;0.00;0;0;0
1;11;0.00;0.00;0;0;0
1;5;0.00;0.00;0;0;0
1;8;0.00;0.00;0;0;0
1;8;0.00;0.00;0;0;0
1;9;0.00;0.00;0;0;0
1;8;0.00;0.00;0;0;0
1;8;0.00;0.00;0;0;0
1;8;0.00;0.00;0;0;0
1;8;0.00;0.00;0;0;0
1;9;0.00;0.00;0;0;0
1;8;0.00;0.00;0;0;0
1;8;0.00;0.00;0;0;0
1;8;0.00;0.00;0;0;0
1;13;0.00;0.00;0;0;0
1;8;0.00;0.00;0;0;0
1;8;0.00;0.00;0;0;0
1;8;0.00;0.00;0;0;0
1;12;0.00;0.00;0;0;0
1;9;0.00;0.00;0;0;0
1;8;0.00;0.00;0;0;0
1;12;0.00;0.00;0;0;0
1;8;0.00;0.00;0;0;0
1;7;0.00;0.00;0;0;0
1;10;0.00;0.00;0;0;0
1;8;0.00;0.00;0;0;0
1;11;0.00;0.00;0;0;0
1;5;0.00;0.00;0;0;0
1;8;0.00;0.00;0;0;0
1;9;0.00;0.00;0;0;0
1;11;0.00;0.00;0;0;0
1;5;0.00;0.00;0;0;0
1;8;0.00;0.00;0;0;0
1;8;0.00;0.00;0;0;0
1;8;0.00;0.00;0;0;0
1;9;0.00;0.00;0;0;0
1;8;0.00;0.00;0;0;0
1;8;0.00;0.00;0;0;0
1;11;0.00;0.00;0;0;0
1;14;0.00;0.00;0;0;0
1;8;0.00;0.00;0;0;0
1;8;0.00;0.00;0;0;0
1;8;0.00;0.00;0;0;0
1;8;0.00;0.00;0;0;0
1;9;0.00;0.00;0;0;0
1;8;0.00;0.00;0;0;0
1;8;0.00;0.00;0;0;0
1;8;0.00;0.00;0;0;0
1;8;0.00;0.00;0;0;0
1;17;0.00;0.00;0;0;0
1;8;0.00;0.00;0;0;0
1;8;0.00;0.00;0;0;0
1;9;0.00;0.00;0;0;0
1;8;0.00;0.00;0;0;0
1;8;0.00;0.00;0;0;0
1;8;0.00;0.00;0;0;0
1;26;0.00;0.00;0;0;0
1;22;0.00;0.00;0;0;0
1;5;0.00;0.00;0;0;0
1;8;0.00;0.00;0;0;0
1;9;0.00;0.00;0;0;0
1;9;0.00;0.00;0;0;0
1;7;0.00;0.00;0;0;0
1;8;0.00;0.00;0;0;0
1;8;0.00;0.00;0;0;0
1;9;0.00;0.00;0;0;0
1;7;0.00;0.00;0;0;0
1;9;0.00;0.00;0;0;0
1;8;0.00;0.00;0;0;0
1;8;0.00;0.00;0;0;0
1;7;0.00;0.00;0;0;0
1;9;0.00;0.00;0;0;0
1;8;0.00;0.00;0;0;0
1;8;0.00;0.00;0;0;0
1;13;0.00;0.00;0;0;0
1;8;0.00;0.00;0;0;0
1;8;0.00;0.00;0;0;0
1;8;0.00;0.00;0;0;0
1;8;0.00;0.00;0;0;0
1;8;0.00;0.00;0;0;0
1;8;0.00;0.00;0;0;0
1;9;0.00;0.00;0;0;0
1;8;0.00;0.00;0;0;0
1;8;0.00;0.00;0;0;0
1;8;0.00;0.00;0;0;0
1;7;0.00;0.00;0;0;0
1;9;0.00;0.00;0;0;0
1;8;0.00;0.00;0;0;0
1;8;0.00;0.00;0;0;0
1;9;0.00;0.00;0;0;0
1;8;0.00;0.00;0;0;0
1;9;0.00;0.00;0;0;0
1;8;0.00;0.00;0;0;0
1;8;0.00;0.00;0;0;0
1;8;0.00;0.00;0;0;0
1;8;0.00;0.00;0;0;0
1;9;0.00;0.00;0;0;0
1;8;0.00;0.00;0;0;0
1;8;0.00;0.00;0;0;0
1;8;0.00;0.00;0;0;0
1;8;0.00;0.00;0;0;0
1;9;0.00;0.00;0;0;0
1;8;0.00;0.00;0;0;0
1;8;0.00;0.00;0;0;0
1;8;0.00;0.00;0;0;0
1;11;0.00;0.00;0;0;0
1;5;0.00;0.00;0;0;0
1;9;0.00;0.00;0;0;0
1;8;0.00;0.00;0;0;0
1;8;0.00;0.00;0;0;0
1;8;0.00;0.00;0;0;0
1;8;0.00;0.00;0;0;0
1;9;0.00;0.00;0;0;0
1;9;0.00;0.00;0;0;0
1;7;0.00;0.00;0;0;0
1;8;0.00;0.00;0;0;0
1;11;0.00;0.00;0;0;0
1;6;0.00;0.00;0;0;0
1;8;0.00;0.00;0;0;0
1;8;0.00;0.00;0;0;0
1;8;0.00;0.00;0;0;0
1;8;0.00;0.00;0;0;0
1;11;0.00;0.00;0;0;0
1;6;0.00;0.00;0;0;0
1;8;0.00;0.00;0;0;0
1;8;0.00;0.00;0;0;0
1;8;0.00;0.00;0;0;0
1;9;0.00;0.00;0;0;0
1;7;0.00;0.00;0;0;0
1;9;0.00;0.00;0;0;0
1;10;0.00;0.00;0;0;0
1;6;0.00;0.00;0;0;0
1;8;0.00;0.00;0;0;0
1;9;0.00;0.00;0;0;0
1;8;0.00;0.00;0;0;0
1;8;0.00;0.00;0;0;0
1;7;0.00;0.00;0;0;0
1;8;0.00;0.00;0;0;0
1;10;0.00;0.00;0;0;0
1;7;0.00;0.00;0;0;0
1;9;0.00;0.00;0;0;0
1;8;0.00;0.00;0;0;0
1;8;0.00;0.00;0;0;0
1;8;0.00;0.00;0;0;0
1;9;0.00;0.00;0;0;0
1;7;0.00;0.00;0;0;0
1;8;0.00;0.00;0;0;0
1;9;0.00;0.00;0;0;0
1;8;0.00;0.00;0;0;0
1;9;0.00;0.00;0;0;0
1;8;0.00;0.00;0;0;0
1;7;0.00;0.00;0;0;0
1;9;0.00;0.00;0;0;0
1;7;0.00;0.00;0;0;0
1;13;0.00;0.00;0;0;0
1;8;0.00;0.00;0;0;0
1;14;0.00;0.00;0;0;0
1;7;0.00;0.00;0;0;0
1;9;0.00;0.00;0;0;0
1;8;0.00;0.00;0;0;0
1;10;0.00;0.00;0;0;0
1;6;0.00;0.00;0;0;0
1;8;0.00;0.00;0;0;0
1;9;0.00;0.00;0;0;0
1;11;0.00;0.00;0;0;0
1;9;0.00;0.00;0;0;0
1;8;0.00;0.00;0;0;0
1;8;0.00;0.00;0;0;0
1;9;0.00;0.00;0;0;0
1;10;0.00;0.00;0;0;0
1;6;0.00;0.00;0;0;0
1;8;0.00;0.00;0;0;0
1;7;0.00;0.00;0;0;0
1;15;0.00;0.00;0;0;0
1;7;0.00;0.00;0;0;0
1;8;0.00;0.00;0;0;0
1;8;0.00;0.00;0;0;0
1;7;0.00;0.00;0;0;0
1;9;0.00;0.00;0;0;0
1;22;0.00;0.00;0;0;0
1;7;0.00;0.00;0;0;0
1;8;0.00;0.00;0;0;0
1;8;0.00;0.00;0;0;0
1;9;0.00;0.00;0;0;0
1;8;0.00;0.00;0;0;0
1;7;0.00;0.00;0;0;0
1;8;0.00;0.00;0;0;0
1;12;0.00;0.00;0;0;0
1;6;0.00;0.00;0;0;0
1;8;0.00;0.00;0;0;0
1;21;0.00;0.00;0;0;0
1;8;0.00;0.00;0;0;0
1;7;0.00;0.00;0;0;0
1;8;0.00;0.00;0;0;0
1;8;0.00;0.00;0;0;0
1;8;0.00;0.00;0;0;0
1;9;0.00;0.00;0;0;0
1;8;0.00;0.00;0;0;0
1;8;0.00;0.00;0;0;0
1;9;0.00;0.00;0;0;0
1;7;0.00;0.00;0;0;0
1;9;0.00;0.00;0;0;0
1;8;0.00;0.00;0;0;0
1;8;0.00;0.00;0;0;0
1;8;0.00;0.00;0;0;0
1;8;0.00;0.00;0;0;0
1;9;0.00;0.00;0;0;0
1;8;0.00;0.00;0;0;0
1;8;0.00;0.00;0;0;0
1;8;0.00;0.00;0;0;0
1;8;0.00;0.00;0;0;0
1;9;0.00;0.00;0;0;0
1;8;0.00;0.00;0;0;0
1;8;0.00;0.00;0;0;0
1;9;0.00;0.00;0;0;0
1;12;0.00;0.00;0;0;0
1;14;0.00;0.00;0;0;0
1;7;0.00;0.00;0;0;0
1;8;0.00;0.00;0;0;0
1;7;0.00;0.00;0;0;0
1;8;0.00;0.00;0;0;0
1;10;0.00;0.00;0;0;0
1;7;0.00;0.00;0;0;0
1;8;0.00;0.00;0;0;0
1;8;0.00;0.00;0;0;0
1;9;0.00;0.00;0;0;0
1;9;0.00;0.00;0;0;0
1;7;0.00;0.00;0;0;0
1;9;0.00;0.00;0;0;0
1;8;0.00;0.00;0;0;0
1;8;0.00;0.00;0;0;0
1;9;0.00;0.00;0;0;0
1;8;0.00;0.00;0;0;0
1;10;0.00;0.00;0;0;0
1;10;0.00;0.00;0;0;0
1;7;0.00;0.00;0;0;0
1;10;0.00;0.00;0;0;0
1;8;0.00;0.00;0;0;0
1;8;0.00;0.00;0;0;0
1;8;0.00;0.00;0;0;0
1;10;0.00;0.00;0;0;0
1;8;0.00;0.00;0;0;0
1;10;0.00;0.00;0;0;0
1;5;0.00;0.00;0;0;0
1;8;0.00;0.00;0;0;0
1;11;0.00;0.00;0;0;0
1;9;0.00;0.00;0;0;0
1;8;0.00;0.00;0;0;0
1;12;0.00;0.00;0;0;0
1;9;0.00;0.00;0;0;0
1;10;0.00;0.00;0;0;0
1;12;0.00;0.00;0;0;0
1;11;0.00;0.00;0;0;0
1;8;0.00;0.00;0;0;0
1;20;0.00;0.00;0;0;0
1;5;0.00;0.00;0;0;0
1;8;0.00;0.00;0;0;0
1;8;0.00;0.00;0;0;0
1;8;0.00;0.00;0;0;0
1;15;0.00;0.00;0;0;0
1;6;0.00;0.00;0;0;0
1;8;0.00;0.00;0;0;0
1;21;0.00;0.00;0;0;0
1;10;0.00;0.00;0;0;0
1;6;0.00;0.00;0;0;0
1;15;0.00;0.00;0;0;0
1;5;0.00;0.00;0;0;0
1;9;0.00;0.00;0;0;0
1;7;0.00;0.00;0;0;0
1;9;0.00;0.00;0;0;0
1;8;0.00;0.00;0;0;0
1;11;0.00;0.00;0;0;0
1;7;0.00;0.00;0;0;0
1;7;0.00;0.00;0;0;0
1;11;0.00;0.00;0;0;0
1;7;0.00;0.00;0;0;0
1;9;0.00;0.00;0;0;0
1;6;0.00;0.00;0;0;0
1;7;0.00;0.00;0;0;0
1;8;0.00;0.00;0;0;0
1;11;0.00;0.00;0;0;0
1;6;0.00;0.00;0;0;0
1;9;0.00;0.00;0;0;0
1;20;0.00;0.00;0;0;0
1;8;0.00;0.00;0;0;0
1;7;0.00;0.00;0;0;0
1;13;0.00;0.00;0;0;0
1;8;0.00;0.00;0;0;0
1;8;0.00;0.00;0;0;0
1;8;0.00;0.00;0;0;0
1;30;0.00;0.00;0;0;0
1;27;0.00;0.00;0;0;0
1;6;0.00;0.00;0;0;0
1;21;0.00;0.00;0;0;0
1;16;0.00;0.00;0;0;0
1;8;0.00;0.00;0;0;0
1;7;0.00;0.00;0;0;0
1;8;0.00;0.00;0;0;0
1;8;0.00;0.00;0;0;0
1;9;0.00;0.00;0;0;0
1;8;0.00;0.00;0;0;0
1;8;0.00;0.00;0;0;0
1;8;0.00;0.00;0;0;0
1;8;0.00;0.00;0;0;0
1;8;0.00;0.00;0;0;0
1;10;0.00;0.00;0;0;0
1;8;0.00;0.00;0;0;0
1;9;0.00;0.00;0;0;0
1;7;0.00;0.00;0;0;0
1;8;0.00;0.00;0;0;0
1;9;0.00;0.00;0;0;0
1;8;0.00;0.00;0;0;0
1;9;0.00;0.00;0;0;0
1;7;0.00;0.00;0;0;0
1;8;0.00;0.00;0;0;0
1;8;0.00;0.00;0;0;0
1;9;0.00;0.00;0;0;0
1;7;0.00;0.00;0;0;0
1;8;0.00;0.00;0;0;0
1;8;0.00;0.00;0;0;0
1;10;0.00;0.00;0;0;0
1;7;0.00;0.00;0;0;0
1;8;0.00;0.00;0;0;0
1;8;0.00;0.00;0;0;0
1;8;0.00;0.00;0;0;0
1;9;0.00;0.00;0;0;0
1;12;0.00;0.00;0;0;0
1;12;0.00;0.00;0;0;0
1;8;0.00;0.00;0;0;0
1;13;0.00;0.00;0;0;0
1;17;0.00;0.00;0;0;0
1;8;0.00;0.00;0;0;0
1;8;0.00;0.00;0;0;0
1;11;0.00;0.00;0;0;0
1;6;0.00;0.00;0;0;0
1;7;0.00;0.00;0;0;0
1;8;0.00;0.00;0;0;0
1;11;0.00;0.00;0;0;0
1;7;0.00;0.00;0;0;0
1;8;0.00;0.00;0;0;0
1;7;0.00;0.00;0;0;0
1;8;0.00;0.00;0;0;0
1;8;0.00;0.00;0;0;0
1;9;0.00;0.00;0;0;0
1;12;0.00;0.00;0;0;0
1;8;0.00;0.00;0;0;0
1;12;0.00;0.00;0;0;0
1;5;0.00;0.00;0;0;0
1;8;0.00;0.00;0;0;0
1;8;0.00;0.00;0;0;0
1;9;0.00;0.00;0;0;0
1;7;0.00;0.00;0;0;0
1;8;0.00;0.00;0;0;0
1;8;0.00;0.00;0;0;0
1;10;0.00;0.00;0;0;0
1;8;0.00;0.00;0;0;0
1;10;0.00;0.00;0;0;0
1;6;0.00;0.00;0;0;0
1;8;0.00;0.00;0;0;0
1;9;0.00;0.00;0;0;0
1;7;0.00;0.00;0;0;0
1;8;0.00;0.00;0;0;0
1;9;0.00;0.00;0;0;0
1;7;0.00;0.00;0;0;0
1;9;0.00;0.00;0;0;0
1;8;0.00;0.00;0;0;0
1;9;0.00;0.00;0;0;0
1;8;0.00;0.00;0;0;0
1;7;0.00;0.00;0;0;0
1;16;0.00;0.00;0;0;0
1;6;0.00;0.00;0;0;0
1;7;0.00;0.00;0;0;0
1;8;0.00;0.00;0;0;0
1;10;0.00;0.00;0;0;0
1;8;0.00;0.00;0;0;0
1;7;0.00;0.00;0;0;0
1;8;0.00;0.00;0;0;0
1;9;0.00;0.00;0;0;0
1;7;0.00;0.00;0;0;0
1;9;0.00;0.00;0;0;0
1;8;0.00;0.00;0;0;0
1;10;0.00;0.00;0;0;0
1;10;0.00;0.00;0;0;0
1;5;0.00;0.00;0;0;0
1;8;0.00;0.00;0;0;0
1;8;0.00;0.00;0;0;0
1;8;0.00;0.00;0;0;0
1;8;0.00;0.00;0;0;0
1;8;0.00;0.00;0;0;0
1;8;0.00;0.00;0;0;0
1;9;0.00;0.00;0;0;0
1;8;0.00;0.00;0;0;0
1;8;0.00;0.00;0;0;0
1;8;0.00;0.00;0;0;0
1;8;0.00;0.00;0;0;0
1;11;0.00;0.00;0;0;0
1;7;0.00;0.00;0;0;0
1;7;0.00;0.00;0;0;0
1;11;0.00;0.00;0;0;0
1;6;0.00;0.00;0;0;0
1;8;0.00;0.00;0;0;0
1;8;0.00;0.00;0;0;0
1;10;0.00;0.00;0;0;0
1;7;0.00;0.00;0;0;0
1;7;0.00;0.00;0;0;0
1;9;0.00;0.00;0;0;0
1;8;0.00;0.00;0;0;0
1;9;0.00;0.00;0;0;0
1;7;0.00;0.00;0;0;0
1;9;0.00;0.00;0;0;0
1;10;0.00;0.00;0;0;0
1;6;0.00;0.00;0;0;0
1;8;0.00;0.00;0;0;0
1;8;0.00;0.00;0;0;0
1;13;0.00;0.00;0;0;0
1;8;0.00;0.00;0;0;0
1;8;0.00;0.00;0;0;0
1;11;0.00;0.00;0;0;0
1;6;0.00;0.00;0;0;0
1;8;0.00;0.00;0;0;0
1;8;0.00;0.00;0;0;0
1;17;0.00;0.00;0;0;0
1;7;0.00;0.00;0;0;0
1;8;0.00;0.00;0;0;0
1;14;0.00;0.00;0;0;0
1;7;0.00;0.00;0;0;0
1;9;0.00;0.00;0;0;0
1;7;0.00;0.00;0;0;0
1;9;0.00;0.00;0;0;0
1;8;0.00;0.00;0;0;0
1;8;0.00;0.00;0;0;0
1;8;0.00;0.00;0;0;0
1;8;0.00;0.00;0;0;0
1;9;0.00;0.00;0;0;0
1;8;0.00;0.00;0;0;0
1;8;0.00;0.00;0;0;0
1;8;0.00;0.00;0;0;0
1;12;0.00;0.00;0;0;0
1;6;0.00;0.00;0;0;0
1;7;0.00;0.00;0;0;0
1;8;0.00;0.00;0;0;0
1;11;0.00;0.00;0;0;0
1;6;0.00;0.00;0;0;0
1;8;0.00;0.00;0;0;0
1;7;0.00;0.00;0;0;0
1;13;0.00;0.00;0;0;0
1;5;0.00;0.00;0;0;0
1;7;0.00;0.00;0;0;0
1;8;0.00;0.00;0;0;0
1;11;0.00;0.00;0;0;0
1;7;0.00;0.00;0;0;0
1;7;0.00;0.00;0;0;0
1;8;0.00;0.00;0;0;0
1;8;0.00;0.00;0;0;0
1;8;0.00;0.00;0;0;0
1;9;0.00;0.00;0;0;0
1;8;0.00;0.00;0;0;0
1;9;0.00;0.00;0;0;0
1;8;0.00;0.00;0;0;0
1;7;0.00;0.00;0;0;0
1;9;0.00;0.00;0;0;0
1;9;0.00;0.00;0;0;0
1;7;0.00;0.00;0;0;0
1;8;0.00;0.00;0;0;0
1;8;0.00;0.00;0;0;0
1;8;0.00;0.00;0;0;0
1;9;0.00;0.00;0;0;0
1;8;0.00;0.00;0;0;0
1;8;0.00;0.00;0;0;0
1;9;0.00;0.00;0;0;0
1;7;0.00;0.00;0;0;0
1;11;0.00;0.00;0;0;0
1;10;0.00;0.00;0;0;0
1;6;0.00;0.00;0;0;0
1;7;0.00;0.00;0;0;0
1;8;0.00;0.00;0;0;0
1;9;0.00;0.00;0;0;0
1;7;0.00;0.00;0;0;0
1;8;0.00;0.00;0;0;0
1;8;0.00;0.00;0;0;0
1;12;0.00;0.00;0;0;0
1;10;0.00;0.00;0;0;0
1;7;0.00;0.00;0;0;0
1;9;0.00;0.00;0;0;0
1;7;0.00;0.00;0;0;0
1;9;0.00;0.00;0;0;0
1;9;0.00;0.00;0;0;0
1;9;0.00;0.00;0;0;0
1;7;0.00;0.00;0;0;0
1;9;0.00;0.00;0;0;0
1;7;0.00;0.00;0;0;0
1;13;0.00;0.00;0;0;0
1;8;0.00;0.00;0;0;0
1;12;0.00;0.00;0;0;0
1;9;0.00;0.00;0;0;0
1;8;0.00;0.00;0;0;0
1;14;0.00;0.00;0;0;0
1;6;0.00;0.00;0;0;0
1;8;0.00;0.00;0;0;0
1;7;0.00;0.00;0;0;0
1;18;0.00;0.00;0;0;0
1;8;0.00;0.00;0;0;0
1;8;0.00;0.00;0;0;0
1;8;0.00;0.00;0;0;0
1;9;0.00;0.00;0;0;0
1;7;0.00;0.00;0;0;0
1;8;0.00;0.00;0;0;0
1;8;0.00;0.00;0;0;0
1;8;0.00;0.00;0;0;0
1;8;0.00;0.00;0;0;0
1;9;0.00;0.00;0;0;0
1;15;0.00;0.00;0;0;0
1;6;0.00;0.00;0;0;0
1;8;0.00;0.00;0;0;0
1;8;0.00;0.00;0;0;0
1;9;0.00;0.00;0;0;0
1;7;0.00;0.00;0;0;0
1;9;0.00;0.00;0;0;0
1;10;0.00;0.00;0;0;0
1;7;0.00;0.00;0;0;0
1;7;0.00;0.00;0;0;0
1;8;0.00;0.00;0;0;0
1;9;0.00;0.00;0;0;0
1;8;0.00;0.00;0;0;0
1;7;0.00;0.00;0;0;0
1;9;0.00;0.00;0;0;0
1;8;0.00;0.00;0;0;0
1;8;0.00;0.00;0;0;0
1;8;0.00;0.00;0;0;0
1;8;0.00;0.00;0;0;0
1;9;0.00;0.00;0;0;0
1;8;0.00;0.00;0;0;0
1;8;0.00;0.00;0;0;0
1;8;0.00;0.00;0;0;0
1;8;0.00;0.00;0;0;0
1;9;0.00;0.00;0;0;0
1;8;0.00;0.00;0;0;0
1;13;0.00;0.00;0;0;0
1;7;0.00;0.00;0;0;0
1;13;0.00;0.00;0;0;0
1;5;0.00;0.00;0;0;0
1;11;0.00;0.00;0;0;0
1;4;0.00;0.00;0;0;0
1;18;0.00;0.00;0;0;0
1;8;0.00;0.00;0;0;0
1;7;0.00;0.00;0;0;0
1;10;0.00;0.00;0;0;0
1;6;0.00;0.00;0;0;0
1;9;0.00;0.00;0;0;0
1;17;0.00;0.00;0;0;0
1;8;0.00;0.00;0;0;0
1;7;0.00;0.00;0;0;0
1;8;0.00;0.00;0;0;0
1;9;0.00;0.00;0;0;0
1;8;0.00;0.00;0;0;0
1;8;0.00;0.00;0;0;0
1;8;0.00;0.00;0;0;0
1;8;0.00;0.00;0;0;0
1;8;0.00;0.00;0;0;0
1;9;0.00;0.00;0;0;0
1;8;0.00;0.00;0;0;0
1;9;0.00;0.00;0;0;0
1;7;0.00;0.00;0;0;0
1;8;0.00;0.00;0;0;0
1;9;0.00;0.00;0;0;0
1;8;0.00;0.00;0;0;0
1;8;0.00;0.00;0;0;0
1;8;0.00;0.00;0;0;0
1;8;0.00;0.00;0;0;0
1;9;0.00;0.00;0;0;0
1;8;0.00;0.00;0;0;0
1;8;0.00;0.00;0;0;0
1;8;0.00;0.00;0;0;0
1;8;0.00;0.00;0;0;0
1;9;0.00;0.00;0;0;0
1;8;0.00;0.00;0;0;0
1;8;0.00;0.00;0;0;0
1;8;0.00;0.00;0;0;0
1;8;0.00;0.00;0;0;0
1;9;0.00;0.00;0;0;0
1;8;0.00;0.00;0;0;0
1;8;0.00;0.00;0;0;0
1;10;0.00;0.00;0;0;0
1;7;0.00;0.00;0;0;0
1;7;0.00;0.00;0;0;0
1;9;0.00;0.00;0;0;0
1;9;0.00;0.00;0;0;0
1;8;0.00;0.00;0;0;0
1;7;0.00;0.00;0;0;0
1;8;0.00;0.00;0;0;0
1;9;0.00;0.00;0;0;0
1;8;0.00;0.00;0;0;0
1;9;0.00;0.00;0;0;0
1;7;0.00;0.00;0;0;0
1;15;0.00;0.00;0;0;0
1;9;0.00;0.00;0;0;0
1;6;0.00;0.00;0;0;0
1;10;0.00;0.00;0;0;0
1;6;0.00;0.00;0;0;0
1;16;0.00;0.00;0;0;0
1;19;0.00;0.00;0;0;0
1;7;0.00;0.00;0;0;0
1;7;0.00;0.00;0;0;0
1;9;0.00;0.00;0;0;0
1;8;0.00;0.00;0;0;0
1;7;0.00;0.00;0;0;0
1;8;0.00;0.00;0;0;0
1;8;0.00;0.00;0;0;0
1;9;0.00;0.00;0;0;0
1;9;0.00;0.00;0;0;0
1;8;0.00;0.00;0;0;0
1;7;0.00;0.00;0;0;0
1;9;0.00;0.00;0;0;0
1;8;0.00;0.00;0;0;0
1;8;0.00;0.00;0;0;0
1;8;0.00;0.00;0;0;0
1;8;0.00;0.00;0;0;0
1;8;0.00;0.00;0;0;0
1;9;0.00;0.00;0;0;0
1;8;0.00;0.00;0;0;0
1;8;0.00;0.00;0;0;0
1;8;0.00;0.00;0;0;0
1;8;0.00;0.00;0;0;0
1;8;0.00;0.00;0;0;0
1;9;0.00;0.00;0;0;0
1;8;0.00;0.00;0;0;0
1;8;0.00;0.00;0;0;0
1;8;0.00;0.00;0;0;0
1;8;0.00;0.00;0;0;0
1;9;0.00;0.00;0;0;0
1;9;0.00;0.00;0;0;0
1;7;0.00;0.00;0;0;0
1;8;0.00;0.00;0;0;0
1;8;0.00;0.00;0;0;0
1;9;0.00;0.00;0;0;0
1;8;0.00;0.00;0;0;0
1;8;0.00;0.00;0;0;0
1;8;0.00;0.00;0;0;0
1;11;0.00;0.00;0;0;0
1;7;0.00;0.00;0;0;0
1;8;0.00;0.00;0;0;0
1;7;0.00;0.00;0;0;0
1;8;0.00;0.00;0;0;0
1;8;0.00;0.00;0;0;0
1;9;0.00;0.00;0;0;0
1;8;0.00;0.00;0;0;0
1;9;0.00;0.00;0;0;0
1;8;0.00;0.00;0;0;0
1;7;0.00;0.00;0;0;0
1;8;0.00;0.00;0;0;0
1;9;0.00;0.00;0;0;0
1;9;0.00;0.00;0;0;0
1;16;0.00;0.00;0;0;0
1;8;0.00;0.00;0;0;0
1;9;0.00;0.00;0;0;0
1;8;0.00;0.00;0;0;0
1;7;0.00;0.00;0;0;0
1;11;0.00;0.00;0;0;0
1;6;0.00;0.00;0;0;0
1;10;0.01;-0.02;0;0;-1
1;7;0.00;0.00;0;0;0
1;10;0.00;0.00;0;0;0
1;9;0.00;0.00;0;0;0
1;6;0.00;0.00;0;0;0
1;11;0.00;0.00;0;0;0
1;8;0.00;0.00;0;0;0
1;9;0.01;-0.02;0;0;-1
1;8;0.00;0.00;0;0;0
1;7;0.00;0.00;0;0;0
1;9;0.00;0.00;0;0;0
1;8;0.00;0.00;0;0;0
1;8;0.00;0.00;0;0;0
1;8;0.00;0.00;0;0;0
1;8;0.00;0.00;0;0;0
1;9;0.01;-0.02;0;0;-1
1;11;-0.01;-0.02;0;1;0
1;6;0.00;0.00;0;0;0
1;9;0.00;0.00;0;0;0
1;6;0.00;0.00;0;0;0
1;12;0.00;0.00;0;0;0
1;5;0.00;0.00;0;0;0
1;8;0.00;0.00;0;0;0
1;8;0.01;-0.02;0;0;-1
1;10;-0.01;-0.02;0;1;0
1;12;0.00;0.00;0;0;0
1;7;0.00;0.00;0;0;0
1;8;0.00;0.00;0;0;0
1;8;0.00;0.00;0;0;0
1;8;0.01;-0.02;0;0;-1
1;8;0.00;0.00;0;0;0
1;13;0.00;0.00;0;0;0
1;6;0.00;0.00;0;0;0
1;7;0.00;0.00;0;0;0
1;7;0.00;0.00;0;0;0
1;9;0.00;0.00;0;0;0
1;8;0.01;-0.02;0;0;-1
1;8;0.00;0.00;0;0;0
1;8;0.00;0.00;0;0;0
1;9;0.00;0.00;0;0;0
1;16;0.00;0.00;0;0;0
1;11;0.00;0.00;0;0;0
1;31;0.01;-0.02;0;0;-1
1;22;0.00;0.00;0;0;0
1;8;0.00;0.00;0;0;0
1;10;0.00;0.00;0;0;0
1;8;-0.01;-0.02;0;1;0
1;8;0.00;0.00;0;0;0
1;8;0.01;-0.02;0;0;-1
1;8;0.00;0.00;0;0;0
1;8;0.00;0.00;0;0;0
1;9;0.00;0.00;0;0;0
1;8;0.00;0.00;0;0;0
1;8;-0.01;-0.02;0;1;0
1;8;0.00;0.00;0;0;0
1;22;0.01;-0.02;0;0;-1
1;7;0.00;0.00;0;0;0
1;11;0.00;0.00;0;0;0
1;6;0.00;0.00;0;0;0
1;10;-0.01;-0.02;0;1;0
1;8;0.00;0.00;0;0;0
1;11;0.01;-0.02;0;0;-1
1;7;0.00;0.00;0;0;0
1;17;0.00;0.00;0;0;0
1;8;-0.01;-0.02;0;1;0
1;8;0.00;0.00;0;0;0
1;8;0.00;0.00;0;0;0
1;8;0.00;0.00;0;0;0
1;12;0.01;-0.02;0;0;-1
1;6;0.00;0.00;0;0;0
1;7;0.00;0.00;0;0;0
1;8;-0.01;-0.02;0;1;0
1;12;0.00;0.00;0;0;0
1;9;0.00;0.00;0;0;0
1;8;0.00;0.00;0;0;0
1;14;0.01;-0.02;0;0;-1
1;6;0.00;0.00;0;0;0
1;9;-0.01;-0.02;0;1;0
1;8;0.00;0.00;0;0;0
1;8;0.00;0.00;0;0;0
1;8;0.00;0.00;0;0;0
1;8;0.00;0.00;0;0;0
1;8;0.00;0.00;0;0;0
1;9;0.01;-0.02;0;0;-1
1;8;0.00;0.00;0;0;0
1;8;0.00;0.00;0;0;0
1;8;0.00;0.00;0;0;0
1;8;-0.01;-0.02;0;1;0
1;9;0.00;0.00;0;0;0
1;8;0.00;0.00;0;0;0
1;8;0.00;0.00;0;0;0
1;8;0.01;-0.02;0;0;-1
1;8;0.00;0.00;0;0;0
1;9;0.00;0.00;0;0;0
1;8;-0.01;-0.02;0;1;0
1;8;0.01;-0.02;0;0;-1
1;8;0.00;0.00;0;0;0
1;8;0.00;0.00;0;0;0
1;8;0.01;-0.02;0;0;-1
1;9;0.00;0.00;0;0;0
1;14;0.01;-0.02;0;0;-1
1;10;0.00;-0.04;0;1;-1
1;14;0.01;-0.02;0;0;-1
1;11;0.00;0.00;0;0;0
1;5;0.01;-0.02;0;0;-1
1;7;0.00;0.00;0;0;0
1;13;0.01;-0.02;0;0;-1
1;8;0.01;-0.02;0;0;-1
1;8;0.00;0.00;0;0;0
1;8;0.00;-0.04;0;1;-1
1;12;0.01;-0.02;0;0;-1
1;9;0.00;0.00;0;0;0
1;8;0.01;-0.02;0;0;-1
1;12;-0.01;-0.02;0;1;0
1;8;0.01;-0.02;0;0;-1
1;8;0.00;0.00;0;0;0
1;10;0.01;-0.02;0;0;-1
1;7;0.00;0.00;0;0;0
1;8;0.01;-0.02;0;0;-1
1;8;-0.01;-0.02;0;1;0
1;12;0.01;-0.02;0;0;-1
1;36;0.02;-0.04;0;0;-2
1;10;0.01;-0.02;0;0;-1
1;8;-0.01;-0.02;0;1;0
1;8;0.00;0.00;0;0;0
1;8;0.01;-0.02;0;0;-1
1;8;0.00;0.00;0;0;0
1;8;0.00;0.00;0;0;0
1;9;0.00;0.00;0;0;0
1;8;0.00;0.00;0;0;0
1;8;-0.01;-0.02;0;1;0
1;8;0.00;0.00;0;0;0
1;8;0.01;-0.02;0;0;-1
1;9;0.00;0.00;0;0;0
1;17;0.00;0.00;0;0;0
1;19;-0.01;-0.02;0;1;0
1;9;0.00;0.00;0;0;0
1;8;0.00;0.00;0;0;0
1;8;0.00;0.00;0;0;0
1;8;0.01;-0.02;0;0;-1
1;8;0.00;0.00;0;0;0
1;9;0.00;0.00;0;0;0
1;8;0.00;0.00;0;0;0
1;8;0.00;0.00;0;0;0
1;9;-0.01;-0.02;0;1;0
1;7;0.00;0.00;0;0;0
1;9;0.01;-0.02;0;0;-1
1;8;0.00;0.00;0;0;0
1;8;0.00;0.00;0;0;0
1;8;0.01;-0.02;0;0;-1
1;8;0.00;0.00;0;0;0
1;8;0.00;0.00;0;0;0
1;9;0.00;-0.04;0;1;-1
1;8;0.00;0.00;0;0;0
1;8;0.01;-0.02;0;0;-1
1;8;0.00;0.00;0;0;0
1;8;0.01;-0.02;0;0;-1
1;9;0.00;0.00;0;0;0
1;8;0.01;-0.02;0;0;-1
1;9;0.00;0.00;0;0;0
1;10;0.00;-0.04;0;1;-1
1;14;0.01;-0.02;0;0;-1
1;15;0.01;-0.02;0;0;-1
1;5;0.00;0.00;0;0;0
1;8;-0.01;-0.02;0;1;0
1;16;0.01;-0.02;0;0;-1
1;27;0.02;-0.04;0;0;-2
1;12;0.00;0.00;0;0;0
1;7;0.00;-0.04;0;1;-1
1;9;0.00;0.00;0;0;0
1;7;0.01;-0.02;0;0;-1
1;9;0.00;0.00;0;0;0
1;7;0.00;0.00;0;0;0
1;9;0.01;-0.02;0;0;-1
1;10;0.00;0.00;0;0;0
1;6;0.01;-0.02;0;0;-1
1;8;-0.01;-0.02;0;1;0
1;8;0.00;0.00;0;0;0
1;9;0.01;-0.02;0;0;-1
1;8;0.00;0.00;0;0;0
1;8;0.00;0.00;0;0;0
1;8;0.00;0.00;0;0;0
1;9;0.00;0.00;0;0;0
1;11;0.00;-0.04;0;1;-1
1;6;0.00;0.00;0;0;0
1;8;0.00;0.00;0;0;0
1;8;0.00;0.00;0;0;0
1;11;0.00;0.00;0;0;0
1;9;0.00;0.00;0;0;0
1;12;-0.01;-0.02;0;1;0
1;16;0.00;0.00;0;0;0
1;14;0.01;-0.02;0;0;-1
1;15;0.00;0.00;0;0;0
1;8;0.01;-0.02;0;0;-1
1;8;0.00;0.00;0;0;0
1;9;0.00;0.00;0;0;0
1;11;0.00;-0.04;0;1;-1
1;6;0.00;0.00;0;0;0
1;7;0.00;0.00;0;0;0
1;13;0.01;-0.02;0;0;-1
1;9;0.01;-0.02;0;0;-1
1;8;0.00;0.00;0;0;0
1;11;0.01;-0.02;0;0;-1
1;8;0.01;-0.02;0;0;-1
1;8;-0.01;-0.02;0;1;0
1;9;0.01;-0.02;0;0;-1
1;8;0.00;0.00;0;0;0
1;8;0.01;-0.02;0;0;-1
1;8;0.00;0.00;0;0;0
1;8;0.00;-0.04;0;1;-1
1;9;0.00;0.00;0;0;0
1;8;0.01;-0.02;0;0;-1
1;8;0.00;0.00;0;0;0
1;8;0.01;-0.02;0;0;-1
1;8;0.01;-0.02;0;0;-1
1;11;-0.01;-0.02;0;1;0
1;6;0.01;-0.02;0;0;-1
1;9;0.00;0.00;0;0;0
1;7;0.01;-0.02;0;0;-1
1;8;0.00;0.00;0;0;0
1;9;0.01;-0.02;0;0;-1
1;8;0.00;0.00;0;0;0
1;8;0.01;-0.02;0;0;-1
1;9;0.00;0.00;0;0;0
1;8;0.00;-0.04;0;1;-1
1;7;0.00;0.00;0;0;0
1;9;0.01;-0.02;0;0;-1
1;11;0.01;-0.02;0;0;-1
1;8;0.00;0.00;0;0;0
1;5;0.00;0.00;0;0;0
1;8;0.01;-0.02;0;0;-1
1;12;-0.01;-0.02;0;1;0
1;5;0.00;0.00;0;0;0
1;8;0.01;-0.02;0;0;-1
1;8;0.00;0.00;0;0;0
1;10;0.00;0.00;0;0;0
1;7;0.00;0.00;0;0;0
1;8;0.00;-0.04;0;1;-1
1;8;0.00;0.00;0;0;0
1;8;0.00;0.00;0;0;0
1;8;0.00;0.00;0;0;0
1;10;0.00;0.00;0;0;0
1;7;-0.01;-0.02;0;1;0
1;12;0.01;-0.02;0;0;-1
1;8;0.00;0.00;0;0;0
1;8;0.00;0.00;0;0;0
1;13;0.00;0.00;0;0;0
1;8;0.00;0.00;0;0;0
1;8;0.00;0.00;0;0;0
1;8;-0.01;-0.02;0;1;0
1;8;0.00;0.00;0;0;0
1;9;0.00;0.00;0;0;0
1;8;0.01;-0.02;0;0;-1
1;8;0.00;0.00;0;0;0
1;8;0.00;0.00;0;0;0
1;9;0.01;-0.02;0;0;-1
1;8;0.00;0.00;0;0;0
1;11;0.01;-0.02;0;0;-1
1;5;0.00;0.00;0;0;0
1;9;0.00;0.00;0;0;0
1;7;0.01;-0.02;0;0;-1
1;18;0.00;-0.04;0;1;-1
1;8;0.00;0.00;0;0;0
1;7;0.01;-0.02;0;0;-1
1;16;0.01;-0.02;0;0;-1
1;6;0.00;0.00;0;0;0
1;8;0.00;-0.04;0;1;-1
1;7;0.01;-0.02;0;0;-1
1;9;0.00;0.00;0;0;0
1;7;0.01;-0.02;0;0;-1
1;9;-0.01;-0.02;0;1;0
1;8;0.01;-0.02;0;0;-1
1;8;0.00;0.00;0;0;0
1;8;0.01;-0.02;0;0;-1
1;10;0.00;-0.04;0;1;-1
1;7;0.00;0.00;0;0;0
1;8;0.00;0.00;0;0;0
1;11;0.01;-0.02;0;0;-1
1;9;0.00;-0.04;0;1;-1
1;20;0.01;-0.02;0;0;-1
1;13;0.00;0.00;0;0;0
1;13;0.01;-0.02;0;0;-1
1;26;-0.01;-0.02;0;1;0
1;7;0.00;0.00;0;0;0
1;12;0.01;-0.02;0;0;-1
1;9;0.00;0.00;0;0;0
1;7;-0.01;-0.02;0;1;0
1;9;0.00;0.00;0;0;0
1;11;0.00;0.00;0;0;0
1;8;0.00;0.00;0;0;0
1;9;0.00;0.00;0;0;0
1;8;-0.01;-0.02;0;1;0
1;8;0.01;-0.02;0;0;-1
1;8;0.00;0.00;0;0;0
1;8;0.00;0.00;0;0;0
1;9;0.00;0.00;0;0;0
1;8;0.00;0.00;0;0;0
1;8;0.00;0.00;0;0;0
1;8;-0.01;-0.02;0;1;0
1;8;0.00;0.00;0;0;0
1;9;0.01;-0.02;0;0;-1
1;8;0.00;0.00;0;0;0
1;8;0.00;0.00;0;0;0
1;8;0.00;0.00;0;0;0
1;8;0.00;0.00;0;0;0
1;10;0.00;0.00;0;0;0
1;9;0.01;-0.02;0;0;-1
1;8;-0.01;-0.02;0;1;0
1;6;0.00;0.00;0;0;0
1;8;0.00;0.00;0;0;0
1;8;0.00;0.00;0;0;0
1;9;0.01;-0.02;0;0;-1
1;8;0.00;0.00;0;0;0
1;8;0.01;-0.02;0;0;-1
1;8;-0.01;-0.02;0;1;0
1;8;0.00;0.00;0;0;0
1;12;0.01;-0.02;0;0;-1
1;6;0.00;0.00;0;0;0
1;7;0.01;-0.02;0;0;-1
1;8;0.00;0.00;0;0;0
1;10;0.01;-0.02;0;0;-1
1;7;0.00;0.00;0;0;0
1;8;-0.01;-0.02;0;1;0
1;29;0.02;-0.04;0;0;-2
1;15;0.01;-0.02;0;0;-1
1;6;0.00;-0.04;0;1;-1
1;7;0.00;0.00;0;0;0
1;8;0.00;0.00;0;0;0
1;8;0.01;-0.02;0;0;-1
1;28;0.00;-0.04;0;1;-1
1;6;0.00;0.00;0;0;0
1;19;0.00;-0.04;0;1;-1
1;6;0.01;-0.02;0;0;-1
1;8;0.00;0.00;0;0;0
1;18;0.01;-0.02;0;0;-1
1;9;-0.01;-0.02;0;1;0
1;5;0.00;0.00;0;0;0
1;20;0.01;-0.02;0;0;-1
1;11;0.00;0.00;0;0;0
1;16;-0.01;-0.02;0;1;0
1;10;0.01;-0.02;0;0;-1
1;8;0.00;0.00;0;0;0
1;9;0.00;0.00;0;0;0
1;8;0.00;0.00;0;0;0
1;8;-0.01;-0.02;0;1;0
1;8;0.00;0.00;0;0;0
1;8;0.00;0.00;0;0;0
1;25;0.01;-0.02;0;0;-1
1;9;0.00;0.00;0;0;0
1;7;0.00;0.00;0;0;0
1;8;0.00;-0.04;0;1;-1
1;9;0.00;0.00;0;0;0
1;29;0.02;-0.04;0;0;-2
1;7;0.00;0.00;0;0;0
1;9;0.00;0.00;0;0;0
1;8;0.01;-0.02;0;0;-1
1;8;-0.01;-0.02;0;1;0
1;8;0.01;-0.02;0;0;-1
1;8;0.00;0.00;0;0;0
1;9;0.01;-0.02;0;0;-1
1;8;0.00;0.00;0;0;0
1;8;-0.01;-0.02;0;1;0
1;11;0.01;-0.02;0;0;-1
1;6;0.00;0.00;0;0;0
1;8;0.01;-0.02;0;0;-1
1;8;0.00;0.00;0;0;0
1;13;0.00;-0.04;0;1;-1
1;7;0.00;0.00;0;0;0
1;8;0.01;-0.02;0;0;-1
1;9;0.00;0.00;0;0;0
1;12;0.01;-0.02;0;0;-1
1;8;0.00;0.00;0;0;0
1;8;0.01;-0.02;0;0;-1
1;9;0.00;0.00;0;0;0
1;8;-0.01;-0.02;0;1;0
1;8;0.00;0.00;0;0;0
1;8;0.01;-0.02;0;0;-1
1;8;0.00;0.00;0;0;0
1;10;0.00;0.00;0;0;0
1;7;-0.01;-0.02;0;1;0
1;11;0.00;0.00;0;0;0
1;5;0.00;0.00;0;0;0
1;8;0.00;0.00;0;0;0
1;8;0.00;0.00;0;0;0
1;9;0.01;-0.02;0;0;-1
1;8;-0.01;-0.02;0;1;0
1;8;0.00;0.00;0;0;0
1;8;0.00;0.00;0;0;0
1;8;0.00;0.00;0;0;0
1;15;0.00;0.00;0;0;0
1;18;-0.01;-0.02;0;1;0
1;13;0.01;-0.02;0;0;-1
1;9;0.00;0.00;0;0;0
1;7;0.00;0.00;0;0;0
1;9;0.00;0.00;0;0;0
1;17;0.01;-0.02;0;0;-1
1;7;0.00;0.00;0;0;0
1;8;-0.01;-0.02;0;1;0
1;10;0.00;0.00;0;0;0
1;13;0.00;0.00;0;0;0
1;31;0.00;-0.04;0;1;-1
1;7;0.00;0.00;0;0;0
1;9;0.00;0.00;0;0;0
1;16;0.00;0.00;0;0;0
1;9;0.00;-0.04;0;1;-1
1;7;0.00;0.00;0;0;0
1;8;0.00;0.00;0;0;0
1;9;0.00;0.00;0;0;0
1;8;0.00;0.00;0;0;0
1;8;0.00;0.00;0;0;0
1;12;0.01;-0.02;0;0;-1
1;8;-0.01;-0.02;0;1;0
1;9;0.00;0.00;0;0;0
1;8;0.00;0.00;0;0;0
1;8;0.00;0.00;0;0;0
1;8;0.00;0.00;0;0;0
1;10;0.00;0.00;0;0;0
1;10;0.00;-0.04;0;1;-1
1;5;0.00;0.00;0;0;0
1;8;0.00;0.00;0;0;0
1;8;0.00;0.00;0;0;0
1;8;0.00;0.00;0;0;0
1;9;0.00;0.00;0;0;0
1;8;-0.01;-0.02;0;1;0
1;8;0.00;0.00;0;0;0
1;8;0.01;-0.02;0;0;-1
1;8;0.00;0.00;0;0;0
1;9;0.00;0.00;0;0;0
1;8;0.00;0.00;0;0;0
1;8;-0.01;-0.02;0;1;0
1;8;0.00;0.00;0;0;0
1;8;0.00;-0.04;0;1;-1
1;8;0.00;0.00;0;0;0
1;9;0.00;0.00;0;0;0
1;8;-0.01;-0.02;0;1;0
1;8;0.00;0.00;0;0;0
1;11;-0.01;-0.02;0;1;0
1;5;0.00;0.00;0;0;0
1;9;-0.01;-0.02;0;1;0
1;10;0.01;-0.02;0;0;-1
1;7;0.00;0.00;0;0;0
1;7;-0.01;-0.02;0;1;0
1;8;0.00;0.00;0;0;0
1;9;0.00;0.00;0;0;0
1;8;0.01;-0.02;0;0;-1
1;8;0.00;0.00;0;0;0
1;8;-0.01;-0.02;0;1;0
1;9;0.00;0.00;0;0;0
1;8;0.01;-0.02;0;0;-1
1;8;0.00;0.00;0;0;0
1;8;0.00;0.00;0;0;0
1;9;0.00;0.00;0;0;0
1;7;0.01;-0.02;0;0;-1
1;9;0.00;0.00;0;0;0
1;8;0.00;0.00;0;0;0
1;8;0.00;0.00;0;0;0
1;8;0.00;0.00;0;0;0
1;8;0.00;0.00;0;0;0
1;8;0.00;-0.04;0;1;-1
1;9;0.00;0.00;0;0;0
1;8;0.00;0.00;0;0;0
1;8;0.00;0.00;0;0;0
1;8;-0.01;-0.02;0;1;0
1;8;0.00;0.00;0;0;0
1;9;0.00;0.00;0;0;0
1;8;-0.01;-0.02;0;1;0
1;8;0.00;0.00;0;0;0
1;8;0.00;-0.04;0;1;-1
1;8;0.00;0.00;0;0;0
1;9;-0.01;-0.02;0;1;0
1;8;0.00;0.00;0;0;0
1;8;-0.01;-0.02;0;1;0
1;9;0.00;0.00;0;0;0
1;7;-0.01;-0.02;0;1;0
1;10;0.00;0.00;0;0;0
1;9;-0.01;-0.02;0;1;0
1;9;0.00;-0.04;0;1;-1
1;5;0.00;0.00;0;0;0
1;8;0.00;0.00;0;0;0
1;9;-0.01;-0.02;0;1;0
1;8;0.01;-0.02;0;0;-1
1;8;-0.01;-0.02;0;1;0
1;8;0.00;0.00;0;0;0
1;8;0.00;0.00;0;0;0
1;8;0.00;-0.04;0;1;-1
1;9;0.00;0.00;0;0;0
1;11;0.00;0.00;0;0;0
1;6;0.01;-0.02;0;0;-1
1;14;-0.01;-0.02;0;1;0
1;10;0.00;0.00;0;0;0
1;11;0.01;-0.02;0;0;-1
1;8;0.00;0.00;0;0;0
1;6;0.00;0.00;0;0;0
1;7;0.00;0.00;0;0;0
1;10;0.00;0.00;0;0;0
1;10;0.00;0.00;0;0;0
1;6;0.01;-0.02;0;0;-1
1;8;-0.01;-0.02;0;1;0
1;11;0.00;0.00;0;0;0
1;9;0.00;0.00;0;0;0
1;8;0.00;0.00;0;0;0
1;11;0.00;0.00;0;0;0
1;6;0.00;0.00;0;0;0
1;8;0.00;0.00;0;0;0
1;8;-0.01;-0.02;0;1;0
1;8;0.00;0.00;0;0;0
1;8;0.00;0.00;0;0;0
1;8;0.00;0.00;0;0;0
1;8;0.01;-0.02;0;0;-1
1;9;0.00;0.00;0;0;0
1;8;0.00;0.00;0;0;0
1;8;-0.01;-0.02;0;1;0
1;8;0.00;0.00;0;0;0
1;8;0.00;0.00;0;0;0
1;9;0.01;-0.02;0;0;-1
1;9;0.00;0.00;0;0;0
1;7;0.00;0.00;0;0;0
1;14;-0.01;-0.02;0;1;0
1;8;0.00;0.00;0;0;0
1;7;0.01;-0.02;0;0;-1
1;8;-0.01;-0.02;0;1;0
1;8;0.00;0.00;0;0;0
1;8;-0.01;-0.02;0;1;0
1;8;0.00;0.00;0;0;0
1;9;-0.01;-0.02;0;1;0
1;8;0.00;0.00;0;0;0
1;8;-0.01;-0.02;0;1;0
1;9;0.01;-0.02;0;0;-1
1;7;-0.01;-0.02;0;1;0
1;24;-0.01;-0.02;0;1;0
1;5;0.01;-0.02;0;0;-1
1;8;-0.01;-0.02;0;1;0
1;8;0.00;0.00;0;0;0
1;11;-0.01;-0.02;0;1;0
1;6;0.00;0.00;0;0;0
1;8;0.01;-0.02;0;0;-1
1;8;-0.01;-0.02;0;1;0
1;17;-0.01;-0.02;0;1;0
1;10;0.00;0.00;0;0;0
1;7;0.01;-0.02;0;0;-1
1;9;-0.01;-0.02;0;1;0
1;6;0.00;0.00;0;0;0
1;8;0.00;0.00;0;0;0
1;9;0.00;0.00;0;0;0
1;8;0.00;0.00;0;0;0
1;8;0.01;-0.02;0;0;-1
1;8;0.00;0.00;0;0;0
1;8;-0.01;-0.02;0;1;0
1;9;0.00;0.00;0;0;0
1;8;0.00;0.00;0;0;0
1;8;0.00;0.00;0;0;0
1;8;0.01;-0.02;0;0;-1
1;11;0.00;0.00;0;0;0
1;6;0.00;0.00;0;0;0
1;8;0.00;0.00;0;0;0
1;8;0.00;0.00;0;0;0
1;9;0.00;0.00;0;0;0
1;7;-0.01;-0.02;0;1;0
1;9;0.00;0.00;0;0;0
1;11;0.00;0.00;0;0;0
1;5;0.01;-0.02;0;0;-1
1;8;0.00;0.00;0;0;0
1;8;0.00;0.00;0;0;0
1;8;0.00;0.00;0;0;0
1;10;-0.01;-0.02;0;1;0
1;7;0.00;0.00;0;0;0
1;8;0.00;0.00;0;0;0
1;11;0.01;-0.02;0;0;-1
1;5;0.00;0.00;0;0;0
1;9;0.00;0.00;0;0;0
1;8;0.00;0.00;0;0;0
1;8;0.00;0.00;0;0;0
1;8;0.00;0.00;0;0;0
1;8;0.00;0.00;0;0;0
1;9;0.00;-0.04;0;1;-1
1;8;0.00;0.00;0;0;0
1;8;-0.01;-0.02;0;1;0
1;8;0.00;0.00;0;0;0
1;9;0.00;0.00;0;0;0
1;8;-0.01;-0.02;0;1;0
1;8;0.00;0.00;0;0;0
1;8;-0.01;-0.02;0;1;0
1;9;0.00;-0.04;0;1;-1
1;7;0.00;0.00;0;0;0
1;9;0.00;0.00;0;0;0
1;10;-0.04;-0.02;-1;1;0
1;6;-0.01;-0.02;0;1;0
1;10;0.00;0.00;0;0;0
1;6;-0.01;-0.02;0;1;0
1;8;0.01;-0.02;0;0;-1
1;9;-0.01;-0.02;0;1;0
1;8;0.00;0.00;0;0;0
1;8;-0.04;-0.02;-1;1;0
1;8;0.00;0.00;0;0;0
1;8;0.00;-0.04;0;1;-1
1;9;0.00;0.00;0;0;0
1;8;-0.01;-0.02;0;1;0
1;8;-0.02;0.00;-1;0;0
1;8;-0.01;-0.02;0;1;0
1;8;0.00;0.00;0;0;0
1;10;-0.01;-0.02;0;1;0
1;7;0.00;0.00;0;0;0
1;8;0.00;0.00;0;0;0
1;8;-0.01;-0.02;0;1;0
1;8;0.00;0.00;0;0;0
1;9;0.00;0.00;0;0;0
1;8;0.00;0.00;0;0;0
1;8;-0.01;-0.02;0;1;0
1;10;0.00;0.00;0;0;0
1;6;0.00;0.00;0;0;0
1;9;0.00;0.00;0;0;0
1;8;0.00;0.00;0;0;0
1;8;0.00;0.00;0;0;0
1;8;0.00;0.00;0;0;0
1;8;0.00;0.00;0;0;0
1;7;0.00;0.00;0;0;0
1;11;-0.01;-0.02;0;1;0
1;7;0.00;0.00;0;0;0
1;11;0.00;0.00;0;0;0
1;5;0.00;0.00;0;0;0
1;8;0.00;0.00;0;0;0
1;10;0.00;0.00;0;0;0
1;7;0.00;0.00;0;0;0
1;8;0.00;0.00;0;0;0
1;11;-0.01;-0.02;0;1;0
1;5;0.00;0.00;0;0;0
1;9;0.00;0.00;0;0;0
1;7;0.00;0.00;0;0;0
1;9;0.00;0.00;0;0;0
1;8;0.00;0.00;0;0;0
1;15;-0.01;-0.02;0;1;0
1;17;0.00;0.00;0;0;0
1;6;0.00;0.00;0;0;0
1;8;0.00;0.00;0;0;0
1;7;0.00;0.00;0;0;0
1;9;-0.04;-0.02;-1;1;0
1;11;0.00;0.00;0;0;0
1;5;0.00;0.00;0;0;0
1;8;0.00;0.00;0;0;0
1;8;0.00;0.00;0;0;0
1;10;-0.01;-0.02;0;1;0
1;7;0.00;0.00;0;0;0
1;8;0.00;0.00;0;0;0
1;12;-0.01;-0.02;0;1;0
1;10;-0.01;-0.02;0;1;0
1;7;0.00;0.00;0;0;0
1;8;-0.01;-0.02;0;1;0
1;11;-0.02;0.00;-1;0;0
1;5;-0.01;-0.02;0;1;0
1;8;0.00;0.00;0;0;0
1;9;-0.01;-0.02;0;1;0
1;8;-0.01;-0.02;0;1;0
1;8;0.00;0.00;0;0;0
1;8;-0.01;-0.02;0;1;0
1;8;0.00;0.00;0;0;0
1;11;-0.04;-0.02;-1;1;0
1;10;0.00;-0.04;0;1;-1
1;8;0.00;0.00;0;0;0
1;11;-0.01;-0.02;0;1;0
1;6;0.00;0.00;0;0;0
1;8;0.00;0.00;0;0;0
1;8;-0.02;0.00;-1;0;0
1;9;-0.01;-0.02;0;1;0
1;7;0.00;0.00;0;0;0
1;8;0.00;0.00;0;0;0
1;9;0.00;0.00;0;0;0
1;11;-0.02;0.00;-1;0;0
1;5;0.00;0.00;0;0;0
1;8;0.01;-0.02;0;0;-1
1;8;0.00;0.00;0;0;0
1;10;0.00;0.00;0;0;0
1;7;0.00;0.00;0;0;0
1;8;0.00;0.00;0;0;0
1;8;-0.01;-0.02;0;1;0
1;7;0.00;0.00;0;0;0
1;9;0.00;0.00;0;0;0
1;8;0.00;0.00;0;0;0
1;9;0.00;0.00;0;0;0
1;8;0.00;0.00;0;0;0
1;8;0.00;0.00;0;0;0
1;7;-0.04;-0.02;-1;1;0
1;9;0.00;0.00;0;0;0
1;9;0.00;0.00;0;0;0
1;8;0.00;0.00;0;0;0
1;8;0.00;0.00;0;0;0
1;8;0.00;0.00;0;0;0
1;9;-0.01;-0.02;0;1;0
1;8;0.00;0.00;0;0;0
1;8;-0.02;0.00;-1;0;0
1;7;0.00;0.00;0;0;0
1;9;0.00;0.00;0;0;0
1;8;0.00;0.00;0;0;0
1;9;0.00;0.00;0;0;0
1;7;-0.01;-0.02;0;1;0
1;9;-0.02;0.00;-1;0;0
1;8;0.00;0.00;0;0;0
1;9;0.00;0.00;0;0;0
1;7;0.00;0.00;0;0;0
1;8;0.00;0.00;0;0;0
1;12;-0.04;-0.02;-1;1;0
1;5;0.00;0.00;0;0;0
1;11;0.00;0.00;0;0;0
1;8;0.00;0.00;0;0;0
1;7;0.00;0.00;0;0;0
1;8;0.00;0.00;0;0;0
1;14;-0.04;-0.02;-1;1;0
1;6;0.00;0.00;0;0;0
1;8;0.00;0.00;0;0;0
1;8;0.00;0.00;0;0;0
1;8;0.00;0.00;0;0;0
1;8;-0.01;-0.02;0;1;0
1;8;0.00;0.00;0;0;0
1;8;0.00;0.00;0;0;0
1;9;-0.04;-0.02;-1;1;0
1;8;0.00;0.00;0;0;0
1;8;-0.01;-0.02;0;1;0
1;7;0.01;-0.02;0;0;-1
1;10;0.00;0.00;0;0;0
1;8;-0.01;-0.02;0;1;0
1;8;0.00;0.00;0;0;0
1;8;-0.04;-0.02;-1;1;0
1;8;-0.01;-0.02;0;1;0
1;9;0.00;0.00;0;0;0
1;8;-0.01;-0.02;0;1;0
1;8;0.00;0.00;0;0;0
1;7;-0.02;-0.04;-1;1;-1
1;9;0.00;0.00;0;0;0
1;9;-0.01;-0.02;0;1;0
1;8;0.00;0.00;0;0;0
1;8;-0.04;-0.02;-1;1;0
1;8;0.00;0.00;0;0;0
1;7;-0.01;-0.02;0;1;0
1;10;-0.02;0.00;-1;0;0
1;8;-0.01;-0.02;0;1;0
1;7;0.01;-0.02;0;0;-1
1;9;-0.01;-0.02;0;1;0
1;8;-0.02;0.00;-1;0;0
1;8;0.00;0.00;0;0;0
1;9;0.00;0.00;0;0;0
1;8;-0.01;-0.02;0;1;0
1;8;0.00;0.00;0;0;0
1;8;-0.02;0.00;-1;0;0
1;7;0.00;0.00;0;0;0
1;10;0.00;0.00;0;0;0
1;8;0.00;0.00;0;0;0
1;11;0.00;0.00;0;0;0
1;5;0.00;0.00;0;0;0
1;8;0.00;0.00;0;0;0
1;9;0.00;0.00;0;0;0
1;11;-0.01;-0.02;0;1;0
1;8;0.00;0.00;0;0;0
1;5;0.00;0.00;0;0;0
1;8;0.00;0.00;0;0;0
1;9;0.00;0.00;0;0;0
1;7;0.00;0.00;0;0;0
1;8;0.00;0.00;0;0;0
1;9;0.00;0.00;0;0;0
1;9;-0.01;-0.02;0;1;0
1;8;0.00;0.00;0;0;0
1;10;0.00;0.00;0;0;0
1;9;0.00;0.00;0;0;0
1;6;0.00;0.00;0;0;0
1;7;0.00;0.00;0;0;0
1;12;0.00;0.00;0;0;0
1;8;-0.01;-0.02;0;1;0
1;6;0.00;0.00;0;0;0
1;7;0.00;0.00;0;0;0
1;10;-0.02;0.00;-1;0;0
1;6;-0.01;-0.02;0;1;0
1;9;0.00;0.00;0;0;0
1;8;0.00;0.00;0;0;0
1;7;-0.01;-0.02;0;1;0
1;8;0.00;0.00;0;0;0
1;10;0.00;0.00;0;0;0
1;11;-0.01;-0.02;0;1;0
1;8;-0.02;0.00;-1;0;0
1;6;-0.01;-0.02;0;1;0
1;9;0.00;0.00;0;0;0
1;6;-0.01;-0.02;0;1;0
1;9;0.00;0.00;0;0;0
1;7;-0.04;-0.02;-1;1;0
1;10;0.00;0.00;0;0;0
1;7;-0.01;-0.02;0;1;0
1;8;0.00;0.00;0;0;0
1;9;-0.01;-0.02;0;1;0
1;8;-0.02;0.00;-1;0;0
1;11;-0.01;-0.02;0;1;0
1;5;0.00;0.00;0;0;0
1;14;-0.04;-0.02;-1;1;0
1;10;0.00;0.00;0;0;0
1;5;-0.01;-0.02;0;1;0
1;8;0.00;0.00;0;0;0
1;9;-0.01;-0.02;0;1;0
1;10;0.00;0.00;0;0;0
1;6;-0.02;-0.04;-1;1;-1
1;7;0.00;0.00;0;0;0
1;11;-0.01;-0.02;0;1;0
1;9;0.00;0.00;0;0;0
1;5;0.00;0.00;0;0;0
1;7;-0.01;-0.02;0;1;0
1;12;0.00;0.00;0;0;0
1;6;0.01;-0.02;0;0;-1
1;8;0.00;0.00;0;0;0
1;7;-0.01;-0.02;0;1;0
1;8;0.00;0.00;0;0;0
1;9;0.00;0.00;0;0;0
1;8;0.01;-0.02;0;0;-1
1;8;0.00;0.00;0;0;0
1;9;0.00;0.00;0;0;0
1;8;0.00;0.00;0;0;0
1;8;0.01;-0.02;0;0;-1
1;9;-0.02;0.00;-1;0;0
1;7;0.00;0.00;0;0;0
1;9;-0.01;-0.02;0;1;0
1;7;0.00;0.00;0;0;0
1;10;0.00;0.00;0;0;0
1;11;0.00;0.00;0;0;0
1;9;-0.01;-0.02;0;1;0
1;8;0.01;-0.02;0;0;-1
1;8;0.00;0.00;0;0;0
1;8;0.00;0.00;0;0;0
1;9;0.00;0.00;0;0;0
1;8;0.00;0.00;0;0;0
1;8;-0.01;-0.02;0;1;0
1;7;0.00;0.00;0;0;0
1;10;0.00;0.00;0;0;0
1;7;0.00;0.00;0;0;0
1;8;0.00;0.00;0;0;0
1;8;0.00;0.00;0;0;0
1;7;0.00;0.00;0;0;0
1;10;0.00;0.00;0;0;0
1;7;0.00;0.00;0;0;0
1;8;-0.01;-0.02;0;1;0
1;13;0.01;-0.02;0;0;-1
1;8;0.00;0.00;0;0;0
1;9;-0.01;-0.02;0;1;0
1;8;0.00;0.00;0;0;0
1;7;-0.01;-0.02;0;1;0
1;8;0.00;0.00;0;0;0
1;8;-0.01;-0.02;0;1;0
1;10;0.00;0.00;0;0;0
1;8;-0.01;-0.02;0;1;0
1;8;0.01;-0.02;0;0;-1
1;7;-0.01;-0.02;0;1;0
1;8;-0.01;-0.02;0;1;0
1;8;0.00;0.00;0;0;0
1;9;-0.01;-0.02;0;1;0
1;8;-0.02;0.00;-1;0;0
1;8;0.00;-0.04;0;1;-1
1;8;0.00;0.00;0;0;0
1;8;-0.01;-0.02;0;1;0
1;9;0.00;0.00;0;0;0
1;7;-0.01;-0.02;0;1;0
1;8;0.01;-0.02;0;0;-1
1;9;0.00;0.00;0;0;0
1;7;-0.01;-0.02;0;1;0
1;9;-0.02;0.00;-1;0;0
1;11;0.00;0.00;0;0;0
1;6;0.00;0.00;0;0;0
1;8;-0.01;-0.02;0;1;0
1;14;0.00;0.00;0;0;0
1;7;0.00;0.00;0;0;0
1;7;0.00;0.00;0;0;0
1;8;0.00;0.00;0;0;0
1;11;0.00;0.00;0;0;0
1;6;0.00;0.00;0;0;0
1;12;0.00;0.00;0;0;0
1;5;0.00;0.00;0;0;0
1;8;0.00;0.00;0;0;0
1;8;-0.01;-0.02;0;1;0
1;8;0.00;0.00;0;0;0
1;8;0.00;0.00;0;0;0
1;8;0.00;0.00;0;0;0
1;16;0.00;0.00;0;0;0
1;5;0.00;0.00;0;0;0
1;7;0.00;0.00;0;0;0
1;13;-0.01;-0.02;0;1;0
1;5;0.00;0.00;0;0;0
1;7;0.00;0.00;0;0;0
1;11;0.00;0.00;0;0;0
1;8;0.00;0.00;0;0;0
1;7;0.00;0.00;0;0;0
1;8;-0.01;-0.02;0;1;0
1;7;0.00;0.00;0;0;0
1;10;0.00;0.00;0;0;0
1;10;0.00;0.00;0;0;0
1;6;0.00;0.00;0;0;0
1;7;0.00;0.00;0;0;0
1;9;-0.01;-0.02;0;1;0
1;11;0.00;0.00;0;0;0
1;5;-0.02;0.00;-1;0;0
1;9;0.00;0.00;0;0;0
1;11;-0.01;-0.02;0;1;0
1;8;0.00;0.00;0;0;0
1;5;0.00;0.00;0;0;0
1;8;0.00;0.00;0;0;0
1;7;-0.01;-0.02;0;1;0
1;9;0.00;0.00;0;0;0
1;8;-0.04;-0.02;-1;1;0
1;8;0.00;0.00;0;0;0
1;9;-0.01;-0.02;0;1;0
1;9;-0.01;-0.02;0;1;0
1;8;0.00;0.00;0;0;0
1;8;-0.01;-0.02;0;1;0
1;7;0.00;0.00;0;0;0
1;8;-0.04;-0.02;-1;1;0
1;9;-0.01;-0.02;0;1;0
1;12;0.00;0.00;0;0;0
1;8;-0.01;-0.02;0;1;0
1;5;0.00;0.00;0;0;0
1;8;-0.01;-0.02;0;1;0
1;10;-0.04;-0.02;-1;1;0
1;8;0.00;0.00;0;0;0
1;7;-0.01;-0.02;0;1;0
1;7;0.01;-0.02;0;0;-1
1;8;0.00;0.00;0;0;0
1;8;-0.01;-0.02;0;1;0
1;8;-0.02;0.00;-1;0;0
1;9;0.00;0.00;0;0;0
1;8;0.00;0.00;0;0;0
1;8;-0.01;-0.02;0;1;0
1;8;0.00;0.00;0;0;0
1;8;0.00;0.00;0;0;0
1;9;0.00;0.00;0;0;0
1;8;0.00;0.00;0;0;0
1;8;0.00;0.00;0;0;0
1;11;-0.01;-0.02;0;1;0
1;6;0.00;0.00;0;0;0
1;8;0.00;0.00;0;0;0
1;9;0.00;0.00;0;0;0
1;10;0.00;0.00;0;0;0
1;6;0.00;0.00;0;0;0
1;8;0.00;0.00;0;0;0
1;16;0.00;0.00;0;0;0
1;5;0.00;0.00;0;0;0
1;7;0.00;0.00;0;0;0
1;12;-0.01;-0.02;0;1;0
1;9;0.00;0.00;0;0;0
1;5;0.00;0.00;0;0;0
1;7;0.00;0.00;0;0;0
1;9;0.00;0.00;0;0;0
1;8;0.00;0.00;0;0;0
1;8;0.00;0.00;0;0;0
1;8;-0.01;-0.02;0;1;0
1;10;0.00;0.00;0;0;0
1;7;0.00;0.00;0;0;0
1;7;0.00;0.00;0;0;0
1;8;0.00;0.00;0;0;0
1;12;-0.02;0.00;-1;0;0
1;9;-0.01;-0.02;0;1;0
1;5;0.00;0.00;0;0;0
1;7;0.00;0.00;0;0;0
1;17;0.00;0.00;0;0;0
1;5;0.00;0.00;0;0;0
1;7;-0.02;0.00;-1;0;0
1;9;0.00;0.00;0;0;0
1;11;-0.01;-0.02;0;1;0
1;5;0.00;0.00;0;0;0
1;11;0.00;0.00;0;0;0
1;8;0.00;0.00;0;0;0
1;9;-0.01;-0.02;0;1;0
1;5;-0.02;0.00;-1;0;0
1;7;0.00;0.00;0;0;0
1;9;-0.01;-0.02;0;1;0
1;8;0.00;0.00;0;0;0
1;9;-0.01;-0.02;0;1;0
1;8;0.00;0.00;0;0;0
1;7;-0.01;-0.02;0;1;0
1;8;-0.02;0.00;-1;0;0
1;12;-0.01;-0.02;0;1;0
1;6;0.00;0.00;0;0;0
1;11;-0.01;-0.02;0;1;0
1;5;0.00;0.00;0;0;0
1;7;-0.01;-0.02;0;1;0
1;9;0.00;0.00;0;0;0
1;8;-0.04;-0.02;-1;1;0
1;8;0.00;0.00;0;0;0
1;11;-0.01;-0.02;0;1;0
1;6;0.00;0.00;0;0;0
1;8;-0.01;-0.02;0;1;0
1;8;0.00;0.00;0;0;0
1;8;0.00;0.00;0;0;0
1;12;-0.04;-0.02;-1;1;0
1;5;0.00;0.00;0;0;0
1;11;0.00;0.00;0;0;0
1;9;0.00;0.00;0;0;0
1;9;0.00;0.00;0;0;0
1;7;0.00;0.00;0;0;0
1;11;-0.04;-0.02;-1;1;0
1;7;0.00;0.00;0;0;0
1;7;0.00;0.00;0;0;0
1;8;0.00;0.00;0;0;0
1;17;0.00;0.00;0;0;0
1;8;0.00;0.00;0;0;0
1;8;-0.02;0.00;-1;0;0
1;14;0.00;0.00;0;0;0
1;10;0.00;0.00;0;0;0
1;5;0.00;0.00;0;0;0
1;10;-0.01;-0.02;0;1;0
1;7;0.00;0.00;0;0;0
1;7;-0.02;0.00;-1;0;0
1;8;0.00;0.00;0;0;0
1;11;0.00;0.00;0;0;0
1;7;0.00;0.00;0;0;0
1;7;0.00;0.00;0;0;0
1;8;0.00;0.00;0;0;0
1;10;-0.01;-0.02;0;1;0
1;6;-0.02;0.00;-1;0;0
1;9;0.00;0.00;0;0;0
1;8;0.00;0.00;0;0;0
1;8;0.00;0.00;0;0;0
1;8;-0.01;-0.02;0;1;0
1;11;0.00;0.00;0;0;0
1;10;-0.04;-0.02;-1;1;0
1;5;0.00;0.00;0;0;0
1;8;0.00;0.00;0;0;0
1;17;-0.01;-0.02;0;1;0
1;7;0.00;0.00;0;0;0
1;8;-0.01;-0.02;0;1;0
1;8;0.00;0.00;0;0;0
1;8;-0.01;-0.02;0;1;0
1;8;0.00;0.00;0;0;0
1;9;-0.04;-0.02;-1;1;0
1;21;-0.01;-0.02;0;1;0
1;8;0.00;0.00;0;0;0
1;8;-0.01;-0.02;0;1;0
1;11;0.00;0.00;0;0;0
1;6;-0.02;0.00;-1;0;0
1;7;-0.01;-0.02;0;1;0
1;8;0.00;0.00;0;0;0
1;9;0.00;0.00;0;0;0
1;8;-0.01;-0.02;0;1;0
1;8;0.00;0.00;0;0;0
1;9;-0.01;-0.02;0;1;0
1;7;-0.02;0.00;-1;0;0
1;8;0.00;0.00;0;0;0
1;8;-0.01;-0.02;0;1;0
1;10;0.00;0.00;0;0;0
1;12;-0.01;-0.02;0;1;0
1;7;0.00;0.00;0;0;0
1;7;-0.01;-0.02;0;1;0
1;14;-0.04;-0.02;-1;1;0
1;7;0.00;0.00;0;0;0
1;13;-0.01;-0.02;0;1;0
1;10;0.00;0.00;0;0;0
1;10;-0.01;-0.02;0;1;0
1;5;-0.02;0.00;-1;0;0
1;7;-0.01;-0.02;0;1;0
1;8;0.00;0.00;0;0;0
1;8;-0.01;-0.02;0;1;0
1;8;0.00;0.00;0;0;0
1;9;-0.01;-0.02;0;1;0
1;8;0.00;0.00;0;0;0
1;8;-0.01;-0.02;0;1;0
1;8;-0.02;0.00;-1;0;0
1;8;0.00;0.00;0;0;0
1;9;-0.01;-0.02;0;1;0
1;10;-0.01;-0.02;0;1;0
1;10;0.00;0.00;0;0;0
1;5;0.00;0.00;0;0;0
1;8;-0.04;-0.02;-1;1;0
1;7;0.00;0.00;0;0;0
1;9;0.00;0.00;0;0;0
1;8;-0.01;-0.02;0;1;0
1;11;0.00;0.00;0;0;0
1;6;0.00;0.00;0;0;0
1;8;0.00;0.00;0;0;0
1;8;-0.02;0.00;-1;0;0
1;8;0.00;0.00;0;0;0
1;8;0.00;0.00;0;0;0
1;8;0.00;0.00;0;0;0
1;8;-0.01;-0.02;0;1;0
1;14;0.00;0.00;0;0;0
1;8;0.00;0.00;0;0;0
1;7;0.00;0.00;0;0;0
1;8;-0.02;0.00;-1;0;0
1;12;0.00;0.00;0;0;0
1;9;0.00;0.00;0;0;0
1;5;0.00;0.00;0;0;0
1;7;-0.01;-0.02;0;1;0
1;11;0.00;0.00;0;0;0
1;7;0.00;0.00;0;0;0
1;8;-0.01;-0.02;0;1;0
1;7;0.00;0.00;0;0;0
1;11;-0.04;-0.02;-1;1;0
1;9;0.00;0.00;0;0;0
1;5;-0.01;-0.02;0;1;0
1;12;0.00;0.00;0;0;0
1;5;-0.01;-0.02;0;1;0
1;7;0.00;0.00;0;0;0
1;8;-0.01;-0.02;0;1;0
1;11;-0.01;-0.02;0;1;0
1;7;-0.02;0.00;-1;0;0
1;7;-0.01;-0.02;0;1;0
1;8;0.00;0.00;0;0;0
1;11;-0.01;-0.02;0;1;0
1;6;-0.01;-0.02;0;1;0
1;9;0.00;0.00;0;0;0
1;8;-0.04;-0.02;-1;1;0
1;8;0.00;0.00;0;0;0
1;7;-0.01;-0.02;0;1;0
1;8;0.00;0.00;0;0;0
1;8;-0.01;-0.02;0;1;0
1;9;0.00;0.00;0;0;0
1;8;0.00;0.00;0;0;0
1;8;-0.02;0.00;-1;0;0
1;11;-0.01;-0.02;0;1;0
1;6;0.00;0.00;0;0;0
1;8;0.00;0.00;0;0;0
1;16;0.00;0.00;0;0;0
1;8;0.00;0.00;0;0;0
1;8;-0.02;0.00;-1;0;0
1;9;0.00;0.00;0;0;0
1;8;0.00;0.00;0;0;0
1;8;0.00;0.00;0;0;0
1;8;0.00;0.00;0;0;0
1;14;0.00;0.00;0;0;0
1;8;-0.01;-0.02;0;1;0
1;7;0.00;0.00;0;0;0
1;11;-0.02;0.00;-1;0;0
1;9;0.00;0.00;0;0;0
1;4;0.00;0.00;0;0;0
1;9;0.00;0.00;0;0;0
1;16;-0.01;-0.02;0;1;0
1;5;0.00;0.00;0;0;0
1;7;0.00;0.00;0;0;0
1;12;0.00;0.00;0;0;0
1;6;-0.02;0.00;-1;0;0
1;7;0.00;0.00;0;0;0
1;8;-0.01;-0.02;0;1;0
1;11;0.00;0.00;0;0;0
1;6;0.00;0.00;0;0;0
1;9;0.00;0.00;0;0;0
1;7;0.00;0.00;0;0;0
1;10;-0.01;-0.02;0;1;0
1;7;-0.02;0.00;-1;0;0
1;10;-0.01;-0.02;0;1;0
1;7;0.00;0.00;0;0;0
1;11;-0.01;-0.02;0;1;0
1;5;0.00;0.00;0;0;0
1;7;0.00;0.00;0;0;0
1;8;-0.01;-0.02;0;1;0
1;9;-0.01;-0.02;0;1;0
1;8;0.00;0.00;0;0;0
1;8;-0.01;-0.02;0;1;0
1;8;-0.02;0.00;-1;0;0
1;10;-0.01;-0.02;0;1;0
1;12;-0.01;-0.02;0;1;0
1;7;0.00;0.00;0;0;0
1;8;-0.01;-0.02;0;1;0
1;8;-0.02;0.00;-1;0;0
1;12;-0.01;-0.02;0;1;0
1;13;-0.01;-0.02;0;1;0
1;5;0.00;0.00;0;0;0
1;7;-0.04;-0.02;-1;1;0
1;11;0.00;0.00;0;0;0
1;8;0.00;-0.04;0;1;-1
1;7;0.00;0.00;0;0;0
1;7;0.00;0.00;0;0;0
1;8;-0.01;-0.02;0;1;0
1;9;0.00;0.00;0;0;0
1;7;-0.02;0.00;-1;0;0
1;12;-0.01;-0.02;0;1;0
1;9;0.00;0.00;0;0;0
1;7;0.00;0.00;0;0;0
1;6;0.00;0.00;0;0;0
1;11;0.00;0.00;0;0;0
1;9;0.00;0.00;0;0;0
1;5;-0.02;0.00;-1;0;0
1;7;0.00;0.00;0;0;0
1;8;0.00;0.00;0;0;0
1;17;0.00;0.00;0;0;0
1;8;-0.01;-0.02;0;1;0
1;10;0.00;0.00;0;0;0
1;7;0.00;0.00;0;0;0
1;7;0.00;0.00;0;0;0
1;8;-0.02;0.00;-1;0;0
1;10;0.00;0.00;0;0;0
1;10;0.00;0.00;0;0;0
1;5;0.00;0.00;0;0;0
1;8;-0.01;-0.02;0;1;0
1;14;0.00;0.00;0;0;0
1;7;0.00;0.00;0;0;0
1;8;-0.02;0.00;-1;0;0
1;8;0.00;0.00;0;0;0
1;11;0.00;0.00;0;0;0
1;6;-0.01;-0.02;0;1;0
1;9;0.00;0.00;0;0;0
1;10;-0.02;0.00;-1;0;0
1;9;0.00;0.00;0;0;0
1;5;0.00;0.00;0;0;0
1;7;0.00;0.00;0;0;0
1;10;0.00;0.00;0;0;0
1;8;-0.01;-0.02;0;1;0
1;7;0.00;0.00;0;0;0
1;8;-0.02;0.00;-1;0;0
1;8;0.00;0.00;0;0;0
1;9;0.00;0.00;0;0;0
1;8;0.00;0.00;0;0;0
1;11;-0.01;-0.02;0;1;0
1;6;0.00;0.00;0;0;0
1;7;0.00;0.00;0;0;0
1;12;-0.02;0.00;-1;0;0
1;9;-0.01;-0.02;0;1;0
1;4;0.00;0.00;0;0;0
1;8;0.00;0.00;0;0;0
1;8;-0.01;-0.02;0;1;0
1;8;0.00;0.00;0;0;0
1;9;-0.01;-0.02;0;1;0
1;8;-0.02;0.00;-1;0;0
1;8;0.00;0.00;0;0;0
1;11;-0.01;-0.02;0;1;0
1;6;0.00;0.00;0;0;0
1;8;-0.01;-0.02;0;1;0
1;10;-0.01;-0.02;0;1;0
1;9;-0.02;0.00;-1;0;0
1;6;0.00;0.00;0;0;0
1;7;-0.01;-0.02;0;1;0
1;10;0.00;0.00;0;0;0
1;7;-0.01;-0.02;0;1;0
1;8;-0.02;0.00;-1;0;0
1;8;-0.01;-0.02;0;1;0
1;11;0.00;0.00;0;0;0
1;7;-0.01;-0.02;0;1;0
1;7;0.00;0.00;0;0;0
1;11;-0.02;0.00;-1;0;0
1;5;0.00;0.00;0;0;0
1;8;-0.01;-0.02;0;1;0
1;9;0.00;0.00;0;0;0
1;11;0.00;0.00;0;0;0
1;9;-0.02;0.00;-1;0;0
1;5;0.00;0.00;0;0;0
1;7;0.00;0.00;0;0;0
1;8;0.00;0.00;0;0;0
1;9;0.00;0.00;0;0;0
1;8;0.00;0.00;0;0;0
1;8;-0.02;0.00;-1;0;0
1;8;0.00;0.00;0;0;0
1;12;-0.01;-0.02;0;1;0
1;6;0.00;0.00;0;0;0
1;8;0.00;0.00;0;0;0
1;11;0.00;0.00;0;0;0
1;5;0.00;0.00;0;0;0
1;7;0.00;0.00;0;0;0
1;9;-0.02;0.00;-1;0;0
1;8;-0.01;-0.02;0;1;0
1;8;0.00;0.00;0;0;0
1;11;0.00;0.00;0;0;0
1;5;0.00;0.00;0;0;0
1;9;0.00;0.00;0;0;0
1;8;-0.01;-0.02;0;1;0
1;8;-0.02;0.00;-1;0;0
1;11;0.00;0.00;0;0;0
1;8;-0.01;-0.02;0;1;0
1;7;0.00;0.00;0;0;0
1;14;-0.01;-0.02;0;1;0
1;5;-0.02;0.00;-1;0;0
1;8;0.00;0.00;0;0;0
1;11;-0.01;-0.02;0;1;0
1;7;0.00;0.00;0;0;0
1;7;-0.01;-0.02;0;1;0
1;8;0.00;0.00;0;0;0
1;11;-0.04;-0.02;-1;1;0
1;9;-0.01;-0.02;0;1;0
1;6;0.00;0.00;0;0;0
1;7;0.00;0.00;0;0;0
1;8;-0.01;-0.02;0;1;0
1;11;-0.02;0.00;-1;0;0
1;8;-0.01;-0.02;0;1;0
1;7;0.00;0.00;0;0;0
1;9;-0.01;-0.02;0;1;0
1;9;0.00;0.00;0;0;0
1;5;0.00;0.00;0;0;0
1;8;-0.04;-0.02;-1;1;0
1;8;0.00;0.00;0;0;0
1;12;-0.01;-0.02;0;1;0
1;6;0.00;0.00;0;0;0
1;7;-0.01;-0.02;0;1;0
1;8;0.00;0.00;0;0;0
1;8;-0.01;-0.02;0;1;0
1;12;-0.02;0.00;-1;0;0
1;5;-0.01;-0.02;0;1;0
1;9;0.00;0.00;0;0;0
1;7;-0.01;-0.02;0;1;0
1;8;0.00;0.00;0;0;0
1;9;0.00;0.00;0;0;0
1;10;-0.04;-0.02;-1;1;0
1;8;0.00;0.00;0;0;0
1;6;0.00;0.00;0;0;0
1;17;0.00;0.00;0;0;0
1;8;-0.04;-0.02;-1;1;0
1;8;0.00;0.00;0;0;0
1;11;0.00;0.00;0;0;0
1;6;0.00;0.00;0;0;0
1;11;0.00;0.00;0;0;0
1;10;-0.02;0.00;-1;0;0
1;7;0.00;0.00;0;0;0
1;8;0.00;0.00;0;0;0
1;9;0.00;0.00;0;0;0
1;8;0.00;0.00;0;0;0
1;8;-0.01;-0.02;0;1;0
1;8;0.00;0.00;0;0;0
1;8;0.00;0.00;0;0;0
1;9;0.00;0.00;0;0;0
1;7;-0.02;0.00;-1;0;0
1;12;0.00;0.00;0;0;0
1;8;0.00;0.00;0;0;0
1;6;-0.01;-0.02;0;1;0
1;7;0.00;0.00;0;0;0
1;12;0.00;0.00;0;0;0
1;9;0.00;0.00;0;0;0
1;5;-0.02;0.00;-1;0;0
1;7;0.00;0.00;0;0;0
1;11;-0.01;-0.02;0;1;0
1;5;0.00;0.00;0;0;0
1;10;0.00;0.00;0;0;0
1;7;0.00;0.00;0;0;0
1;8;-0.02;0.00;-1;0;0
1;11;0.00;0.00;0;0;0
1;8;-0.01;-0.02;0;1;0
1;6;0.00;0.00;0;0;0
1;9;0.00;0.00;0;0;0
1;7;0.00;0.00;0;0;0
1;8;-0.04;-0.02;-1;1;0
1;8;0.00;0.00;0;0;0
1;9;-0.01;-0.02;0;1;0
1;8;0.00;0.00;0;0;0
1;8;-0.01;-0.02;0;1;0
1;8;0.00;0.00;0;0;0
1;9;-0.01;-0.02;0;1;0
1;7;0.00;0.00;0;0;0
1;10;-0.04;-0.02;-1;1;0
1;7;0.00;0.00;0;0;0
1;11;-0.01;-0.02;0;1;0
1;6;-0.01;-0.02;0;1;0
1;7;0.00;0.00;0;0;0
1;9;-0.01;-0.02;0;1;0
1;11;-0.02;0.00;-1;0;0
1;5;-0.01;-0.02;0;1;0
1;8;0.00;0.00;0;0;0
1;8;-0.01;-0.02;0;1;0
1;9;0.01;-0.02;0;0;-1
1;8;-0.01;-0.02;0;1;0
1;8;-0.02;0.00;-1;0;0
1;8;-0.01;-0.02;0;1;0
1;8;0.00;0.00;0;0;0
1;9;-0.01;-0.02;0;1;0
1;11;0.00;0.00;0;0;0
1;8;0.00;-0.04;0;1;-1
1;5;0.00;0.00;0;0;0
1;11;-0.01;-0.02;0;1;0
1;7;0.00;0.00;0;0;0
1;7;0.00;0.00;0;0;0
1;8;0.00;0.00;0;0;0
1;11;-0.01;-0.02;0;1;0
1;6;0.00;0.00;0;0;0
1;7;0.00;0.00;0;0;0
1;9;0.01;-0.02;0;0;-1
1;20;0.00;0.00;0;0;0
1;8;0.00;0.00;0;0;0
1;9;0.00;0.00;0;0;0
1;9;0.00;0.00;0;0;0
1;9;0.00;0.00;0;0;0
1;6;-0.01;-0.02;0;1;0
1;8;0.00;0.00;0;0;0
1;12;0.00;0.00;0;0;0
1;6;0.00;0.00;0;0;0
1;7;0.00;0.00;0;0;0
1;8;0.00;0.00;0;0;0
1;8;0.00;0.00;0;0;0
1;12;-0.01;-0.02;0;1;0
1;7;0.00;0.00;0;0;0
1;7;0.00;0.00;0;0;0
1;10;0.00;0.00;0;0;0
1;5;0.00;0.00;0;0;0
1;8;0.00;0.00;0;0;0
1;12;-0.01;-0.02;0;1;0
1;8;0.00;0.00;0;0;0
1;5;0.00;0.00;0;0;0
1;8;0.00;0.00;0;0;0
1;11;0.00;0.00;0;0;0
1;6;0.00;0.00;0;0;0
1;8;0.00;0.00;0;0;0
1;8;-0.01;-0.02;0;1;0
1;11;0.00;0.00;0;0;0
1;5;0.00;0.00;0;0;0
1;9;0.00;0.00;0;0;0
1;8;0.00;0.00;0;0;0
1;8;0.00;0.00;0;0;0
1;8;0.00;0.00;0;0;0
1;10;-0.01;-0.02;0;1;0
1;6;0.00;0.00;0;0;0
1;9;-0.02;0.00;-1;0;0
1;8;0.00;0.00;0;0;0
1;9;0.00;0.00;0;0;0
1;10;0.00;0.00;0;0;0
1;5;0.00;0.00;0;0;0
1;9;0.00;0.00;0;0;0
1;11;-0.01;-0.02;0;1;0
1;8;-0.02;0.00;-1;0;0
1;5;0.00;0.00;0;0;0
1;8;0.00;0.00;0;0;0
1;10;-0.01;-0.02;0;1;0
1;8;0.00;0.00;0;0;0
1;7;-0.01;-0.02;0;1;0
1;8;0.00;0.00;0;0;0
1;8;0.00;0.00;0;0;0
1;9;-0.04;-0.02;-1;1;0
1;8;-0.01;-0.02;0;1;0
1;10;0.00;0.00;0;0;0
1;9;-0.01;-0.02;0;1;0
1;8;0.00;0.00;0;0;0
1;6;-0.01;-0.02;0;1;0
1;8;0.00;0.00;0;0;0
1;10;-0.04;-0.02;-1;1;0
1;6;-0.01;-0.02;0;1;0
1;8;0.00;0.00;0;0;0
1;11;-0.01;-0.02;0;1;0
1;6;0.00;0.00;0;0;0
1;8;-0.04;-0.02;-1;1;0
1;8;0.00;0.00;0;0;0
1;11;-0.01;-0.02;0;1;0
1;6;0.00;0.00;0;0;0
1;9;0.00;0.00;0;0;0
1;7;-0.04;-0.02;-1;1;0
1;11;0.00;0.00;0;0;0
1;8;0.00;0.00;0;0;0
1;5;0.00;0.00;0;0;0
1;9;-0.02;-0.04;-1;1;-1
1;10;0.00;0.00;0;0;0
1;9;0.00;0.00;0;0;0
1;5;0.00;0.00;0;0;0
1;8;0.00;0.00;0;0;0
1;12;0.00;0.00;0;0;0
1;6;0.00;0.00;0;0;0
1;7;0.00;0.00;0;0;0
1;8;0.00;0.00;0;0;0
1;8;0.00;0.00;0;0;0
1;9;0.00;0.00;0;0;0
1;11;-0.01;-0.02;0;1;0
1;7;0.00;0.00;0;0;0
1;6;0.00;0.00;0;0;0
1;8;0.00;0.00;0;0;0
1;8;0.00;0.00;0;0;0
1;9;0.00;0.00;0;0;0
1;8;0.00;0.00;0;0;0
1;8;0.00;0.00;0;0;0
1;11;-0.01;-0.02;0;1;0
1;7;0.00;0.00;0;0;0
1;7;0.00;0.00;0;0;0
1;8;0.00;0.00;0;0;0
1;8;0.00;0.00;0;0;0
1;8;0.00;0.00;0;0;0
1;8;-0.01;-0.02;0;1;0
1;12;0.00;0.00;0;0;0
1;8;-0.02;0.00;-1;0;0
1;5;0.00;0.00;0;0;0
1;8;0.00;0.00;0;0;0
1;11;0.00;0.00;0;0;0
1;7;0.00;0.00;0;0;0
1;7;0.00;0.00;0;0;0
1;8;-0.01;-0.02;0;1;0
1;11;0.00;0.00;0;0;0
1;6;-0.02;0.00;-1;0;0
1;11;0.00;0.00;0;0;0
1;5;0.00;0.00;0;0;0
1;10;0.00;0.00;0;0;0
1;13;0.00;0.00;0;0;0
1;5;-0.01;-0.02;0;1;0
1;9;0.00;0.00;0;0;0
1;8;-0.02;0.00;-1;0;0
1;8;0.00;0.00;0;0;0
1;8;0.00;0.00;0;0;0
1;11;-0.01;-0.02;0;1;0
1;8;0.00;0.00;0;0;0
1;6;0.00;0.00;0;0;0
1;11;-0.04;-0.02;-1;1;0
1;6;0.00;0.00;0;0;0
1;8;0.00;0.00;0;0;0
1;7;-0.01;-0.02;0;1;0
1;9;0.00;0.00;0;0;0
1;8;-0.01;-0.02;0;1;0
1;8;0.00;0.00;0;0;0
1;8;-0.01;-0.02;0;1;0
1;8;-0.02;0.00;-1;0;0
1;9;-0.01;-0.02;0;1;0
1;8;0.00;0.00;0;0;0
1;11;-0.01;-0.02;0;1;0
1;8;0.00;0.00;0;0;0
1;5;-0.02;0.00;-1;0;0
1;9;-0.01;-0.02;0;1;0
1;10;0.00;0.00;0;0;0
1;6;0.00;0.00;0;0;0
1;8;0.00;0.00;0;0;0
1;8;-0.01;-0.02;0;1;0
1;10;-0.02;0.00;-1;0;0
1;7;0.00;0.00;0;0;0
1;8;0.00;0.00;0;0;0
1;8;0.00;0.00;0;0;0
1;11;0.00;0.00;0;0;0
1;9;-0.02;0.00;-1;0;0
1;5;0.00;0.00;0;0;0
1;8;0.00;0.00;0;0;0
1;11;0.00;0.00;0;0;0
1;6;0.00;0.00;0;0;0
1;7;0.00;0.00;0;0;0
1;9;0.00;0.00;0;0;0
1;9;-0.04;-0.02;-1;1;0
1;8;0.00;0.00;0;0;0
1;7;0.00;0.00;0;0;0
1;8;0.00;0.00;0;0;0
1;12;0.00;0.00;0;0;0
1;6;0.00;0.00;0;0;0
1;7;0.00;0.00;0;0;0
1;8;-0.01;-0.02;0;1;0
1;8;0.00;0.00;0;0;0
1;9;-0.02;0.00;-1;0;0
1;9;0.00;0.00;0;0;0
1;10;0.00;0.00;0;0;0
1;8;0.00;0.00;0;0;0
1;5;0.00;0.00;0;0;0
1;9;-0.01;-0.02;0;1;0
1;8;0.00;0.00;0;0;0
1;11;-0.02;0.00;-1;0;0
1;6;0.00;0.00;0;0;0
1;7;0.00;0.00;0;0;0
1;12;0.00;0.00;0;0;0
1;8;0.00;0.00;0;0;0
1;5;0.00;0.00;0;0;0
1;8;-0.04;-0.02;-1;1;0
1;8;0.00;0.00;0;0;0
1;13;0.00;0.00;0;0;0
1;8;-0.01;-0.02;0;1;0
1;8;0.00;0.00;0;0;0
1;8;0.00;0.00;0;0;0
1;10;-0.01;-0.02;0;1;0
1;7;0.00;0.00;0;0;0
1;10;-0.04;-0.02;-1;1;0
1;6;0.00;0.00;0;0;0
1;11;-0.01;-0.02;0;1;0
1;8;0.00;0.00;0;0;0
1;5;-0.01;-0.02;0;1;0
1;9;0.00;0.00;0;0;0
1;10;-0.01;-0.02;0;1;0
1;7;-0.02;0.00;-1;0;0
1;7;-0.01;-0.02;0;1;0
1;8;0.00;0.00;0;0;0
1;11;-0.01;-0.02;0;1;0
1;10;0.00;0.00;0;0;0
1;4;-0.01;-0.02;0;1;0
1;8;-0.02;0.00;-1;0;0
1;8;0.00;0.00;0;0;0
1;12;-0.01;-0.02;0;1;0
1;5;0.00;0.00;0;0;0
1;8;-0.01;-0.02;0;1;0
1;12;-0.04;-0.02;-1;1;0
1;9;0.00;0.00;0;0;0
1;8;0.00;0.00;0;0;0
1;9;-0.01;-0.02;0;1;0
1;10;0.00;0.00;0;0;0
1;5;0.00;0.00;0;0;0
1;8;-0.04;-0.02;-1;1;0
1;9;0.00;0.00;0;0;0
1;8;0.00;0.00;0;0;0
1;8;0.00;0.00;0;0;0
1;8;0.00;0.00;0;0;0
1;12;0.00;0.00;0;0;0
1;11;-0.02;0.00;-1;0;0
1;10;0.00;0.00;0;0;0
1;4;0.00;0.00;0;0;0
1;8;-0.01;-0.02;0;1;0
1;8;0.00;0.00;0;0;0
1;9;0.00;0.00;0;0;0
1;8;0.00;0.00;0;0;0
1;8;0.00;0.00;0;0;0
1;8;-0.02;0.00;-1;0;0
1;8;0.00;0.00;0;0;0
1;9;0.00;0.00;0;0;0
1;8;0.00;0.00;0;0;0
1;8;0.00;0.00;0;0;0
1;8;-0.01;-0.02;0;1;0
1;11;0.00;0.00;0;0;0
1;6;0.00;0.00;0;0;0
1;11;-0.02;0.00;-1;0;0
1;8;0.00;0.00;0;0;0
1;5;-0.01;-0.02;0;1;0
1;8;0.00;0.00;0;0;0
1;10;0.00;0.00;0;0;0
1;8;0.00;0.00;0;0;0
1;7;0.00;0.00;0;0;0
1;8;-0.01;-0.02;0;1;0
1;9;-0.02;0.00;-1;0;0
1;7;0.00;0.00;0;0;0
1;9;0.00;0.00;0;0;0
1;8;0.00;0.00;0;0;0
1;8;0.00;0.00;0;0;0
1;12;0.00;0.00;0;0;0
1;9;-0.04;-0.02;-1;1;0
1;8;0.00;0.00;0;0;0
1;9;0.00;0.00;0;0;0
1;8;0.00;0.00;0;0;0
1;7;0.00;0.00;0;0;0
1;12;0.00;0.00;0;0;0
1;8;-0.01;-0.02;0;1;0
1;5;-0.02;0.00;-1;0;0
1;8;0.00;0.00;0;0;0
1;10;0.00;0.00;0;0;0
1;10;0.00;0.00;0;0;0
1;6;0.00;0.00;0;0;0
1;7;-0.01;-0.02;0;1;0
1;8;0.00;0.00;0;0;0
1;8;0.00;0.00;0;0;0
1;8;-0.04;-0.02;-1;1;0
1;9;0.00;0.00;0;0;0
1;8;0.00;0.00;0;0;0
1;11;-0.01;-0.02;0;1;0
1;5;0.00;0.00;0;0;0
1;8;-0.01;-0.02;0;1;0
1;10;-0.01;-0.02;0;1;0
1;7;0.00;0.00;0;0;0
1;8;-0.01;-0.02;0;1;0
1;10;-0.02;0.00;-1;0;0
1;6;0.00;0.00;0;0;0
1;9;-0.01;-0.02;0;1;0
1;8;0.00;0.00;0;0;0
1;8;-0.01;-0.02;0;1;0
1;11;-0.02;0.00;-1;0;0
1;8;0.00;0.00;0;0;0
1;5;0.00;0.00;0;0;0
1;9;-0.01;-0.02;0;1;0
1;8;0.00;0.00;0;0;0
1;8;-0.02;0.00;-1;0;0
1;8;0.00;0.00;0;0;0
1;9;0.00;0.00;0;0;0
1;11;-0.01;-0.02;0;1;0
1;8;0.00;0.00;0;0;0
1;8;0.00;0.00;0;0;0
1;6;0.00;0.00;0;0;0
1;7;0.00;0.00;0;0;0
1;12;-0.02;0.00;-1;0;0
1;8;0.00;0.00;0;0;0
1;5;0.00;0.00;0;0;0
1;8;0.00;0.00;0;0;0
1;8;0.00;0.00;0;0;0
1;9;0.00;0.00;0;0;0
1;8;-0.01;-0.02;0;1;0
1;8;0.00;0.00;0;0;0
1;12;0.00;0.00;0;0;0
1;4;-0.02;0.00;-1;0;0
1;8;0.00;0.00;0;0;0
1;9;0.00;0.00;0;0;0
1;10;0.00;0.00;0;0;0
1;7;-0.01;-0.02;0;1;0
1;7;0.00;0.00;0;0;0
1;8;0.00;0.00;0;0;0
1;9;-0.02;0.00;-1;0;0
1;11;0.00;0.00;0;0;0
1;5;-0.01;-0.02;0;1;0
1;8;0.00;0.00;0;0;0
1;10;0.00;0.00;0;0;0
1;10;0.00;0.00;0;0;0
1;8;0.00;0.00;0;0;0
1;5;-0.02;0.00;-1;0;0
1;9;-0.01;-0.02;0;1;0
1;7;0.00;0.00;0;0;0
1;9;0.00;0.00;0;0;0
1;8;0.00;0.00;0;0;0
1;8;0.00;0.00;0;0;0
1;8;0.00;0.00;0;0;0
1;8;-0.02;0.00;-1;0;0
1;9;-0.01;-0.02;0;1;0
1;10;0.00;0.00;0;0;0
1;7;0.00;0.00;0;0;0
1;7;0.00;0.00;0;0;0
1;8;-0.01;-0.02;0;1;0
1;8;0.00;0.00;0;0;0
1;9;-0.02;0.00;-1;0;0
1;8;-0.01;-0.02;0;1;0
1;8;0.00;0.00;0;0;0
1;8;0.00;0.00;0;0;0
1;10;-0.01;-0.02;0;1;0
1;9;-0.01;-0.02;0;1;0
1;6;0.00;0.00;0;0;0
1;8;0.00;0.00;0;0;0
1;8;-0.04;-0.02;-1;1;0
1;11;-0.01;-0.02;0;1;0
1;6;0.00;0.00;0;0;0
1;8;-0.01;-0.02;0;1;0
1;10;0.00;0.00;0;0;0
1;7;-0.01;-0.02;0;1;0
1;7;-0.04;-0.02;-1;1;0
1;9;0.00;0.00;0;0;0
1;15;-0.01;-0.02;0;1;0
1;8;0.00;0.00;0;0;0
1;5;0.00;0.00;0;0;0
1;8;-0.04;-0.02;-1;1;0
1;18;0.00;0.00;0;0;0
1;7;0.00;0.00;0;0;0
1;23;-0.04;-0.02;-1;1;0
1;9;0.00;0.00;0;0;0
1;5;0.00;0.00;0;0;0
1;9;0.00;0.00;0;0;0
1;9;0.00;0.00;0;0;0
1;7;0.00;0.00;0;0;0
1;8;-0.02;0.00;-1;0;0
1;9;0.00;0.00;0;0;0
1;9;0.00;0.00;0;0;0
1;6;0.00;0.00;0;0;0
1;8;0.00;0.00;0;0;0
1;12;-0.01;-0.02;0;1;0
1;6;0.00;0.00;0;0;0
1;7;0.00;0.00;0;0;0
1;11;0.00;0.00;0;0;0
1;8;-0.02;0.00;-1;0;0
1;9;0.00;0.00;0;0;0
1;5;0.00;0.00;0;0;0
1;9;-0.01;-0.02;0;1;0
1;7;0.00;0.00;0;0;0
1;8;0.00;0.00;0;0;0
1;9;0.00;0.00;0;0;0
1;9;-0.02;0.00;-1;0;0
1;15;-0.01;-0.02;0;1;0
1;8;0.00;0.00;0;0;0
1;8;0.00;0.00;0;0;0
1;10;0.00;0.00;0;0;0
1;11;-0.02;0.00;-1;0;0
1;8;0.00;0.00;0;0;0
1;8;-0.01;-0.02;0;1;0
1;9;0.00;0.00;0;0;0
1;11;0.00;0.00;0;0;0
1;6;0.00;0.00;0;0;0
1;7;-0.02;0.00;-1;0;0
1;8;0.00;0.00;0;0;0
1;8;0.00;0.00;0;0;0
1;10;-0.01;-0.02;0;1;0
1;7;0.00;0.00;0;0;0
1;13;0.00;0.00;0;0;0
1;7;-0.02;0.00;-1;0;0
1;9;0.00;0.00;0;0;0
1;8;0.00;0.00;0;0;0
1;9;-0.01;-0.02;0;1;0
1;10;0.00;0.00;0;0;0
1;5;0.00;0.00;0;0;0
1;9;0.00;0.00;0;0;0
1;11;-0.02;0.00;-1;0;0
1;8;0.00;0.00;0;0;0
1;5;0.00;0.00;0;0;0
1;8;-0.01;-0.02;0;1;0
1;21;0.00;0.00;0;0;0
1;9;0.00;0.00;0;0;0
1;7;-0.02;0.00;-1;0;0
1;11;0.00;0.00;0;0;0
1;6;-0.01;-0.02;0;1;0
1;8;0.00;0.00;0;0;0
1;8;0.00;0.00;0;0;0
1;11;0.00;0.00;0;0;0
1;5;-0.02;0.00;-1;0;0
1;8;0.00;0.00;0;0;0
1;9;0.00;0.00;0;0;0
1;8;0.00;0.00;0;0;0
1;8;-0.01;-0.02;0;1;0
1;8;0.00;0.00;0;0;0
1;9;-0.02;0.00;-1;0;0
1;11;-0.01;-0.02;0;1;0
1;5;0.00;0.00;0;0;0
1;8;0.00;0.00;0;0;0
1;8;-0.01;-0.02;0;1;0
1;10;0.00;0.00;0;0;0
1;7;-0.01;-0.02;0;1;0
1;8;-0.02;0.00;-1;0;0
1;16;-0.01;-0.02;0;1;0
1;8;-0.01;-0.02;0;1;0
1;9;0.00;0.00;0;0;0
1;11;-0.01;-0.02;0;1;0
1;8;-0.02;0.00;-1;0;0
1;14;-0.01;-0.02;0;1;0
1;8;-0.01;-0.02;0;1;0
1;12;-0.02;0.00;-1;0;0
1;18;-0.01;-0.02;0;1;0
1;6;0.00;0.00;0;0;0
1;9;0.00;0.00;0;0;0
1;12;-0.02;0.00;-1;0;0
1;8;0.00;0.00;0;0;0
1;8;0.00;0.00;0;0;0
1;8;-0.01;-0.02;0;1;0
1;9;0.00;0.00;0;0;0
1;8;-0.02;0.00;-1;0;0
1;10;0.00;0.00;0;0;0
1;6;0.00;0.00;0;0;0
1;10;0.00;0.00;0;0;0
1;7;0.00;0.00;0;0;0
1;8;0.00;0.00;0;0;0
1;8;0.00;0.00;0;0;0
1;8;0.00;0.00;0;0;0
1;8;-0.02;0.00;-1;0;0
1;9;0.00;0.00;0;0;0
1;8;-0.01;-0.02;0;1;0
1;8;0.00;0.00;0;0;0
1;8;0.00;0.00;0;0;0
1;8;0.00;0.00;0;0;0
1;9;0.00;0.00;0;0;0
1;8;0.00;0.00;0;0;0
1;8;-0.04;-0.02;-1;1;0
1;8;0.00;0.00;0;0;0
1;8;0.00;0.00;0;0;0
1;8;-0.01;-0.02;0;1;0
1;9;0.00;0.00;0;0;0
1;8;0.00;0.00;0;0;0
1;8;-0.04;-0.02;-1;1;0
1;8;0.00;0.00;0;0;0
1;8;-0.01;-0.02;0;1;0
1;9;0.00;0.00;0;0;0
1;8;-0.01;-0.02;0;1;0
1;8;0.00;0.00;0;0;0
1;11;-0.04;-0.02;-1;1;0
1;12;-0.01;-0.02;0;1;0
1;6;0.00;0.00;0;0;0
1;8;0.00;0.00;0;0;0
1;8;-0.01;-0.02;0;1;0
1;8;-0.02;0.00;-1;0;0
1;8;0.00;0.00;0;0;0
1;9;0.00;0.00;0;0;0
1;8;0.00;0.00;0;0;0
1;8;-0.01;-0.02;0;1;0
1;8;-0.02;0.00;-1;0;0
1;8;0.00;0.00;0;0;0
1;9;0.00;0.00;0;0;0
1;8;0.00;0.00;0;0;0
1;8;0.00;0.00;0;0;0
1;8;0.00;0.00;0;0;0
1;8;-0.02;0.00;-1;0;0
1;9;0.00;0.00;0;0;0
1;8;0.00;0.00;0;0;0
1;10;0.00;0.00;0;0;0
1;6;0.00;0.00;0;0;0
1;11;-0.01;-0.02;0;1;0
1;7;0.00;0.00;0;0;0
1;10;0.00;0.00;0;0;0
1;5;-0.02;0.00;-1;0;0
1;11;0.00;0.00;0;0;0
1;8;0.00;0.00;0;0;0
1;5;0.00;0.00;0;0;0
1;9;-0.01;-0.02;0;1;0
1;11;0.00;0.00;0;0;0
1;8;0.00;0.00;0;0;0
1;5;-0.02;0.00;-1;0;0
1;8;0.00;0.00;0;0;0
1;12;-0.01;-0.02;0;1;0
1;5;0.00;0.00;0;0;0
1;8;0.00;0.00;0;0;0
1;8;0.00;0.00;0;0;0
1;8;0.00;0.00;0;0;0
1;9;-0.02;0.00;-1;0;0
1;8;0.00;0.00;0;0;0
1;8;-0.01;-0.02;0;1;0
1;10;0.00;0.00;0;0;0
1;6;0.00;0.00;0;0;0
1;9;0.00;0.00;0;0;0
1;8;-0.02;0.00;-1;0;0
1;9;0.00;0.00;0;0;0
1;10;0.00;0.00;0;0;0
1;5;-0.01;-0.02;0;1;0
1;9;0.00;0.00;0;0;0
1;10;0.00;0.00;0;0;0
1;9;-0.04;-0.02;-1;1;0
1;5;0.00;0.00;0;0;0
1;8;0.00;0.00;0;0;0
1;8;-0.01;-0.02;0;1;0
1;9;0.00;0.00;0;0;0
1;16;-0.01;-0.02;0;1;0
1;8;-0.01;-0.02;0;1;0
1;10;-0.04;-0.02;-1;1;0
1;10;0.00;0.00;0;0;0
1;5;0.00;0.00;0;0;0
1;8;-0.01;-0.02;0;1;0
1;17;-0.04;-0.02;-1;1;0
1;12;-0.01;-0.02;0;1;0
1;8;0.00;0.00;0;0;0
1;10;-0.01;-0.02;0;1;0
1;6;0.00;0.00;0;0;0
1;8;-0.02;0.00;-1;0;0
1;9;-0.01;-0.02;0;1;0
1;14;0.00;0.00;0;0;0
1;6;0.00;0.00;0;0;0
1;8;-0.02;0.00;-1;0;0
1;12;0.00;0.00;0;0;0
1;6;-0.01;-0.02;0;1;0
1;8;0.00;0.00;0;0;0
1;7;0.00;0.00;0;0;0
1;8;0.00;0.00;0;0;0
1;12;-0.02;0.00;-1;0;0
1;5;0.00;0.00;0;0;0
1;8;0.00;0.00;0;0;0
1;8;0.00;0.00;0;0;0
1;12;0.00;0.00;0;0;0
1;9;0.00;0.00;0;0;0
1;8;0.00;0.00;0;0;0
1;8;-0.01;-0.02;0;1;0
1;9;-0.02;0.00;-1;0;0
1;7;0.00;0.00;0;0;0
1;12;0.00;0.00;0;0;0
1;5;0.00;0.00;0;0;0
1;8;0.00;0.00;0;0;0
1;8;0.00;0.00;0;0;0
1;8;-0.01;-0.02;0;1;0
1;8;-0.02;0.00;-1;0;0
1;9;0.00;0.00;0;0;0
1;8;0.00;0.00;0;0;0
1;10;0.00;0.00;0;0;0
1;6;0.00;0.00;0;0;0
1;8;-0.01;-0.02;0;1;0
1;9;0.00;0.00;0;0;0
1;8;-0.02;0.00;-1;0;0
1;8;0.00;0.00;0;0;0
1;8;0.00;0.00;0;0;0
1;8;0.00;0.00;0;0;0
1;9;0.00;0.00;0;0;0
1;8;-0.01;-0.02;0;1;0
1;8;-0.02;0.00;-1;0;0
1;8;0.00;0.00;0;0;0
1;8;0.00;0.00;0;0;0
1;9;0.00;0.00;0;0;0
1;8;-0.01;-0.02;0;1;0
1;8;0.00;0.00;0;0;0
1;8;0.00;0.00;0;0;0
1;8;-0.02;0.00;-1;0;0
1;8;0.00;0.00;0;0;0
1;9;0.00;0.00;0;0;0
1;8;-0.01;-0.02;0;1;0
1;8;0.00;0.00;0;0;0
1;8;0.00;0.00;0;0;0
1;8;-0.04;-0.02;-1;1;0
1;9;0.00;0.00;0;0;0
1;8;0.00;0.00;0;0;0
1;8;-0.01;-0.02;0;1;0
1;8;0.00;0.00;0;0;0
1;8;-0.01;-0.02;0;1;0
1;9;0.00;0.00;0;0;0
1;8;-0.01;-0.02;0;1;0
1;8;-0.04;-0.02;-1;1;0
1;8;0.00;0.00;0;0;0
1;8;-0.01;-0.02;0;1;0
1;9;0.00;0.00;0;0;0
1;8;-0.01;-0.02;0;1;0
1;8;-0.01;-0.02;0;1;0
1;8;-0.02;0.00;-1;0;0
1;8;-0.01;-0.02;0;1;0
1;8;0.00;0.00;0;0;0
1;9;-0.01;-0.02;0;1;0
1;8;0.00;0.00;0;0;0
1;14;-0.04;-0.02;-1;1;0
1;6;0.00;0.00;0;0;0
1;9;0.00;0.00;0;0;0
1;8;-0.01;-0.02;0;1;0
1;11;0.00;0.00;0;0;0
1;5;0.00;0.00;0;0;0
1;11;-0.02;0.00;-1;0;0
1;9;0.00;0.00;0;0;0
1;5;0.00;0.00;0;0;0
1;8;0.00;0.00;0;0;0
1;8;0.00;0.00;0;0;0
1;8;-0.02;0.00;-1;0;0
1;8;0.01;-0.02;0;0;-1
1;9;0.00;0.00;0;0;0
1;8;0.00;0.00;0;0;0
1;8;-0.01;-0.02;0;1;0
1;14;0.00;0.00;0;0;0
1;8;0.00;0.00;0;0;0
1;7;0.00;0.00;0;0;0
1;8;-0.02;0.00;-1;0;0
1;11;0.00;0.00;0;0;0
1;6;0.00;0.00;0;0;0
1;7;-0.01;-0.02;0;1;0
1;9;0.00;0.00;0;0;0
1;8;0.00;0.00;0;0;0
1;8;0.00;0.00;0;0;0
1;8;0.00;0.00;0;0;0
1;12;-0.04;-0.02;-1;1;0
1;7;0.00;0.00;0;0;0
1;6;0.00;0.00;0;0;0
1;8;0.00;0.00;0;0;0
1;8;0.00;0.00;0;0;0
1;11;0.00;0.00;0;0;0
1;7;-0.04;-0.02;-1;1;0
1;7;0.00;0.00;0;0;0
1;8;0.00;0.00;0;0;0
1;8;0.00;0.00;0;0;0
1;8;0.00;0.00;0;0;0
1;9;0.00;0.00;0;0;0
1;10;-0.01;-0.02;0;1;0
1;6;-0.02;0.00;-1;0;0
1;8;0.00;0.00;0;0;0
1;10;0.00;0.00;0;0;0
1;8;0.00;0.00;0;0;0
1;10;0.00;0.00;0;0;0
1;5;0.00;0.00;0;0;0
1;8;-0.01;-0.02;0;1;0
1;11;-0.02;0.00;-1;0;0
1;9;0.00;0.00;0;0;0
1;5;0.00;0.00;0;0;0
1;8;0.00;0.00;0;0;0
1;8;0.00;0.00;0;0;0
1;11;0.00;0.00;0;0;0
1;5;-0.01;-0.02;0;1;0
1;9;-0.02;0.00;-1;0;0
1;8;0.00;0.00;0;0;0
1;8;0.00;0.00;0;0;0
1;8;0.00;0.00;0;0;0
1;7;0.00;0.00;0;0;0
1;10;-0.01;-0.02;0;1;0
1;8;-0.02;0.00;-1;0;0
1;11;0.00;0.00;0;0;0
1;6;0.00;0.00;0;0;0
1;7;0.00;0.00;0;0;0
1;9;0.00;0.00;0;0;0
1;8;-0.01;-0.02;0;1;0
1;8;0.00;0.00;0;0;0
1;8;-0.02;0.00;-1;0;0
1;8;0.00;0.00;0;0;0
1;9;0.00;0.00;0;0;0
1;11;0.00;0.00;0;0;0
1;5;0.00;0.00;0;0;0
1;11;-0.01;-0.02;0;1;0
1;5;-0.02;0.00;-1;0;0
1;8;0.00;0.00;0;0;0
1;8;0.00;0.00;0;0;0
1;9;0.00;0.00;0;0;0
1;8;0.00;0.00;0;0;0
1;8;0.00;0.00;0;0;0
1;8;-0.01;-0.02;0;1;0
1;11;-0.02;0.00;-1;0;0
1;6;0.00;0.00;0;0;0
1;11;0.00;0.00;0;0;0
1;5;0.00;0.00;0;0;0
1;11;0.00;0.00;0;0;0
1;6;0.00;0.00;0;0;0
1;8;-0.01;-0.02;0;1;0
1;8;0.00;0.00;0;0;0
1;8;-0.02;0.00;-1;0;0
1;11;0.00;0.00;0;0;0
1;6;0.00;0.00;0;0;0
1;8;0.00;0.00;0;0;0
1;8;0.00;0.00;0;0;0
1;8;-0.01;-0.02;0;1;0
1;7;0.00;0.00;0;0;0
1;10;-0.02;0.00;-1;0;0
1;9;0.00;0.00;0;0;0
1;7;-0.01;-0.02;0;1;0
1;8;0.00;0.00;0;0;0
1;8;0.00;0.00;0;0;0
1;8;-0.01;-0.02;0;1;0
1;10;-0.01;-0.02;0;1;0
1;7;0.00;0.00;0;0;0
1;8;-0.02;0.00;-1;0;0
1;11;-0.01;-0.02;0;1;0
1;6;-0.01;-0.02;0;1;0
1;8;0.00;0.00;0;0;0
1;8;0.00;0.00;0;0;0
1;11;-0.01;-0.02;0;1;0
1;5;-0.01;-0.02;0;1;0
1;9;-0.02;0.00;-1;0;0
1;9;-0.01;-0.02;0;1;0
1;7;0.00;0.00;0;0;0
1;11;-0.01;-0.02;0;1;0
1;8;-0.02;0.00;-1;0;0
1;5;-0.01;-0.02;0;1;0
1;9;0.00;0.00;0;0;0
1;8;-0.01;-0.02;0;1;0
1;8;0.00;0.00;0;0;0
1;8;-0.01;-0.02;0;1;0
1;8;0.00;0.00;0;0;0
1;7;-0.02;0.00;-1;0;0
1;13;0.00;0.00;0;0;0
1;5;-0.01;-0.02;0;1;0
1;8;0.00;0.00;0;0;0
1;8;0.00;0.00;0;0;0
1;12;0.00;0.00;0;0;0
1;5;0.00;0.00;0;0;0
1;8;-0.02;0.00;-1;0;0
1;10;0.00;0.00;0;0;0
1;6;0.00;0.00;0;0;0
1;8;0.00;0.00;0;0;0
1;9;0.00;0.00;0;0;0
1;9;0.00;0.00;0;0;0
1;7;-0.01;-0.02;0;1;0
1;8;0.00;0.00;0;0;0
1;8;0.00;0.00;0;0;0
1;9;0.00;0.00;0;0;0
1;11;-0.02;0.00;-1;0;0
1;5;0.00;0.00;0;0;0
1;8;0.00;0.00;0;0;0
1;10;0.00;0.00;0;0;0
1;10;-0.01;-0.02;0;1;0
1;5;0.00;0.00;0;0;0
1;8;0.00;0.00;0;0;0
1;11;0.00;0.00;0;0;0
1;5;-0.02;0.00;-1;0;0
1;8;0.00;0.00;0;0;0
1;8;0.00;0.00;0;0;0
1;17;-0.01;-0.02;0;1;0
1;8;0.00;0.00;0;0;0
1;8;0.00;0.00;0;0;0
1;12;-0.02;0.00;-1;0;0
1;6;0.00;0.00;0;0;0
1;7;0.00;0.00;0;0;0
1;8;-0.01;-0.02;0;1;0
1;7;0.00;0.00;0;0;0
1;12;0.00;0.00;0;0;0
1;6;0.00;0.00;0;0;0
1;8;0.00;0.00;0;0;0
1;7;0.00;0.00;0;0;0
1;13;-0.02;0.00;-1;0;0
1;12;0.00;0.00;0;0;0
1;5;-0.01;-0.02;0;1;0
1;8;0.00;0.00;0;0;0
1;14;0.00;0.00;0;0;0
1;7;0.00;0.00;0;0;0
1;8;0.00;0.00;0;0;0
1;8;-0.02;0.00;-1;0;0
1;11;0.00;0.00;0;0;0
1;5;0.00;0.00;0;0;0
1;8;0.00;0.00;0;0;0
1;12;-0.01;-0.02;0;1;0
1;8;0.00;0.00;0;0;0
1;8;0.00;0.00;0;0;0
1;5;-0.02;0.00;-1;0;0
1;8;-0.01;-0.02;0;1;0
1;9;0.00;0.00;0;0;0
1;7;0.00;0.00;0;0;0
1;8;-0.01;-0.02;0;1;0
1;12;0.00;0.00;0;0;0
1;7;-0.01;-0.02;0;1;0
1;7;0.00;0.00;0;0;0
1;8;0.00;0.00;0;0;0
1;11;-0.04;-0.02;-1;1;0
1;6;0.00;0.00;0;0;0
1;7;-0.01;-0.02;0;1;0
1;12;-0.01;-0.02;0;1;0
1;5;0.00;0.00;0;0;0
1;11;-0.01;-0.02;0;1;0
1;5;-0.02;0.00;-1;0;0
1;8;0.00;0.00;0;0;0
1;9;-0.01;-0.02;0;1;0
1;7;0.00;0.00;0;0;0
1;8;0.00;0.00;0;0;0
1;8;-0.01;-0.02;0;1;0
1;9;-0.02;0.00;-1;0;0
1;7;-0.01;-0.02;0;1;0
1;9;0.00;0.00;0;0;0
1;8;0.00;0.00;0;0;0
1;9;-0.01;-0.02;0;1;0
1;8;-0.02;0.00;-1;0;0
1;8;0.00;0.00;0;0;0
1;9;0.00;0.00;0;0;0
1;7;0.00;0.00;0;0;0
1;12;-0.01;-0.02;0;1;0
1;5;0.00;0.00;0;0;0
1;8;-0.02;0.00;-1;0;0
1;9;0.00;0.00;0;0;0
1;9;0.00;0.00;0;0;0
1;10;0.00;0.00;0;0;0
1;5;0.00;0.00;0;0;0
1;8;0.00;0.00;0;0;0
1;11;0.00;0.00;0;0;0
1;6;0.00;0.00;0;0;0
1;8;0.00;0.00;0;0;0
1;8;-0.02;0.00;-1;0;0
1;8;0.00;0.00;0;0;0
1;9;0.00;0.00;0;0;0
1;7;-0.01;-0.02;0;1;0
1;8;0.00;0.00;0;0;0
1;12;0.00;0.00;0;0;0
1;5;0.00;0.00;0;0;0
1;8;0.00;0.00;0;0;0
1;8;-0.01;-0.02;0;1;0
1;11;-0.02;0.00;-1;0;0
1;6;0.00;0.00;0;0;0
1;10;0.00;0.00;0;0;0
1;6;0.00;0.00;0;0;0
1;9;-0.01;-0.02;0;1;0
1;8;-0.02;0.00;-1;0;0
1;7;0.00;0.00;0;0;0
1;11;0.00;0.00;0;0;0
1;9;0.00;0.00;0;0;0
1;6;0.00;0.00;0;0;0
1;8;-0.04;-0.02;-1;1;0
1;8;0.00;0.00;0;0;0
1;11;0.00;0.00;0;0;0
1;5;0.00;0.00;0;0;0
1;9;0.00;0.00;0;0;0
1;10;0.00;0.00;0;0;0
1;10;-0.01;-0.02;0;1;0
1;8;-0.02;0.00;-1;0;0
1;7;0.00;0.00;0;0;0
1;13;0.00;0.00;0;0;0
1;5;0.00;0.00;0;0;0
1;7;0.00;0.00;0;0;0
1;9;0.00;0.00;0;0;0
1;8;0.00;0.00;0;0;0
1;8;-0.04;-0.02;-1;1;0
1;8;0.00;0.00;0;0;0
1;8;0.00;0.00;0;0;0
1;8;0.00;0.00;0;0;0
1;12;0.00;0.00;0;0;0
1;6;0.00;0.00;0;0;0
1;8;0.00;0.00;0;0;0
1;7;-0.01;-0.02;0;1;0
1;8;-0.02;0.00;-1;0;0
1;10;0.00;0.00;0;0;0
1;7;0.00;0.00;0;0;0
1;8;0.00;0.00;0;0;0
1;8;0.00;0.00;0;0;0
1;8;-0.04;-0.02;-1;1;0
1;8;0.00;0.00;0;0;0
1;8;0.00;0.00;0;0;0
1;12;0.00;0.00;0;0;0
1;6;0.00;0.00;0;0;0
1;8;-0.01;-0.02;0;1;0
1;8;-0.02;0.00;-1;0;0
1;11;0.00;0.00;0;0;0
1;6;0.00;0.00;0;0;0
1;8;0.00;0.00;0;0;0
1;7;0.00;0.00;0;0;0
1;9;0.00;0.00;0;0;0
1;11;-0.04;-0.02;-1;1;0
1;6;0.00;0.00;0;0;0
1;8;0.00;0.00;0;0;0
1;8;0.00;0.00;0;0;0
1;8;0.00;0.00;0;0;0
1;8;0.00;0.00;0;0;0
1;12;-0.01;-0.02;0;1;0
1;6;-0.02;0.00;-1;0;0
1;7;0.00;0.00;0;0;0
1;8;0.00;0.00;0;0;0
1;7;0.00;0.00;0;0;0
1;13;0.00;0.00;0;0;0
1;5;0.00;0.00;0;0;0
1;7;0.00;0.00;0;0;0
1;8;-0.04;-0.02;-1;1;0
1;9;0.00;0.00;0;0;0
1;9;0.00;0.00;0;0;0
1;8;0.00;0.00;0;0;0
1;10;0.00;0.00;0;0;0
1;9;-0.02;0.00;-1;0;0
1;10;-0.01;-0.02;0;1;0
1;7;0.00;0.00;0;0;0
1;11;0.00;0.00;0;0;0
1;6;0.00;0.00;0;0;0
1;7;0.00;0.00;0;0;0
1;8;-0.02;0.00;-1;0;0
1;8;0.00;0.00;0;0;0
1;9;-0.01;-0.02;0;1;0
1;9;0.00;0.00;0;0;0
1;11;0.00;0.00;0;0;0
1;8;0.00;0.00;0;0;0
1;14;-0.02;0.00;-1;0;0
1;9;0.00;0.00;0;0;0
1;7;-0.01;-0.02;0;1;0
1;7;0.00;0.00;0;0;0
1;8;0.00;0.00;0;0;0
1;9;0.00;0.00;0;0;0
1;8;-0.02;0.00;-1;0;0
1;8;0.00;0.00;0;0;0
1;12;-0.01;-0.02;0;1;0
1;5;0.00;0.00;0;0;0
1;9;0.00;0.00;0;0;0
1;10;-0.02;0.00;-1;0;0
1;5;0.00;0.00;0;0;0
1;8;0.00;0.00;0;0;0
1;7;-0.01;-0.02;0;1;0
1;8;0.00;0.00;0;0;0
1;9;0.00;0.00;0;0;0
1;8;-0.02;0.00;-1;0;0
1;8;0.00;0.00;0;0;0
1;10;0.00;0.00;0;0;0
1;7;0.00;0.00;0;0;0
1;8;-0.01;-0.02;0;1;0
1;8;0.00;0.00;0;0;0
1;8;0.00;0.00;0;0;0
1;11;-0.02;0.00;-1;0;0
1;6;0.00;0.00;0;0;0
1;9;-0.01;-0.02;0;1;0
1;8;0.00;0.00;0;0;0
1;8;0.00;0.00;0;0;0
1;8;-0.01;-0.02;0;1;0
1;7;-0.02;0.00;-1;0;0
1;11;0.00;0.00;0;0;0
1;7;0.00;0.00;0;0;0
1;7;-0.01;-0.02;0;1;0
1;8;0.00;0.00;0;0;0
1;10;0.00;0.00;0;0;0
1;8;-0.01;-0.02;0;1;0
1;7;-0.02;0.00;-1;0;0
1;8;0.00;0.00;0;0;0
1;15;0.00;0.00;0;0;0
1;6;0.00;0.00;0;0;0
1;9;-0.04;-0.02;-1;1;0
1;7;0.00;0.00;0;0;0
1;8;0.00;0.00;0;0;0
1;8;0.00;0.00;0;0;0
1;8;0.00;0.00;0;0;0
1;8;0.00;0.00;0;0;0
1;9;-0.02;0.00;-1;0;0
1;9;0.00;0.00;0;0;0
1;7;-0.01;-0.02;0;1;0
1;8;0.00;0.00;0;0;0
1;8;0.00;0.00;0;0;0
1;9;0.00;0.00;0;0;0
1;9;0.00;0.00;0;0;0
1;7;0.00;0.00;0;0;0
1;8;-0.01;-0.02;0;1;0
1;9;-0.02;0.00;-1;0;0
1;13;0.00;0.00;0;0;0
1;8;0.00;0.00;0;0;0
1;7;0.00;0.00;0;0;0
1;8;0.00;0.00;0;0;0
1;8;-0.04;-0.02;-1;1;0
1;9;0.00;0.00;0;0;0
1;11;0.00;0.00;0;0;0
1;6;0.00;0.00;0;0;0
1;8;0.00;0.00;0;0;0
1;8;0.00;0.00;0;0;0
1;11;-0.04;-0.02;-1;1;0
1;6;0.00;0.00;0;0;0
1;8;0.00;0.00;0;0;0
1;7;0.00;0.00;0;0;0
1;9;0.00;0.00;0;0;0
1;12;-0.01;-0.02;0;1;0
1;5;-0.02;0.00;-1;0;0
1;7;0.00;0.00;0;0;0
1;13;0.00;0.00;0;0;0
1;8;0.00;0.00;0;0;0
1;8;0.00;0.00;0;0;0
1;16;-0.04;-0.02;-1;1;0
1;8;0.00;0.00;0;0;0
1;8;0.00;0.00;0;0;0
1;10;0.00;0.00;0;0;0
1;8;-0.01;-0.02;0;1;0
1;7;0.00;0.00;0;0;0
1;8;-0.02;0.00;-1;0;0
1;12;0.00;0.00;0;0;0
1;6;0.00;0.00;0;0;0
1;7;0.00;0.00;0;0;0
1;8;-0.01;-0.02;0;1;0
1;8;0.00;0.00;0;0;0
1;8;-0.02;0.00;-1;0;0
1;12;0.00;0.00;0;0;0
1;8;0.00;0.00;0;0;0
1;6;0.00;0.00;0;0;0
1;7;0.00;0.00;0;0;0
1;8;-0.01;-0.02;0;1;0
1;8;-0.02;0.00;-1;0;0
1;9;0.00;0.00;0;0;0
1;8;0.00;0.00;0;0;0
1;11;0.00;0.00;0;0;0
1;7;0.00;0.00;0;0;0
1;7;-0.01;-0.02;0;1;0
1;8;0.00;0.00;0;0;0
1;11;-0.02;0.00;-1;0;0
1;10;0.00;0.00;0;0;0
1;8;0.00;0.00;0;0;0
1;11;-0.01;-0.02;0;1;0
1;9;-0.02;0.00;-1;0;0
1;5;0.00;0.00;0;0;0
1;7;0.00;0.00;0;0;0
1;8;0.00;0.00;0;0;0
1;12;0.00;0.00;0;0;0
1;6;-0.01;-0.02;0;1;0
1;7;0.00;0.00;0;0;0
1;9;-0.02;0.00;-1;0;0
1;8;0.00;0.00;0;0;0
1;7;0.00;0.00;0;0;0
1;8;0.00;0.00;0;0;0
1;12;0.00;0.00;0;0;0
1;7;-0.01;-0.02;0;1;0
1;6;-0.02;0.00;-1;0;0
1;7;0.00;0.00;0;0;0
1;9;0.00;0.00;0;0;0
1;9;0.00;0.00;0;0;0
1;7;0.00;0.00;0;0;0
1;8;-0.01;-0.02;0;1;0
1;8;-0.02;0.00;-1;0;0
1;10;0.00;0.00;0;0;0
1;7;0.00;0.00;0;0;0
1;8;0.00;0.00;0;0;0
1;8;0.00;0.00;0;0;0
1;8;-0.01;-0.02;0;1;0
1;8;0.00;0.00;0;0;0
1;12;-0.02;0.00;-1;0;0
1;9;0.00;0.00;0;0;0
1;5;0.00;0.00;0;0;0
1;7;0.00;0.00;0;0;0
1;8;0.00;0.00;0;0;0
1;9;-0.01;-0.02;0;1;0
1;8;-0.02;0.00;-1;0;0
1;11;0.00;0.00;0;0;0
1;6;0.00;0.00;0;0;0
1;7;0.00;0.00;0;0;0
1;14;0.00;0.00;0;0;0
1;7;-0.04;-0.02;-1;1;0
1;9;0.00;0.00;0;0;0
1;8;0.00;0.00;0;0;0
1;7;0.00;0.00;0;0;0
1;10;0.00;0.00;0;0;0
1;7;0.00;0.00;0;0;0
1;8;-0.01;-0.02;0;1;0
1;8;-0.02;0.00;-1;0;0
1;8;0.00;0.00;0;0;0
1;9;0.00;0.00;0;0;0
1;11;0.00;0.00;0;0;0
1;9;0.00;0.00;0;0;0
1;8;-0.01;-0.02;0;1;0
1;5;0.00;0.00;0;0;0
1;11;-0.02;0.00;-1;0;0
1;6;0.00;0.00;0;0;0
1;7;0.00;0.00;0;0;0
1;8;0.00;0.00;0;0;0
1;8;0.00;0.00;0;0;0
1;9;-0.01;-0.02;0;1;0
1;8;-0.02;0.00;-1;0;0
1;8;0.00;0.00;0;0;0
1;8;0.00;0.00;0;0;0
1;8;0.00;0.00;0;0;0
1;8;0.00;0.00;0;0;0
1;9;-0.01;-0.02;0;1;0
1;10;-0.02;0.00;-1;0;0
1;7;0.00;0.00;0;0;0
1;8;0.00;0.00;0;0;0
1;7;0.00;0.00;0;0;0
1;12;0.00;0.00;0;0;0
1;6;0.00;0.00;0;0;0
1;10;-0.04;-0.02;-1;1;0
1;6;0.00;0.00;0;0;0
1;8;0.00;0.00;0;0;0
1;8;0.00;0.00;0;0;0
1;8;0.00;0.00;0;0;0
1;8;0.00;0.00;0;0;0
1;9;0.00;0.00;0;0;0
1;11;-0.04;-0.02;-1;1;0
1;6;0.00;0.00;0;0;0
1;8;0.00;0.00;0;0;0
1;7;0.00;0.00;0;0;0
1;8;0.00;0.00;0;0;0
1;9;0.00;0.00;0;0;0
1;8;-0.02;0.00;-1;0;0
1;8;-0.01;-0.02;0;1;0
1;8;0.00;0.00;0;0;0
1;9;0.00;0.00;0;0;0
1;9;0.00;0.00;0;0;0
1;8;0.00;0.00;0;0;0
1;10;-0.02;0.00;-1;0;0
1;6;0.00;0.00;0;0;0
1;8;-0.01;-0.02;0;1;0
1;7;0.00;0.00;0;0;0
1;8;0.00;0.00;0;0;0
1;10;0.00;0.00;0;0;0
1;8;0.00;0.00;0;0;0
1;7;0.00;0.00;0;0;0
1;11;-0.02;0.00;-1;0;0
1;6;0.00;0.00;0;0;0
1;8;-0.01;-0.02;0;1;0
1;8;0.00;0.00;0;0;0
1;8;0.00;0.00;0;0;0
1;9;0.00;0.00;0;0;0
1;8;0.00;0.00;0;0;0
1;9;-0.02;0.00;-1;0;0
1;7;0.00;0.00;0;0;0
1;11;-0.01;-0.02;0;1;0
1;6;0.00;0.00;0;0;0
1;7;0.00;0.00;0;0;0
1;11;-0.02;0.00;-1;0;0
1;10;-0.01;-0.02;0;1;0
1;5;0.00;0.00;0;0;0
1;7;-0.02;0.00;-1;0;0
1;9;-0.01;-0.02;0;1;0
1;7;-0.02;0.00;-1;0;0
1;9;-0.01;-0.02;0;1;0
1;8;0.00;0.00;0;0;0
1;15;-0.04;-0.02;-1;1;0
1;6;-0.02;0.00;-1;0;0
1;8;-0.01;-0.02;0;1;0
1;8;-0.02;0.00;-1;0;0
1;8;-0.01;-0.02;0;1;0
1;8;-0.02;0.00;-1;0;0
1;8;-0.01;-0.02;0;1;0
1;12;-0.04;-0.02;-1;1;0
1;6;0.00;0.00;0;0;0
1;7;0.00;0.00;0;0;0
1;8;-0.01;-0.02;0;1;0
1;8;-0.02;0.00;-1;0;0
1;8;-0.01;-0.02;0;1;0
1;12;-0.01;-0.02;0;1;0
1;9;0.00;0.00;0;0;0
1;5;-0.01;-0.02;0;1;0
1;7;-0.02;0.00;-1;0;0
1;14;0.00;0.00;0;0;0
1;7;0.00;0.00;0;0;0
1;8;-0.01;-0.02;0;1;0
1;9;0.00;0.00;0;0;0
1;7;0.00;0.00;0;0;0
1;8;0.00;0.00;0;0;0
1;9;0.00;0.00;0;0;0
1;9;0.00;0.00;0;0;0
1;10;0.00;0.00;0;0;0
1;6;0.00;0.00;0;0;0
1;7;-0.02;0.00;-1;0;0
1;12;0.00;0.00;0;0;0
1;9;0.00;0.00;0;0;0
1;5;0.00;0.00;0;0;0
1;7;0.00;0.00;0;0;0
1;10;0.00;0.00;0;0;0
1;8;0.00;0.00;0;0;0
1;7;-0.01;-0.02;0;1;0
1;8;0.00;0.00;0;0;0
1;10;-0.02;0.00;-1;0;0
1;6;0.00;0.00;0;0;0
1;9;0.00;0.00;0;0;0
1;8;0.00;0.00;0;0;0
1;9;-0.01;-0.02;0;1;0
1;8;0.00;0.00;0;0;0
1;7;0.00;0.00;0;0;0
1;9;0.00;0.00;0;0;0
1;8;-0.02;0.00;-1;0;0
1;9;0.00;0.00;0;0;0
1;7;0.00;0.00;0;0;0
1;8;-0.01;-0.02;0;1;0
1;9;0.00;0.00;0;0;0
1;8;0.00;0.00;0;0;0
1;8;0.00;0.00;0;0;0
1;8;0.00;0.00;0;0;0
1;9;-0.02;0.00;-1;0;0
1;22;0.00;0.00;0;0;0
1;7;0.00;0.00;0;0;0
1;7;-0.01;-0.02;0;1;0
1;8;0.00;0.00;0;0;0
1;8;0.00;0.00;0;0;0
1;9;-0.02;0.00;-1;0;0
1;8;0.00;0.00;0;0;0
1;11;0.00;0.00;0;0;0
1;6;-0.01;-0.02;0;1;0
1;7;0.00;0.00;0;0;0
1;9;0.00;0.00;0;0;0
1;8;0.00;0.00;0;0;0
1;9;-0.01;-0.02;0;1;0
1;9;-0.02;0.00;-1;0;0
1;7;0.00;0.00;0;0;0
1;14;-0.01;-0.02;0;1;0
1;7;0.00;0.00;0;0;0
1;8;-0.01;-0.02;0;1;0
1;7;0.00;0.00;0;0;0
1;17;-0.04;-0.02;-1;1;0
1;8;-0.01;-0.02;0;1;0
1;10;0.00;0.00;0;0;0
1;7;-0.01;-0.02;0;1;0
1;7;-0.02;0.00;-1;0;0
1;9;-0.01;-0.02;0;1;0
1;8;0.00;0.00;0;0;0
1;8;-0.01;-0.02;0;1;0
1;8;-0.02;0.00;-1;0;0
1;8;-0.01;-0.02;0;1;0
1;9;0.00;0.00;0;0;0
1;8;0.00;0.00;0;0;0
1;8;-0.04;-0.02;-1;1;0
1;8;0.00;0.00;0;0;0
1;8;0.00;0.00;0;0;0
1;9;0.00;0.00;0;0;0
1;8;0.00;0.00;0;0;0
1;8;-0.04;-0.02;-1;1;0
1;9;0.00;0.00;0;0;0
1;9;0.00;0.00;0;0;0
1;6;0.00;0.00;0;0;0
1;12;0.00;0.00;0;0;0
1;7;0.00;0.00;0;0;0
1;7;0.00;0.00;0;0;0
1;7;0.00;0.00;0;0;0
1;12;-0.02;0.00;-1;0;0
1;9;0.00;0.00;0;0;0
1;8;0.00;0.00;0;0;0
1;8;0.00;0.00;0;0;0
1;9;-0.01;-0.02;0;1;0
1;8;0.00;0.00;0;0;0
1;10;0.00;0.00;0;0;0
1;7;0.00;0.00;0;0;0
1;7;0.00;0.00;0;0;0
1;8;-0.02;0.00;-1;0;0
1;17;-0.01;-0.02;0;1;0
1;5;0.00;0.00;0;0;0
1;7;0.00;0.00;0;0;0
1;11;0.00;0.00;0;0;0
1;6;-0.02;0.00;-1;0;0
1;8;0.00;0.00;0;0;0
1;8;-0.01;-0.02;0;1;0
1;8;0.00;0.00;0;0;0
1;8;0.00;0.00;0;0;0
1;8;-0.02;0.00;-1;0;0
1;8;0.00;0.00;0;0;0
1;12;-0.01;-0.02;0;1;0
1;5;0.00;0.00;0;0;0
1;7;0.00;0.00;0;0;0
1;8;0.00;0.00;0;0;0
1;8;0.00;0.00;0;0;0
1;12;-0.02;0.00;-1;0;0
1;6;0.00;0.00;0;0;0
1;7;0.00;0.00;0;0;0
1;8;-0.01;-0.02;0;1;0
1;10;0.00;0.00;0;0;0
1;8;0.00;0.00;0;0;0
1;8;0.00;0.00;0;0;0
1;13;-0.02;0.00;-1;0;0
1;7;0.00;0.00;0;0;0
1;7;0.00;0.00;0;0;0
1;10;-0.01;-0.02;0;1;0
1;8;0.00;0.00;0;0;0
1;7;0.00;0.00;0;0;0
1;8;0.00;0.00;0;0;0
1;9;-0.02;0.00;-1;0;0
1;12;-0.01;-0.02;0;1;0
1;4;-0.02;0.00;-1;0;0
1;8;0.00;0.00;0;0;0
1;8;0.00;0.00;0;0;0
1;8;-0.04;-0.02;-1;1;0
1;9;0.00;0.00;0;0;0
1;8;-0.02;0.00;-1;0;0
1;9;-0.01;-0.02;0;1;0
1;10;-0.02;0.00;-1;0;0
1;5;-0.01;-0.02;0;1;0
1;9;-0.02;0.00;-1;0;0
1;11;-0.04;-0.02;-1;1;0
1;8;0.00;0.00;0;0;0
1;6;-0.04;-0.02;-1;1;0
1;7;0.00;0.00;0;0;0
1;8;-0.04;-0.02;-1;1;0
1;15;-0.02;0.00;-1;0;0
1;10;-0.01;-0.02;0;1;0
1;5;-0.02;0.00;-1;0;0
1;7;0.00;0.00;0;0;0
1;9;-0.02;0.00;-1;0;0
1;11;-0.01;-0.02;0;1;0
1;5;-0.02;0.00;-1;0;0
1;8;0.00;0.00;0;0;0
1;11;0.00;0.00;0;0;0
1;9;0.00;0.00;0;0;0
1;5;-0.02;0.00;-1;0;0
1;8;-0.01;-0.02;0;1;0
1;9;0.00;0.00;0;0;0
1;8;0.00;0.00;0;0;0
1;8;0.00;0.00;0;0;0
1;8;0.00;0.00;0;0;0
1;11;0.00;0.00;0;0;0
1;6;0.00;0.00;0;0;0
1;7;0.00;0.00;0;0;0
1;8;0.00;0.00;0;0;0
1;11;-0.01;-0.02;0;1;0
1;6;0.00;0.00;0;0;0
1;8;0.00;0.00;0;0;0
1;8;-0.02;0.00;-1;0;0
1;8;0.00;0.00;0;0;0
1;9;0.00;0.00;0;0;0
1;11;0.00;0.00;0;0;0
1;9;0.00;0.00;0;0;0
1;8;0.00;0.00;0;0;0
1;8;-0.04;-0.02;-1;1;0
1;9;0.00;0.00;0;0;0
1;18;0.00;0.00;0;0;0
1;6;0.00;0.00;0;0;0
1;8;0.00;0.00;0;0;0
1;12;-0.04;-0.02;-1;1;0
1;5;0.00;0.00;0;0;0
1;8;0.00;0.00;0;0;0
1;8;0.00;0.00;0;0;0
1;9;0.00;0.00;0;0;0
1;8;-0.01;-0.02;0;1;0
1;8;0.00;0.00;0;0;0
1;11;-0.02;0.00;-1;0;0
1;6;0.00;0.00;0;0;0
1;7;0.00;0.00;0;0;0
1;9;0.00;0.00;0;0;0
1;8;-0.01;-0.02;0;1;0
1;8;0.00;0.00;0;0;0
1;8;-0.02;0.00;-1;0;0
1;8;0.00;0.00;0;0;0
1;8;0.00;0.00;0;0;0
1;9;0.00;0.00;0;0;0
1;8;0.00;0.00;0;0;0
1;9;0.00;0.00;0;0;0
1;8;-0.04;-0.02;-1;1;0
1;7;0.00;0.00;0;0;0
1;9;0.00;0.00;0;0;0
1;8;0.00;0.00;0;0;0
1;8;0.00;0.00;0;0;0
1;8;0.00;0.00;0;0;0
1;8;-0.02;0.00;-1;0;0
1;12;-0.01;-0.02;0;1;0
1;6;0.00;0.00;0;0;0
1;7;0.00;0.00;0;0;0
1;8;0.00;0.00;0;0;0
1;11;0.00;0.00;0;0;0
1;10;-0.02;0.00;-1;0;0
1;5;-0.01;-0.02;0;1;0
1;10;0.00;0.00;0;0;0
1;6;0.00;0.00;0;0;0
1;7;0.00;0.00;0;0;0
1;9;0.00;0.00;0;0;0
1;9;-0.02;0.00;-1;0;0
1;9;-0.01;-0.02;0;1;0
1;6;0.00;0.00;0;0;0
1;8;0.00;0.00;0;0;0
1;12;0.00;0.00;0;0;0
1;7;0.00;0.00;0;0;0
1;7;-0.02;0.00;-1;0;0
1;13;-0.01;-0.02;0;1;0
1;6;0.00;0.00;0;0;0
1;9;0.00;0.00;0;0;0
1;8;0.00;0.00;0;0;0
1;9;-0.02;0.00;-1;0;0
1;8;0.00;0.00;0;0;0
1;7;0.00;0.00;0;0;0
1;8;-0.01;-0.02;0;1;0
1;9;0.00;0.00;0;0;0
1;11;-0.01;-0.02;0;1;0
1;5;0.00;0.00;0;0;0
1;8;-0.02;0.00;-1;0;0
1;12;0.00;0.00;0;0;0
1;9;-0.01;-0.02;0;1;0
1;8;0.00;0.00;0;0;0
1;8;0.00;0.00;0;0;0
1;8;-0.01;-0.02;0;1;0
1;12;-0.02;0.00;-1;0;0
1;6;0.00;0.00;0;0;0
1;7;0.00;0.00;0;0;0
1;8;0.00;0.00;0;0;0
1;10;-0.04;-0.02;-1;1;0
1;10;0.00;0.00;0;0;0
1;5;0.00;0.00;0;0;0
1;8;0.00;0.00;0;0;0
1;8;0.00;0.00;0;0;0
1;14;-0.02;0.00;-1;0;0
1;7;0.00;0.00;0;0;0
1;8;0.00;0.00;0;0;0
1;11;0.00;0.00;0;0;0
1;5;-0.01;-0.02;0;1;0
1;8;0.00;0.00;0;0;0
1;12;0.00;0.00;0;0;0
1;7;-0.04;-0.02;-1;1;0
1;6;0.00;0.00;0;0;0
1;8;0.00;0.00;0;0;0
1;8;-0.01;-0.02;0;1;0
1;8;0.00;0.00;0;0;0
1;9;-0.01;-0.02;0;1;0
1;11;0.00;0.00;0;0;0
1;7;-0.04;-0.02;-1;1;0
1;9;0.00;0.00;0;0;0
1;5;-0.01;-0.02;0;1;0
1;9;0.00;0.00;0;0;0
1;10;-0.01;-0.02;0;1;0
1;9;-0.01;-0.02;0;1;0
1;5;-0.02;0.00;-1;0;0
1;8;0.00;0.00;0;0;0
1;9;-0.01;-0.02;0;1;0
1;11;-0.01;-0.02;0;1;0
1;5;0.00;0.00;0;0;0
1;8;-0.02;0.00;-1;0;0
1;13;-0.01;-0.02;0;1;0
1;11;0.00;0.00;0;0;0
1;6;0.00;0.00;0;0;0
1;10;-0.01;-0.02;0;1;0
1;5;-0.02;0.00;-1;0;0
1;8;0.00;0.00;0;0;0
1;9;0.00;0.00;0;0;0
1;8;0.00;0.00;0;0;0
1;9;0.00;0.00;0;0;0
1;7;-0.02;0.00;-1;0;0
1;8;0.00;0.00;0;0;0
1;9;0.00;0.00;0;0;0
1;8;0.00;0.00;0;0;0
1;13;-0.01;-0.02;0;1;0
1;9;0.00;0.00;0;0;0
1;6;-0.02;0.00;-1;0;0
1;9;0.00;0.00;0;0;0
1;8;0.00;0.00;0;0;0
1;8;0.00;0.00;0;0;0
1;8;0.00;0.00;0;0;0
1;8;0.00;0.00;0;0;0
1;9;-0.01;-0.02;0;1;0
1;8;-0.02;0.00;-1;0;0
1;8;0.00;0.00;0;0;0
1;8;0.00;0.00;0;0;0
1;16;-0.01;-0.02;0;1;0
1;6;0.00;0.00;0;0;0
1;7;0.00;0.00;0;0;0
1;11;-0.02;0.00;-1;0;0
1;7;0.00;0.00;0;0;0
1;6;0.00;0.00;0;0;0
1;11;0.00;0.00;0;0;0
1;10;0.00;0.00;0;0;0
1;8;-0.01;-0.02;0;1;0
1;8;-0.02;0.00;-1;0;0
1;9;0.00;0.00;0;0;0
1;12;0.00;0.00;0;0;0
1;4;0.00;0.00;0;0;0
1;10;0.00;0.00;0;0;0
1;6;0.00;0.00;0;0;0
1;8;-0.02;0.00;-1;0;0
1;9;-0.01;-0.02;0;1;0
1;8;0.00;0.00;0;0;0
1;8;0.00;0.00;0;0;0
1;8;0.00;0.00;0;0;0
1;8;0.00;0.00;0;0;0
1;9;0.00;0.00;0;0;0
1;8;-0.02;0.00;-1;0;0
1;10;0.00;0.00;0;0;0
1;6;0.00;0.00;0;0;0
1;8;-0.01;-0.02;0;1;0
1;11;0.00;0.00;0;0;0
1;10;0.00;0.00;0;0;0
1;9;-0.02;0.00;-1;0;0
1;10;0.00;0.00;0;0;0
1;5;0.00;0.00;0;0;0
1;9;-0.01;-0.02;0;1;0
1;8;0.00;0.00;0;0;0
1;8;0.00;0.00;0;0;0
1;8;-0.04;-0.02;-1;1;0
1;8;0.00;0.00;0;0;0
1;9;0.00;0.00;0;0;0
1;8;-0.01;-0.02;0;1;0
1;8;0.00;0.00;0;0;0
1;14;-0.01;-0.02;0;1;0
1;7;0.00;0.00;0;0;0
1;9;-0.04;-0.02;-1;1;0
1;10;0.00;0.00;0;0;0
1;6;-0.01;-0.02;0;1;0
1;7;0.00;0.00;0;0;0
1;8;-0.01;-0.02;0;1;0
1;11;0.00;0.00;0;0;0
1;9;-0.04;-0.02;-1;1;0
1;5;0.00;0.00;0;0;0
1;8;0.00;0.00;0;0;0
1;8;-0.01;-0.02;0;1;0
1;12;0.00;0.00;0;0;0
1;8;0.00;0.00;0;0;0
1;5;-0.02;0.00;-1;0;0
1;11;-0.01;-0.02;0;1;0
1;5;0.00;0.00;0;0;0
1;8;0.00;0.00;0;0;0
1;9;0.00;0.00;0;0;0
1;11;0.00;0.00;0;0;0
1;5;0.00;0.00;0;0;0
1;8;-0.02;0.00;-1;0;0
1;8;0.00;0.00;0;0;0
1;9;0.00;0.00;0;0;0
1;8;0.00;0.00;0;0;0
1;8;0.00;0.00;0;0;0
1;8;-0.01;-0.02;0;1;0
1;8;0.00;0.00;0;0;0
1;11;-0.02;0.00;-1;0;0
1;7;0.00;0.00;0;0;0
1;8;0.00;0.00;0;0;0
1;8;0.00;0.00;0;0;0
1;7;0.00;0.00;0;0;0
1;9;-0.01;-0.02;0;1;0
1;8;0.00;0.00;0;0;0
1;11;0.00;0.00;0;0;0
1;6;-0.02;0.00;-1;0;0
1;7;0.00;0.00;0;0;0
1;8;0.00;0.00;0;0;0
1;9;0.00;0.00;0;0;0
1;11;0.00;0.00;0;0;0
1;5;0.00;0.00;0;0;0
1;8;-0.01;-0.02;0;1;0
1;8;0.00;0.00;0;0;0
1;12;-0.02;0.00;-1;0;0
1;8;0.00;0.00;0;0;0
1;5;0.00;0.00;0;0;0
1;8;-0.01;-0.02;0;1;0
1;11;0.00;0.00;0;0;0
1;6;0.00;0.00;0;0;0
1;8;-0.01;-0.02;0;1;0
1;8;0.00;0.00;0;0;0
1;9;-0.04;-0.02;-1;1;0
1;20;-0.01;-0.02;0;1;0
1;11;0.00;0.00;0;0;0
1;8;-0.01;-0.02;0;1;0
1;5;0.00;0.00;0;0;0
1;8;-0.01;-0.02;0;1;0
1;12;-0.01;-0.02;0;1;0
1;8;-0.02;0.00;-1;0;0
1;5;-0.01;-0.02;0;1;0
1;8;0.00;0.00;0;0;0
1;9;-0.01;-0.02;0;1;0
1;11;0.00;0.00;0;0;0
1;6;-0.01;-0.02;0;1;0
1;10;-0.04;-0.02;-1;1;0
1;8;0.00;0.00;0;0;0
1;6;0.00;0.00;0;0;0
1;8;-0.01;-0.02;0;1;0
1;8;0.00;0.00;0;0;0
1;8;-0.01;-0.02;0;1;0
1;9;-0.02;0.00;-1;0;0
1;7;0.00;0.00;0;0;0
1;8;0.00;0.00;0;0;0
1;9;0.00;0.00;0;0;0
1;8;-0.01;-0.02;0;1;0
1;8;0.00;0.00;0;0;0
1;8;-0.02;0.00;-1;0;0
1;9;0.00;0.00;0;0;0
1;8;0.00;0.00;0;0;0
1;9;0.00;0.00;0;0;0
1;7;0.00;0.00;0;0;0
1;10;0.00;0.00;0;0;0
1;7;0.00;0.00;0;0;0
1;8;0.00;0.00;0;0;0
1;8;-0.01;-0.02;0;1;0
1;8;0.00;0.00;0;0;0
1;8;0.00;0.00;0;0;0
1;8;0.00;0.00;0;0;0
1;9;-0.02;0.00;-1;0;0
1;8;0.00;0.00;0;0;0
1;14;0.00;0.00;0;0;0
1;9;-0.01;-0.02;0;1;0
1;5;0.00;0.00;0;0;0
1;9;0.00;0.00;0;0;0
1;8;0.00;0.00;0;0;0
1;8;-0.02;0.00;-1;0;0
1;8;0.00;0.00;0;0;0
1;8;-0.01;-0.02;0;1;0
1;12;0.00;0.00;0;0;0
1;8;0.00;0.00;0;0;0
1;5;0.00;0.00;0;0;0
1;8;0.00;0.00;0;0;0
1;8;-0.02;0.00;-1;0;0
1;10;0.00;0.00;0;0;0
1;9;-0.01;-0.02;0;1;0
1;6;0.00;0.00;0;0;0
1;10;0.00;0.00;0;0;0
1;7;0.00;0.00;0;0;0
1;7;0.00;0.00;0;0;0
1;9;0.00;0.00;0;0;0
1;11;-0.04;-0.02;-1;1;0
1;5;0.00;0.00;0;0;0
1;8;0.00;0.00;0;0;0
1;8;0.00;0.00;0;0;0
1;9;0.00;0.00;0;0;0
1;8;0.00;0.00;0;0;0
1;8;-0.01;-0.02;0;1;0
1;11;0.00;0.00;0;0;0
1;8;0.00;0.00;0;0;0
1;6;-0.02;0.00;-1;0;0
1;8;0.00;0.00;0;0;0
1;11;-0.01;-0.02;0;1;0
1;6;0.00;0.00;0;0;0
1;7;0.00;0.00;0;0;0
1;9;0.00;0.00;0;0;0
1;8;0.00;0.00;0;0;0
1;9;0.00;0.00;0;0;0
1;7;0.00;0.00;0;0;0
1;8;-0.04;-0.02;-1;1;0
1;10;0.00;0.00;0;0;0
1;11;0.00;0.00;0;0;0
1;9;0.00;0.00;0;0;0
1;10;0.00;0.00;0;0;0
1;5;-0.02;0.00;-1;0;0
1;9;-0.01;-0.02;0;1;0
1;8;0.00;0.00;0;0;0
1;8;-0.02;0.00;-1;0;0
1;8;0.00;0.00;0;0;0
1;10;-0.02;0.00;-1;0;0
1;7;0.00;0.00;0;0;0
1;8;-0.01;-0.02;0;1;0
1;8;-0.02;0.00;-1;0;0
1;10;0.00;0.00;0;0;0
1;10;-0.04;-0.02;-1;1;0
1;11;-0.02;0.00;-1;0;0
1;6;-0.01;-0.02;0;1;0
1;11;-0.02;0.00;-1;0;0
1;6;-0.01;-0.02;0;1;0
1;7;-0.02;0.00;-1;0;0
1;12;-0.01;-0.02;0;1;0
1;5;0.00;0.00;0;0;0
1;8;-0.02;0.00;-1;0;0
1;8;-0.01;-0.02;0;1;0
1;9;0.00;0.00;0;0;0
1;9;-0.02;0.00;-1;0;0
1;7;0.00;0.00;0;0;0
1;11;-0.04;-0.02;-1;1;0
1;8;0.00;0.00;0;0;0
1;8;0.00;0.00;0;0;0
1;5;0.00;0.00;0;0;0
1;9;-0.02;0.00;-1;0;0
1;8;0.00;0.00;0;0;0
1;11;0.00;0.00;0;0;0
1;5;0.00;0.00;0;0;0
1;8;-0.01;-0.02;0;1;0
1;9;0.00;0.00;0;0;0
1;13;0.00;0.00;0;0;0
1;7;0.00;0.00;0;0;0
1;8;0.00;0.00;0;0;0
1;8;0.00;0.00;0;0;0
1;12;0.00;0.00;0;0;0
1;5;0.00;0.00;0;0;0
1;11;0.00;0.00;0;0;0
1;8;-0.01;-0.02;0;1;0
1;5;-0.02;0.00;-1;0;0
1;9;0.00;0.00;0;0;0
1;8;0.00;0.00;0;0;0
1;8;0.00;0.00;0;0;0
1;10;0.00;0.00;0;0;0
1;6;0.00;0.00;0;0;0
1;9;-0.04;-0.02;-1;1;0
1;8;0.00;0.00;0;0;0
1;11;0.00;0.00;0;0;0
1;5;0.00;0.00;0;0;0
1;8;0.00;0.00;0;0;0
1;9;-0.02;0.00;-1;0;0
1;8;0.00;0.00;0;0;0
1;8;-0.01;-0.02;0;1;0
1;8;0.00;0.00;0;0;0
1;8;0.00;0.00;0;0;0
1;9;0.00;0.00;0;0;0
1;9;-0.02;0.00;-1;0;0
1;7;0.00;0.00;0;0;0
1;8;0.00;0.00;0;0;0
1;8;-0.01;-0.02;0;1;0
1;8;0.00;0.00;0;0;0
1;9;0.00;0.00;0;0;0
1;8;0.00;0.00;0;0;0
1;8;-0.02;0.00;-1;0;0
1;12;0.00;0.00;0;0;0
1;9;-0.01;-0.02;0;1;0
1;8;0.00;0.00;0;0;0
1;11;0.00;0.00;0;0;0
1;5;0.00;0.00;0;0;0
1;8;0.00;0.00;0;0;0
1;8;-0.02;0.00;-1;0;0
1;9;-0.01;-0.02;0;1;0
1;8;0.00;0.00;0;0;0
1;15;0.00;0.00;0;0;0
1;8;0.00;0.00;0;0;0
1;7;0.00;0.00;0;0;0
1;7;-0.02;0.00;-1;0;0
1;8;-0.01;-0.02;0;1;0
1;11;0.00;0.00;0;0;0
1;5;0.00;0.00;0;0;0
1;9;0.00;0.00;0;0;0
1;11;-0.02;0.00;-1;0;0
1;8;0.00;0.00;0;0;0
1;5;0.00;0.00;0;0;0
1;8;-0.01;-0.02;0;1;0
1;9;0.00;0.00;0;0;0
1;8;0.00;0.00;0;0;0
1;8;-0.02;0.00;-1;0;0
1;8;0.00;0.00;0;0;0
1;10;0.00;0.00;0;0;0
1;11;-0.01;-0.02;0;1;0
1;8;0.00;0.00;0;0;0
1;8;-0.01;-0.02;0;1;0
1;11;0.00;0.00;0;0;0
1;5;-0.04;-0.02;-1;1;0
1;8;0.00;0.00;0;0;0
1;9;-0.01;-0.02;0;1;0
1;8;-0.01;0.02;0;0;1
1;14;-0.01;-0.02;0;1;0
1;9;-0.01;-0.02;0;1;0
1;8;0.00;0.00;0;0;0
1;6;-0.02;0.00;-1;0;0
1;8;-0.01;-0.02;0;1;0
1;11;0.00;0.00;0;0;0
1;5;-0.01;-0.02;0;1;0
1;9;0.00;0.00;0;0;0
1;8;-0.02;0.00;-1;0;0
1;8;0.00;0.00;0;0;0
1;8;-0.01;-0.02;0;1;0
1;8;-0.02;0.00;-1;0;0
1;8;0.00;0.00;0;0;0
1;9;0.00;0.00;0;0;0
1;9;0.00;0.00;0;0;0
1;7;-0.02;0.00;-1;0;0
1;8;-0.01;-0.02;0;1;0
1;8;0.00;0.00;0;0;0
1;9;0.00;0.00;0;0;0
1;8;0.00;0.00;0;0;0
1;10;0.00;0.00;0;0;0
1;6;0.00;0.00;0;0;0
1;8;0.00;0.00;0;0;0
1;9;-0.02;0.00;-1;0;0
1;8;0.00;0.00;0;0;0
1;8;0.00;0.00;0;0;0
1;8;-0.01;-0.02;0;1;0
1;13;0.00;0.00;0;0;0
1;8;0.00;0.00;0;0;0
1;8;0.00;0.00;0;0;0
1;8;-0.02;0.00;-1;0;0
1;11;0.00;0.00;0;0;0
1;7;0.00;0.00;0;0;0
1;7;-0.01;-0.02;0;1;0
1;8;0.00;0.00;0;0;0
1;8;0.00;0.00;0;0;0
1;8;-0.02;0.00;-1;0;0
1;8;0.00;0.00;0;0;0
1;12;0.00;0.00;0;0;0
1;7;0.00;0.00;0;0;0
1;7;-0.01;-0.02;0;1;0
1;7;0.00;0.00;0;0;0
1;8;-0.02;0.00;-1;0;0
1;12;0.00;0.00;0;0;0
1;5;0.00;0.00;0;0;0
1;8;0.00;0.00;0;0;0
1;8;0.00;0.00;0;0;0
1;8;-0.02;0.00;-1;0;0
1;11;-0.01;-0.02;0;1;0
1;6;0.00;0.00;0;0;0
1;8;0.00;0.00;0;0;0
1;8;0.00;0.00;0;0;0
1;8;0.00;0.00;0;0;0
1;12;0.00;0.00;0;0;0
1;6;-0.02;0.00;-1;0;0
1;7;-0.01;-0.02;0;1;0
1;8;0.00;0.00;0;0;0
1;8;0.00;0.00;0;0;0
1;8;0.00;0.00;0;0;0
1;9;0.00;0.00;0;0;0
1;9;-0.02;0.00;-1;0;0
1;10;0.00;0.00;0;0;0
1;5;0.00;0.00;0;0;0
1;8;-0.01;-0.02;0;1;0
1;9;0.00;0.00;0;0;0
1;8;0.00;0.00;0;0;0
1;11;-0.04;-0.02;-1;1;0
1;6;0.00;0.00;0;0;0
1;10;-0.01;-0.02;0;1;0
1;7;0.00;0.00;0;0;0
1;7;0.00;0.00;0;0;0
1;8;-0.01;-0.02;0;1;0
1;10;-0.02;0.00;-1;0;0
1;8;-0.01;-0.02;0;1;0
1;6;0.00;0.00;0;0;0
1;9;0.00;0.00;0;0;0
1;8;-0.01;-0.02;0;1;0
1;8;0.00;0.00;0;0;0
1;8;-0.02;0.00;-1;0;0
1;8;0.00;0.00;0;0;0
1;9;-0.01;-0.02;0;1;0
1;8;0.00;0.00;0;0;0
1;8;-0.02;0.00;-1;0;0
1;11;0.00;0.00;0;0;0
1;5;0.00;0.00;0;0;0
1;9;0.00;0.00;0;0;0
1;8;-0.02;0.00;-1;0;0
1;10;0.00;0.00;0;0;0
1;6;0.00;0.00;0;0;0
1;8;0.00;0.00;0;0;0
1;9;-0.01;-0.02;0;1;0
1;8;0.00;0.00;0;0;0
1;8;0.00;0.00;0;0;0
1;8;-0.02;0.00;-1;0;0
1;8;0.00;0.00;0;0;0
1;8;0.00;0.00;0;0;0
1;9;0.00;0.00;0;0;0
1;8;-0.01;-0.02;0;1;0
1;11;0.00;0.00;0;0;0
1;5;0.00;0.00;0;0;0
1;8;-0.02;0.00;-1;0;0
1;9;0.00;0.00;0;0;0
1;8;0.00;0.00;0;0;0
1;8;0.00;0.00;0;0;0
1;8;-0.01;-0.02;0;1;0
1;8;0.00;0.00;0;0;0
1;12;-0.02;0.00;-1;0;0
1;8;-0.01;-0.02;0;1;0
1;5;0.00;0.00;0;0;0
1;8;0.00;0.00;0;0;0
1;10;-0.01;-0.02;0;1;0
1;7;0.00;0.00;0;0;0
1;8;-0.01;-0.02;0;1;0
1;8;-0.02;0.00;-1;0;0
1;8;0.00;0.00;0;0;0
1;8;-0.01;-0.02;0;1;0
1;9;0.00;0.00;0;0;0
1;8;-0.01;-0.02;0;1;0
1;9;0.00;0.00;0;0;0
1;9;-0.04;-0.02;-1;1;0
1;7;0.00;0.00;0;0;0
1;9;-0.01;-0.02;0;1;0
1;7;0.00;0.00;0;0;0
1;8;-0.01;-0.02;0;1;0
1;8;0.00;0.00;0;0;0
1;11;-0.04;-0.02;-1;1;0
1;5;0.00;0.00;0;0;0
1;9;0.00;0.00;0;0;0
1;10;0.00;0.00;0;0;0
1;9;0.00;0.00;0;0;0
1;5;-0.04;-0.02;-1;1;0
1;8;0.00;0.00;0;0;0
1;12;0.00;0.00;0;0;0
1;8;0.00;0.00;0;0;0
1;8;0.00;0.00;0;0;0
1;5;-0.02;0.00;-1;0;0
1;11;0.00;0.00;0;0;0
1;9;0.00;0.00;0;0;0
1;5;0.00;0.00;0;0;0
1;8;0.00;0.00;0;0;0
1;10;0.00;0.00;0;0;0
1;6;0.00;0.00;0;0;0
1;9;-0.01;-0.02;0;1;0
1;8;-0.02;0.00;-1;0;0
1;8;0.00;0.00;0;0;0
1;8;0.00;0.00;0;0;0
1;9;0.00;0.00;0;0;0
1;11;-0.01;-0.02;0;1;0
1;5;0.00;0.00;0;0;0
1;8;0.00;0.00;0;0;0
1;8;0.00;0.00;0;0;0
1;8;-0.02;0.00;-1;0;0
1;8;0.00;0.00;0;0;0
1;9;0.00;0.00;0;0;0
1;10;-0.01;-0.02;0;1;0
1;8;0.00;0.00;0;0;0
1;6;0.00;0.00;0;0;0
1;8;0.00;0.00;0;0;0
1;9;-0.02;0.00;-1;0;0
1;8;0.00;0.00;0;0;0
1;11;-0.01;-0.02;0;1;0
1;6;0.00;0.00;0;0;0
1;10;0.00;0.00;0;0;0
1;6;0.00;0.00;0;0;0
1;8;0.00;0.00;0;0;0
1;8;-0.02;0.00;-1;0;0
1;8;0.00;0.00;0;0;0
1;8;0.00;0.00;0;0;0
1;9;0.00;0.00;0;0;0
1;8;-0.01;-0.02;0;1;0
1;11;0.00;0.00;0;0;0
1;5;-0.02;0.00;-1;0;0
1;8;-0.01;-0.02;0;1;0
1;13;-0.01;-0.02;0;1;0
1;8;0.00;0.00;0;0;0
1;8;-0.01;-0.02;0;1;0
1;8;0.00;0.00;0;0;0
1;8;-0.01;-0.02;0;1;0
1;9;0.00;0.00;0;0;0
1;8;-0.01;-0.02;0;1;0
1;8;-0.02;0.00;-1;0;0
1;11;-0.01;-0.02;0;1;0
1;6;-0.01;-0.02;0;1;0
1;7;0.00;0.00;0;0;0
1;12;-0.01;-0.02;0;1;0
1;6;0.00;0.00;0;0;0
1;7;-0.04;-0.02;-1;1;0
1;8;0.00;0.00;0;0;0
1;8;-0.01;-0.02;0;1;0
1;13;0.00;0.00;0;0;0
1;8;-0.01;-0.02;0;1;0
1;8;-0.02;0.00;-1;0;0
1;8;0.00;0.00;0;0;0
1;9;0.00;0.00;0;0;0
1;8;-0.01;-0.02;0;1;0
1;10;0.00;0.00;0;0;0
1;6;-0.02;0.00;-1;0;0
1;8;0.00;0.00;0;0;0
1;12;0.00;0.00;0;0;0
1;5;0.00;0.00;0;0;0
1;8;0.00;0.00;0;0;0
1;8;0.00;0.00;0;0;0
1;8;0.00;0.00;0;0;0
1;8;0.00;0.00;0;0;0
1;9;0.00;0.00;0;0;0
1;8;-0.02;0.00;-1;0;0
1;8;0.00;0.00;0;0;0
1;8;0.00;0.00;0;0;0
1;8;0.00;0.00;0;0;0
1;9;-0.01;-0.02;0;1;0
1;9;0.00;0.00;0;0;0
1;7;0.00;0.00;0;0;0
1;11;0.00;0.00;0;0;0
1;8;0.00;0.00;0;0;0
1;6;-0.02;0.00;-1;0;0
1;8;-0.01;-0.02;0;1;0
1;8;0.00;0.00;0;0;0
1;8;0.00;0.00;0;0;0
1;11;0.00;0.00;0;0;0
1;5;0.00;0.00;0;0;0
1;9;-0.01;-0.02;0;1;0
1;8;-0.02;0.00;-1;0;0
1;11;0.00;0.00;0;0;0
1;5;0.00;0.00;0;0;0
1;8;0.00;0.00;0;0;0
1;11;0.00;0.00;0;0;0
1;7;-0.01;-0.02;0;1;0
1;7;0.00;0.00;0;0;0
1;8;-0.02;0.00;-1;0;0
1;10;0.00;0.00;0;0;0
1;9;0.00;0.00;0;0;0
1;6;0.00;0.00;0;0;0
1;8;0.00;0.00;0;0;0
1;10;-0.01;-0.02;0;1;0
1;7;0.00;0.00;0;0;0
1;8;0.00;0.00;0;0;0
1;8;-0.02;0.00;-1;0;0
1;11;0.00;0.00;0;0;0
1;5;0.00;0.00;0;0;0
1;10;-0.01;-0.02;0;1;0
1;7;0.00;0.00;0;0;0
1;8;0.00;0.00;0;0;0
1;8;0.00;0.00;0;0;0
1;11;-0.02;0.00;-1;0;0
1;5;0.00;0.00;0;0;0
1;8;-0.01;-0.02;0;1;0
1;14;0.00;0.00;0;0;0
1;10;0.00;0.00;0;0;0
1;5;0.00;0.00;0;0;0
1;8;-0.01;-0.02;0;1;0
1;10;-0.02;0.00;-1;0;0
1;11;-0.01;-0.02;0;1;0
1;8;0.00;0.00;0;0;0
1;8;-0.01;-0.02;0;1;0
1;8;0.00;0.00;0;0;0
1;9;-0.01;-0.02;0;1;0
1;8;0.00;0.00;0;0;0
1;8;-0.01;-0.02;0;1;0
1;8;0.00;0.00;0;0;0
1;8;-0.04;-0.02;-1;1;0
1;9;-0.01;-0.02;0;1;0
1;8;0.00;0.00;0;0;0
1;11;-0.01;-0.02;0;1;0
1;5;0.00;0.00;0;0;0
1;11;-0.04;-0.02;-1;1;0
1;7;0.00;0.00;0;0;0
1;7;-0.01;-0.02;0;1;0
1;8;0.00;0.00;0;0;0
1;8;0.00;0.00;0;0;0
1;10;-0.04;-0.02;-1;1;0
1;10;0.00;0.00;0;0;0
1;6;0.00;0.00;0;0;0
1;7;0.00;0.00;0;0;0
1;8;0.00;0.00;0;0;0
1;8;0.00;0.00;0;0;0
1;8;-0.04;-0.02;-1;1;0
1;9;0.00;0.00;0;0;0
1;11;0.00;0.00;0;0;0
1;9;0.00;0.00;0;0;0
1;8;0.00;0.00;0;0;0
1;12;0.00;0.00;0;0;0
1;8;0.00;0.00;0;0;0
1;6;0.00;0.00;0;0;0
1;7;0.00;0.00;0;0;0
1;8;-0.02;0.00;-1;0;0
1;8;0.00;0.00;0;0;0
1;9;0.00;0.00;0;0;0
1;8;-0.01;-0.02;0;1;0
1;8;0.00;0.00;0;0;0
1;8;0.00;0.00;0;0;0
1;10;0.00;0.00;0;0;0
1;10;-0.02;0.00;-1;0;0
1;8;0.00;0.00;0;0;0
1;5;-0.01;-0.02;0;1;0
1;8;0.00;0.00;0;0;0
1;11;0.00;0.00;0;0;0
1;6;0.00;0.00;0;0;0
1;8;0.00;0.00;0;0;0
1;11;-0.04;-0.02;-1;1;0
1;8;0.00;0.00;0;0;0
1;8;0.00;0.00;0;0;0
1;9;0.00;0.00;0;0;0
1;11;0.00;0.00;0;0;0
1;8;0.00;0.00;0;0;0
1;5;0.00;0.00;0;0;0
1;8;-0.01;-0.02;0;1;0
1;14;-0.02;0.00;-1;0;0
1;7;0.00;0.00;0;0;0
1;11;0.00;0.00;0;0;0
1;8;0.00;0.00;0;0;0
1;9;-0.01;-0.02;0;1;0
1;5;0.00;0.00;0;0;0
1;11;0.00;0.00;0;0;0
1;8;-0.02;0.00;-1;0;0
1;5;0.00;0.00;0;0;0
1;8;0.00;0.00;0;0;0
1;20;0.00;0.00;0;0;0
1;9;-0.01;-0.02;0;1;0
1;7;0.00;0.00;0;0;0
1;13;-0.02;0.00;-1;0;0
1;8;0.00;0.00;0;0;0
1;5;0.00;0.00;0;0;0
1;8;0.00;0.00;0;0;0
1;11;-0.01;-0.02;0;1;0
1;5;0.00;0.00;0;0;0
1;9;0.00;0.00;0;0;0
1;11;-0.02;0.00;-1;0;0
1;9;0.00;0.00;0;0;0
1;11;0.00;0.00;0;0;0
1;5;0.00;0.00;0;0;0
1;13;-0.01;-0.02;0;1;0
1;8;0.00;0.00;0;0;0
1;8;0.00;0.00;0;0;0
1;8;0.00;0.00;0;0;0
1;8;-0.02;0.00;-1;0;0
1;9;0.00;0.00;0;0;0
1;11;-0.01;-0.02;0;1;0
1;5;0.00;0.00;0;0;0
1;8;0.00;0.00;0;0;0
1;10;0.00;0.00;0;0;0
1;7;0.00;0.00;0;0;0
1;8;0.00;0.00;0;0;0
1;8;-0.02;0.00;-1;0;0
1;8;-0.01;-0.02;0;1;0
1;12;0.00;0.00;0;0;0
1;5;0.00;0.00;0;0;0
1;8;0.00;0.00;0;0;0
1;10;0.00;0.00;0;0;0
1;6;-0.02;0.00;-1;0;0
1;8;0.00;0.00;0;0;0
1;9;-0.01;-0.02;0;1;0
1;8;0.00;0.00;0;0;0
1;11;0.00;0.00;0;0;0
1;5;0.00;0.00;0;0;0
1;11;0.00;0.00;0;0;0
1;9;-0.02;0.00;-1;0;0
1;7;-0.01;-0.02;0;1;0
1;6;0.00;0.00;0;0;0
1;8;0.00;0.00;0;0;0
1;8;0.00;0.00;0;0;0
1;10;0.00;0.00;0;0;0
1;7;0.00;0.00;0;0;0
1;8;-0.02;0.00;-1;0;0
1;8;-0.01;-0.02;0;1;0
1;8;0.00;0.00;0;0;0
1;8;0.00;0.00;0;0;0
1;9;0.00;0.00;0;0;0
1;7;0.00;0.00;0;0;0
1;12;0.00;0.00;0;0;0
1;5;0.00;0.00;0;0;0
1;12;-0.04;-0.02;-1;1;0
1;8;0.00;0.00;0;0;0
1;5;0.00;0.00;0;0;0
1;8;0.00;0.00;0;0;0
1;11;-0.02;0.00;-1;0;0
1;10;0.00;0.00;0;0;0
1;8;-0.02;0.00;-1;0;0
1;8;0.00;0.00;0;0;0
1;11;-0.04;-0.02;-1;1;0
1;6;0.00;0.00;0;0;0
1;7;0.00;0.00;0;0;0
1;9;-0.02;0.00;-1;0;0
1;8;0.00;0.00;0;0;0
1;8;-0.02;0.00;-1;0;0
1;8;-0.02;0.00;-1;0;0
1;9;-0.01;-0.02;0;1;0
1;8;-0.02;0.00;-1;0;0
1;11;0.00;0.00;0;0;0
1;8;-0.02;0.00;-1;0;0
1;5;0.00;0.00;0;0;0
1;8;-0.02;0.00;-1;0;0
1;12;-0.04;-0.02;-1;1;0
1;8;0.00;0.00;0;0;0
1;5;-0.02;0.00;-1;0;0
1;8;0.00;0.00;0;0;0
1;11;-0.02;0.00;-1;0;0
1;9;0.00;0.00;0;0;0
1;5;0.00;0.00;0;0;0
1;8;-0.04;-0.02;-1;1;0
1;11;0.00;0.00;0;0;0
1;8;0.00;0.00;0;0;0
1;10;0.00;0.00;0;0;0
1;7;0.00;0.00;0;0;0
1;9;-0.02;0.00;-1;0;0
1;8;0.00;0.00;0;0;0
1;8;-0.01;-0.02;0;1;0
1;11;0.00;0.00;0;0;0
1;9;0.00;0.00;0;0;0
1;6;0.00;0.00;0;0;0
1;7;0.00;0.00;0;0;0
1;11;0.00;0.00;0;0;0
1;9;0.00;0.00;0;0;0
1;5;0.00;0.00;0;0;0
1;8;0.00;0.00;0;0;0
1;11;-0.04;-0.02;-1;1;0
1;8;0.00;0.00;0;0;0
1;5;0.00;0.00;0;0;0
1;9;-0.01;-0.02;0;1;0
1;11;0.00;0.00;0;0;0
1;9;-0.01;-0.02;0;1;0
1;7;0.00;0.00;0;0;0
1;8;-0.02;0.00;-1;0;0
1;12;-0.01;-0.02;0;1;0
1;6;0.00;0.00;0;0;0
1;7;-0.01;-0.02;0;1;0
1;7;0.00;0.00;0;0;0
1;13;-0.04;-0.02;-1;1;0
1;5;0.00;0.00;0;0;0
1;8;0.00;0.00;0;0;0
1;7;0.00;0.00;0;0;0
1;9;-0.01;-0.02;0;1;0
1;10;-0.02;0.00;-1;0;0
1;10;0.00;0.00;0;0;0
1;8;0.00;0.00;0;0;0
1;5;0.00;0.00;0;0;0
1;11;0.00;0.00;0;0;0
1;5;-0.02;0.00;-1;0;0
1;9;0.00;0.00;0;0;0
1;8;0.00;0.00;0;0;0
1;11;0.00;0.00;0;0;0
1;8;-0.01;-0.02;0;1;0
1;5;0.00;0.00;0;0;0
1;8;-0.02;0.00;-1;0;0
1;9;0.00;0.00;0;0;0
1;13;0.00;0.00;0;0;0
1;7;0.00;0.00;0;0;0
1;8;0.00;0.00;0;0;0
1;12;-0.01;-0.02;0;1;0
1;5;0.00;0.00;0;0;0
1;8;-0.01;-0.02;0;1;0
1;10;-0.02;0.00;-1;0;0
1;6;0.00;0.00;0;0;0
1;10;-0.01;-0.02;0;1;0
1;7;0.00;0.00;0;0;0
1;7;-0.01;-0.02;0;1;0
1;9;0.00;0.00;0;0;0
1;8;-0.01;-0.02;0;1;0
1;8;0.00;0.00;0;0;0
1;12;-0.04;-0.02;-1;1;0
1;5;0.00;0.00;0;0;0
1;10;-0.01;-0.02;0;1;0
1;6;0.00;0.00;0;0;0
1;12;-0.01;-0.02;0;1;0
1;8;-0.02;0.00;-1;0;0
1;5;0.00;0.00;0;0;0
1;8;-0.01;-0.02;0;1;0
1;10;0.00;0.00;0;0;0
1;10;-0.01;-0.02;0;1;0
1;5;-0.02;0.00;-1;0;0
1;9;-0.01;-0.02;0;1;0
1;8;0.00;0.00;0;0;0
1;10;0.00;0.00;0;0;0
1;8;-0.01;-0.02;0;1;0
1;6;0.00;0.00;0;0;0
1;11;-0.02;0.00;-1;0;0
1;5;0.00;0.00;0;0;0
1;8;0.00;0.00;0;0;0
1;7;0.00;0.00;0;0;0
1;9;-0.01;-0.02;0;1;0
1;9;-0.02;0.00;-1;0;0
1;7;0.00;0.00;0;0;0
1;8;0.00;0.00;0;0;0
1;8;0.00;0.00;0;0;0
1;10;0.00;0.00;0;0;0
1;8;0.00;0.00;0;0;0
1;11;-0.02;0.00;-1;0;0
1;5;0.00;0.00;0;0;0
1;8;-0.01;-0.02;0;1;0
1;12;0.00;0.00;0;0;0
1;5;0.00;0.00;0;0;0
1;8;0.00;0.00;0;0;0
1;11;0.00;0.00;0;0;0
1;6;-0.02;0.00;-1;0;0
1;7;-0.01;-0.02;0;1;0
1;9;0.00;0.00;0;0;0
1;11;0.00;0.00;0;0;0
1;5;0.00;0.00;0;0;0
1;8;0.00;0.00;0;0;0
1;8;0.00;0.00;0;0;0
1;11;-0.02;0.00;-1;0;0
1;6;0.00;0.00;0;0;0
1;8;-0.01;-0.02;0;1;0
1;7;0.00;0.00;0;0;0
1;9;0.00;0.00;0;0;0
1;9;0.00;0.00;0;0;0
1;8;-0.02;0.00;-1;0;0
1;7;0.00;0.00;0;0;0
1;10;0.00;0.00;0;0;0
1;7;-0.01;-0.02;0;1;0
1;9;0.00;0.00;0;0;0
1;7;0.00;0.00;0;0;0
1;8;0.00;0.00;0;0;0
1;9;-0.02;0.00;-1;0;0
1;7;-0.01;-0.02;0;1;0
1;8;0.00;0.00;0;0;0
1;11;0.00;0.00;0;0;0
1;7;0.00;0.00;0;0;0
1;8;0.00;0.00;0;0;0
1;7;-0.02;0.00;-1;0;0
1;11;-0.01;-0.02;0;1;0
1;8;0.00;0.00;0;0;0
1;7;-0.01;-0.02;0;1;0
1;8;0.00;0.00;0;0;0
1;7;0.00;0.00;0;0;0
1;11;-0.04;-0.02;-1;1;0
1;9;0.00;0.00;0;0;0
1;6;-0.01;-0.02;0;1;0
1;7;0.00;0.00;0;0;0
1;8;-0.01;-0.02;0;1;0
1;16;-0.01;-0.02;0;1;0
1;6;0.00;0.00;0;0;0
1;7;-0.04;-0.02;-1;1;0
1;10;-0.01;-0.02;0;1;0
1;7;0.00;0.00;0;0;0
1;8;-0.01;-0.02;0;1;0
1;8;0.00;0.00;0;0;0
1;10;-0.02;0.00;-1;0;0
1;10;-0.01;-0.02;0;1;0
1;6;0.00;0.00;0;0;0
1;7;0.00;0.00;0;0;0
1;12;-0.01;-0.02;0;1;0
1;8;-0.02;0.00;-1;0;0
1;5;0.00;0.00;0;0;0
1;8;0.00;0.00;0;0;0
1;14;-0.01;-0.02;0;1;0
1;7;-0.02;0.00;-1;0;0
1;8;0.00;0.00;0;0;0
1;10;0.00;0.00;0;0;0
1;6;0.00;0.00;0;0;0
1;8;0.00;0.00;0;0;0
1;8;0.00;0.00;0;0;0
1;12;-0.02;0.00;-1;0;0
1;6;0.00;0.00;0;0;0
1;7;0.00;0.00;0;0;0
1;7;0.00;0.00;0;0;0
1;12;0.00;0.00;0;0;0
1;8;0.00;0.00;0;0;0
1;6;0.00;0.00;0;0;0
1;8;-0.01;-0.02;0;1;0
1;8;-0.02;0.00;-1;0;0
1;10;0.00;0.00;0;0;0
1;7;0.00;0.00;0;0;0
1;8;0.00;0.00;0;0;0
1;7;-0.01;-0.02;0;1;0
1;8;0.00;0.00;0;0;0
1;13;0.00;0.00;0;0;0
1;8;-0.02;0.00;-1;0;0
1;8;-0.01;-0.02;0;1;0
1;8;0.00;0.00;0;0;0
1;8;0.00;0.00;0;0;0
1;13;0.00;0.00;0;0;0
1;8;0.00;0.00;0;0;0
1;5;-0.02;0.00;-1;0;0
1;7;-0.01;-0.02;0;1;0
1;8;0.00;0.00;0;0;0
1;8;0.00;0.00;0;0;0
1;17;0.00;0.00;0;0;0
1;5;-0.02;0.00;-1;0;0
1;8;0.00;0.00;0;0;0
1;8;-0.01;-0.02;0;1;0
1;16;0.00;0.00;0;0;0
1;5;0.00;0.00;0;0;0
1;8;0.00;0.00;0;0;0
1;11;-0.02;0.00;-1;0;0
1;7;0.00;0.00;0;0;0
1;7;-0.01;-0.02;0;1;0
1;7;0.00;0.00;0;0;0
1;8;0.00;0.00;0;0;0
1;8;0.00;0.00;0;0;0
1;8;0.00;0.00;0;0;0
1;9;-0.02;0.00;-1;0;0
1;8;-0.01;-0.02;0;1;0
1;10;0.00;0.00;0;0;0
1;7;0.00;0.00;0;0;0
1;9;0.00;0.00;0;0;0
1;8;0.00;0.00;0;0;0
1;8;0.00;0.00;0;0;0
1;7;-0.02;0.00;-1;0;0
1;8;-0.01;-0.02;0;1;0
1;15;0.00;0.00;0;0;0
1;7;0.00;0.00;0;0;0
1;8;0.00;0.00;0;0;0
1;8;0.00;0.00;0;0;0
1;11;-0.02;0.00;-1;0;0
1;5;-0.01;-0.02;0;1;0
1;9;0.00;0.00;0;0;0
1;7;0.00;0.00;0;0;0
1;9;0.00;0.00;0;0;0
1;7;0.00;0.00;0;0;0
1;8;0.00;0.00;0;0;0
1;8;-0.04;-0.02;-1;1;0
1;9;0.00;0.00;0;0;0
1;8;0.00;0.00;0;0;0
1;9;0.00;0.00;0;0;0
1;13;0.00;0.00;0;0;0
1;8;-0.01;-0.02;0;1;0
1;7;-0.02;0.00;-1;0;0
1;10;0.00;0.00;0;0;0
1;9;-0.01;-0.02;0;1;0
1;6;0.00;0.00;0;0;0
1;7;0.00;0.00;0;0;0
1;9;-0.01;-0.02;0;1;0
1;8;0.00;0.00;0;0;0
1;11;-0.04;-0.02;-1;1;0
1;7;0.00;0.00;0;0;0
1;7;-0.01;-0.02;0;1;0
1;8;-0.01;-0.02;0;1;0
1;9;0.00;0.00;0;0;0
1;11;-0.01;-0.02;0;1;0
1;7;0.00;0.00;0;0;0
1;8;-0.04;-0.02;-1;1;0
1;10;0.00;0.00;0;0;0
1;5;0.00;0.00;0;0;0
1;8;-0.01;-0.02;0;1;0
1;10;0.00;0.00;0;0;0
1;7;-0.02;0.00;-1;0;0
1;8;0.00;0.00;0;0;0
1;7;-0.01;-0.02;0;1;0
1;11;0.00;0.00;0;0;0
1;6;0.00;0.00;0;0;0
1;7;0.00;0.00;0;0;0
1;9;-0.02;0.00;-1;0;0
1;11;0.00;0.00;0;0;0
1;6;0.00;0.00;0;0;0
1;7;0.00;0.00;0;0;0
1;8;0.00;0.00;0;0;0
1;13;0.00;0.00;0;0;0
1;5;-0.01;-0.02;0;1;0
1;7;0.00;0.00;0;0;0
1;8;0.00;0.00;0;0;0
1;8;-0.02;0.00;-1;0;0
1;8;0.00;0.00;0;0;0
1;9;0.00;0.00;0;0;0
1;8;0.00;0.00;0;0;0
1;17;0.00;0.00;0;0;0
1;7;-0.01;-0.02;0;1;0
1;9;0.00;0.00;0;0;0
1;9;-0.02;0.00;-1;0;0
1;10;0.00;0.00;0;0;0
1;6;0.00;0.00;0;0;0
1;7;-0.01;-0.02;0;1;0
1;10;0.00;0.00;0;0;0
1;10;0.00;0.00;0;0;0
1;6;0.00;0.00;0;0;0
1;7;-0.02;0.00;-1;0;0
1;8;0.00;0.00;0;0;0
1;11;-0.01;-0.02;0;1;0
1;10;0.00;0.00;0;0;0
1;5;0.00;0.00;0;0;0
1;7;0.00;0.00;0;0;0
1;8;0.00;0.00;0;0;0
1;16;-0.02;0.00;-1;0;0
1;6;0.00;0.00;0;0;0
1;7;-0.01;-0.02;0;1;0
1;8;0.00;0.00;0;0;0
1;9;0.00;0.00;0;0;0
1;8;0.00;0.00;0;0;0
1;8;0.00;0.00;0;0;0
1;11;-0.02;0.00;-1;0;0
1;6;0.00;0.00;0;0;0
1;7;-0.01;-0.02;0;1;0
1;8;0.00;0.00;0;0;0
1;10;0.00;0.00;0;0;0
1;9;0.00;0.00;0;0;0
1;7;0.00;0.00;0;0;0
1;7;0.00;0.00;0;0;0
1;9;-0.04;-0.02;-1;1;0
1;8;0.00;0.00;0;0;0
1;8;0.00;0.00;0;0;0
1;8;0.00;0.00;0;0;0
1;9;0.00;0.00;0;0;0
1;7;0.00;0.00;0;0;0
1;9;-0.01;-0.02;0;1;0
1;12;-0.02;0.00;-1;0;0
1;5;0.00;0.00;0;0;0
1;7;-0.01;-0.02;0;1;0
1;8;0.00;0.00;0;0;0
1;9;0.00;0.00;0;0;0
1;9;0.00;0.00;0;0;0
1;8;-0.01;-0.02;0;1;0
1;7;0.00;0.00;0;0;0
1;9;0.00;0.00;0;0;0
1;8;-0.02;0.00;-1;0;0
1;8;-0.01;-0.02;0;1;0
1;8;0.00;0.00;0;0;0
1;9;0.00;0.00;0;0;0
1;8;0.00;0.00;0;0;0
1;7;0.00;0.00;0;0;0
1;9;-0.02;0.00;-1;0;0
1;9;-0.01;-0.02;0;1;0
1;7;0.00;0.00;0;0;0
1;8;0.00;0.00;0;0;0
1;8;0.00;0.00;0;0;0
1;9;0.00;0.00;0;0;0
1;8;0.00;0.00;0;0;0
1;8;0.00;0.00;0;0;0
1;8;0.00;0.00;0;0;0
1;8;-0.01;-0.02;0;1;0
1;9;-0.02;0.00;-1;0;0
1;9;0.00;0.00;0;0;0
1;11;0.00;0.00;0;0;0
1;8;0.00;0.00;0;0;0
1;5;0.00;0.00;0;0;0
1;9;0.00;0.00;0;0;0
1;7;0.00;0.00;0;0;0
1;8;-0.02;0.00;-1;0;0
1;8;-0.01;-0.02;0;1;0
1;8;0.00;0.00;0;0;0
1;9;0.00;0.00;0;0;0
1;8;-0.01;-0.02;0;1;0
1;8;0.00;0.00;0;0;0
1;9;-0.01;-0.02;0;1;0
1;7;-0.02;0.00;-1;0;0
1;8;0.00;0.00;0;0;0
1;10;-0.01;-0.02;0;1;0
1;11;-0.01;-0.02;0;1;0
1;8;0.00;0.00;0;0;0
1;8;-0.01;-0.02;0;1;0
1;9;0.00;0.00;0;0;0
1;8;-0.04;-0.02;-1;1;0
1;8;0.00;0.00;0;0;0
1;8;-0.01;-0.02;0;1;0
1;8;0.00;0.00;0;0;0
1;12;-0.01;-0.02;0;1;0
1;6;0.00;0.00;0;0;0
1;7;-0.04;-0.02;-1;1;0
1;9;0.00;0.00;0;0;0
1;11;-0.01;-0.02;0;1;0
1;9;0.00;0.00;0;0;0
1;8;0.00;0.00;0;0;0
1;8;-0.01;-0.02;0;1;0
1;8;-0.02;0.00;-1;0;0
1;8;0.00;0.00;0;0;0
1;10;0.00;0.00;0;0;0
1;7;0.00;0.00;0;0;0
1;8;0.00;0.00;0;0;0
1;8;-0.01;-0.02;0;1;0
1;10;-0.02;0.00;-1;0;0
1;6;0.00;0.00;0;0;0
1;10;0.00;0.00;0;0;0
1;7;0.00;0.00;0;0;0
1;14;0.00;0.00;0;0;0
1;7;0.00;0.00;0;0;0
1;8;0.00;0.00;0;0;0
1;8;0.00;0.00;0;0;0
1;8;0.00;0.00;0;0;0
1;11;-0.02;0.00;-1;0;0
1;6;0.00;0.00;0;0;0
1;7;0.00;0.00;0;0;0
1;9;0.00;0.00;0;0;0
1;11;-0.01;-0.02;0;1;0
1;6;0.00;0.00;0;0;0
1;8;0.00;0.00;0;0;0
1;8;0.00;0.00;0;0;0
1;11;0.00;0.00;0;0;0
1;6;-0.02;0.00;-1;0;0
1;7;-0.01;-0.02;0;1;0
1;8;0.00;0.00;0;0;0
1;9;0.00;0.00;0;0;0
1;9;0.00;0.00;0;0;0
1;7;0.00;0.00;0;0;0
1;8;0.00;0.00;0;0;0
1;11;-0.04;-0.02;-1;1;0
1;6;0.00;0.00;0;0;0
1;8;0.00;0.00;0;0;0
1;8;0.00;0.00;0;0;0
1;8;0.00;0.00;0;0;0
1;9;0.00;0.00;0;0;0
1;7;-0.04;-0.02;-1;1;0
1;9;0.00;0.00;0;0;0
1;10;0.00;0.00;0;0;0
1;10;0.00;0.00;0;0;0
1;5;0.00;0.00;0;0;0
1;7;-0.01;-0.02;0;1;0
1;9;-0.02;0.00;-1;0;0
1;9;0.00;0.00;0;0;0
1;7;-0.01;-0.02;0;1;0
1;9;0.00;0.00;0;0;0
1;8;0.00;0.00;0;0;0
1;12;-0.01;-0.02;0;1;0
1;5;0.00;0.00;0;0;0
1;8;-0.01;-0.02;0;1;0
1;10;0.00;0.00;0;0;0
1;6;-0.01;-0.02;0;1;0
1;8;-0.02;0.00;-1;0;0
1;9;-0.01;-0.02;0;1;0
1;12;-0.01;-0.02;0;1;0
1;7;0.00;0.00;0;0;0
1;8;-0.01;-0.02;0;1;0
1;9;-0.02;0.00;-1;0;0
1;11;-0.01;-0.02;0;1;0
1;6;0.00;0.00;0;0;0
1;8;0.00;0.00;0;0;0
1;7;-0.01;-0.02;0;1;0
1;8;-0.02;0.00;-1;0;0
1;12;0.00;0.00;0;0;0
1;7;-0.01;-0.02;0;1;0
1;7;0.00;0.00;0;0;0
1;8;-0.02;0.00;-1;0;0
1;10;0.00;0.00;0;0;0
1;7;0.00;0.00;0;0;0
1;7;0.00;0.00;0;0;0
1;8;-0.01;-0.02;0;1;0
1;10;0.00;0.00;0;0;0
1;10;-0.02;0.00;-1;0;0
1;6;0.00;0.00;0;0;0
1;11;0.00;0.00;0;0;0
1;5;0.00;0.00;0;0;0
1;7;0.00;0.00;0;0;0
1;8;0.00;0.00;0;0;0
1;9;0.00;0.00;0;0;0
1;9;0.00;0.00;0;0;0
1;7;0.00;0.00;0;0;0
1;8;0.00;0.00;0;0;0
1;10;-0.04;-0.02;-1;1;0
1;7;0.00;0.00;0;0;0
1;8;0.00;0.00;0;0;0
1;8;0.00;0.00;0;0;0
1;11;0.00;0.00;0;0;0
1;7;0.00;0.00;0;0;0
1;7;-0.01;-0.02;0;1;0
1;9;-0.02;0.00;-1;0;0
1;9;0.00;0.00;0;0;0
1;7;0.00;0.00;0;0;0
1;7;0.00;0.00;0;0;0
1;8;0.00;0.00;0;0;0
1;10;0.00;0.00;0;0;0
1;7;-0.02;0.00;-1;0;0
1;8;-0.01;-0.02;0;1;0
1;8;0.00;0.00;0;0;0
1;8;0.00;0.00;0;0;0
1;15;0.00;0.00;0;0;0
1;7;-0.02;0.00;-1;0;0
1;9;0.00;0.00;0;0;0
1;6;-0.01;-0.02;0;1;0
1;8;0.00;0.00;0;0;0
1;9;0.00;0.00;0;0;0
1;9;0.00;0.00;0;0;0
1;11;-0.01;-0.02;0;1;0
1;5;0.00;0.00;0;0;0
1;7;0.00;0.00;0;0;0
1;9;-0.02;0.00;-1;0;0
1;8;0.00;0.00;0;0;0
1;9;0.00;0.00;0;0;0
1;10;-0.01;-0.02;0;1;0
1;12;0.00;0.00;0;0;0
1;7;-0.02;0.00;-1;0;0
1;7;0.00;0.00;0;0;0
1;8;0.00;0.00;0;0;0
1;8;0.00;0.00;0;0;0
1;11;0.00;0.00;0;0;0
1;10;-0.04;-0.02;-1;1;0
1;4;0.00;0.00;0;0;0
1;7;0.00;0.00;0;0;0
1;10;0.00;0.00;0;0;0
1;7;-0.01;-0.02;0;1;0
1;7;0.00;0.00;0;0;0
1;12;-0.02;0.00;-1;0;0
1;8;-0.01;-0.02;0;1;0
1;6;0.00;0.00;0;0;0
1;7;-0.01;-0.02;0;1;0
1;8;0.00;0.00;0;0;0
1;10;-0.01;-0.02;0;1;0
1;7;0.00;0.00;0;0;0
1;8;-0.01;-0.02;0;1;0
1;8;0.00;0.00;0;0;0
1;11;-0.01;-0.02;0;1;0
1;7;-0.04;-0.02;-1;1;0
1;7;0.00;0.00;0;0;0
1;8;-0.01;-0.02;0;1;0
1;9;0.00;0.00;0;0;0
1;11;-0.01;-0.02;0;1;0
1;6;-0.02;0.00;-1;0;0
1;7;0.00;0.00;0;0;0
1;11;-0.01;-0.02;0;1;0
1;6;0.00;0.00;0;0;0
1;7;-0.02;0.00;-1;0;0
1;9;0.00;0.00;0;0;0
1;11;-0.01;-0.02;0;1;0
1;8;0.00;0.00;0;0;0
1;5;-0.02;0.00;-1;0;0
1;11;0.00;0.00;0;0;0
1;7;0.00;0.00;0;0;0
1;7;0.00;0.00;0;0;0
1;8;0.00;0.00;0;0;0
1;11;0.00;0.00;0;0;0
1;5;-0.02;0.00;-1;0;0
1;8;0.00;0.00;0;0;0
1;9;0.00;0.00;0;0;0
1;8;-0.01;-0.02;0;1;0
1;8;0.00;0.00;0;0;0
1;11;0.00;0.00;0;0;0
1;6;0.00;0.00;0;0;0
1;8;0.00;0.00;0;0;0
1;8;0.00;0.00;0;0;0
1;11;-0.02;0.00;-1;0;0
1;6;0.00;0.00;0;0;0
1;8;0.00;0.00;0;0;0
1;9;-0.01;-0.02;0;1;0
1;7;0.00;0.00;0;0;0
1;11;0.00;0.00;0;0;0
1;6;0.00;0.00;0;0;0
1;7;0.00;0.00;0;0;0
1;9;-0.02;0.00;-1;0;0
1;8;0.00;0.00;0;0;0
1;8;-0.01;-0.02;0;1;0
1;8;0.00;0.00;0;0;0
1;11;0.00;0.00;0;0;0
1;7;0.00;0.00;0;0;0
1;7;-0.02;0.00;-1;0;0
1;8;0.00;0.00;0;0;0
1;10;-0.01;-0.02;0;1;0
1;7;0.00;0.00;0;0;0
1;7;0.00;0.00;0;0;0
1;9;0.00;0.00;0;0;0
1;8;-0.02;0.00;-1;0;0
1;8;0.00;0.00;0;0;0
1;8;-0.01;-0.02;0;1;0
1;8;0.00;0.00;0;0;0
1;12;0.00;0.00;0;0;0
1;6;0.00;0.00;0;0;0
1;7;-0.02;0.00;-1;0;0
1;8;0.00;0.00;0;0;0
1;8;0.00;0.00;0;0;0
1;10;-0.01;-0.02;0;1;0
1;7;0.00;0.00;0;0;0
1;11;0.00;0.00;0;0;0
1;9;-0.02;0.00;-1;0;0
1;5;0.00;0.00;0;0;0
1;8;0.00;0.00;0;0;0
1;9;0.00;0.00;0;0;0
1;7;-0.01;-0.02;0;1;0
1;8;0.00;0.00;0;0;0
1;8;-0.02;0.00;-1;0;0
1;9;0.00;0.00;0;0;0
1;8;0.00;0.00;0;0;0
1;8;0.00;0.00;0;0;0
1;8;-0.01;-0.02;0;1;0
1;8;0.00;0.00;0;0;0
1;8;0.00;0.00;0;0;0
1;12;-0.02;0.00;-1;0;0
1;6;0.00;0.00;0;0;0
